5.23689631494621	4.34882124055848	3.99786373693446
3.98260471503777	2.61539635309377	1.54726482032502
2.39871824216068	-1.72732127870604	-3.09452964065003
2.50553139543755	-0.68055237659266	-3.67742427710384
4.45563439383536	-0.103761348897536	-2.60013733119707
3.14946211947814	-0.964370183871214	-3.96734569314107
3.82391088731212	-0.0335698481727321	-3.10673685816739
2.22476539253834	-1.14137483787289	-3.35393301289387
2.94804303044175	1.00709544518196	-1.367208361944
1.61135271229114	1.69680323491264	-1.10170138094148
0.866712443732357	2.51773861295491	0.616464484626535
0.204470893415732	2.72831311512932	-0.89723048752575
-0.607309071488518	2.02029449912261	-0.881971465629053
-0.888075074387732	1.96841382467384	0.735484855420768
-1.65712977798123	-1.49843595025559	-2.27664606698711
-3.60112916762036	-4.10772869459068	-1.68154421301595
-1.91958495460441	-3.46990157930877	-2.69779507133593
-3.11284046692607	-6.31418326085298	-7.42198825055314
-2.27969787136645	-4.82490272373541	-7.25413900968948
-2.16983291371023	-4.80048828870069	-6.68955519951171
-3.56450751506828	-5.34981307698177	-7.07103074692912
-0.479133287556268	-3.26543068589303	-3.49126420996414
0.604257267109178	-0.961318379491875	0.146486610208286
1.6937514305333	0.604257267109178	0.476081483176928
2.53299763485161	0.784313725490196	0.0885023270008393
1.69069962615396	0.793469138628214	-0.891126878767071
2.0355535210193	-0.454718852521553	-4.8401617456321
-0.762951094834821	-1.58693827725643	-6.0364690623331
0.122072175173571	0.81177996490425	-3.20439459830625
-0.500495918211643	0.149538414587625	-2.39566643778134
2.63675898374914	2.87479972533761	0.2563515678645
3.50957503624018	5.30098420691234	1.73952849622339
5.13313496604868	5.27962157625696	2.37430380712596
6.24399176012818	5.22163729304952	2.87785152971695
8.7708857862211	7.4341954680705	4.48920424200809
8.55725947966735	7.30296787975891	2.92057679102769
5.12703135729	3.85137712672618	-1.52895399404898
3.15861753261616	3.41496910048066	-3.22575722896162
2.56961928740368	2.89921416037232	-1.60524910353246
-0.366216525520714	0.265506981002518	-4.98664835584039
-1.07423514152743	0.338750286106661	-3.74151216906996
0.302128633554589	0.778210116731518	-3.95819028000305
-0.0610360875867857	0.503547722590982	-0.363164721141375
-0.659189745937285	-1.4373998626688	-2.76798657206073
1.43434805828946	1.14747844663157	0.601205462729839
-0.714122224765393	-0.869764248111696	-1.025406271458
1.68764782177462	1.37026016632334	1.66018158236057
2.37125200274662	2.02639810788128	-0.753795681696803
1.00709544518196	0.677500572213321	-3.20439459830625
2.66117341878386	3.42107270923934	-0.323491264209964
3.1464103150988	4.45868619821469	-0.103761348897536
3.62249179827573	3.73235675593194	0.0518806744487678
3.31425955596246	2.6642252231632	0.454718852521553
1.25429159990845	1.88601510643168	-1.74563210498207
1.42824444953079	1.05897611963073	1.13527122911421
1.02845807583734	0.134279392690929	0.0579842832074464
0.588998245212482	0.192263675898375	0.158693827725643
0.772106507972839	-0.00305180437933928	-1.24513618677043
2.21560997940032	-1.25429159990845	-5.75875486381323
1.66628519111925	-1.43129625391012	-4.53803311207752
-0.158693827725643	-2.93278400854505	-8.78309300373846
-0.68055237659266	-2.44144350347143	-5.67635614557107
0.875867856870375	-1.34889753566796	-3.17387655451286
1.55947203784237	-0.433356221866178	-3.14030670634012
1.24818799114977	-0.518806744487678	-3.43938353551537
2.20340276188296	0.457770656900893	-2.84428168154421
2.82902265964752	0.238040741588464	-3.56450751506828
0.903334096284428	1.22682536049439	-2.85648889906157
1.64797436484321	3.19523918516823	-0.421149004348821
2.86259250782025	3.83916990920882	0.888075074387732
2.20950637064164	3.17998016327153	-1.46486610208286
3.00907911802853	2.50553139543755	-3.01823453116655
3.22575722896162	1.025406271458	-3.15861753261616
2.24307621881437	0.460822461280232	-4.95918211642634
2.16983291371023	1.76089112687877	-1.99893186846723
2.29800869764248	1.44655527580682	-1.8097199969482
2.50247959105821	1.84939345387961	0.518806744487678
3.13115129320211	2.4933241779202	0.628671702143893
5.37117570763714	4.81574731059739	2.33157854581521
4.73029678797589	4.81879911497673	2.18509193560693
4.01312275883116	5.6244754711223	1.71511406118868
4.83405813687343	6.73838406958114	3.83916990920882
3.77203021286336	4.71503776607919	2.18509193560693
0.863660639353018	2.3224231326772	0.0274662394140536
-0.0244144350347143	1.49233234149691	-0.537117570763714
-0.0732433051041428	1.54116121156634	-1.25429159990845
-0.540169375143053	1.80056458381018	1.38857099259937
2.82597085526818	5.02327000839246	2.59098191805905
2.69779507133593	4.22369726100557	0.900282291905089
5.38033112077516	6.17074845502403	5.53292133974212
4.84321355001144	5.85030899519341	4.80659189745937
4.86457618066682	6.24704356450752	3.66521705958648
5.56954299229419	4.90730144197757	3.36919203479057
2.40177004654002	2.92668039978637	1.23292896925307
1.19020370794232	2.392614633402	1.78530556191348
0.292973220416571	1.30617227435721	-0.7690547035935
-0.59510185397116	0.985732814526589	-2.60013733119707
-1.40383001449607	-0.0305180437933928	-4.16266117341878
0.68055237659266	1.51979858091096	-2.8351262684062
1.61135271229114	2.50858319981689	-0.973525597009232
3.1616693369955	1.52590218966964	-0.2563515678645
1.37636377508202	-0.122072175173571	-1.42519264515145
-0.274662394140536	-0.55542839703975	-1.07423514152743
-0.064087891966125	-2.41092545967803	-0.625619897764553
2.65812161440452	-1.70290684367132	1.63271534294652
1.98977645532921	-0.207522697795071	0.454718852521553
0.546272983901732	-0.80872816052491	1.61135271229114
2.10574502174411	0.619516289005875	2.86869611657893
1.28786144808118	1.43434805828946	0.0366216525520714
-1.58083466849775	-0.576791027695125	-2.99382009613184
-1.07728694590677	0.457770656900893	-1.88906691081102
3.77203021286336	2.42313267719539	-0.320439459830625
3.01823453116655	2.38345922026398	-2.21866178377966
0.527962157625696	1.09254596780346	0.292973220416571
0.909437705043107	-0.872816052491035	-2.16067750057221
1.2664988174258	0.0946059357595178	0.543221179522393
-0.762951094834821	-2.4628061341268	0.799572747386893
-2.14541847867552	-4.00701915007248	-1.89211871519036
-2.14847028305486	-3.5034714274815	-2.6642252231632
-0.698863202868696	-2.13321126115816	-1.10170138094148
1.52590218966964	-1.94705119401846	-0.0854505226215
0.7690547035935	-3.07927061875334	-3.60418097199969
2.50858319981689	-0.576791027695125	-0.29907682917525
5.07515068284123	-0.177004654001679	-0.415045395590143
0.582894636453803	-3.19829098954757	-3.90936140993362
1.01625085831998	-2.10574502174411	-4.06805523765927
1.33363851377127	-1.57167925535973	-2.38040741588464
2.09658960860609	-1.31837949187457	-3.10368505378805
-0.634775310902571	-1.97756923781186	-3.82696269169146
1.66933699549859	-0.63782711528191	-0.665293354695964
0.698863202868696	-1.68154421301595	-2.33157854581521
-2.24002441443503	-2.7496757457847	-1.16884107728695
4.38849469748989	0.0274662394140536	4.30914778362707
2.86564431219959	-1.69069962615396	-0.396734569314107
3.60418097199969	-1.03761348897536	0.906385900663767
4.43732356755932	0.665293354695964	0.393682764934768
0.292973220416571	-2.33463035019455	-1.58693827725643
-0.2563515678645	-2.78934920271611	-0.906385900663767
1.79140917067216	-0.558480201419089	-0.314335851071946
-1.68459601739528	-4.38849469748989	-4.89509422446021
-0.253299763485161	-4.16266117341878	-4.45258258945602
0.662241550316625	-2.50247959105821	-1.74868390936141
-1.33974212252995	-3.99786373693446	-6.97032120241093
-0.952162966353857	-2.52384222171359	-6.07309071488518
-0.381475547417411	-1.13527122911421	-3.39971007858396
1.94399938963912	1.88601510643168	1.16578927290761
2.2369726100557	2.11795223926146	0.225833524071107
-0.711070420386053	1.16884107728695	-0.451667048142214
0.109864957656214	3.31425955596246	3.93377584496834
6.15854123750668	5.88693064774548	4.3274586099031
4.79438467994202	5.83504997329671	1.57167925535973
5.60311284046693	5.03547722590982	1.31227588311589
4.38239108873121	2.80766002899214	-0.234988937209125
2.08743419546807	-0.656137941557946	-4.84626535439078
-0.827038986800946	-3.06706340123598	-5.97543297474632
-3.13420309758144	-5.74654764629587	-7.55931944762341
-2.54520485236896	-4.92561226825361	-5.75265125505455
-2.36514839398795	-3.58281834134432	-4.40070191500725
-0.952162966353857	1.025406271458	-0.744640268558785
1.75173571374075	1.8951705195697	0.451667048142214
4.07721065079728	4.24200808728161	1.66933699549859
6.55527580682078	6.81467917906462	2.0660715648127
9.31715877012284	8.2734416723888	4.65705348287175
9.34157320515755	7.04356450751507	4.03143358510719
8.31616693369955	5.88693064774548	2.20950637064164
6.50034332799268	3.74151216906996	0.350957503624018
4.43732356755932	3.61333638513771	1.00404364080262
2.23086900129702	2.4078736552987	-1.48928053711757
1.57778286411841	0.424200808728161	-4.27862973983368
-0.732433051041428	-1.12306401159686	-1.57473105973907
-1.13832303349355	-1.93484397650111	-2.93278400854505
-3.4027618829633	-2.45059891660945	-2.87785152971695
-2.63065537499046	-3.32646677347982	-3.55230029755093
0.0366216525520714	-1.06813153276875	-3.43633173113603
0.38452735179675	-0.494392309452964	-4.81574731059739
0.369268329900053	0.357061112382696	-2.96025024795911
2.34073395895323	0.985732814526589	-2.05691615167468
2.72831311512932	-0.268558785381857	-4.38544289311055
3.14030670634012	-0.564583810177768	-2.44754711223011
3.19829098954757	-1.09254596780346	-4.05584802014191
1.74563210498207	-1.65102616922255	-2.60929274433509
1.92568856336309	0.653086137178607	-2.20950637064164
-1.17494468604562	-1.40688181887541	-4.25421530479896
3.3173113603418	1.538109407187	-2.392614633402
5.6244754711223	3.32036316472114	1.88296330205234
7.35179674982834	4.80048828870069	2.25223163195239
7.08934157320516	5.80148012512398	0.625619897764553
5.73739223315785	5.06904707408255	0.592050049591821
3.89410238803693	5.810635538262	1.62966353856718
2.23392080567636	4.5136186770428	0.277714198519875
1.8646524757763	2.68863965819791	-0.89417868314641
1.29091325246052	1.14442664225223	-0.653086137178607
3.39971007858396	2.49942778667887	0.643930724040589
-0.109864957656214	1.02235446707866	-1.91042954146639
3.8452735179675	2.4628061341268	-0.543221179522393
1.3519493400473	1.98672465094987	-1.44655527580682
0.253299763485161	2.8046082246128	-2.43228809033341
0.946059357595178	2.53299763485161	-1.97146562905318
3.588921950103	4.1718165865568	-0.866712443732357
2.55130846112764	3.67132066834516	-1.13832303349355
1.34279392690929	2.17288471808957	-1.9653620202945
4.53192950331884	4.44953078507668	2.92973220416571
3.47600518806744	3.97955291065843	2.71305409323262
2.28580148012512	3.35698481727321	1.51369497215228
-0.0335698481727321	1.26039520866712	-0.643930724040589
1.8951705195697	2.46890974288548	0.0823987182421607
3.68657969024186	3.87273975738155	-0.192263675898375
0.805676356145571	2.16067750057221	-3.1464103150988
2.54215304798962	2.68558785381857	-1.26039520866712
4.60822461280232	3.99176012817578	-0.698863202868696
4.0009155413138	4.44037537193866	-0.262455176623178
2.18814373998627	0.854505226215	-2.8900587472343
3.45464255741207	0.497444113832303	-0.610360875867857
1.49843595025559	0.762951094834821	-0.323491264209964
1.02235446707866	3.15251392385748	0.878919661249714
-0.305180437933928	2.6642252231632	-1.6083009079118
2.02639810788128	3.73540856031128	1.15358205539025
2.45059891660945	4.4281681544213	0.238040741588464
3.94598306248569	6.11886778057526	2.80766002899214
4.0863660639353	5.50545510032807	-1.52590218966964
5.66109712367437	6.01815823605707	0.103761348897536
4.72419317921721	5.26436255436027	1.51979858091096
4.11688410772869	3.42412451361868	-1.54726482032502
3.51873044937819	1.7944609750515	-3.74761577782864
2.51773861295491	1.54726482032502	0.344853894865339
0.695811398489357	1.20851453421836	1.46486610208286
1.85244525825895	4.06500343327993	3.28374151216907
1.97146562905318	3.29594872968643	2.46585793850614
1.71816586556802	1.90127412832837	1.86160067139696
1.44655527580682	-0.186160067139696	-0.198367284657053
0.0732433051041428	-1.08339055466545	-2.68863965819791
1.97146562905318	0	-2.38651102464332
1.00404364080262	0.491340505073625	-1.88601510643168
2.3224231326772	1.67544060425727	1.46181429770352
4.10467689021134	3.94903486686503	3.20134279392691
6.24399176012818	5.69771877622644	2.25223163195239
3.76287479972534	4.12298771648737	-0.222781719691768
4.73945220111391	1.72732127870604	-0.143434805828946
4.44953078507668	2.63675898374914	-1.37331197070268
3.93682764934768	1.85854886701762	0.701915007248035
3.98260471503777	0.497444113832303	0.207522697795071
4.14740215152209	-0.228885328450446	-0.277714198519875
4.25421530479896	2.23392080567636	2.93888761730373
2.13321126115816	2.60013733119707	1.51369497215228
0.582894636453803	0.839246204318303	-0.158693827725643
0.546272983901732	-0.695811398489357	-0.387579156176089
1.28786144808118	-0.466926070038911	0.00915541313801785
2.33768215457389	-1.23598077363241	-1.28480964370184
-0.100709544518196	-3.37834744792859	-2.64591439688716
-0.55542839703975	-3.247119859617	-3.80865186541543
0.814831769283589	-1.47707331960021	0.354009308003357
0.308232242313268	-1.76394293125811	1.14747844663157
2.84428168154421	0.0701915007248035	1.32753490501259
3.90325780117494	-0.439459830624857	-0.866712443732357
2.69779507133593	-0.698863202868696	-1.53200579842832
3.47600518806744	0.161745632104982	-1.10475318532082
1.12916762035554	-0.604257267109178	-1.59914549477379
1.19325551232166	1.3519493400473	-0.650034332799268
0.848401617456321	0.576791027695125	-1.59609369039445
1.56862745098039	-0.0885023270008393	-0.643930724040589
1.09254596780346	-0.659189745937285	-3.97039749752041
-1.16578927290761	-1.72121766994736	-3.22575722896162
-2.12710765239948	-0.946059357595178	-0.875867856870375
0.338750286106661	0.0152590218966964	0.375371938658732
-1.22682536049439	-1.93179217212177	-1.1261158159762
-1.73037308308537	1.44350347142748	1.25123979552911
-2.43228809033341	-0.292973220416571	-1.64797436484321
-2.26443884946975	-0.112916762035554	-2.17288471808957
-0.958266575112535	-0.268558785381857	-2.00198367284657
-2.49942778667887	-1.87075608453498	-2.11795223926146
-1.48622873273823	-2.02639810788128	-1.17799649042496
-0.68055237659266	-3.69268329900053	-1.09254596780346
-1.19325551232166	-2.85954070344091	-1.40383001449607
-1.6235599298085	-2.25223163195239	-0.842298008697642
-1.08339055466545	-0.741588464179446	1.03761348897536
-0.0915541313801785	0.63782711528191	1.00709544518196
1.07423514152743	2.1515220874342	1.71511406118868
-0.241092545967803	3.18913557640955	1.49843595025559
0.387579156176089	2.45670252536812	1.63576714732586
-0.466926070038911	1.4679179064622	0.143434805828946
1.32448310063325	4.19317921721218	1.61135271229114
3.25322346837568	2.58487830930037	-2.05691615167468
1.97756923781186	1.71816586556802	-1.16273746852827
1.61135271229114	-0.289921416037232	-2.68863965819791
-1.6083009079118	-1.67544060425727	-4.72724498359655
-3.50652323186084	-2.89921416037232	-3.38445105668727
-4.56549935149157	-1.87380788891432	-1.68459601739528
-2.00503547722591	0.0885023270008393	0.790417334248875
-1.42519264515145	1.26039520866712	-0.225833524071107
0.970473792629892	3.57976653696498	2.1362630655375
-0.622568093385214	2.21866178377966	0.653086137178607
-0.347905699244678	1.44045166704814	-0.347905699244678
1.61745632104982	0.952162966353857	-0.0946059357595178
2.04776073853666	0.390630960555428	-0.772106507972839
1.78530556191348	-1.32448310063325	-1.84939345387961
-0.494392309452964	-3.21660181582361	-3.78728923476005
-0.38452735179675	-3.40581368734264	-4.37018387121385
-3.45159075303273	-3.49126420996414	-2.31631952391852
-2.563515678645	-2.55436026550698	-1.74258030060273
-1.05592431525139	0.125123979552911	2.49027237354086
1.65712977798123	1.6083009079118	1.56862745098039
2.46890974288548	2.07217517357137	1.44045166704814
3.26237888151369	2.5482566567483	0.912489509422446
1.9806210421912	1.19325551232166	-1.74258030060273
4.59296559090562	3.39971007858396	0.747692072938125
2.02029449912261	2.08133058670939	-1.09864957656214
-1.27565423056382	-3.00297550926986	-4.5136186770428
-0.286869611657893	-1.87075608453498	-3.09758144502937
-1.6235599298085	-1.17494468604562	-1.40383001449607
-2.62760357061112	-2.77409018081941	-2.70695048447395
-0.457770656900893	-1.51369497215228	-0.0701915007248035
-2.92668039978637	-0.442511635004196	-0.531013962005035
1.03150988021668	1.30617227435721	-1.46181429770352
1.17799649042496	1.05287251087205	-1.67238879987793
-0.180056458381018	0.4272526131075	-0.329594872968643
-0.277714198519875	1.94705119401846	-1.27260242618448
2.56046387426566	3.21660181582361	-0.9399557488365
-0.482185091935607	1.20851453421836	-4.11078049897002
-1.95315480277714	0.888075074387732	-0.582894636453803
-1.64797436484321	-0.744640268558785	-2.53604943923095
-0.451667048142214	-0.909437705043107	-2.63065537499046
-2.52689402609293	0.396734569314107	-0.790417334248875
-0.518806744487678	1.37636377508202	0.906385900663767
-2.25833524071107	1.1261158159762	0.585946440833143
-1.35805294880598	3.30510414282444	1.67544060425727
2.80155642023346	5.47188525215534	3.3325703822385
-0.314335851071946	3.56755931944762	2.38345922026398
1.7242694743267	5.63057907988098	2.88395513847562
5.85946440833143	6.15548943312734	1.08339055466545
5.47188525215534	6.48203250171664	3.86663614862287
4.19317921721218	4.6997787441825	0.903334096284428
5.97238117036698	3.64995803768978	2.27054245822843
4.15045395590143	1.68154421301595	3.44548714427405
0.366216525520714	0.137331197070268	1.10475318532082
0.860608834973678	1.02845807583734	0.329594872968643
-2.63675898374914	-0.283817807278553	-1.64187075608453
0.375371938658732	3.588921950103	2.86564431219959
3.25017166399634	4.08331425955596	3.58587014572366
4.66926070038911	4.93476768139162	5.47188525215534
6.14633401998932	5.82894636453803	6.84519722285801
5.10566872663462	3.8300144960708	6.0517280842298
4.66620889600977	2.94499122606241	7.43114366369116
0.421149004348821	0.173952849622339	1.08644235904479
2.09353780422675	0.854505226215	1.88601510643168
-1.01930266269932	-2.31021591515984	-0.238040741588464
-0.308232242313268	-2.10269321736477	-1.27260242618448
-0.686655985351339	-0.793469138628214	-1.33363851377127
1.45876249332418	1.79140917067216	2.32852674143587
6.20126649881743	3.13420309758144	3.83306630045014
2.11490043488212	1.44960708018616	3.53093766689555
6.32639047837034	5.10566872663462	7.23582818341344
3.39360646982528	2.78629739833677	2.85954070344091
2.34988937209125	1.40688181887541	1.90737773708705
1.47707331960021	0.875867856870375	0.775158312352178
-0.567635614557107	0.793469138628214	-0.0366216525520714
-1.61440451667048	-0.964370183871214	-0.912489509422446
-1.27260242618448	-0.997940032043946	-2.01113908598459
-2.44144350347143	-1.60219729915312	-0.961318379491875
-2.22781719691768	-1.63576714732586	-1.3519493400473
1.05897611963073	-0.149538414587625	1.24208438239109
0.613412680247196	0.442511635004196	1.9501029983978
2.74357213702602	1.4526588845655	2.05691615167468
3.35698481727321	1.41908903639277	2.85343709468223
2.53299763485161	0.573739223315785	0.0793469138628214
3.24101625085832	0.738536659800107	1.19935912108034
0.732433051041428	-1.09254596780346	0.289921416037232
0.216678110933089	-2.00198367284657	-0.302128633554589
4.04058899824521	1.20851453421836	4.51972228580148
1.95315480277714	0.85145342183566	-0.04272526131075
2.20340276188296	1.90127412832837	3.64995803768978
0.167849240863661	0.387579156176089	4.16876478217746
2.21255817502098	1.65712977798123	4.22064545662623
1.71511406118868	0.80872816052491	3.41802090486
1.25123979552911	-0.0610360875867857	2.29495689326314
2.60318913557641	-1.31227588311589	1.19325551232166
1.66628519111925	-1.80666819256886	0.354009308003357
1.44045166704814	-0.405889982452125	-0.195315480277714
-1.44350347142748	-2.25528343633173	-1.68764782177462
-1.67238879987793	-0.909437705043107	-0.131227588311589
0.650034332799268	1.74563210498207	0.930800335698482
-0.0549324788281071	2.31326771953918	-0.259403372243839
1.33669031815061	3.80865186541543	3.87884336614023
2.15762569619287	4.44037537193866	2.71305409323262
2.74052033264668	4.09246967269398	3.80865186541543
3.17387655451286	3.49431601434348	3.20744640268559
0.64087891966125	1.57473105973907	1.55947203784237
-0.198367284657053	0.885023270008392	0.119020370794232
0.576791027695125	0.955214770733196	-3.74151216906996
0.375371938658732	1.08644235904479	-1.11390859845884
0.418097199969482	-0.0396734569314107	-2.78629739833677
1.82192721446555	0.347905699244678	-0.747692072938125
1.91348134584573	3.17387655451286	2.21560997940032
1.09864957656214	2.06301976043336	2.52994583047227
0.988784618905928	2.33768215457389	1.4526588845655
1.19020370794232	1.84023804074159	-1.64797436484321
1.62966353856718	2.79545281147478	-0.946059357595178
2.13015945677882	4.06195162890059	0.335698481727321
0.781261921110857	2.07217517357137	-2.6489662012665
-0.311284046692607	-0.402838178072786	-3.61333638513771
-2.48111696040284	-2.66727702754253	-6.36911573968109
-4.53803311207752	-4.07721065079728	-7.8461890592813
0.46997787441825	-0.21362630655375	-1.66933699549859
-1.9806210421912	-1.0406652933547	-1.97451743343252
-0.81177996490425	0.531013962005035	-0.601205462729839
1.32143129625391	0.292973220416571	1.33363851377127
3.46074616617075	0.579842832074464	2.12405584802014
1.1108567940795	-0.268558785381857	-0.985732814526589
2.62760357061112	0.286869611657893	-1.06813153276875
2.1362630655375	1.21766994735637	1.9653620202945
-0.146486610208286	0.656137941557946	-1.15663385976959
0.744640268558785	1.34584573128862	-0.375371938658732
0.204470893415732	0.399786373693446	0.747692072938125
0.561532005798428	-0.576791027695125	-1.92568856336309
2.52384222171359	1.64492256046387	-2.31326771953918
6.32944228274968	3.36308842603189	1.66018158236057
4.37933928435187	2.8900587472343	1.12916762035554
2.48722056916152	1.49843595025559	1.18715190356298
0.04272526131075	1.6083009079118	-0.329594872968643
-0.573739223315785	-0.177004654001679	0.949111161974517
-1.46181429770352	-1.58999008163577	0.137331197070268
-1.65102616922255	-0.552376592660411	1.23598077363241
-4.03753719386587	-1.48012512397955	-1.10780498970016
-2.55130846112764	-1.40688181887541	0.0549324788281071
-0.219729915312428	0.933852140077821	-0.375371938658732
0.341802090486	2.63981078812848	1.84023804074159
1.15358205539025	1.76699473563745	0.515754940108339
3.29289692530709	3.02433813992523	2.20340276188296
0.186160067139696	0.961318379491875	-1.58388647287709
0.311284046692607	0.320439459830625	-2.18204013122759
-3.37529564354925	-2.95109483482109	-4.1870756084535
-4.14740215152209	-2.78019378957809	-3.72625314717327
-4.79133287556268	-5.00495918211643	-5.20332646677348
-6.01510643167773	-5.74044403753719	-3.78728923476005
-6.07614251926451	-5.65499351491569	-4.39154650186923
-6.37216754406043	-6.52475776302739	-7.28770885786221
-1.48928053711757	-4.21454184786755	-5.46272983901732
0.152590218966964	-3.06706340123598	-7.12596322575723
0.625619897764553	-4.57465476462959	-4.80964370183871
0.714122224765393	-4.80048828870069	-3.08232242313268
-0.994888227664607	-5.59090562294957	-2.74052033264668
-1.17799649042496	-6.85740444037537	-3.95513847562371
-1.63271534294652	-5.76485847257191	-4.12909132524605
-1.50759136339361	-6.2073701075761	-3.16777294575418
-2.64591439688716	-6.13107499809262	-3.96429388876173
-1.14442664225223	-4.40985732814527	-2.55130846112764
-1.75478751812009	-6.14328221560998	-4.35492484931716
-2.69169146257725	-4.62958724345769	-3.25627527275502
1.025406271458	-3.19829098954757	-3.19523918516823
2.17288471808957	-1.31227588311589	-2.56046387426566
1.06507972838941	-1.10780498970016	-1.37331197070268
2.96940566109712	-0.665293354695964	-1.6083009079118
0.463874265659571	-2.1515220874342	-2.51163500419623
-1.16884107728695	-4.53803311207752	-4.54413672083619
-1.84328984512093	-4.10772869459068	-5.01411459525444
-2.25223163195239	-7.11985961699855	-5.48104066529335
-2.15762569619287	-6.01815823605707	-4.29999237048905
-2.48722056916152	-4.53498130769818	-1.02235446707866
-1.26039520866712	-3.80560006103609	0.219729915312428
-2.50553139543755	-2.78324559395743	0.451667048142214
-1.06202792401007	-3.39665827420462	-0.784313725490196
0.433356221866178	-1.59304188601511	0.564583810177768
1.18715190356298	-0.192263675898375	1.66628519111925
0.994888227664607	0.457770656900893	0.674448767833982
-0.64087891966125	-0.479133287556268	-0.161745632104982
-2.33768215457389	-1.09864957656214	-0.296025024795911
-4.52582589456016	-1.9806210421912	0.0366216525520714
-6.12497138933394	-3.53704127565423	-1.00099183642329
-3.3325703822385	-3.59807736324102	-0.0152590218966964
-5.00495918211643	-5.31013962005035	-1.35500114442664
-4.19928282597086	-6.67429617761502	-1.86770428015564
-0.787365529869535	-3.00297550926986	1.63271534294652
-1.97146562905318	-4.83710994125277	-3.25322346837568
-1.82497901884489	-4.60212100404364	-1.71511406118868
-1.95925841153582	-2.24002441443503	-1.30922407873655
-0.89723048752575	-1.64797436484321	-2.6337071793698
-2.42923628595407	-4.14740215152209	-4.66926070038911
-4.5838101777676	-5.41695277332723	-5.33760585946441
-7.44029907682918	-7.45555809872587	-4.74555580987259
-5.46272983901732	-7.01609826810101	-6.28671702143893
-7.07408255130846	-7.13511863889525	-8.71290150301366
-7.56847486076142	-6.99473563744564	-6.77195391775387
-2.90836957351034	-3.90936140993362	-2.93278400854505
-4.5136186770428	-4.07110704203861	-3.64995803768978
-2.31021591515984	-2.33157854581521	-0.238040741588464
-0.720225833524071	-3.33562218661784	-0.0671396963454643
-3.00907911802853	-4.39459830624857	-1.42214084077211
-4.41596093690394	-4.60212100404364	-3.51873044937819
-3.14946211947814	-3.57671473258564	-1.74563210498207
-4.98970016021973	-3.21049820706493	-1.15663385976959
-2.6337071793698	-1.76394293125811	-0.558480201419089
-2.3773556115053	-3.32341496910048	-1.88601510643168
0.231937132829786	-0.527962157625696	-1.37026016632334
-0.711070420386053	-3.47905699244678	-2.68253604943923
1.71206225680934	-1.05592431525139	0.619516289005875
1.67849240863661	-0.131227588311589	0.180056458381018
1.21766994735637	1.11696040283818	1.89211871519036
1.65102616922255	2.26138704509041	1.97451743343252
0.592050049591821	1.32143129625391	2.84733348592355
-0.473029678797589	-0.12817578393225	2.8198672465095
1.47402151522087	0.793469138628214	2.21560997940032
-1.09254596780346	-1.6235599298085	1.72121766994736
