1.83150183150183	1.29426129426129	3.36996336996337
5.78754578754579	2.61294261294261	4.05372405372405
6.4957264957265	2.31990231990232	1.29426129426129
11.8437118437118	0.341880341880342	0.683760683760684
7.96092796092796	0.732600732600733	1.44078144078144
6.17826617826618	0.146520146520147	0.927960927960928
1.56288156288156	0.561660561660562	1.07448107448107
-2.68620268620269	0.854700854700855	2.07570207570208
-1.66056166056166	-0.0488400488400488	-0.854700854700855
-0.0488400488400488	0.43956043956044	-4.32234432234432
1.17216117216117	-0.463980463980464	1.68498168498168
-2.88156288156288	-1.41636141636142	1.14774114774115
-0.708180708180708	0.586080586080586	2.27106227106227
6.56898656898657	2.1001221001221	6.37362637362637
1.78266178266178	3.83394383394383	8.42490842490843
4.49328449328449	2.61294261294261	5.64102564102564
4.63980463980464	3.56532356532357	6.17826617826618
4.78632478632479	3.61416361416361	6.56898656898657
2.93040293040293	2.51526251526252	5.76312576312576
2.02686202686203	4.05372405372405	7.25274725274725
6.3980463980464	3.93162393162393	6.00732600732601
5.95848595848596	3.76068376068376	3.98046398046398
4.63980463980464	4.51770451770452	3.95604395604396
0.0976800976800977	2.39316239316239	3.78510378510378
6.61782661782662	3.1990231990232	3.1013431013431
2.75946275946276	2.78388278388278	2.83272283272283
1.46520146520147	3.54090354090354	2.73504273504274
2.58852258852259	3.73626373626374	2.2954822954823
3.27228327228327	2.90598290598291	3.02808302808303
0.463980463980464	4.07814407814408	1.85592185592186
0.195360195360195	2.24664224664225	-1.51404151404151
-1.44078144078144	1.46520146520147	2.71062271062271
2.34432234432234	2.2954822954823	3.32112332112332
1.24542124542125	2.07570207570208	3.98046398046398
1.34310134310134	3.58974358974359	6.4957264957265
4.71306471306471	2.97924297924298	7.69230769230769
3.68742368742369	3.49206349206349	5.64102564102564
7.64346764346764	3.73626373626374	3.41880341880342
8.57142857142857	1.58730158730159	2.71062271062271
2.97924297924298	1.07448107448107	3.02808302808303
2.68620268620269	-0.512820512820513	2.27106227106227
4.004884004884	0.341880341880342	3.44322344322344
3.66300366300366	1.51404151404151	3.15018315018315
4.12698412698413	1.001221001221	2.44200244200244
1.1965811965812	3.41880341880342	3.24786324786325
1.001221001221	2.68620268620269	3.88278388278388
1.07448107448107	2.1001221001221	3.49206349206349
0.268620268620269	3.003663003663	3.61416361416361
2.39316239316239	2.78388278388278	5.78754578754579
2.14896214896215	3.1013431013431	2.41758241758242
3.2967032967033	3.22344322344322	1.85592185592186
0.122100122100122	2.95482295482295	3.61416361416361
0.415140415140415	2.61294261294261	3.17460317460317
0.659340659340659	1.61172161172161	2.41758241758242
-1.22100122100122	1.70940170940171	3.83394383394383
1.1965811965812	1.22100122100122	4.56654456654457
-1.73382173382173	0.659340659340659	3.98046398046398
-3.36996336996337	-0.781440781440781	1.22100122100122
6.1050061050061	-1.22100122100122	1.41636141636142
1.80708180708181	-1.001221001221	1.1965811965812
4.66422466422466	-1.61172161172161	0.122100122100122
2.95482295482295	-0.854700854700855	0.146520146520147
3.85836385836386	0.903540903540904	1.78266178266178
2.12454212454212	0.366300366300366	1.31868131868132
0.683760683760684	2.22222222222222	2.80830280830281
2.02686202686203	0.903540903540904	4.85958485958486
-1.92918192918193	1.73382173382173	4.27350427350427
2.002442002442	1.58730158730159	2.2954822954823
0.43956043956044	0.952380952380952	2.88156288156288
-1.39194139194139	1.39194139194139	1.88034188034188
1.95360195360195	-0.195360195360195	1.61172161172161
-0.683760683760684	-0.415140415140415	-0.0976800976800977
4.2979242979243	1.75824175824176	1.95360195360195
4.12698412698413	0.732600732600733	1.02564102564103
2.73504273504274	2.12454212454212	-2.31990231990232
4.05372405372405	1.61172161172161	3.003663003663
1.78266178266178	0.659340659340659	2.31990231990232
1.44078144078144	1.46520146520147	2.68620268620269
1.22100122100122	0.927960927960928	3.90720390720391
-0.927960927960928	1.22100122100122	4.81074481074481
0.21978021978022	1.41636141636142	1.75824175824176
-1.78266178266178	1.05006105006105	1.17216117216117
-2.17338217338217	2.002442002442	2.36874236874237
0.683760683760684	1.1965811965812	2.95482295482295
-0.244200244200244	2.17338217338217	3.02808302808303
0.512820512820513	1.78266178266178	3.95604395604396
-1.80708180708181	1.001221001221	0.0976800976800977
3.80952380952381	2.24664224664225	1.24542124542125
-0.0732600732600733	-0.512820512820513	0.0732600732600733
-2.002442002442	0.195360195360195	0.122100122100122
2.88156288156288	-1.22100122100122	0.83028083028083
0.952380952380952	-1.31868131868132	1.95360195360195
1.26984126984127	-1.44078144078144	0.952380952380952
-0.415140415140415	-2.75946275946276	-0.146520146520147
-3.93162393162393	-1.58730158730159	-1.97802197802198
1.56288156288156	-2.51526251526252	1.24542124542125
-0.317460317460317	-1.66056166056166	1.26984126984127
0.170940170940171	0.512820512820513	2.53968253968254
2.07570207570208	0.390720390720391	2.56410256410256
-0.0488400488400488	2.44200244200244	3.17460317460317
0.586080586080586	1.53846153846154	2.66178266178266
0.732600732600733	1.14774114774115	1.02564102564103
1.70940170940171	1.70940170940171	0.854700854700855
1.29426129426129	0.732600732600733	3.66300366300366
1.53846153846154	2.61294261294261	3.07692307692308
-0.0976800976800977	2.22222222222222	2.80830280830281
2.49084249084249	2.39316239316239	1.63614163614164
2.05128205128205	2.68620268620269	2.93040293040293
4.78632478632479	1.53846153846154	2.51526251526252
4.17582417582418	1.24542124542125	2.66178266178266
2.27106227106227	0.952380952380952	3.61416361416361
1.02564102564103	0.781440781440781	4.32234432234432
0.952380952380952	1.14774114774115	1.07448107448107
-0.708180708180708	-0.683760683760684	-2.95482295482295
-0.43956043956044	0.805860805860806	3.98046398046398
0.586080586080586	0.757020757020757	2.53968253968254
-1.1965811965812	0.195360195360195	0.390720390720391
-3.02808302808303	1.48962148962149	2.68620268620269
-2.49084249084249	0.21978021978022	2.17338217338217
1.001221001221	1.70940170940171	1.05006105006105
-0.146520146520147	1.02564102564103	-0.415140415140415
1.39194139194139	1.17216117216117	0.586080586080586
3.80952380952381	2.51526251526252	2.68620268620269
5.64102564102564	2.63736263736264	3.66300366300366
1.48962148962149	2.83272283272283	0.952380952380952
3.51648351648352	2.17338217338217	0.805860805860806
1.44078144078144	0.854700854700855	1.34310134310134
3.07692307692308	0.854700854700855	2.49084249084249
3.02808302808303	-0.732600732600733	1.83150183150183
-1.68498168498168	-0.757020757020757	1.02564102564103
-3.1990231990232	-1.70940170940171	0.854700854700855
-2.88156288156288	-1.78266178266178	-1.66056166056166
-1.0989010989011	-1.1965811965812	-4.68864468864469
-1.17216117216117	-3.003663003663	-4.81074481074481
-1.83150183150183	-2.31990231990232	-4.1025641025641
1.66056166056166	-2.85714285714286	-1.53846153846154
-0.757020757020757	-2.51526251526252	-1.05006105006105
-1.34310134310134	-0.561660561660562	1.26984126984127
1.95360195360195	-0.976800976800977	0.805860805860806
-0.122100122100122	1.66056166056166	1.83150183150183
2.83272283272283	1.05006105006105	1.46520146520147
-1.22100122100122	0.903540903540904	1.61172161172161
4.59096459096459	1.31868131868132	2.66178266178266
3.36996336996337	0.537240537240537	1.17216117216117
0.781440781440781	0.317460317460317	0.927960927960928
2.49084249084249	-1.31868131868132	-0.683760683760684
2.49084249084249	-0.659340659340659	-0.537240537240537
0.0488400488400488	-0.488400488400488	1.24542124542125
-0.0732600732600733	-1.07448107448107	0.805860805860806
-1.73382173382173	0.390720390720391	-0.976800976800977
-0.903540903540904	0.415140415140415	-0.0732600732600733
1.1965811965812	1.0989010989011	2.58852258852259
-0.195360195360195	1.34310134310134	1.83150183150183
1.12332112332112	0.561660561660562	3.2967032967033
0.293040293040293	1.56288156288156	4.17582417582418
2.53968253968254	-0.170940170940171	1.001221001221
-1.61172161172161	-0.415140415140415	-1.95360195360195
0.0976800976800977	0.732600732600733	-0.83028083028083
3.58974358974359	0.463980463980464	0.903540903540904
2.002442002442	1.73382173382173	1.97802197802198
2.31990231990232	0.561660561660562	2.2954822954823
3.95604395604396	-0.952380952380952	-1.0989010989011
-0.634920634920635	-0.781440781440781	-1.0989010989011
4.2979242979243	-1.36752136752137	-1.85592185592186
1.001221001221	-0.586080586080586	-1.66056166056166
-0.195360195360195	-1.0989010989011	-0.854700854700855
-3.15018315018315	-0.43956043956044	1.29426129426129
3.68742368742369	0.195360195360195	0.170940170940171
-0.366300366300366	-1.17216117216117	0.463980463980464
-1.58730158730159	-0.170940170940171	1.02564102564103
1.61172161172161	-0.43956043956044	-3.27228327228327
1.73382173382173	-0.0488400488400488	-4.2979242979243
2.71062271062271	1.85592185592186	0.488400488400488
2.66178266178266	0.732600732600733	0.415140415140415
3.54090354090354	1.85592185592186	0.976800976800977
1.70940170940171	1.29426129426129	1.83150183150183
1.12332112332112	0.415140415140415	1.26984126984127
-0.610500610500611	0.43956043956044	-0.83028083028083
2.31990231990232	-2.002442002442	-3.34554334554335
4.63980463980464	-1.92918192918193	-2.97924297924298
4.85958485958486	-3.003663003663	-2.75946275946276
2.85714285714286	-3.22344322344322	-3.27228327228327
1.80708180708181	-2.56410256410256	-2.39316239316239
0.390720390720391	-2.51526251526252	-3.1990231990232
-2.61294261294261	-0.341880341880342	-1.9047619047619
-1.58730158730159	-0.43956043956044	-0.805860805860806
-1.17216117216117	-0.561660561660562	-0.561660561660562
-1.83150183150183	0.0732600732600733	0.0976800976800977
-3.17460317460317	-1.1965811965812	-0.781440781440781
-2.24664224664225	0.0732600732600733	-0.146520146520147
-1.46520146520147	-0.83028083028083	-2.80830280830281
-4.17582417582418	-0.854700854700855	-5.81196581196581
2.1001221001221	-0.293040293040293	-0.512820512820513
2.07570207570208	-0.293040293040293	-2.53968253968254
-1.26984126984127	0.659340659340659	-1.36752136752137
3.39438339438339	0.537240537240537	0.83028083028083
4.1025641025641	0.708180708180708	-0.341880341880342
7.08180708180708	1.41636141636142	-0.512820512820513
6.44688644688645	-0.0488400488400488	-0.781440781440781
2.53968253968254	-0.268620268620269	-0.244200244200244
4.34676434676435	-1.29426129426129	-0.0488400488400488
-0.83028083028083	-2.68620268620269	-1.53846153846154
1.78266178266178	-1.26984126984127	-1.44078144078144
0.634920634920635	-2.14896214896215	-1.46520146520147
-3.05250305250305	-1.07448107448107	-1.26984126984127
3.83394383394383	-1.95360195360195	-0.0244200244200244
-0.146520146520147	-1.9047619047619	-0.659340659340659
-0.610500610500611	-1.05006105006105	-0.341880341880342
3.76068376068376	-1.73382173382173	0.854700854700855
-0.293040293040293	-1.63614163614164	-1.48962148962149
-1.41636141636142	-2.49084249084249	-1.48962148962149
0.0488400488400488	-1.9047619047619	-1.68498168498168
0.537240537240537	-0.83028083028083	-2.51526251526252
2.2954822954823	-1.31868131868132	-2.02686202686203
2.14896214896215	-0.366300366300366	-3.07692307692308
6.08058608058608	-0.634920634920635	-4.004884004884
0.244200244200244	-1.44078144078144	-4.83516483516483
3.46764346764347	-1.05006105006105	-1.83150183150183
3.22344322344322	-1.51404151404151	-2.24664224664225
0.757020757020757	0.341880341880342	-0.732600732600733
2.39316239316239	0.317460317460317	1.56288156288156
-0.805860805860806	1.05006105006105	0.952380952380952
-1.29426129426129	1.001221001221	-0.195360195360195
0	-0.146520146520147	-2.36874236874237
-1.85592185592186	0.708180708180708	0.952380952380952
-0.683760683760684	0.293040293040293	1.56288156288156
-0.732600732600733	0.488400488400488	-0.586080586080586
1.17216117216117	1.46520146520147	0.708180708180708
-4.1025641025641	-0.610500610500611	-1.14774114774115
1.14774114774115	0.732600732600733	-0.170940170940171
3.07692307692308	-1.05006105006105	-2.14896214896215
0.927960927960928	-1.95360195360195	-1.88034188034188
1.24542124542125	-2.39316239316239	-1.44078144078144
4.1025641025641	-4.1025641025641	-2.24664224664225
0	-3.22344322344322	-2.002442002442
-1.0989010989011	-3.88278388278388	-3.56532356532357
-0.805860805860806	-2.44200244200244	-4.78632478632479
-1.22100122100122	-1.85592185592186	-1.92918192918193
0.146520146520147	-1.12332112332112	1.48962148962149
-4.3956043956044	-0.0488400488400488	-1.05006105006105
-1.9047619047619	0.586080586080586	0.732600732600733
2.17338217338217	0.903540903540904	3.17460317460317
-0.366300366300366	0.415140415140415	0.195360195360195
1.97802197802198	-0.0244200244200244	-1.58730158730159
-0.488400488400488	1.24542124542125	-0.122100122100122
-1.46520146520147	0.0488400488400488	0
-2.05128205128205	-0.0488400488400488	0.341880341880342
-0.366300366300366	1.07448107448107	0.0976800976800977
3.68742368742369	0.463980463980464	-0.341880341880342
2.41758241758242	0.952380952380952	-1.61172161172161
5.47008547008547	0.781440781440781	-0.170940170940171
1.80708180708181	-1.29426129426129	-0.805860805860806
1.29426129426129	-0.146520146520147	-1.001221001221
-1.1965811965812	-1.83150183150183	-2.27106227106227
2.66178266178266	-1.1965811965812	-4.17582417582418
1.36752136752137	-0.659340659340659	-0.0488400488400488
-1.56288156288156	-0.390720390720391	-1.29426129426129
0.757020757020757	1.51404151404151	0.659340659340659
4.2002442002442	1.70940170940171	1.58730158730159
-0.0976800976800977	2.1001221001221	2.1978021978022
1.36752136752137	2.34432234432234	1.51404151404151
1.44078144078144	3.22344322344322	2.71062271062271
1.26984126984127	3.80952380952381	3.1013431013431
3.22344322344322	3.63858363858364	2.88156288156288
-0.170940170940171	3.88278388278388	4.22466422466422
1.34310134310134	2.95482295482295	2.36874236874237
-2.49084249084249	1.80708180708181	-1.34310134310134
7.08180708180708	3.02808302808303	1.22100122100122
3.34554334554335	1.22100122100122	0.317460317460317
-0.268620268620269	2.14896214896215	0.512820512820513
2.46642246642247	2.1001221001221	-1.34310134310134
0.43956043956044	0.390720390720391	-2.31990231990232
-0.659340659340659	0.757020757020757	0.952380952380952
0.512820512820513	1.1965811965812	1.73382173382173
0.195360195360195	1.73382173382173	0.244200244200244
0.879120879120879	2.2954822954823	2.2954822954823
-0.415140415140415	1.88034188034188	3.1013431013431
-0.927960927960928	2.75946275946276	0.83028083028083
-4.49328449328449	0.708180708180708	-0.537240537240537
-1.75824175824176	0.879120879120879	0.170940170940171
0.146520146520147	0.586080586080586	2.2954822954823
-3.90720390720391	-0.122100122100122	-0.854700854700855
-0.610500610500611	1.39194139194139	0.0488400488400488
0.293040293040293	1.26984126984127	-1.05006105006105
-1.51404151404151	1.83150183150183	-0.805860805860806
0.122100122100122	1.63614163614164	0.854700854700855
-1.24542124542125	0.903540903540904	0.586080586080586
1.85592185592186	1.05006105006105	-1.44078144078144
1.53846153846154	-1.14774114774115	-0.21978021978022
1.70940170940171	0.43956043956044	-1.14774114774115
-1.85592185592186	-1.92918192918193	-3.73626373626374
-2.97924297924298	-2.78388278388278	-5.54334554334554
-2.63736263736264	-1.29426129426129	-2.24664224664225
-0.732600732600733	-1.68498168498168	0.0976800976800977
-4.68864468864469	-1.1965811965812	-0.293040293040293
-1.1965811965812	-0.341880341880342	1.95360195360195
-2.90598290598291	-0.43956043956044	2.88156288156288
-1.48962148962149	0.854700854700855	2.61294261294261
-1.48962148962149	-0.610500610500611	0.561660561660562
-2.73504273504274	1.0989010989011	1.0989010989011
-1.75824175824176	0.488400488400488	1.48962148962149
-1.001221001221	0.341880341880342	-0.21978021978022
-0.244200244200244	1.07448107448107	-0.244200244200244
1.29426129426129	-0.732600732600733	-2.61294261294261
-2.22222222222222	0.293040293040293	-1.83150183150183
-0.21978021978022	-2.05128205128205	-1.95360195360195
2.24664224664225	-2.78388278388278	-1.83150183150183
-0.0488400488400488	-1.05006105006105	0
0.805860805860806	-2.71062271062271	-3.88278388278388
-0.683760683760684	-2.27106227106227	-6.03174603174603
-2.39316239316239	-1.26984126984127	-0.659340659340659
-4.76190476190476	-1.53846153846154	-2.27106227106227
-4.07814407814408	-0.366300366300366	0.146520146520147
-3.27228327228327	-0.879120879120879	2.1001221001221
-4.93284493284493	-0.43956043956044	2.36874236874237
-0.293040293040293	-0.390720390720391	0.927960927960928
-2.83272283272283	-1.63614163614164	0
-4.68864468864469	-0.537240537240537	-0.927960927960928
1.48962148962149	-1.22100122100122	-0.952380952380952
-0.854700854700855	-0.0244200244200244	0.610500610500611
-2.44200244200244	0.170940170940171	-2.07570207570208
-1.63614163614164	1.05006105006105	-0.0244200244200244
-0.0244200244200244	0.903540903540904	-1.26984126984127
1.12332112332112	0.122100122100122	-1.92918192918193
2.05128205128205	1.001221001221	-0.537240537240537
2.97924297924298	-0.561660561660562	-1.29426129426129
1.31868131868132	-1.34310134310134	-0.463980463980464
-0.21978021978022	-0.293040293040293	-1.92918192918193
-1.31868131868132	-1.24542124542125	-2.36874236874237
-3.83394383394383	0.195360195360195	-5.83638583638584
-2.73504273504274	-0.610500610500611	-1.0989010989011
-5.25030525030525	-0.512820512820513	-2.05128205128205
-2.24664224664225	0.341880341880342	-0.170940170940171
-1.63614163614164	-1.14774114774115	0.317460317460317
-6.95970695970696	0.366300366300366	2.66178266178266
0.21978021978022	0.146520146520147	0.757020757020757
-3.17460317460317	-0.195360195360195	0.879120879120879
-2.07570207570208	0.781440781440781	-0.781440781440781
-2.22222222222222	-0.170940170940171	0.463980463980464
-2.63736263736264	1.83150183150183	0.488400488400488
-0.317460317460317	0.683760683760684	0.146520146520147
-0.0488400488400488	-0.415140415140415	-1.05006105006105
0.244200244200244	0.170940170940171	-0.561660561660562
0.805860805860806	-1.68498168498168	-1.80708180708181
-0.805860805860806	-0.854700854700855	-1.73382173382173
-1.05006105006105	-1.14774114774115	-2.75946275946276
-2.49084249084249	-1.41636141636142	-5.73870573870574
1.12332112332112	0.537240537240537	-2.85714285714286
-2.14896214896215	-0.634920634920635	-0.879120879120879
-3.98046398046398	0.561660561660562	-0.122100122100122
1.26984126984127	0.659340659340659	1.53846153846154
-3.12576312576313	-0.879120879120879	2.27106227106227
-1.07448107448107	0.0976800976800977	2.22222222222222
1.75824175824176	-0.463980463980464	-0.537240537240537
-2.05128205128205	0.21978021978022	-0.854700854700855
0.781440781440781	0.366300366300366	0.21978021978022
-1.34310134310134	0.659340659340659	0.83028083028083
1.97802197802198	2.93040293040293	2.2954822954823
-0.0732600732600733	1.78266178266178	2.27106227106227
3.68742368742369	1.44078144078144	2.07570207570208
4.32234432234432	0.366300366300366	0.659340659340659
1.48962148962149	-0.854700854700855	-0.0244200244200244
2.85714285714286	-0.781440781440781	-0.0244200244200244
1.56288156288156	-1.17216117216117	0.0244200244200244
-1.51404151404151	-0.0488400488400488	0.244200244200244
-0.268620268620269	0.586080586080586	-0.366300366300366
-2.58852258852259	0.512820512820513	-2.88156288156288
0.146520146520147	2.56410256410256	-4.59096459096459
1.0989010989011	1.48962148962149	1.80708180708181
-1.41636141636142	2.68620268620269	-1.14774114774115
0.732600732600733	2.53968253968254	1.0989010989011
-2.49084249084249	0.732600732600733	2.75946275946276
-3.24786324786325	1.001221001221	1.83150183150183
-0.586080586080586	-0.43956043956044	-0.146520146520147
0.537240537240537	0.903540903540904	0.366300366300366
-1.05006105006105	0.927960927960928	1.46520146520147
-0.146520146520147	-0.366300366300366	0.170940170940171
0.366300366300366	0.879120879120879	1.75824175824176
3.56532356532357	-0.683760683760684	0.341880341880342
-0.0244200244200244	-0.586080586080586	-0.83028083028083
1.80708180708181	-0.610500610500611	-0.586080586080586
1.95360195360195	-0.586080586080586	-0.293040293040293
2.2954822954823	1.34310134310134	-2.17338217338217
1.9047619047619	0.781440781440781	-4.85958485958486
0.708180708180708	2.002442002442	2.05128205128205
-1.46520146520147	1.63614163614164	0.341880341880342
-4.07814407814408	1.001221001221	0.43956043956044
1.36752136752137	1.78266178266178	2.17338217338217
1.12332112332112	1.22100122100122	0.976800976800977
-0.195360195360195	1.44078144078144	0.757020757020757
1.29426129426129	1.07448107448107	-0.854700854700855
1.97802197802198	0.805860805860806	-0.317460317460317
-1.46520146520147	1.80708180708181	0.610500610500611
-0.317460317460317	0.0488400488400488	-1.001221001221
-3.17460317460317	0.561660561660562	-1.56288156288156
-2.90598290598291	-0.390720390720391	-2.07570207570208
0.537240537240537	-0.659340659340659	-2.44200244200244
3.36996336996337	1.001221001221	-1.44078144078144
2.83272283272283	-0.317460317460317	-0.561660561660562
-0.781440781440781	1.24542124542125	-0.0732600732600733
3.68742368742369	0.0488400488400488	-0.708180708180708
-0.976800976800977	0.244200244200244	-3.07692307692308
-2.22222222222222	0.634920634920635	-4.07814407814408
-1.75824175824176	-0.317460317460317	-2.24664224664225
-2.95482295482295	0.610500610500611	-1.1965811965812
-1.83150183150183	-0.0244200244200244	1.48962148962149
-3.51648351648352	-1.31868131868132	1.26984126984127
-2.1001221001221	-0.537240537240537	0.586080586080586
0.732600732600733	-1.05006105006105	0.512820512820513
-0.293040293040293	-0.0976800976800977	-0.805860805860806
0.341880341880342	-0.146520146520147	-1.88034188034188
-3.41880341880342	-0.268620268620269	-0.879120879120879
1.58730158730159	1.36752136752137	-0.83028083028083
0	-0.0976800976800977	-1.68498168498168
-0.512820512820513	1.58730158730159	-1.80708180708181
2.002442002442	0.146520146520147	0.512820512820513
2.97924297924298	-1.12332112332112	-1.53846153846154
2.2954822954823	-1.66056166056166	-3.34554334554335
2.66178266178266	-3.2967032967033	-2.2954822954823
1.02564102564103	-2.61294261294261	-3.15018315018315
-0.463980463980464	-2.80830280830281	-3.39438339438339
1.05006105006105	-1.58730158730159	-5.03052503052503
-1.41636141636142	-0.146520146520147	-0.390720390720391
-0.586080586080586	-1.0989010989011	-1.68498168498168
-4.44444444444444	-0.879120879120879	-2.27106227106227
-3.02808302808303	-1.36752136752137	-0.317460317460317
-0.610500610500611	-1.07448107448107	0.805860805860806
-4.83516483516483	-1.85592185592186	-0.195360195360195
-0.561660561660562	-2.31990231990232	-1.05006105006105
-0.170940170940171	-1.39194139194139	-1.9047619047619
0.927960927960928	-0.781440781440781	-1.58730158730159
0.708180708180708	-0.683760683760684	0.879120879120879
2.51526251526252	0.463980463980464	1.02564102564103
0.122100122100122	-2.02686202686203	-1.39194139194139
0.122100122100122	-1.41636141636142	0.708180708180708
-0.170940170940171	-3.51648351648352	-1.001221001221
-0.415140415140415	-4.59096459096459	-1.12332112332112
-0.0488400488400488	-3.07692307692308	-0.952380952380952
0.341880341880342	-2.80830280830281	-1.56288156288156
-1.66056166056166	-0.683760683760684	-0.854700854700855
-2.1978021978022	-0.366300366300366	-0.903540903540904
-3.63858363858364	1.22100122100122	-3.22344322344322
1.68498168498168	2.44200244200244	2.73504273504274
4.02930402930403	1.61172161172161	3.83394383394383
1.41636141636142	0.805860805860806	2.1978021978022
3.46764346764347	0.854700854700855	4.83516483516483
2.34432234432234	0.610500610500611	3.2967032967033
3.22344322344322	1.17216117216117	2.68620268620269
4.42002442002442	0.512820512820513	0.781440781440781
0.463980463980464	0.659340659340659	-1.34310134310134
3.98046398046398	0.586080586080586	0.366300366300366
2.97924297924298	-1.22100122100122	0.512820512820513
4.004884004884	-1.48962148962149	-1.39194139194139
5.1037851037851	-2.44200244200244	-0.317460317460317
1.12332112332112	-2.36874236874237	-0.561660561660562
3.56532356532357	-3.68742368742369	-0.708180708180708
-0.195360195360195	-4.93284493284493	-1.68498168498168
-1.97802197802198	-4.98168498168498	-4.93284493284493
-2.58852258852259	-5.12820512820513	-5.90964590964591
-4.24908424908425	-3.07692307692308	-0.708180708180708
-5.61660561660562	-4.12698412698413	-3.73626373626374
-2.17338217338217	-2.31990231990232	-0.244200244200244
-3.73626373626374	-0.0976800976800977	3.39438339438339
-1.001221001221	-0.146520146520147	2.56410256410256
1.34310134310134	1.80708180708181	3.83394383394383
2.51526251526252	2.31990231990232	2.97924297924298
2.66178266178266	2.05128205128205	1.56288156288156
2.17338217338217	3.78510378510378	1.36752136752137
3.85836385836386	1.22100122100122	0.610500610500611
0.781440781440781	1.48962148962149	0.0488400488400488
4.95726495726496	1.14774114774115	2.002442002442
1.34310134310134	-1.53846153846154	-0.122100122100122
1.88034188034188	-0.537240537240537	-0.170940170940171
2.80830280830281	-2.05128205128205	-3.24786324786325
0.976800976800977	-0.415140415140415	-5.81196581196581
1.001221001221	0.952380952380952	0.0244200244200244
0.488400488400488	1.39194139194139	0.366300366300366
2.07570207570208	3.76068376068376	2.97924297924298
0.634920634920635	2.2954822954823	3.36996336996337
-0.781440781440781	2.49084249084249	0.122100122100122
-2.36874236874237	2.51526251526252	0.390720390720391
-0.659340659340659	0.634920634920635	-2.36874236874237
-0.463980463980464	2.44200244200244	-0.463980463980464
-0.21978021978022	2.97924297924298	1.0989010989011
-1.83150183150183	3.05250305250305	0.952380952380952
0.83028083028083	3.07692307692308	0.659340659340659
-0.488400488400488	1.34310134310134	-0.976800976800977
2.27106227106227	3.12576312576313	-0.390720390720391
0.683760683760684	0.512820512820513	-0.927960927960928
2.05128205128205	0.683760683760684	-0.903540903540904
4.51770451770452	1.14774114774115	-4.81074481074481
2.41758241758242	0.146520146520147	-0.170940170940171
0.317460317460317	-0.366300366300366	-2.51526251526252
7.57020757020757	-0.244200244200244	-1.41636141636142
2.90598290598291	1.22100122100122	-0.0976800976800977
2.53968253968254	2.39316239316239	3.1013431013431
-0.0488400488400488	1.97802197802198	0.854700854700855
-2.14896214896215	3.56532356532357	0.903540903540904
-2.41758241758242	2.51526251526252	0.927960927960928
-3.98046398046398	2.80830280830281	0.390720390720391
-1.24542124542125	2.49084249084249	0.170940170940171
-1.001221001221	1.75824175824176	-0.170940170940171
-1.24542124542125	4.1025641025641	0.781440781440781
0.317460317460317	3.1990231990232	0.683760683760684
-3.24786324786325	4.34676434676435	0.341880341880342
-1.80708180708181	4.12698412698413	-3.15018315018315
1.24542124542125	3.63858363858364	-0.43956043956044
-2.002442002442	4.24908424908425	0.21978021978022
0.512820512820513	3.80952380952381	-0.415140415140415
-0.0732600732600733	4.2979242979243	-0.146520146520147
-2.44200244200244	4.95726495726496	2.12454212454212
-2.39316239316239	4.59096459096459	0.170940170940171
-3.41880341880342	5.37240537240537	-2.71062271062271
2.36874236874237	4.83516483516483	-1.001221001221
-1.80708180708181	5.17704517704518	0.757020757020757
0.293040293040293	3.85836385836386	-0.21978021978022
-1.75824175824176	2.83272283272283	-0.268620268620269
1.26984126984127	3.34554334554335	0.146520146520147
0.170940170940171	2.39316239316239	1.36752136752137
-3.71184371184371	2.49084249084249	0.0976800976800977
2.07570207570208	2.24664224664225	1.63614163614164
0.512820512820513	2.31990231990232	0.732600732600733
0.854700854700855	2.31990231990232	-4.46886446886447
2.93040293040293	0.952380952380952	0.610500610500611
-1.73382173382173	2.44200244200244	0.805860805860806
-3.66300366300366	1.97802197802198	1.14774114774115
-2.97924297924298	0.0488400488400488	0.781440781440781
-2.002442002442	2.12454212454212	1.14774114774115
1.24542124542125	1.22100122100122	-1.001221001221
-0.561660561660562	2.58852258852259	-0.659340659340659
1.68498168498168	2.68620268620269	-1.56288156288156
-0.83028083028083	2.1001221001221	-1.44078144078144
1.22100122100122	2.53968253968254	-0.610500610500611
0.659340659340659	1.05006105006105	-0.879120879120879
-0.0976800976800977	1.14774114774115	-1.05006105006105
0.21978021978022	-0.244200244200244	-0.659340659340659
-1.92918192918193	-0.659340659340659	-1.83150183150183
-2.36874236874237	0.83028083028083	-0.0488400488400488
-1.46520146520147	-0.512820512820513	-1.85592185592186
-3.68742368742369	0.0732600732600733	-1.34310134310134
-1.07448107448107	0.195360195360195	0
-2.05128205128205	0.488400488400488	-1.61172161172161
2.07570207570208	2.61294261294261	-3.49206349206349
1.53846153846154	1.51404151404151	-0.488400488400488
1.05006105006105	2.71062271062271	0.659340659340659
-1.56288156288156	2.56410256410256	0.537240537240537
3.1013431013431	1.68498168498168	3.44322344322344
0.122100122100122	2.17338217338217	2.73504273504274
0.708180708180708	0.683760683760684	0.195360195360195
1.70940170940171	1.66056166056166	0.0488400488400488
0.317460317460317	1.36752136752137	0.146520146520147
1.75824175824176	1.39194139194139	-0.757020757020757
0.341880341880342	2.24664224664225	0.927960927960928
1.41636141636142	0.683760683760684	-0.390720390720391
-1.12332112332112	0.463980463980464	0.0976800976800977
0.927960927960928	0.43956043956044	0.586080586080586
0.952380952380952	0.122100122100122	2.49084249084249
-2.22222222222222	0.537240537240537	1.1965811965812
-0.0976800976800977	-0.0244200244200244	1.56288156288156
-5.54334554334554	0.586080586080586	1.58730158730159
1.95360195360195	1.07448107448107	1.85592185592186
-2.22222222222222	-1.0989010989011	-0.122100122100122
-2.002442002442	0.488400488400488	1.66056166056166
0.927960927960928	-0.366300366300366	-0.586080586080586
0.0976800976800977	-0.122100122100122	-2.12454212454212
0.0488400488400488	-0.0244200244200244	1.95360195360195
-1.48962148962149	-0.561660561660562	0.83028083028083
-1.92918192918193	0.43956043956044	1.26984126984127
0	-1.44078144078144	1.14774114774115
-2.34432234432234	-0.0488400488400488	0.415140415140415
-2.22222222222222	0.0976800976800977	-2.02686202686203
-1.92918192918193	-0.781440781440781	-3.15018315018315
-3.56532356532357	0.83028083028083	-1.88034188034188
-1.001221001221	-0.561660561660562	-1.24542124542125
-4.004884004884	1.001221001221	0.195360195360195
-2.44200244200244	0	-0.83028083028083
-4.3956043956044	-0.512820512820513	-2.51526251526252
-2.02686202686203	0.463980463980464	-1.41636141636142
1.61172161172161	1.05006105006105	0.976800976800977
-4.49328449328449	1.53846153846154	0.170940170940171
-1.70940170940171	1.12332112332112	0.268620268620269
-1.80708180708181	0.83028083028083	0.561660561660562
-1.05006105006105	2.14896214896215	0.561660561660562
1.73382173382173	1.26984126984127	0.732600732600733
-2.24664224664225	1.95360195360195	0.781440781440781
4.07814407814408	1.97802197802198	0.0732600732600733
2.51526251526252	1.68498168498168	-2.53968253968254
4.17582417582418	3.02808302808303	2.51526251526252
0.463980463980464	2.07570207570208	2.41758241758242
0.170940170940171	3.003663003663	1.22100122100122
0.463980463980464	3.003663003663	1.56288156288156
-1.88034188034188	2.34432234432234	2.90598290598291
-2.46642246642247	3.22344322344322	0.0976800976800977
-0.463980463980464	2.14896214896215	-0.146520146520147
-1.07448107448107	2.61294261294261	0.0732600732600733
-1.85592185592186	2.2954822954823	0.586080586080586
-2.27106227106227	1.83150183150183	3.32112332112332
-2.97924297924298	3.1013431013431	3.27228327228327
-3.44322344322344	1.41636141636142	0.781440781440781
-1.46520146520147	2.002442002442	-0.415140415140415
-1.83150183150183	2.24664224664225	0.268620268620269
-0.170940170940171	1.41636141636142	0.146520146520147
0	2.31990231990232	-0.537240537240537
-1.53846153846154	0.244200244200244	0.0488400488400488
2.002442002442	1.83150183150183	1.14774114774115
0.805860805860806	1.14774114774115	0.537240537240537
1.9047619047619	0.43956043956044	-0.0244200244200244
3.003663003663	0.390720390720391	-1.41636141636142
2.73504273504274	-0.732600732600733	-0.976800976800977
0.317460317460317	0.0488400488400488	-0.195360195360195
-3.15018315018315	-0.317460317460317	-1.07448107448107
-0.244200244200244	-0.854700854700855	0.390720390720391
-4.54212454212454	0.463980463980464	-2.44200244200244
-2.39316239316239	-0.512820512820513	-4.44444444444444
-3.73626373626374	-0.586080586080586	0.170940170940171
-3.95604395604396	-0.244200244200244	1.001221001221
-2.07570207570208	0.561660561660562	1.88034188034188
-4.54212454212454	-0.21978021978022	-0.488400488400488
-3.83394383394383	-0.512820512820513	-0.976800976800977
-6.69108669108669	0	-0.634920634920635
-1.05006105006105	1.02564102564103	-2.27106227106227
-3.07692307692308	0.586080586080586	-1.68498168498168
-0.805860805860806	1.75824175824176	0.634920634920635
6.17826617826618	2.14896214896215	0.927960927960928
-1.14774114774115	1.53846153846154	-1.05006105006105
0.659340659340659	0.244200244200244	-2.39316239316239
-0.781440781440781	-1.36752136752137	-3.54090354090354
-2.39316239316239	-0.561660561660562	-2.24664224664225
-1.36752136752137	-2.27106227106227	-3.71184371184371
-1.80708180708181	-0.903540903540904	-2.71062271062271
-3.1990231990232	-2.24664224664225	-4.12698412698413
-2.36874236874237	-2.83272283272283	-9.37728937728938
-5.64102564102564	-1.75824175824176	-2.80830280830281
-2.12454212454212	-1.78266178266178	-3.15018315018315
-7.78998778998779	-0.757020757020757	-4.68864468864469
-7.93650793650794	-0.854700854700855	-3.27228327228327
-1.83150183150183	-0.634920634920635	-1.78266178266178
-3.24786324786325	0.561660561660562	-1.85592185592186
-1.58730158730159	0.610500610500611	-2.80830280830281
-2.12454212454212	0.170940170940171	-1.75824175824176
-2.44200244200244	-0.0976800976800977	-0.244200244200244
-3.78510378510378	-1.31868131868132	-0.708180708180708
0	-0.293040293040293	-0.757020757020757
-0.537240537240537	-1.85592185592186	-0.561660561660562
-0.415140415140415	-2.002442002442	-1.97802197802198
0.879120879120879	-3.36996336996337	-2.95482295482295
-2.02686202686203	-3.73626373626374	-2.17338217338217
-6.25152625152625	-3.54090354090354	-2.2954822954823
-2.002442002442	-3.93162393162393	-4.98168498168498
-2.66178266178266	-2.14896214896215	-6.71550671550672
-5.03052503052503	-1.75824175824176	-1.58730158730159
-2.12454212454212	-1.34310134310134	-1.48962148962149
-3.1990231990232	-0.195360195360195	-0.903540903540904
-3.15018315018315	-1.14774114774115	1.48962148962149
-4.59096459096459	-0.415140415140415	2.2954822954823
-4.76190476190476	-1.07448107448107	1.75824175824176
-4.27350427350427	-1.48962148962149	-0.732600732600733
-4.56654456654457	0.757020757020757	-2.2954822954823
-5.27472527472527	-1.0989010989011	-0.537240537240537
-5.59218559218559	-0.781440781440781	-1.51404151404151
-3.1013431013431	-0.927960927960928	-1.44078144078144
-0.879120879120879	-1.83150183150183	-2.56410256410256
-4.22466422466422	-1.36752136752137	-1.41636141636142
-2.31990231990232	-2.05128205128205	-1.83150183150183
-1.63614163614164	-0.781440781440781	-0.488400488400488
-4.88400488400488	-0.317460317460317	-4.71306471306471
-3.73626373626374	-0.854700854700855	-3.85836385836386
-3.1990231990232	1.44078144078144	-0.0732600732600733
-2.1978021978022	-0.244200244200244	-2.1978021978022
-7.37484737484737	-0.586080586080586	-1.83150183150183
-7.71672771672772	0.341880341880342	1.001221001221
-7.22832722832723	-1.80708180708181	-2.75946275946276
-5.37240537240537	-0.21978021978022	-3.1990231990232
-3.80952380952381	-0.268620268620269	-1.97802197802198
-4.51770451770452	-0.317460317460317	-2.58852258852259
-3.41880341880342	0.122100122100122	-1.14774114774115
-4.15140415140415	-1.17216117216117	-1.17216117216117
-5.07936507936508	-1.1965811965812	-1.48962148962149
-1.83150183150183	-1.46520146520147	-2.34432234432234
-1.78266178266178	-1.66056166056166	-5.47008547008547
-1.78266178266178	-2.05128205128205	-5.37240537240537
-3.83394383394383	-2.44200244200244	-3.003663003663
-4.61538461538461	-1.05006105006105	-1.97802197802198
-3.39438339438339	-2.75946275946276	-2.46642246642247
-7.96092796092796	-1.80708180708181	-1.31868131868132
-4.27350427350427	-1.1965811965812	-1.39194139194139
-2.02686202686203	-1.31868131868132	-1.53846153846154
-2.95482295482295	0.0244200244200244	-1.05006105006105
-1.17216117216117	0.683760683760684	-1.78266178266178
-5.51892551892552	1.14774114774115	0.708180708180708
-5.05494505494505	1.41636141636142	0.341880341880342
-4.63980463980464	0.43956043956044	-1.48962148962149
-3.34554334554335	1.02564102564103	-1.14774114774115
-0.805860805860806	0.561660561660562	-2.44200244200244
-4.83516483516483	-0.610500610500611	-3.85836385836386
0.0244200244200244	-0.757020757020757	1.24542124542125
-1.66056166056166	-1.001221001221	-0.463980463980464
1.53846153846154	0.463980463980464	-0.805860805860806
3.22344322344322	-1.83150183150183	-0.463980463980464
2.75946275946276	-0.415140415140415	0.512820512820513
2.34432234432234	-1.05006105006105	-1.9047619047619
0.634920634920635	-0.732600732600733	-1.0989010989011
-3.46764346764347	0.43956043956044	-0.708180708180708
-0.317460317460317	0.195360195360195	1.05006105006105
-5.83638583638584	0.634920634920635	-0.561660561660562
-5.56776556776557	0.976800976800977	0.83028083028083
-8.15628815628816	-0.415140415140415	-0.244200244200244
-5.98290598290598	1.48962148962149	0.952380952380952
-4.61538461538461	0.390720390720391	1.31868131868132
-7.74114774114774	0.708180708180708	-4.85958485958486
-0.0976800976800977	2.49084249084249	1.22100122100122
-0.757020757020757	1.36752136752137	0.952380952380952
-2.1978021978022	2.34432234432234	1.97802197802198
-1.26984126984127	1.29426129426129	3.80952380952381
-1.88034188034188	1.63614163614164	4.71306471306471
-1.24542124542125	0.390720390720391	2.66178266178266
-0.146520146520147	-1.46520146520147	-0.293040293040293
-3.02808302808303	-0.634920634920635	-0.83028083028083
0.488400488400488	-0.43956043956044	-0.195360195360195
-4.88400488400488	0.708180708180708	1.26984126984127
1.41636141636142	1.9047619047619	-0.21978021978022
-2.68620268620269	2.14896214896215	1.05006105006105
-4.73748473748474	2.39316239316239	1.24542124542125
0.195360195360195	0.708180708180708	0
-3.27228327228327	0.927960927960928	0.0976800976800977
0.952380952380952	1.78266178266178	1.0989010989011
-3.15018315018315	0.244200244200244	-3.02808302808303
-0.976800976800977	2.1001221001221	1.22100122100122
0.488400488400488	1.95360195360195	2.14896214896215
-3.1990231990232	1.34310134310134	1.53846153846154
-2.51526251526252	2.41758241758242	3.54090354090354
-2.05128205128205	1.53846153846154	2.75946275946276
-0.415140415140415	3.22344322344322	2.39316239316239
3.1013431013431	3.39438339438339	2.63736263736264
0.854700854700855	3.93162393162393	2.80830280830281
1.07448107448107	3.22344322344322	2.41758241758242
3.63858363858364	2.1001221001221	3.12576312576313
-0.854700854700855	2.2954822954823	3.17460317460317
1.46520146520147	1.63614163614164	1.88034188034188
-1.34310134310134	2.36874236874237	1.78266178266178
-0.317460317460317	2.88156288156288	1.31868131868132
-1.39194139194139	1.63614163614164	1.41636141636142
-0.586080586080586	3.17460317460317	1.58730158730159
-0.366300366300366	2.05128205128205	-2.58852258852259
-2.07570207570208	1.9047619047619	1.88034188034188
1.41636141636142	2.58852258852259	3.1013431013431
-2.63736263736264	1.92918192918193	3.24786324786325
0.708180708180708	2.41758241758242	3.32112332112332
-0.21978021978022	0.366300366300366	3.32112332112332
-2.66178266178266	0.146520146520147	2.39316239316239
-3.12576312576313	-0.0244200244200244	0.659340659340659
-2.31990231990232	-1.61172161172161	0.83028083028083
-3.80952380952381	0.21978021978022	1.02564102564103
1.58730158730159	1.07448107448107	1.88034188034188
-1.70940170940171	1.46520146520147	1.41636141636142
0.976800976800977	1.51404151404151	0.146520146520147
-0.732600732600733	0.390720390720391	0.0732600732600733
3.003663003663	1.46520146520147	0.952380952380952
1.66056166056166	0.805860805860806	2.1978021978022
-1.48962148962149	-0.0488400488400488	1.31868131868132
-1.12332112332112	0.21978021978022	1.58730158730159
-2.44200244200244	-0.952380952380952	-1.24542124542125
-5.54334554334554	-0.0732600732600733	-4.07814407814408
-0.293040293040293	-0.268620268620269	1.0989010989011
-2.51526251526252	0.0976800976800977	0.634920634920635
-2.83272283272283	0	2.53968253968254
-1.53846153846154	0.927960927960928	5.22588522588523
-0.512820512820513	1.92918192918193	3.58974358974359
-2.07570207570208	0.634920634920635	3.71184371184371
-5.03052503052503	1.22100122100122	1.61172161172161
-0.463980463980464	0	0.0488400488400488
1.78266178266178	-0.244200244200244	0.634920634920635
-2.07570207570208	-0.244200244200244	0.293040293040293
0.146520146520147	-3.1990231990232	-2.58852258852259
-1.1965811965812	-1.80708180708181	-0.268620268620269
-2.14896214896215	-1.88034188034188	-1.001221001221
-3.1990231990232	-1.80708180708181	-1.56288156288156
-1.83150183150183	0.586080586080586	0.0488400488400488
-0.0244200244200244	0.732600732600733	-0.757020757020757
-2.07570207570208	1.22100122100122	-2.63736263736264
-2.44200244200244	1.70940170940171	3.49206349206349
-5.27472527472527	-1.05006105006105	1.92918192918193
-4.66422466422466	-1.001221001221	1.26984126984127
-4.56654456654457	-1.92918192918193	2.17338217338217
-4.12698412698413	-2.27106227106227	1.26984126984127
-4.42002442002442	-2.68620268620269	0.0488400488400488
-6.22710622710623	-3.1013431013431	-1.63614163614164
-3.24786324786325	-1.58730158730159	-0.805860805860806
-1.34310134310134	-1.12332112332112	1.14774114774115
-4.85958485958486	-1.0989010989011	-1.44078144078144
-2.49084249084249	-0.879120879120879	-0.317460317460317
-1.07448107448107	-1.51404151404151	-0.341880341880342
-2.95482295482295	-0.83028083028083	-0.195360195360195
-5.22588522588523	-1.88034188034188	0.341880341880342
-6.47130647130647	-0.952380952380952	0.366300366300366
-0.683760683760684	0.659340659340659	0.952380952380952
-3.98046398046398	-0.634920634920635	-2.46642246642247
-5.68986568986569	0.634920634920635	-4.44444444444444
-6.17826617826618	-1.05006105006105	0.757020757020757
-1.95360195360195	-0.122100122100122	1.05006105006105
-4.07814407814408	-0.854700854700855	0.0732600732600733
-3.85836385836386	-1.53846153846154	1.39194139194139
-3.88278388278388	-0.610500610500611	2.73504273504274
-0.463980463980464	-0.244200244200244	1.0989010989011
-2.88156288156288	0.463980463980464	0.463980463980464
-3.32112332112332	1.07448107448107	1.80708180708181
-0.854700854700855	1.001221001221	1.88034188034188
-3.85836385836386	2.73504273504274	2.24664224664225
1.58730158730159	0.561660561660562	1.36752136752137
-2.12454212454212	0.0976800976800977	0.561660561660562
-3.66300366300366	-0.732600732600733	1.31868131868132
-2.51526251526252	-1.92918192918193	2.12454212454212
-6.4957264957265	-1.48962148962149	0.122100122100122
-3.1013431013431	-1.51404151404151	2.14896214896215
-7.10622710622711	-0.146520146520147	2.24664224664225
-2.71062271062271	1.24542124542125	-1.61172161172161
-0.805860805860806	-0.0732600732600733	-3.02808302808303
-0.659340659340659	1.51404151404151	0.293040293040293
-0.0732600732600733	0.512820512820513	-0.463980463980464
-3.17460317460317	0.195360195360195	0.0732600732600733
-5.47008547008547	0.317460317460317	1.56288156288156
2.14896214896215	0.146520146520147	1.14774114774115
-4.05372405372405	0.927960927960928	1.29426129426129
0.366300366300366	0.634920634920635	-0.708180708180708
0.390720390720391	1.31868131868132	2.39316239316239
-0.805860805860806	1.80708180708181	3.02808302808303
0.805860805860806	2.12454212454212	4.56654456654457
1.26984126984127	3.22344322344322	2.75946275946276
2.17338217338217	2.51526251526252	1.75824175824176
0.244200244200244	1.70940170940171	1.58730158730159
-0.879120879120879	1.22100122100122	0.293040293040293
-4.12698412698413	-0.634920634920635	0.268620268620269
-3.66300366300366	0.83028083028083	-0.708180708180708
-1.80708180708181	-1.0989010989011	-1.88034188034188
-0.146520146520147	-0.927960927960928	-4.2979242979243
-2.36874236874237	-0.317460317460317	0.512820512820513
-0.634920634920635	-0.781440781440781	1.07448107448107
-1.53846153846154	2.68620268620269	2.85714285714286
1.80708180708181	2.85714285714286	4.004884004884
-0.21978021978022	3.51648351648352	3.51648351648352
1.63614163614164	3.44322344322344	2.58852258852259
1.70940170940171	3.39438339438339	1.83150183150183
2.53968253968254	2.95482295482295	1.41636141636142
2.41758241758242	1.73382173382173	1.68498168498168
-0.659340659340659	1.12332112332112	2.46642246642247
-4.54212454212454	1.22100122100122	2.71062271062271
-1.70940170940171	0.122100122100122	1.95360195360195
-1.61172161172161	1.31868131868132	2.88156288156288
-3.17460317460317	0.537240537240537	2.83272283272283
-1.17216117216117	1.80708180708181	0.610500610500611
-0.0732600732600733	1.85592185592186	-0.244200244200244
0.293040293040293	0.781440781440781	-1.12332112332112
0.0732600732600733	1.001221001221	-3.39438339438339
0.586080586080586	-0.366300366300366	-5.54334554334554
-1.17216117216117	-0.341880341880342	-1.83150183150183
1.17216117216117	-0.366300366300366	-2.80830280830281
0.854700854700855	-0.683760683760684	-1.53846153846154
0.415140415140415	1.68498168498168	2.14896214896215
1.14774114774115	0.732600732600733	1.68498168498168
-2.12454212454212	1.51404151404151	1.07448107448107
2.80830280830281	1.51404151404151	2.12454212454212
0.903540903540904	-0.21978021978022	2.51526251526252
-0.683760683760684	0.659340659340659	2.02686202686203
1.17216117216117	-1.14774114774115	1.9047619047619
-4.15140415140415	-1.9047619047619	0.366300366300366
-1.29426129426129	-0.415140415140415	2.12454212454212
-1.61172161172161	-1.05006105006105	0.561660561660562
-5.15262515262515	-0.146520146520147	-2.46642246642247
0.0976800976800977	0.0732600732600733	-4.76190476190476
-0.634920634920635	1.41636141636142	1.46520146520147
-1.14774114774115	1.39194139194139	-1.0989010989011
-1.05006105006105	1.53846153846154	0.21978021978022
-2.17338217338217	4.49328449328449	3.80952380952381
2.85714285714286	4.1025641025641	3.32112332112332
2.88156288156288	3.68742368742369	1.51404151404151
1.05006105006105	3.22344322344322	1.07448107448107
