1.1108567940795	-1.01625085831998	-0.308232242313268
-0.125123979552911	-1.4526588845655	-1.94705119401846
0.918593118181125	-1.79751277943084	-3.31425955596246
1.6235599298085	-1.46486610208286	-4.43121995880064
2.71305409323262	-0.161745632104982	-2.2064545662623
1.28480964370184	-0.463874265659571	-0.650034332799268
1.12001220721752	0.0274662394140536	-0.564583810177768
1.83108262760357	2.96940566109712	2.9907682917525
1.15968566414893	3.49736781872282	2.53910124361028
0.567635614557107	4.67841611352712	3.19523918516823
0.610360875867857	2.38040741588464	1.67544060425727
0.424200808728161	1.72121766994736	0.59510185397116
1.2115663385977	1.86770428015564	1.1810482948043
-0.122072175173571	0.494392309452964	-0.195315480277714
-2.73136491950866	-1.67238879987793	-3.52483405813687
-2.72831311512932	-2.29800869764248	-3.40581368734264
-1.35500114442664	-1.1108567940795	-1.20546272983902
-0.210574502174411	-0.106813153276875	-0.68055237659266
0.784313725490196	-1.54116121156634	0.476081483176928
0.552376592660411	-1.40688181887541	-0.988784618905928
-0.38452735179675	-2.72831311512932	-3.16472114137484
-0.622568093385214	-2.83207446402686	-2.91447318226902
-2.734416723888	-4.101625085832	-3.66521705958648
-2.58182650492103	-3.60723277637903	-4.60212100404364
-1.00099183642329	-2.29495689326314	-4.72114137483787
-1.20241092545968	-2.00503547722591	-4.24811169604028
0	-1.42214084077211	-3.38445105668727
1.39772640573739	-0.842298008697642	-1.35805294880598
1.80056458381018	-1.34279392690929	-1.97451743343252
2.77714198519875	-1.19020370794232	-1.58999008163577
2.72526131074998	0.625619897764553	-1.24513618677043
0.497444113832303	-0.518806744487678	-0.915541313801785
-1.09864957656214	-1.65712977798123	-3.04875257495994
-2.38345922026398	-1.7242694743267	-3.70183871213855
-1.65102616922255	-2.09964141298543	-4.77302204928664
-2.08133058670939	-2.65201800564584	-5.17280842298009
-1.25429159990845	-2.06301976043336	-4.47394522011139
-3.03654535744259	-3.41191729610132	-2.734416723888
-0.717174029144732	-3.15861753261616	-2.35599298084993
1.53505760280766	-2.40482185091936	-0.762951094834821
1.14137483787289	-2.34683756771191	0.958266575112535
0.875867856870375	-2.09048599984741	0.476081483176928
-0.64087891966125	-1.0406652933547	-2.82291905088884
-2.563515678645	-3.4882124055848	-3.81780727855344
-2.78629739833677	-3.6743724727245	-2.63675898374914
-1.48928053711757	-3.75371938658732	-3.07927061875334
-4.08331425955596	-6.29587243457694	-7.04661631189441
-4.27862973983368	-6.49729152361334	-4.37628747997253
-6.96421759365225	-8.58472571908141	-6.72312504768444
-6.63157091630427	-7.34569314106966	-4.91645685511559
-7.92248416876478	-9.35683222705425	-6.56137941557946
-6.68955519951171	-8.05676356145571	-4.51667048142214
-2.42923628595407	-4.97138933394369	-2.61234454871443
-1.4373998626688	-5.17891203173877	-2.72526131074998
-0.585946440833143	-4.23590447852293	-1.89211871519036
-0.686655985351339	-4.614328221561	-3.60723277637903
-1.64492256046387	-5.79232471198596	-3.95819028000305
-3.61028458075837	-6.152437628748	-4.20233463035019
-1.70290684367132	-3.77508201724269	-1.94399938963912
-1.33974212252995	-2.69169146257725	-2.12405584802014
-3.30815594720378	-4.08026245517662	0.72632944228275
-0.320439459830625	-0.570687418936446	0.857557030594339
1.16884107728695	-0.421149004348821	0.711070420386053
2.09048599984741	-0.122072175173571	-0.714122224765393
1.7944609750515	-0.692759594110018	-1.80666819256886
-0.366216525520714	-3.57976653696498	-5.13313496604868
-1.77615014877546	-4.14129854276341	-3.19523918516823
-1.99282825970855	-3.37529564354925	-3.29900053406577
-1.86770428015564	-3.92156862745098	-3.79949645227741
-0.994888227664607	-2.42618448157473	-1.99282825970855
1.22987716487373	0.500495918211643	0.332646677347982
1.04676890211337	1.16578927290761	0.869764248111696
1.62661173418784	2.16678110933089	2.32547493705653
1.03150988021668	2.57267109178302	1.13221942473487
1.76089112687877	3.46379797055009	1.71206225680934
1.93789578088045	4.57465476462959	0.433356221866178
2.6642252231632	3.28068970778973	0.500495918211643
1.02845807583734	1.55642023346304	-1.07423514152743
2.96025024795911	1.97146562905318	-2.87479972533761
2.35599298084993	0.372320134279393	-1.9806210421912
2.90836957351034	0.38452735179675	-2.83817807278553
4.91340505073625	2.09658960860609	-1.30922407873655
5.9662775616083	4.16571297779812	1.00099183642329
4.3427176317998	4.03753719386587	1.73647669184405
2.68253604943923	4.08026245517662	2.11795223926146
3.5034714274815	2.28580148012512	2.88090333409628
1.00404364080262	0.827038986800946	0.912489509422446
0.671396963454643	-0.439459830624857	-0.320439459830625
-0.311284046692607	-1.33058670939193	-2.74662394140536
0.50965133134966	-2.31937132829786	-4.3274586099031
0.207522697795071	-3.85748073548486	-5.93575951781491
1.78835736629282	-3.79949645227741	-5.49019607843137
0.131227588311589	-5.35896849011978	-6.75974670023651
1.27260242618448	-4.58991378652628	-3.62554360265507
-0.0122072175173571	-5.25520714122225	-1.2970168612192
0.0793469138628214	-4.23285267414359	-1.19325551232166
0.262455176623178	-2.62455176623178	-2.20035095750362
0.408941786831464	-3.12199588006409	-2.75577935454337
0.0518806744487678	-4.22674906538491	-2.61539635309377
0.164797436484321	-4.23285267414359	-4.77912565804532
1.27870603494316	-4.13214312962539	-4.86152437628748
-0.436408026245518	-4.62043183031968	-4.11993591210803
-0.698863202868696	-5.0415808346685	-2.60624093995575
0.933852140077821	-3.0914778362707	-1.76394293125811
1.68764782177462	-2.81376363775082	-2.1515220874342
-0.863660639353018	-5.41695277332723	-2.23392080567636
-0.576791027695125	-4.73640039673457	-0.89417868314641
-1.95925841153582	-5.23994811932555	-2.58487830930037
-0.296025024795911	-5.47798886091402	-1.60524910353246
-1.64492256046387	-4.59601739528496	-1.19325551232166
-2.62760357061112	-5.38033112077516	-1.61440451667048
-2.33768215457389	-4.06500343327993	-0.860608834973678
-0.985732814526589	-3.73540856031128	-3.25932707713436
-3.68352788586252	-4.57465476462959	-2.61844815747311
-3.26237888151369	-3.11284046692607	-1.62661173418784
-0.952162966353857	-1.91348134584573	-2.49637598229953
0.445563439383536	-0.903334096284428	-1.33363851377127
0.0183108262760357	-0.338750286106661	0.543221179522393
0.0122072175173571	0.89417868314641	-0.799572747386893
-1.46181429770352	0.244144350347143	0.845349813076982
-1.0101472495613	0.192263675898375	0.430304417486839
-2.23392080567636	-0.650034332799268	-0.143434805828946
-1.93484397650111	-0.750743877317464	-1.76394293125811
-2.37430380712596	-1.67238879987793	-2.77409018081941
-1.16884107728695	-1.53505760280766	-2.56656748302434
-1.56862745098039	-4.16266117341878	-4.99885557335775
0.238040741588464	-4.48004882887007	-3.26848249027237
-1.23598077363241	-5.66109712367437	-2.96330205233845
0.0732433051041428	-4.39765011062791	0.0549324788281071
0.445563439383536	-3.80865186541543	-0.537117570763714
0.50965133134966	-2.7496757457847	-0.607309071488518
0.0793469138628214	-4.09552147707332	-0.933852140077821
0.106813153276875	-4.785229266804	-2.00503547722591
-0.350957503624018	-6.88181887541009	-4.40985732814527
-0.845349813076982	-8.52674143587396	-1.6388189517052
-3.73846036469062	-10.0343327992676	-2.6489662012665
-2.82902265964752	-10.6385900663767	-3.59807736324102
-2.38040741588464	-10.4585336079957	-4.69062333104448
-2.37125200274662	-11.0566872663462	-4.72419317921721
-3.80865186541543	-11.4351110093843	-5.25215533684291
-2.17898832684825	-11.0139620050355	-5.48714427405203
-2.04165712977798	-11.279468986038	-5.77401388570993
-1.9653620202945	-10.6172274357214	-5.14839398794537
0.0823987182421607	-8.54810406652934	-3.55840390630961
-0.146486610208286	-8.24902723735408	-3.6743724727245
0.122072175173571	-6.5491721980621	-4.04364080262455
-1.93484397650111	-6.97947661554894	-3.64080262455177
-1.9653620202945	-6.45151445792325	-4.39154650186923
-1.01319905394064	-6.51865415426871	-5.63057907988098
-1.62966353856718	-6.78721293965057	-3.81170366979477
-1.16273746852827	-5.45052262149996	-5.13313496604868
0.494392309452964	-5.68551155870909	-3.84222171358816
-3.52483405813687	-8.32227054245823	-6.1371786068513
-3.01518272678721	-5.31624322880903	-1.538109407187
-0.643930724040589	-3.23491264209964	-0.473029678797589
0.219729915312428	-1.03761348897536	0.064087891966125
1.14442664225223	1.99893186846723	2.85038529030289
0.286869611657893	3.38445105668727	1.6937514305333
2.47501335164416	5.56038757915618	2.47196154726482
4.45258258945602	7.39757381551843	3.75066758220798
4.06805523765927	6.62241550316625	2.64591439688716
5.2674143587396	7.75768673228046	2.79240100709545
4.56855115587091	8.74341954680705	4.88899061570153
2.57572289616236	7.33653772793164	3.33562218661784
2.78324559395743	7.56847486076142	4.89204242008087
2.74052033264668	7.15953307392996	3.46379797055009
3.26848249027237	8.7861448081178	4.83100633249409
1.19935912108034	5.7099259937438	1.8646524757763
2.5482566567483	5.83504997329671	1.31837949187457
0.265506981002518	3.59197375448234	-0.100709544518196
0.0335698481727321	4.05279621576257	0.366216525520714
0.485236896314946	4.96528572518502	2.14541847867552
1.13832303349355	4.36713206683452	-0.158693827725643
4.87373159380484	7.45555809872587	3.76897840848402
4.82185091935607	7.80956740672923	2.8351262684062
4.86152437628748	7.80346379797055	2.56961928740368
7.08018616006714	9.9824521248188	3.73540856031128
4.92866407263294	7.74242771038376	2.70695048447395
3.03349355306325	5.66109712367437	1.61745632104982
0.0671396963454643	1.97756923781186	0.399786373693446
-0.955214770733196	0.918593118181125	-0.720225833524071
-1.08339055466545	-0.396734569314107	-2.13931486991684
-0.103761348897536	-0.286869611657893	-1.23598077363241
-0.0885023270008393	-0.827038986800946	-2.81681544213016
1.59304188601511	0.601205462729839	-1.25123979552911
1.63576714732586	0.424200808728161	-0.735484855420768
1.42824444953079	0.402838178072786	0.823987182421607
1.0101472495613	-1.3519493400473	0.372320134279393
0.369268329900053	-0.466926070038911	0.717174029144732
0.228885328450446	0.134279392690929	2.2369726100557
-1.28480964370184	-1.73647669184405	2.09048599984741
0.659189745937285	-0.805676356145571	2.06301976043336
1.28786144808118	0.708018616006714	1.25429159990845
1.3824673838407	1.09864957656214	0.683604180972
2.33768215457389	0.466926070038911	0.244144350347143
1.30922407873655	-0.695811398489357	-0.845349813076982
-0.411993591210803	-0.903334096284428	-1.36415655756466
1.26039520866712	-2.0660715648127	1.19020370794232
0.207522697795071	-1.89822232394903	0.219729915312428
0.610360875867857	-2.91142137788968	0.122072175173571
-1.41603723201343	-4.0863660639353	-2.2919050888838
-2.24917982757305	-4.70588235294118	-1.04371709773404
-1.14137483787289	-3.67132066834516	-0.912489509422446
-2.2369726100557	-6.17074845502403	-1.14442664225223
-2.97245746547646	-4.26337071793698	-0.106813153276875
-0.335698481727321	-1.92874036774243	1.92874036774243
-2.38956282902266	-5.50850690470741	-0.805676356145571
-3.07011520561532	-4.57160296025025	-0.195315480277714
-2.24307621881437	-2.19729915312428	0.677500572213321
-0.997940032043946	-1.4526588845655	1.02845807583734
-0.967421988250553	0.115968566414893	2.02639810788128
-0.00610360875867857	0.89417868314641	1.19325551232166
0.564583810177768	2.55130846112764	2.61844815747311
-1.23903257801175	0.173952849622339	1.025406271458
-1.88906691081102	-0.997940032043946	-0.888075074387732
-1.78835736629282	-0.955214770733196	-0.164797436484321
-1.01319905394064	-0.576791027695125	0.659189745937285
-2.21560997940032	0.375371938658732	-0.848401617456321
0.991836423285267	2.21866178377966	0.119020370794232
1.95620660715648	3.44853894865339	0.759899290455482
0.646982528419928	2.36820019836728	0.482185091935607
0.903334096284428	1.60524910353246	-0.0183108262760357
-2.09964141298543	-0.0579842832074464	-0.564583810177768
-1.85549706263828	-0.241092545967803	0.347905699244678
1.67849240863661	1.65712977798123	0.903334096284428
0.5981536583505	2.11184863050278	1.45876249332418
4.25116350041962	5.29182879377432	4.26031891355764
3.09758144502937	5.10566872663462	3.43327992675669
3.25322346837568	6.50949874113069	2.58487830930037
2.35904478522927	4.72419317921721	0.5981536583505
1.67238879987793	3.69573510337987	1.28480964370184
2.0660715648127	3.19218738078889	1.16884107728695
1.25429159990845	3.44243533989471	1.76699473563745
0.408941786831464	2.92362859540703	3.24406805523766
1.94094758525978	4.76386663614862	4.29083695735103
4.09246967269398	4.73640039673457	4.40680552376593
6.41794460975052	5.56343938353552	4.75776302738994
5.88998245212482	4.87678339818418	3.58281834134432
7.5043869687953	4.71198596169986	3.38750286106661
7.85534447241932	4.52582589456016	4.47089341573205
3.61028458075837	3.69573510337987	3.37224383916991
1.76394293125811	4.34576943617914	3.4027618829633
1.71206225680934	3.61028458075837	2.25528343633173
0.473029678797589	3.65606164644846	1.6937514305333
1.80361638818952	4.71198596169986	1.90432593270771
1.2115663385977	3.09758144502937	-0.225833524071107
0.421149004348821	-0.164797436484321	-0.570687418936446
-0.439459830624857	-2.24307621881437	0.0549324788281071
0.692759594110018	-2.07827878233005	1.82497901884489
-0.848401617456321	-2.95719844357977	1.72121766994736
0.119020370794232	-1.55642023346304	1.37331197070268
1.07118333714809	-0.927748531319142	1.32753490501259
2.0355535210193	1.02235446707866	0.650034332799268
-0.161745632104982	1.12916762035554	-1.37331197070268
-0.903334096284428	-0.122072175173571	-2.83817807278553
-2.12710765239948	-2.34988937209125	-3.93377584496834
-3.71404592965591	-4.19928282597086	-4.77302204928664
-4.44037537193866	-2.91447318226902	-3.15861753261616
-3.16472114137484	-2.63675898374914	-1.62050812542916
-2.35599298084993	-1.49843595025559	-0.683604180972
-0.415045395590143	1.15053025101091	1.78530556191348
0.817883573662928	3.47600518806744	0.473029678797589
1.28480964370184	3.12504768444343	2.09658960860609
3.65300984206912	4.44953078507668	1.05897611963073
2.04470893415732	2.00808728160525	0.186160067139696
1.42824444953079	3.26543068589303	0.869764248111696
1.14747844663157	2.85038529030289	2.54520485236896
0.89417868314641	2.10879682612345	1.27260242618448
1.92263675898375	4.50141145952544	3.72625314717327
2.42923628595407	3.45464255741207	1.69985503929198
4.41901274128328	3.37834744792859	2.02334630350195
3.78728923476005	2.78324559395743	0.784313725490196
3.32036316472114	4.19012741283284	0.888075074387732
2.4078736552987	2.89311055161364	1.45876249332418
2.45365072098878	3.247119859617	1.95315480277714
3.40886549172198	3.98260471503777	3.96429388876173
4.50751506828412	4.0009155413138	4.15655756466011
6.05477988860914	4.21149004348821	3.40886549172198
6.89707789730678	4.26337071793698	2.26138704509041
8.1025406271458	4.19317921721218	0.89723048752575
4.57770656900893	3.14946211947814	0.958266575112535
2.92668039978637	1.66933699549859	0.643930724040589
2.48722056916152	0.683604180972	1.97146562905318
3.58587014572366	3.30815594720378	3.05180437933928
3.86663614862287	3.76897840848402	4.35187304493782
5.56954299229419	6.38132295719844	3.22270542458228
8.57862211032273	7.91943236438544	4.8401617456321
7.6752880140383	6.3782711528191	2.59403372243839
6.91233691920348	4.18402380407416	2.02334630350195
7.92858777752346	4.75165941863127	3.03349355306325
7.8461890592813	5.63668268863966	4.99885557335775
7.39452201113909	6.5644312199588	4.83100633249409
8.04150453955901	8.85328450446326	4.36713206683452
6.55527580682078	7.86449988555734	4.03753719386587
7.78515297169451	9.01503013656825	5.05378805218585
6.54306858930343	6.83299000534066	2.97245746547646
7.32433051041428	7.4036774242771	3.30510414282444
6.35385671778439	6.93064774547952	5.25215533684291
4.03448538948653	5.65194171053635	2.24002441443503
5.74654764629587	7.8461890592813	3.35088120851453
6.21652552071412	7.96520943007553	4.25421530479896
5.17891203173877	7.16868848706798	2.49942778667887
7.20531013962005	6.86350804913405	5.25825894560159
8.24597543297475	6.80247196154726	5.43221179522393
7.50743877317464	6.21347371633478	3.96734569314107
6.27450980392157	5.49629968719005	4.27862973983368
3.5736629282063	4.84321355001144	3.64690623331044
4.65705348287175	5.53292133974212	4.6845197222858
2.80155642023346	4.54413672083619	4.87678339818418
2.6489662012665	2.61844815747311	3.56755931944762
0.195315480277714	1.17189288166629	2.31326771953918
1.76394293125811	3.03044174868391	1.95315480277714
2.52079041733425	2.4780651560235	1.2970168612192
2.88395513847562	2.82291905088884	-1.32143129625391
2.0355535210193	2.06912336919203	-1.58999008163577
1.26955062180514	0.857557030594339	-0.976577401388571
1.35805294880598	2.00198367284657	-1.47707331960021
0.396734569314107	1.13527122911421	-0.802624551766232
1.82497901884489	2.7191577019913	0.805676356145571
3.84222171358816	2.78629739833677	0.311284046692607
2.4780651560235	2.56961928740368	-0.122072175173571
1.48012512397955	1.19935912108034	-0.158693827725643
0.253299763485161	-1.18715190356298	-0.265506981002518
1.07423514152743	0.0732433051041428	0.781261921110857
0.518806744487678	-0.12817578393225	2.392614633402
-0.234988937209125	-0.616464484626535	0.799572747386893
1.28480964370184	1.24818799114977	2.89311055161364
3.46990157930877	2.45059891660945	0.0305180437933928
2.53299763485161	1.47402151522087	-2.02944991226062
3.90936140993362	2.32852674143587	1.39772640573739
2.48722056916152	0.857557030594339	-0.711070420386053
2.31021591515984	-0.317387655451286	0.573739223315785
1.80666819256886	1.20241092545968	1.67238879987793
2.77714198519875	2.92057679102769	2.46890974288548
4.31219958800641	3.55535210193027	2.01113908598459
4.02227817196918	2.92057679102769	0.59510185397116
3.88189517051957	2.79545281147478	0.00610360875867857
3.66521705958648	1.16884107728695	-1.58083466849775
-1.17494468604562	-2.67032883192187	-4.30304417486839
0.573739223315785	-2.93278400854505	-3.40886549172198
0.830090791180285	-3.78423743038071	-1.89822232394903
-0.274662394140536	-4.73945220111391	-0.9399557488365
-1.08949416342412	-5.75570305943389	-2.35294117647059
-0.537117570763714	-6.17074845502403	-1.45571068894484
-0.85145342183566	-5.1117723353933	-1.01319905394064
-1.30006866559854	-4.72419317921721	-2.8046082246128
-2.17288471808957	-4.58075837338827	-3.85748073548486
-1.48317692835889	-2.56961928740368	-0.988784618905928
-1.30006866559854	-3.77813382162203	-1.52895399404898
-3.12809948882277	-5.23994811932555	-3.36614023041123
-2.07217517357137	-3.46379797055009	-2.36820019836728
0.689707789730678	-1.9653620202945	-1.91958495460441
-0.72327763790341	-3.23796444647898	-0.442511635004196
-1.68154421301595	-3.20744640268559	-1.96231021591516
-1.28480964370184	-2.84733348592355	-0.946059357595178
0.323491264209964	-1.97146562905318	0.231937132829786
-1.44350347142748	-2.81376363775082	-1.20851453421836
0.378423743038071	-2.29800869764248	-1.45876249332418
0.781261921110857	-0.878919661249714	-1.89822232394903
1.88296330205234	-1.23598077363241	-1.02845807583734
0.149538414587625	-3.83306630045014	-2.68863965819791
-2.36820019836728	-5.59090562294957	-5.76791027695125
-2.68863965819791	-6.494239719234	-4.88593881132219
0.704966811627375	-5.09040970473793	-4.21149004348821
-0.848401617456321	-4.38544289311055	-4.43732356755932
-0.125123979552911	-4.02227817196918	-1.6388189517052
-0.558480201419089	-4.47699702449073	0.231937132829786
-0.296025024795911	-3.86968795300221	-0.296025024795911
-0.994888227664607	-4.19623102159152	-0.415045395590143
0.283817807278553	-3.84832532234684	-0.381475547417411
-0.72632944228275	-3.6743724727245	-1.62966353856718
-1.53200579842832	-3.89715419241627	-1.10170138094148
-0.0579842832074464	-2.85343709468223	-0.247196154726482
-1.09864957656214	-3.87884336614023	-0.378423743038071
-0.103761348897536	-3.13420309758144	1.20851453421836
0.332646677347982	-3.72014953841459	0.302128633554589
0.289921416037232	-3.20744640268559	-0.231937132829786
0.244144350347143	-3.3478294041352	-0.701915007248035
3.20744640268559	-1.83108262760357	0.656137941557946
2.11490043488212	-2.60318913557641	1.54421301594568
2.65201800564584	-3.46684977492943	1.2817578393225
2.22476539253834	-2.7191577019913	1.74563210498207
1.27870603494316	-2.66117341878386	0.592050049591821
0.503547722590982	-2.62455176623178	-0.671396963454643
1.05897611963073	-1.80666819256886	-0.833142595559625
2.89921416037232	-0.064087891966125	-2.27359426260777
3.94293125810636	0.97962920576791	0.119020370794232
1.31227588311589	-1.13527122911421	0.0366216525520714
-0.500495918211643	-2.63675898374914	-2.67032883192187
0.277714198519875	-3.14030670634012	-1.41298542763409
-0.442511635004196	-3.0060273136492	0.415045395590143
-0.265506981002518	-3.95513847562371	-0.741588464179446
-0.668345159075303	-2.221713588159	-0.0549324788281071
-0.323491264209964	-1.73647669184405	1.67238879987793
-0.845349813076982	-2.27969787136645	-0.860608834973678
-1.6083009079118	-2.39871824216068	-2.4078736552987
-1.2115663385977	-3.47295338368811	-2.46585793850614
-0.592050049591821	-2.01113908598459	-1.64492256046387
0.80872816052491	-0.582894636453803	0.262455176623178
-1.18715190356298	-2.23392080567636	0.433356221866178
-1.26955062180514	-1.76394293125811	-0.918593118181125
1.49843595025559	-0.76600289921416	0.89723048752575
0.604257267109178	-0.64087891966125	0.842298008697642
-0.787365529869535	-2.08133058670939	-0.439459830624857
0.292973220416571	-2.08743419546807	-0.283817807278553
0.762951094834821	-0.473029678797589	0.286869611657893
-0.115968566414893	-0.662241550316625	-0.0488288700694285
1.49538414587625	-0.134279392690929	1.74868390936141
1.84328984512093	0.933852140077821	1.95925841153582
0.781261921110857	0.659189745937285	2.13931486991684
1.07118333714809	-0.549324788281071	2.62455176623178
-0.448615243762875	-0.988784618905928	2.02334630350195
-1.72121766994736	-3.26237888151369	0.817883573662928
0.59510185397116	-2.22476539253834	0.720225833524071
0.588998245212482	-0.668345159075303	-0.930800335698482
0.552376592660411	-2.09048599984741	0.0701915007248035
-0.89723048752575	-2.52384222171359	0.399786373693446
0.4272526131075	-1.06507972838941	0.964370183871214
0.0457770656900893	-2.75577935454337	-0.72327763790341
-0.0152590218966964	-2.32852674143587	-2.4933241779202
-0.512703135729	-1.85244525825895	-1.58083466849775
-1.0101472495613	-1.05897611963073	-0.98268101014725
2.89311055161364	2.1362630655375	-0.393682764934768
1.65712977798123	0.866712443732357	-1.27565423056382
1.47707331960021	1.20851453421836	0.189211871519036
1.46486610208286	1.48928053711757	2.33463035019455
1.75783932249943	0.576791027695125	-0.12817578393225
-0.0823987182421607	-1.00099183642329	-0.292973220416571
2.52079041733425	0.668345159075303	1.2664988174258
1.45571068894484	-0.9399557488365	-1.41908903639277
0.323491264209964	-0.949111161974517	-2.4933241779202
1.58083466849775	-0.210574502174411	-1.52590218966964
0.119020370794232	-4.02532997634852	-4.04669260700389
-2.68558785381857	-4.82185091935607	-5.58785381857023
-3.84832532234684	-6.01815823605707	-2.71305409323262
-2.392614633402	-4.54413672083619	-3.10063324940871
-0.0976577401388571	-5.25215533684291	-3.98870832379644
-0.558480201419089	-4.02838178072786	-2.47196154726482
0.711070420386053	-2.20340276188296	-2.52079041733425
2.51163500419623	-1.61440451667048	-1.21766994735637
0.5981536583505	-3.05790798809796	-3.1616693369955
-1.88296330205234	-3.23796444647898	-3.79339284351873
-2.38956282902266	-2.36820019836728	-1.95315480277714
-1.879911497673	-3.50957503624018	-1.8646524757763
-1.86160067139696	-3.01213092240787	-3.47905699244678
-0.381475547417411	-2.68863965819791	-1.196307316701
1.51064316777295	-0.860608834973678	0.186160067139696
1.08339055466545	-1.73037308308537	-1.6083009079118
3.47905699244678	-1.14747844663157	0.503547722590982
2.905317769131	-2.09353780422675	-1.99588006408789
2.27359426260777	-0.985732814526589	-2.67948424505989
3.51567864499886	2.43839169909209	-0.866712443732357
3.24101625085832	2.84733348592355	-1.89211871519036
2.79545281147478	3.02128633554589	-0.567635614557107
0.491340505073625	0.222781719691768	0.0946059357595178
1.43129625391012	1.23598077363241	1.67544060425727
0.958266575112535	0.81177996490425	3.73235675593194
-1.53200579842832	-1.35805294880598	1.48012512397955
0.289921416037232	1.02235446707866	2.16067750057221
1.11696040283818	1.76089112687877	2.9755092698558
2.00198367284657	0.683604180972	0.521858548867018
1.50148775463493	-0.0244144350347143	0.323491264209964
1.57473105973907	0.314335851071946	0.964370183871214
3.07316700999466	0.506599526970321	-0.180056458381018
3.759822995346	0.860608834973678	1.10170138094148
2.88090333409628	-1.98672465094987	-0.527962157625696
3.57671473258564	-1.48928053711757	1.18715190356298
3.80865186541543	-0.817883573662928	0.677500572213321
2.62455176623178	0.064087891966125	0.668345159075303
2.82902265964752	2.18204013122759	2.32547493705653
5.93575951781491	3.72930495155261	2.62149996185245
4.2572671091783	3.87579156176089	2.221713588159
4.65094987411307	3.24406805523766	3.79339284351873
3.80560006103609	2.392614633402	3.61638818951705
1.80056458381018	1.56557564660105	2.19424734874495
0.460822461280232	0.357061112382696	2.84428168154421
0.0274662394140536	0.0946059357595178	3.07011520561532
-0.592050049591821	-0.698863202868696	1.67849240863661
0.711070420386053	0.305180437933928	0.0823987182421607
0.283817807278553	0.701915007248035	-0.112916762035554
0.89417868314641	-0.29907682917525	-2.46585793850614
-0.708018616006714	0.0457770656900893	-0.674448767833982
-0.448615243762875	-0.0762951094834821	-0.692759594110018
-1.84634164950027	-1.32448310063325	-0.781261921110857
-1.32753490501259	-1.11696040283818	0.0396734569314107
-2.08133058670939	-3.00297550926986	-1.82192721446555
-0.0518806744487678	-1.17189288166629	-2.21866178377966
0.756847486076142	-0.537117570763714	-3.0609597924773
2.07522697795071	-0.613412680247196	-2.48722056916152
2.57267109178302	0.799572747386893	-0.479133287556268
2.01724269474327	1.56557564660105	-0.912489509422446
2.65506981002518	2.03860532539864	1.50148775463493
2.3071641107805	3.44853894865339	2.89616235599298
2.59403372243839	4.04364080262455	0.875867856870375
3.54619668879225	3.82085908293278	1.08644235904479
3.30510414282444	3.55840390630961	1.0955977721828
2.34073395895323	2.17898832684825	-2.13931486991684
1.54726482032502	0.186160067139696	-2.86869611657893
0.714122224765393	-0.372320134279393	-1.49538414587625
-0.173952849622339	0.140383001449607	-1.49843595025559
0.863660639353018	-0.415045395590143	-2.02944991226062
1.08949416342412	-1.19325551232166	-1.60219729915312
1.83108262760357	-0.814831769283589	-1.93484397650111
3.04264896620127	0.814831769283589	0.106813153276875
0.796520943007553	-1.196307316701	0.909437705043107
-2.52384222171359	-4.11993591210803	-1.66628519111925
-3.18303196765087	-5.76485847257191	-1.84328984512093
-5.03547722590982	-8.41992828259709	-3.74761577782864
-4.07721065079728	-8.7006942854963	-3.14335851071946
-2.53910124361028	-6.65903715571832	-1.93789578088045
-1.37026016632334	-6.39658197909514	-2.34988937209125
-1.8097199969482	-6.31723506523232	-4.07721065079728
-3.5736629282063	-6.51560234988937	-1.87685969329366
-2.7191577019913	-6.46982528419928	-3.03349355306325
-2.74052033264668	-7.89196612497139	-4.20538643472953
-2.37430380712596	-7.4891279468986	-2.42008087281605
-2.16372930495155	-7.20531013962005	-1.48012512397955
-1.58083466849775	-6.86655985351339	-0.350957503624018
-0.735484855420768	-6.76890211337453	-0.390630960555428
-0.177004654001679	-4.26642252231632	-0.671396963454643
0.189211871519036	-2.69169146257725	0.189211871519036
1.13527122911421	0.506599526970321	0.946059357595178
0.332646677347982	-0.473029678797589	-0.344853894865339
0.161745632104982	-1.48012512397955	1.42519264515145
-0.946059357595178	-1.68459601739528	-0.0518806744487678
-0.93690394445716	-4.02838178072786	-0.0946059357595178
-2.18204013122759	-6.39047837033646	-2.09048599984741
-1.33363851377127	-5.65804531929503	-0.616464484626535
-2.27359426260777	-5.95407034409094	-0.750743877317464
-3.99786373693446	-6.68955519951171	-1.99282825970855
-3.29289692530709	-5.76791027695125	0.848401617456321
-1.15663385976959	-3.92156862745098	2.10269321736477
-3.35393301289387	-5.27351796749828	0.570687418936446
-3.64690623331044	-5.96932936598764	0.549324788281071
-3.58587014572366	-6.23483634699016	0.311284046692607
-0.793469138628214	-4.16876478217746	0.341802090486
-1.93484397650111	-4.97749294270237	0.610360875867857
-0.991836423285267	-4.98054474708171	0.177004654001679
0.527962157625696	-4.66010528725109	-0.0549324788281071
0.119020370794232	-5.93881132219425	0.0946059357595178
-1.39467460135805	-4.75165941863127	1.68459601739528
-3.38750286106661	-6.7353322652018	0.534065766384375
-3.97344930189975	-5.55733577477684	-0.476081483176928
-1.25123979552911	-2.82597085526818	3.29289692530709
-0.546272983901732	-1.60524910353246	0.140383001449607
0.732433051041428	1.31837949187457	0.827038986800946
0.134279392690929	1.43129625391012	-0.72327763790341
0.158693827725643	3.46684977492943	-0.442511635004196
0.970473792629892	4.14435034714275	-0.238040741588464
-1.74868390936141	3.31120775158312	-1.21461814297704
-2.36209658960861	3.31120775158312	1.68764782177462
0.04272526131075	4.4281681544213	2.14541847867552
0.393682764934768	4.13519493400473	2.01419089036393
-1.32143129625391	2.16678110933089	2.73746852826734
0.259403372243839	1.49233234149691	-0.201419089036393
0.430304417486839	1.39772640573739	1.51064316777295
-2.53299763485161	-1.60219729915312	-0.433356221866178
-3.22270542458228	-2.05996795605402	-1.16578927290761
-2.91142137788968	-1.21766994735637	-0.857557030594339
-3.930724040589	-3.15251392385748	-2.44144350347143
-1.91653315022507	-1.00404364080262	-1.68764782177462
-2.08438239108873	-0.552376592660411	-2.050812542916
-1.63576714732586	-0.04272526131075	-0.619516289005875
-0.85145342183566	-0.0793469138628214	-0.46997787441825
-2.79240100709545	-2.41092545967803	-1.4373998626688
-2.31631952391852	-3.73846036469062	0.271610589761196
-3.03654535744259	-3.73846036469062	-0.714122224765393
-0.457770656900893	-1.07423514152743	-0.0854505226215
-1.16578927290761	-2.12405584802014	0.692759594110018
1.96841382467384	0.439459830624857	0.906385900663767
3.47905699244678	1.72732127870604	0.158693827725643
2.31021591515984	1.65407797360189	-0.38452735179675
1.89822232394903	1.30922407873655	-0.665293354695964
0.29907682917525	3.73846036469062	1.18410009918364
0.308232242313268	6.83909361409934	1.20241092545968
1.14442664225223	8.74341954680705	2.24917982757305
1.25123979552911	8.14831769283589	1.69985503929198
2.80155642023346	7.94079499504082	0.802624551766232
1.52590218966964	4.94697489890898	-1.196307316701
2.75883115892271	4.38544289311055	1.36415655756466
3.66826886396582	6.19211108567941	1.0101472495613
2.44754711223011	4.31525139238575	1.77615014877546
2.60929274433509	4.77302204928664	3.47905699244678
1.95620660715648	4.76691844052796	1.2970168612192
2.65201800564584	2.75883115892271	2.31326771953918
2.81376363775082	2.77409018081941	4.78217746242466
2.65201800564584	3.27458609903105	2.5482566567483
2.96635385671778	2.44144350347143	2.63675898374914
4.21759365224689	4.26337071793698	3.89410238803693
4.12298771648737	3.86358434424353	3.21965362020295
2.27359426260777	0.848401617456321	0.607309071488518
0.125123979552911	-1.30922407873655	0.454718852521553
0.216678110933089	-1.59304188601511	1.33669031815061
-1.2664988174258	-2.31021591515984	0.271610589761196
-1.42519264515145	-2.68253604943923	0.265506981002518
-0.457770656900893	-3.07927061875334	-0.271610589761196
-0.930800335698482	-1.36110475318532	-1.34584573128862
-0.241092545967803	-2.55130846112764	-1.56252384222171
-1.81582360570687	-4.22674906538491	-1.76089112687877
-2.94499122606241	-2.92362859540703	0.561532005798428
-1.39772640573739	0.335698481727321	1.5228503852903
0.289921416037232	0.80872816052491	-0.0793469138628214
-2.10269321736477	-0.674448767833982	-0.592050049591821
-0.720225833524071	0.0305180437933928	-0.93690394445716
-1.21461814297704	-2.40482185091936	-3.32646677347982
-2.33463035019455	-4.15655756466011	-3.38139925230793
-1.41603723201343	-3.98565651941711	-2.38345922026398
-1.0406652933547	-4.48310063324941	-4.33356221866178
-1.64797436484321	-4.55939574273289	-1.64797436484321
1.27870603494316	-1.39772640573739	2.13321126115816
-0.985732814526589	-1.97451743343252	0.323491264209964
0.976577401388571	-1.91653315022507	1.54421301594568
-0.198367284657053	-2.4628061341268	1.26344701304646
0.216678110933089	-0.909437705043107	0.903334096284428
1.62966353856718	-1.27870603494316	1.76699473563745
2.21560997940032	-1.90737773708705	-0.466926070038911
1.54116121156634	-0.607309071488518	0.701915007248035
1.80666819256886	1.10780498970016	3.77813382162203
1.22072175173571	2.33768215457389	4.08941786831464
2.86869611657893	2.76188296330205	3.51873044937819
3.64385442893111	2.95719844357977	3.29289692530709
3.64385442893111	2.87479972533761	5.43526359960327
3.72320134279393	2.85343709468223	4.55939574273289
3.08842603189136	2.50553139543755	3.07316700999466
3.43022812237736	3.12199588006409	3.82391088731212
1.74258030060273	3.22575722896162	3.70489051651789
3.69878690775921	4.27557793545434	4.14740215152209
6.19516289005875	4.57465476462959	2.52384222171359
3.48516060120546	3.55840390630961	1.7242694743267
2.65201800564584	0.991836423285267	-0.741588464179446
-0.259403372243839	-0.131227588311589	-1.37026016632334
-3.08537422751202	-3.16472114137484	-2.12710765239948
-5.30403601129168	-4.72419317921721	-0.628671702143893
-5.66414892805371	-6.38132295719844	-1.25123979552911
-6.0364690623331	-7.28160524910353	-1.00099183642329
-4.97749294270237	-6.68345159075303	-0.64087891966125
-3.26848249027237	-5.18806744487678	-0.479133287556268
-4.39459830624857	-4.43732356755932	-1.29091325246052
-3.36003662165255	-3.03349355306325	-0.63782711528191
-2.50858319981689	-2.050812542916	-2.19424734874495
-2.77409018081941	-2.05691615167468	-2.4078736552987
-3.46379797055009	-1.77309834439612	-3.40886549172198
-1.12001220721752	0.100709544518196	-1.65407797360189
-1.35500114442664	0.573739223315785	-1.97146562905318
0.674448767833982	1.58388647287709	0.100709544518196
1.12001220721752	0.592050049591821	-2.31937132829786
0.802624551766232	0.00305180437933928	-4.02227817196918
0.445563439383536	-0.540169375143053	-2.89921416037232
-1.05287251087205	-1.27260242618448	-1.40077821011673
-2.74662394140536	-2.11184863050278	-3.08842603189136
-3.54314488441291	0.210574502174411	-0.515754940108339
-1.45571068894484	0.0488288700694285	0.219729915312428
0.854505226215	1.62661173418784	0.250247959105821
-0.451667048142214	0.592050049591821	-0.521858548867018
0.827038986800946	-0.238040741588464	-0.0823987182421607
1.10780498970016	-0.540169375143053	1.54116121156634
0.515754940108339	-1.41298542763409	1.35805294880598
1.21461814297704	-1.4679179064622	0.747692072938125
0.622568093385214	-3.11589227130541	-1.01930266269932
1.22987716487373	-1.72732127870604	2.45975432974746
1.24513618677043	-1.04676890211337	2.17288471808957
-0.320439459830625	-0.552376592660411	0.396734569314107
-1.73037308308537	-0.781261921110857	1.72121766994736
-1.46486610208286	-1.14747844663157	-0.271610589761196
-1.50453955901427	-2.63675898374914	-2.64591439688716
-2.49942778667887	-3.9154650186923	-3.43938353551537
-2.09658960860609	-4.42206454566262	-2.49027237354086
-1.6388189517052	-3.43633173113603	-0.756847486076142
-1.04982070649271	-2.63675898374914	-0.671396963454643
-2.13015945677882	-2.60624093995575	-0.0762951094834821
-2.09353780422675	-0.946059357595178	-1.12306401159686
-4.06500343327993	-2.66117341878386	-2.52689402609293
-4.06805523765927	-2.17593652246891	-1.87685969329366
-4.67231250476844	-2.51773861295491	-1.21766994735637
-4.51056687266346	-2.30106050202182	-0.686655985351339
-3.03654535744259	-1.53505760280766	2.4933241779202
-1.32753490501259	-2.10879682612345	1.14747844663157
0.570687418936446	-0.704966811627375	0.988784618905928
2.43839169909209	-1.10475318532082	-1.40077821011673
1.84939345387961	-1.5533684290837	-0.683604180972
1.77004654001678	-2.42313267719539	-1.12306401159686
0.0152590218966964	-3.25627527275502	-2.29495689326314
-0.601205462729839	-3.52483405813687	-2.02944991226062
-0.192263675898375	-2.74357213702602	-2.63981078812848
-0.485236896314946	-2.51773861295491	-2.44144350347143
-0.241092545967803	-3.11894407568475	-2.14236667429618
-2.4628061341268	-5.81673914702068	-5.87472343022812
-3.52178225375753	-6.15854123750668	-4.69062333104448
-3.65300984206912	-6.02731364919509	-3.32341496910048
-1.51369497215228	-4.40680552376593	-4.57160296025025
-0.0732433051041428	-2.70389868009461	-3.04875257495994
1.15053025101091	-2.41092545967803	-2.86259250782025
1.08033875028611	-1.56252384222171	-1.84023804074159
0.0793469138628214	-2.39566643778134	-2.18509193560693
-0.198367284657053	-2.77409018081941	-0.457770656900893
-0.585946440833143	-2.97245746547646	-2.61844815747311
-0.949111161974517	-3.57976653696498	-1.15358205539025
-1.14442664225223	-3.90325780117494	-2.33768215457389
-1.05592431525139	-5.87472343022812	-2.08133058670939
-1.8097199969482	-6.79636835278859	-3.6743724727245
-1.46486610208286	-5.22163729304952	-3.2318608377203
-1.82192721446555	-4.443427176318	-2.42313267719539
-1.07118333714809	-5.16060120546273	-2.85954070344091
-1.07423514152743	-4.06195162890059	-2.25528343633173
1.16273746852827	-2.49027237354086	-0.55542839703975
0.616464484626535	-2.98771648737316	-1.18715190356298
0.485236896314946	-4.41596093690394	-1.33669031815061
0.354009308003357	-4.4281681544213	-1.51979858091096
-0.686655985351339	-4.96833752956436	-3.21965362020295
0.479133287556268	-3.87273975738155	-1.15053025101091
-1.61440451667048	-3.72930495155261	-1.45876249332418
-0.622568093385214	-3.56145571068894	-2.55741206988632
-0.817883573662928	-3.07927061875334	-2.734416723888
-0.283817807278553	-2.22781719691768	-1.879911497673
-0.671396963454643	-1.89822232394903	-3.02128633554589
-1.18715190356298	-1.48928053711757	-1.14442664225223
0.0396734569314107	-0.830090791180285	-0.622568093385214
-0.0183108262760357	-0.119020370794232	0.576791027695125
0.790417334248875	0.0274662394140536	-0.350957503624018
0.378423743038071	-2.27664606698711	-2.07522697795071
0.775158312352178	-3.30205233844511	-3.21355001144427
-0.280766002899214	-3.75371938658732	-3.97039749752041
-0.0244144350347143	-3.45159075303273	-2.86564431219959
0.729381246662089	-2.79240100709545	-2.21560997940032
-1.21461814297704	-3.57671473258564	-1.13527122911421
-2.24612802319371	-2.55741206988632	-1.92263675898375
0.198367284657053	-1.25123979552911	-3.31120775158312
-0.537117570763714	-1.23598077363241	-3.17692835889219
-1.38551918822004	-1.16884107728695	-3.62859540703441
-0.985732814526589	-1.25734340428779	-5.20637827115282
-5.08735790035859	-3.25017166399634	-4.14129854276341
-3.55840390630961	-2.34988937209125	-1.10780498970016
-0.927748531319142	-1.55031662470436	-0.537117570763714
0.497444113832303	-1.99893186846723	-0.381475547417411
3.84222171358816	-0.332646677347982	1.67238879987793
5.95407034409094	0.570687418936446	2.00808728160525
5.52986953536278	0.604257267109178	2.42923628595407
2.59403372243839	1.59304188601511	1.72732127870604
0.89417868314641	-0.296025024795911	-0.98268101014725
-1.33363851377127	-1.80666819256886	0.604257267109178
-1.2970168612192	0.192263675898375	2.4780651560235
-3.39055466544594	-2.28580148012512	1.36415655756466
-2.26749065384909	-2.02334630350195	1.36110475318532
-0.222781719691768	1.12916762035554	3.07316700999466
1.66018158236057	3.25322346837568	4.60822461280232
1.84023804074159	3.54619668879225	3.25017166399634
2.04470893415732	3.40581368734264	1.18715190356298
3.06401159685664	3.26237888151369	1.31227588311589
-0.338750286106661	2.99992370489052	1.82192721446555
1.05897611963073	2.62455176623178	1.82192721446555
3.30510414282444	2.734416723888	0.143434805828946
1.17189288166629	1.09254596780346	1.15358205539025
2.21255817502098	1.99282825970855	1.68154421301595
2.45365072098878	1.13221942473487	-0.106813153276875
1.73647669184405	-1.19935912108034	-1.74258030060273
-0.344853894865339	-0.701915007248035	-1.37636377508202
-0.296025024795911	-1.196307316701	-1.00404364080262
0.424200808728161	0.466926070038911	-1.30922407873655
0.354009308003357	-0.21362630655375	-1.50759136339361
-0.350957503624018	-0.125123979552911	-0.00610360875867857
3.01823453116655	2.10879682612345	0.372320134279393
2.5482566567483	2.13015945677882	0.418097199969482
1.4679179064622	2.62455176623178	1.60219729915312
2.67032883192187	1.80056458381018	-1.51369497215228
2.61844815747311	0.845349813076982	-2.87479972533761
-0.244144350347143	-1.26344701304646	-5.65499351491569
-1.14442664225223	-2.52994583047227	-5.49019607843137
-0.375371938658732	-3.18913557640955	-5.85030899519341
-1.32753490501259	-3.31425955596246	-3.51873044937819
-1.58083466849775	-2.68253604943923	-2.22476539253834
-0.732433051041428	-0.698863202868696	-1.48928053711757
-1.6235599298085	-2.36820019836728	-2.3224231326772
-2.77409018081941	-1.94094758525978	-3.74151216906996
-1.75173571374075	-1.40077821011673	-2.37125200274662
-4.26031891355764	-3.76287479972534	-5.25520714122225
-1.80666819256886	-2.51773861295491	-3.66826886396582
-0.448615243762875	-0.436408026245518	-2.89311055161364
0.823987182421607	0.115968566414893	-2.2369726100557
2.75272755016403	2.8351262684062	0.967421988250553
2.00198367284657	2.46585793850614	1.26344701304646
-0.0610360875867857	3.43633173113603	2.95414663920043
-1.18410009918364	1.94399938963912	4.60822461280232
-1.65102616922255	1.05592431525139	2.59708552681773
-1.95925841153582	0.558480201419089	1.44350347142748
-2.14541847867552	0.955214770733196	1.50453955901427
-0.201419089036393	0.943007553215839	-1.14137483787289
-0.89723048752575	-0.515754940108339	-0.823987182421607
-3.17692835889219	-2.01419089036393	-0.820935378042267
-0.924696726939803	-1.65102616922255	-0.378423743038071
-0.335698481727321	-1.76699473563745	-0.421149004348821
0.921644922560464	-1.92568856336309	0.0701915007248035
1.80056458381018	0.9399557488365	1.68764782177462
4.07721065079728	3.36614023041123	2.70084687571527
4.02227817196918	4.91340505073625	3.68963149462119
2.38345922026398	4.14740215152209	1.05287251087205
1.18410009918364	2.11490043488212	1.14442664225223
-0.63782711528191	0.122072175173571	-1.2115663385977
-1.2664988174258	-1.10475318532082	0.0305180437933928
-1.34889753566796	-0.952162966353857	0.0885023270008393
-0.711070420386053	-1.06202792401007	1.02235446707866
-0.820935378042267	-0.167849240863661	1.76394293125811
2.02639810788128	2.39871824216068	3.0609597924773
3.68657969024186	3.23491264209964	-0.143434805828946
3.63775082017243	2.48416876478218	-1.62966353856718
4.39459830624857	1.9653620202945	-0.161745632104982
3.21660181582361	1.80666819256886	-0.424200808728161
1.31532768749523	2.45059891660945	1.68764782177462
1.84023804074159	3.84222171358816	4.86457618066682
0.604257267109178	1.90432593270771	3.10368505378805
2.09964141298543	2.21866178377966	2.72831311512932
2.16983291371023	3.2318608377203	2.82902265964752
1.62966353856718	1.31532768749523	0.860608834973678
-0.674448767833982	0.292973220416571	0.387579156176089
-0.216678110933089	1.66323338673991	1.74868390936141
0.524910353246357	3.63775082017243	1.39467460135805
-0.839246204318303	3.85137712672618	1.00404364080262
0.915541313801785	4.20538643472953	0.238040741588464
2.0660715648127	5.41695277332723	0.878919661249714
0.958266575112535	2.96635385671778	0.518806744487678
2.76493476768139	4.06500343327993	0.985732814526589
1.61135271229114	3.51262684061952	0.387579156176089
0.100709544518196	1.7242694743267	-0.50965133134966
-1.46486610208286	0.653086137178607	-2.28274967574578
-0.933852140077821	1.66628519111925	-1.17494468604562
0.564583810177768	2.14541847867552	0.247196154726482
0.378423743038071	2.75883115892271	-1.09254596780346
1.49538414587625	2.2369726100557	-0.686655985351339
1.66323338673991	3.70489051651789	1.95925841153582
0.924696726939803	2.10269321736477	0.50965133134966
0.399786373693446	2.87174792095827	1.33363851377127
0.961318379491875	2.07827878233005	1.58999008163577
1.50759136339361	2.75883115892271	2.14847028305486
4.2572671091783	4.64179446097505	2.63065537499046
2.96940566109712	6.0364690623331	3.10368505378805
5.36202029449912	6.83604180972	3.60418097199969
6.665140764477	8.49927519645991	4.63569085221637
5.86861982146944	8.11474784466316	4.21759365224689
5.10872053101396	6.42099641412985	3.96429388876173
3.84222171358816	6.68955519951171	4.38544289311055
2.61234454871443	4.47699702449073	4.40070191500725
1.56862745098039	3.95208667124437	4.03753719386587
3.26543068589303	5.31929503318837	4.3274586099031
4.65094987411307	4.85847257190814	3.80560006103609
4.30304417486839	3.97650110627909	2.36820019836728
5.53292133974212	4.82185091935607	2.26749065384909
4.10772869459068	4.84321355001144	1.90432593270771
3.18608377203021	4.12909132524605	1.17799649042496
1.31837949187457	3.89715419241627	0.952162966353857
1.44045166704814	2.78324559395743	0.671396963454643
2.41092545967803	4.30304417486839	1.92568856336309
4.43732356755932	5.6092164492256	3.21965362020295
4.21759365224689	5.31319142442969	2.85954070344091
4.67231250476844	5.73739223315785	2.41702906843671
6.0517280842298	6.56748302433814	4.0161745632105
3.1464103150988	5.33760585946441	1.28480964370184
4.65400167849241	4.93171587701228	2.30411230640116
5.43526359960327	4.39459830624857	4.46784161135271
1.30617227435721	0.854505226215	2.49637598229953
2.31326771953918	1.54421301594568	3.81475547417411
3.39360646982528	1.25429159990845	2.87479972533761
0.219729915312428	-1.10780498970016	0.805676356145571
2.88395513847562	1.63271534294652	0.445563439383536
1.17494468604562	-0.198367284657053	-0.479133287556268
-0.802624551766232	-2.04165712977798	-4.92256046387427
-0.881971465629053	-2.82291905088884	-3.42717631799802
-1.34279392690929	-3.47295338368811	-3.63775082017243
-2.85954070344091	-3.88189517051957	-5.297932402533
-0.405889982452125	-1.23292896925307	-4.43427176317998
0.729381246662089	0.750743877317464	-2.16678110933089
2.68558785381857	3.45769436179141	-0.85145342183566
1.96231021591516	2.10879682612345	-2.70389868009461
2.5787747005417	2.61539635309377	1.33669031815061
1.9806210421912	1.05897611963073	0.967421988250553
2.62760357061112	1.82192721446555	0.588998245212482
2.16372930495155	0.537117570763714	0.457770656900893
0.973525597009232	-1.12306401159686	-2.01113908598459
