-2.31990231990232	-6.98412698412698	-6.81318681318681
0.0732600732600733	-5.64102564102564	-7.08180708180708
-0.146520146520147	-6.03174603174603	-5.49450549450549
1.78266178266178	-3.56532356532357	-2.05128205128205
2.07570207570208	-3.83394383394383	-3.56532356532357
1.51404151404151	-3.51648351648352	0.708180708180708
2.07570207570208	-2.49084249084249	2.49084249084249
1.12332112332112	-3.07692307692308	4.83516483516483
0.0488400488400488	-1.78266178266178	9.74358974358974
1.97802197802198	-0.43956043956044	14.6275946275946
0.732600732600733	1.61172161172161	14.2857142857143
0.757020757020757	1.1965811965812	11.2576312576313
2.66178266178266	1.17216117216117	7.76556776556777
3.02808302808303	2.002442002442	3.27228327228327
1.97802197802198	-0.0976800976800977	0.903540903540904
0.586080586080586	-1.17216117216117	-3.78510378510378
0.561660561660562	-4.49328449328449	-3.15018315018315
-0.390720390720391	-7.64346764346764	-4.46886446886447
-1.68498168498168	-7.61904761904762	-6.93528693528694
-2.002442002442	-9.91452991452991	-7.17948717948718
-0.586080586080586	-7.91208791208791	-6.37362637362637
1.0989010989011	-6.08058608058608	-5.90964590964591
1.70940170940171	-4.51770451770452	-3.83394383394383
0.805860805860806	-3.49206349206349	-8.13186813186813
1.41636141636142	-3.76068376068376	-3.76068376068376
0.341880341880342	-4.22466422466422	-1.95360195360195
0.195360195360195	-4.2002442002442	-1.39194139194139
-0.659340659340659	-4.004884004884	0.708180708180708
1.73382173382173	-2.44200244200244	2.90598290598291
3.24786324786325	-1.24542124542125	6.3980463980464
4.63980463980464	0.317460317460317	7.64346764346764
6.56898656898657	1.61172161172161	11.965811965812
5.42124542124542	2.17338217338217	16.5079365079365
3.49206349206349	3.61416361416361	18.9010989010989
4.2002442002442	0.659340659340659	15.4578754578755
1.05006105006105	-0.708180708180708	8.91330891330891
1.02564102564103	-1.39194139194139	6.73992673992674
1.22100122100122	-3.17460317460317	0.805860805860806
1.68498168498168	-3.003663003663	-1.80708180708181
2.14896214896215	-2.51526251526252	-3.39438339438339
3.15018315018315	-1.58730158730159	-2.14896214896215
5.32356532356532	-1.22100122100122	-2.66178266178266
5.78754578754579	-2.88156288156288	-4.71306471306471
4.51770451770452	-2.95482295482295	-3.85836385836386
4.68864468864469	-4.63980463980464	-4.15140415140415
1.22100122100122	-4.02930402930403	-5.2991452991453
0.854700854700855	-3.83394383394383	-2.39316239316239
-0.293040293040293	-3.12576312576313	-6.27594627594628
0.976800976800977	-1.12332112332112	1.68498168498168
-0.317460317460317	-3.1013431013431	-1.46520146520147
-0.122100122100122	-1.75824175824176	1.56288156288156
-0.463980463980464	-2.85714285714286	2.002442002442
-0.341880341880342	-3.22344322344322	1.73382173382173
0.0976800976800977	-1.001221001221	4.68864468864469
1.61172161172161	-1.07448107448107	8.25396825396825
2.44200244200244	2.44200244200244	12.1123321123321
1.51404151404151	3.2967032967033	12.8205128205128
2.56410256410256	1.1965811965812	10.0610500610501
0.854700854700855	0.488400488400488	4.42002442002442
1.53846153846154	-1.46520146520147	2.73504273504274
1.22100122100122	-2.002442002442	0.293040293040293
1.92918192918193	-3.32112332112332	-2.88156288156288
0.634920634920635	-3.54090354090354	-5.3968253968254
2.56410256410256	-1.78266178266178	-1.9047619047619
2.02686202686203	-2.49084249084249	-4.68864468864469
0.952380952380952	-3.32112332112332	-5.76312576312576
1.61172161172161	-3.88278388278388	-6.78876678876679
0.879120879120879	-4.15140415140415	-6.47130647130647
0.537240537240537	-2.80830280830281	-6.88644688644689
-0.170940170940171	-3.1990231990232	-7.4969474969475
-1.41636141636142	-2.49084249084249	-6.47130647130647
1.68498168498168	-2.2954822954823	-1.70940170940171
0.146520146520147	-2.83272283272283	-1.1965811965812
0.317460317460317	-1.85592185592186	-1.9047619047619
0.317460317460317	-3.63858363858364	-0.122100122100122
-0.708180708180708	-3.27228327228327	2.97924297924298
-0.927960927960928	-2.90598290598291	4.15140415140415
-0.781440781440781	-2.1978021978022	6.56898656898657
-0.317460317460317	0.21978021978022	9.01098901098901
-0.195360195360195	0.0976800976800977	6.54456654456654
-1.36752136752137	-0.366300366300366	5.76312576312576
-1.05006105006105	-1.1965811965812	1.68498168498168
-0.903540903540904	-3.12576312576313	0.0244200244200244
-1.56288156288156	-3.58974358974359	-1.66056166056166
-0.952380952380952	-4.90842490842491	-2.58852258852259
0.390720390720391	-2.75946275946276	-2.34432234432234
1.9047619047619	0	-1.73382173382173
0.268620268620269	0.0488400488400488	-3.41880341880342
0.757020757020757	0.561660561660562	-3.15018315018315
1.39194139194139	-0.390720390720391	-3.85836385836386
-1.07448107448107	-1.14774114774115	-4.78632478632479
0.488400488400488	-2.53968253968254	-6.27594627594628
-0.0244200244200244	-3.54090354090354	-4.2979242979243
0.341880341880342	-1.88034188034188	-3.51648351648352
0.170940170940171	-2.02686202686203	-1.41636141636142
-0.0488400488400488	-1.29426129426129	-0.293040293040293
-0.21978021978022	-0.488400488400488	2.36874236874237
0.0976800976800977	-0.732600732600733	2.46642246642247
0.43956043956044	0.854700854700855	3.54090354090354
1.12332112332112	0.195360195360195	6.27594627594628
0.341880341880342	0.195360195360195	4.76190476190476
0.757020757020757	-1.39194139194139	4.71306471306471
0.781440781440781	-3.71184371184371	1.58730158730159
0.463980463980464	-4.05372405372405	-1.34310134310134
0.879120879120879	-5.76312576312576	-2.002442002442
-0.170940170940171	-5.00610500610501	-2.78388278388278
0.903540903540904	-4.34676434676435	-3.80952380952381
-0.952380952380952	-4.24908424908425	-4.22466422466422
1.75824175824176	-1.61172161172161	-2.56410256410256
1.24542124542125	-1.53846153846154	-2.46642246642247
4.2979242979243	0.195360195360195	-0.341880341880342
5.37240537240537	1.58730158730159	1.001221001221
6.1050061050061	2.49084249084249	0.170940170940171
5.25030525030525	2.12454212454212	0.317460317460317
3.80952380952381	2.17338217338217	1.41636141636142
3.80952380952381	2.83272283272283	-1.0989010989011
3.95604395604396	2.78388278388278	2.46642246642247
2.14896214896215	1.51404151404151	2.75946275946276
2.002442002442	1.29426129426129	2.61294261294261
1.97802197802198	-0.268620268620269	3.68742368742369
0.683760683760684	0.586080586080586	6.66666666666667
0.805860805860806	0.586080586080586	7.69230769230769
0.463980463980464	0.0488400488400488	6.88644688644689
0.83028083028083	0.683760683760684	5.66544566544567
0.757020757020757	0	5.76312576312576
1.12332112332112	0.244200244200244	0.21978021978022
0.708180708180708	-0.366300366300366	0.927960927960928
0.463980463980464	-0.610500610500611	-2.36874236874237
-0.781440781440781	-0.903540903540904	-3.17460317460317
0.781440781440781	-2.34432234432234	-4.73748473748474
-0.634920634920635	-3.05250305250305	-7.00854700854701
1.001221001221	-2.95482295482295	-5.86080586080586
1.85592185592186	-2.34432234432234	-6.08058608058608
3.003663003663	0.21978021978022	-3.76068376068376
3.78510378510378	-0.390720390720391	-3.12576312576313
3.1990231990232	1.73382173382173	-1.34310134310134
3.07692307692308	1.61172161172161	-1.0989010989011
0.586080586080586	0.805860805860806	-0.634920634920635
0.268620268620269	1.48962148962149	-1.44078144078144
-0.146520146520147	-0.952380952380952	0.317460317460317
-1.61172161172161	-0.537240537240537	1.51404151404151
-0.43956043956044	-0.244200244200244	5.2014652014652
0.976800976800977	0.757020757020757	10.2075702075702
2.46642246642247	6.42246642246642	19.0720390720391
4.17582417582418	7.37484737484737	19.6581196581197
5.37240537240537	9.47496947496948	17.973137973138
6.25152625152625	9.05982905982906	14.4566544566545
4.51770451770452	6.37362637362637	7.76556776556777
4.15140415140415	4.63980463980464	1.85592185592186
1.70940170940171	1.66056166056166	-2.61294261294261
2.22222222222222	1.05006105006105	-4.63980463980464
1.36752136752137	-0.463980463980464	-6.56898656898657
0.21978021978022	-2.12454212454212	-5.76312576312576
-0.415140415140415	-2.2954822954823	-7.74114774114774
1.1965811965812	-2.2954822954823	-7.00854700854701
1.70940170940171	-0.488400488400488	-5.64102564102564
2.85714285714286	0.561660561660562	-6.15384615384615
2.07570207570208	1.73382173382173	-5.90964590964591
2.39316239316239	3.39438339438339	-4.76190476190476
0.195360195360195	1.68498168498168	-4.68864468864469
-1.39194139194139	1.66056166056166	-1.73382173382173
-4.66422466422466	0.195360195360195	-0.122100122100122
-2.83272283272283	-1.83150183150183	-2.49084249084249
-4.66422466422466	-2.1978021978022	-3.1013431013431
-5.71428571428571	-3.15018315018315	-2.46642246642247
-5.03052503052503	-1.92918192918193	-4.1025641025641
-4.51770451770452	0.683760683760684	7.3992673992674
-3.54090354090354	2.34432234432234	8.22954822954823
-1.70940170940171	5.1037851037851	10.8669108669109
-0.341880341880342	3.71184371184371	10.9157509157509
-0.879120879120879	3.78510378510378	8.35164835164835
0.781440781440781	3.85836385836386	5.03052503052503
1.29426129426129	1.95360195360195	1.02564102564103
0.976800976800977	3.80952380952381	0.146520146520147
1.02564102564103	3.80952380952381	-0.586080586080586
0.537240537240537	4.2002442002442	-3.68742368742369
-0.390720390720391	2.71062271062271	-5.27472527472527
-2.68620268620269	1.41636141636142	-10.6715506715507
-3.58974358974359	1.53846153846154	-6.59340659340659
-3.73626373626374	0.781440781440781	-5.25030525030525
-2.44200244200244	0.757020757020757	-4.83516483516483
-1.66056166056166	0.732600732600733	-3.05250305250305
-1.80708180708181	0.903540903540904	-2.27106227106227
-1.53846153846154	0.854700854700855	-3.68742368742369
-1.73382173382173	0.903540903540904	-3.98046398046398
-1.88034188034188	0.146520146520147	-2.02686202686203
-2.80830280830281	0.268620268620269	-1.14774114774115
-4.05372405372405	-1.05006105006105	-1.66056166056166
-4.07814407814408	-1.05006105006105	1.39194139194139
-3.98046398046398	-0.952380952380952	2.95482295482295
-3.07692307692308	0.976800976800977	1.17216117216117
-2.1001221001221	1.88034188034188	7.59462759462759
-0.683760683760684	1.17216117216117	5.27472527472527
-1.73382173382173	2.24664224664225	5.17704517704518
-2.88156288156288	0.43956043956044	2.88156288156288
-2.53968253968254	0.561660561660562	0.708180708180708
-4.63980463980464	-0.390720390720391	-1.12332112332112
-5.00610500610501	-2.05128205128205	-2.1978021978022
-5.42124542124542	-0.43956043956044	-3.05250305250305
-5.12820512820513	-2.14896214896215	-3.36996336996337
-6.05616605616606	-2.27106227106227	-2.90598290598291
-5.12820512820513	-1.95360195360195	-5.95848595848596
-2.85714285714286	-2.31990231990232	-8.4004884004884
-1.22100122100122	-0.757020757020757	-2.05128205128205
-1.58730158730159	-1.0989010989011	-3.2967032967033
-3.07692307692308	-0.21978021978022	-2.46642246642247
-2.66178266178266	0.854700854700855	-0.634920634920635
-0.732600732600733	1.36752136752137	0.146520146520147
-3.56532356532357	2.83272283272283	0.366300366300366
-3.05250305250305	2.49084249084249	2.1978021978022
-1.83150183150183	4.2979242979243	4.59096459096459
0.366300366300366	5.51892551892552	7.22832722832723
-0.586080586080586	4.24908424908425	5.2991452991453
-0.927960927960928	3.95604395604396	3.17460317460317
-0.43956043956044	1.75824175824176	-1.97802197802198
-1.0989010989011	0.683760683760684	-2.36874236874237
-1.39194139194139	-0.170940170940171	-3.07692307692308
-1.75824175824176	-1.39194139194139	-6.1050061050061
-0.683760683760684	-0.21978021978022	-6.34920634920635
-1.51404151404151	-2.14896214896215	-7.22832722832723
0.268620268620269	-2.41758241758242	-6.71550671550672
0.683760683760684	-2.36874236874237	-4.2002442002442
-0.0244200244200244	-2.53968253968254	-4.2002442002442
-0.903540903540904	-1.39194139194139	-2.36874236874237
0.0976800976800977	-0.757020757020757	-1.0989010989011
-0.927960927960928	0.927960927960928	-0.732600732600733
-0.683760683760684	0.903540903540904	-0.512820512820513
0.390720390720391	1.02564102564103	-2.53968253968254
1.31868131868132	2.2954822954823	-3.58974358974359
1.0989010989011	1.001221001221	-2.14896214896215
2.78388278388278	1.39194139194139	-4.98168498168498
1.46520146520147	1.14774114774115	-4.3956043956044
2.44200244200244	1.92918192918193	-1.05006105006105
1.51404151404151	4.32234432234432	3.58974358974359
2.78388278388278	4.78632478632479	5.51892551892552
1.44078144078144	7.05738705738706	7.32600732600733
0.43956043956044	6.17826617826618	9.4993894993895
0.952380952380952	3.88278388278388	7.3015873015873
-0.146520146520147	2.05128205128205	3.68742368742369
-3.36996336996337	-2.66178266178266	-0.463980463980464
-5.37240537240537	-4.05372405372405	-5.32356532356532
-5.2014652014652	-3.88278388278388	-9.3040293040293
-6.81318681318681	-4.73748473748474	-11.4285714285714
-6.88644688644689	-3.17460317460317	-12.014652014652
-4.54212454212454	-3.61416361416361	-12.5518925518926
-5.07936507936508	-2.80830280830281	-11.7948717948718
-3.1013431013431	-2.85714285714286	-10.5982905982906
-3.63858363858364	-4.81074481074481	-10.964590964591
-3.76068376068376	-3.63858363858364	-10.1587301587302
-3.32112332112332	-4.46886446886447	-6.05616605616606
-1.75824175824176	-2.002442002442	-2.41758241758242
-1.53846153846154	-2.14896214896215	-1.44078144078144
-1.61172161172161	-2.66178266178266	-0.415140415140415
-1.05006105006105	0.610500610500611	2.58852258852259
0.561660561660562	1.51404151404151	2.61294261294261
1.51404151404151	4.02930402930403	4.12698412698413
3.90720390720391	7.15506715506716	12.3076923076923
4.61538461538461	9.3040293040293	12.967032967033
5.61660561660562	12.039072039072	14.7741147741148
6.42246642246642	11.7948717948718	13.7240537240537
3.41880341880342	10.5250305250305	9.35286935286935
3.2967032967033	8.35164835164835	4.2979242979243
2.05128205128205	6.15384615384615	1.02564102564103
0.415140415140415	3.93162393162393	-1.001221001221
0.634920634920635	1.0989010989011	-2.22222222222222
-1.36752136752137	-0.610500610500611	-5.81196581196581
-1.22100122100122	-3.93162393162393	-6.25152625152625
-2.44200244200244	-5.32356532356532	-10.8913308913309
-2.90598290598291	-4.71306471306471	-13.2600732600733
-1.92918192918193	-3.88278388278388	-8.81562881562882
-1.97802197802198	-2.58852258852259	-8.3028083028083
-0.732600732600733	-0.561660561660562	-7.32600732600733
0.170940170940171	0.683760683760684	-5.12820512820513
0.122100122100122	1.48962148962149	-4.59096459096459
0.586080586080586	0.854700854700855	-5.07936507936508
0.122100122100122	1.9047619047619	-5.88522588522589
1.39194139194139	2.2954822954823	-4.54212454212454
0.122100122100122	1.12332112332112	-4.07814407814408
-0.732600732600733	2.02686202686203	-4.02930402930403
-0.293040293040293	0.488400488400488	2.80830280830281
0.195360195360195	4.15140415140415	8.05860805860806
1.24542124542125	6.44688644688645	13.1868131868132
1.9047619047619	8.35164835164835	15.4578754578755
2.95482295482295	9.08424908424908	13.992673992674
2.49084249084249	8.52258852258852	11.5995115995116
2.31990231990232	6.98412698412698	6.42246642246642
3.02808302808303	4.54212454212454	4.32234432234432
2.05128205128205	3.63858363858364	3.1013431013431
1.95360195360195	4.63980463980464	1.48962148962149
2.02686202686203	3.15018315018315	3.85836385836386
0.488400488400488	3.66300366300366	0.683760683760684
1.75824175824176	3.17460317460317	-0.170940170940171
1.88034188034188	1.26984126984127	-3.22344322344322
0.927960927960928	1.68498168498168	-6.47130647130647
1.24542124542125	-0.415140415140415	-6.61782661782662
1.9047619047619	0.366300366300366	-7.37484737484737
-0.415140415140415	-0.21978021978022	-6.91086691086691
-0.366300366300366	-0.757020757020757	-4.98168498168498
-1.26984126984127	0.537240537240537	-4.85958485958486
-0.879120879120879	0.0732600732600733	-5.05494505494505
-0.390720390720391	0.561660561660562	-2.39316239316239
0.195360195360195	-0.757020757020757	-2.56410256410256
1.44078144078144	-1.29426129426129	0.805860805860806
-0.244200244200244	0.0488400488400488	2.22222222222222
0.854700854700855	-0.195360195360195	3.34554334554335
-0.683760683760684	1.61172161172161	8.13186813186813
0.366300366300366	2.39316239316239	4.24908424908425
2.05128205128205	3.34554334554335	5.49450549450549
4.34676434676435	5.42124542124542	5.07936507936508
6.71550671550672	5.27472527472527	6.22710622710623
6.3003663003663	5.05494505494505	6.03174603174603
6.93528693528694	5.17704517704518	5.81196581196581
5.27472527472527	2.83272283272283	4.02930402930403
2.73504273504274	2.66178266178266	2.90598290598291
2.83272283272283	0.976800976800977	2.2954822954823
2.34432234432234	1.12332112332112	2.1001221001221
1.31868131868132	1.22100122100122	2.58852258852259
1.36752136752137	0.317460317460317	-0.586080586080586
0.122100122100122	-0.903540903540904	-0.537240537240537
-0.683760683760684	-2.34432234432234	-4.1025641025641
-1.83150183150183	-3.22344322344322	-6.22710622710623
-3.1990231990232	-4.42002442002442	-7.86324786324786
-2.78388278388278	-4.61538461538461	-3.41880341880342
-1.75824175824176	-3.56532356532357	-2.85714285714286
-1.80708180708181	-3.51648351648352	-0.268620268620269
-0.366300366300366	-2.58852258852259	-0.293040293040293
0.610500610500611	-2.07570207570208	0.488400488400488
0.21978021978022	-4.81074481074481	1.39194139194139
1.26984126984127	-5.59218559218559	-1.61172161172161
-0.805860805860806	-6.93528693528694	-4.81074481074481
-0.0976800976800977	-5.3968253968254	-1.0989010989011
1.29426129426129	-3.02808302808303	-1.44078144078144
1.41636141636142	-1.22100122100122	-0.195360195360195
2.17338217338217	2.66178266178266	2.71062271062271
2.1978021978022	1.14774114774115	0.903540903540904
4.54212454212454	3.49206349206349	0.610500610500611
2.27106227106227	2.07570207570208	0.146520146520147
2.05128205128205	2.2954822954823	-1.73382173382173
2.44200244200244	2.58852258852259	-2.80830280830281
0.0244200244200244	1.34310134310134	-2.41758241758242
-0.512820512820513	1.05006105006105	-2.27106227106227
-2.46642246642247	0.634920634920635	-1.95360195360195
-2.02686202686203	-0.463980463980464	-0.610500610500611
-2.80830280830281	0.0488400488400488	-1.83150183150183
-1.44078144078144	-1.0989010989011	-1.83150183150183
-1.12332112332112	-0.0732600732600733	-3.44322344322344
0.146520146520147	-0.781440781440781	-3.1990231990232
-0.488400488400488	-3.36996336996337	-6.12942612942613
-2.56410256410256	-3.61416361416361	-5.05494505494505
-0.927960927960928	-4.68864468864469	-3.46764346764347
-1.14774114774115	-2.58852258852259	-1.36752136752137
2.80830280830281	-0.634920634920635	1.41636141636142
3.98046398046398	0.0488400488400488	5.27472527472527
3.71184371184371	0.952380952380952	5.78754578754579
4.004884004884	-0.537240537240537	6.69108669108669
1.66056166056166	-1.70940170940171	4.54212454212454
0.146520146520147	-4.32234432234432	0.488400488400488
-2.88156288156288	-4.37118437118437	-0.195360195360195
-5.47008547008547	-4.90842490842491	-1.66056166056166
-6.00732600732601	-6.71550671550672	-4.27350427350427
-6.3980463980464	-5.98290598290598	-5.17704517704518
-6.83760683760684	-6.81318681318681	-5.47008547008547
-6.59340659340659	-6.3003663003663	-4.59096459096459
-2.51526251526252	-5.51892551892552	-6.1050061050061
-2.83272283272283	-5.76312576312576	-6.2026862026862
-3.07692307692308	-6.15384615384615	-5.81196581196581
-2.80830280830281	-5.32356532356532	-9.52380952380952
-2.12454212454212	-6.00732600732601	-5.00610500610501
-0.659340659340659	-4.46886446886447	-9.3040293040293
-0.293040293040293	-3.46764346764347	-8.10744810744811
0.463980463980464	-1.78266178266178	-4.27350427350427
3.22344322344322	-0.0732600732600733	-2.44200244200244
3.80952380952381	1.07448107448107	-0.952380952380952
4.46886446886447	4.22466422466422	1.63614163614164
4.59096459096459	4.49328449328449	4.37118437118437
3.78510378510378	6.76434676434676	5.76312576312576
5.90964590964591	6.83760683760684	10.1098901098901
2.71062271062271	5.81196581196581	8.54700854700855
1.61172161172161	5.03052503052503	5.64102564102564
0.586080586080586	2.44200244200244	2.17338217338217
-0.195360195360195	1.73382173382173	4.51770451770452
-1.73382173382173	-0.0732600732600733	-0.43956043956044
-3.85836385836386	-2.02686202686203	-2.49084249084249
-4.68864468864469	-1.22100122100122	-2.61294261294261
-5.07936507936508	-2.17338217338217	-2.02686202686203
-5.17704517704518	-1.48962148962149	-3.17460317460317
-4.44444444444444	-1.48962148962149	-5.68986568986569
-1.66056166056166	-1.85592185592186	-3.76068376068376
1.34310134310134	-0.0732600732600733	-2.75946275946276
2.75946275946276	-0.390720390720391	-4.32234432234432
6.08058608058608	1.92918192918193	-0.854700854700855
9.45054945054945	3.44322344322344	-1.70940170940171
8.44932844932845	3.07692307692308	-2.002442002442
6.54456654456654	2.93040293040293	-1.70940170940171
5.54334554334554	1.29426129426129	-1.61172161172161
2.61294261294261	2.02686202686203	0.83028083028083
1.05006105006105	2.36874236874237	3.32112332112332
1.85592185592186	4.66422466422466	8.10744810744811
0.317460317460317	7.83882783882784	10.7692307692308
1.24542124542125	7.17948717948718	11.037851037851
-0.512820512820513	6.00732600732601	8.35164835164835
-0.561660561660562	4.51770451770452	6.3980463980464
-1.73382173382173	2.31990231990232	3.54090354090354
-1.001221001221	3.02808302808303	-0.0976800976800977
-2.1978021978022	1.73382173382173	2.51526251526252
-2.68620268620269	2.31990231990232	-0.268620268620269
-1.83150183150183	1.44078144078144	-1.31868131868132
-1.05006105006105	0.537240537240537	-3.2967032967033
-1.75824175824176	0.732600732600733	-2.61294261294261
0.293040293040293	-0.0732600732600733	-3.61416361416361
1.85592185592186	-0.0732600732600733	-4.34676434676435
4.12698412698413	0.341880341880342	-6.15384615384615
6.81318681318681	-0.170940170940171	-3.63858363858364
8.03418803418803	0.781440781440781	-3.90720390720391
8.03418803418803	-0.805860805860806	-4.73748473748474
6.73992673992674	0.366300366300366	-5.86080586080586
3.80952380952381	-0.268620268620269	-2.66178266178266
-1.34310134310134	-1.70940170940171	-4.004884004884
-5.12820512820513	-3.12576312576313	-3.73626373626374
-7.69230769230769	-4.02930402930403	-0.0244200244200244
-4.85958485958486	-1.29426129426129	5.93406593406593
-3.34554334554335	2.12454212454212	8.96214896214896
0.341880341880342	3.71184371184371	10.9401709401709
1.36752136752137	6.54456654456654	11.7216117216117
1.48962148962149	6.86202686202686	11.6483516483516
-0.903540903540904	6.54456654456654	6.47130647130647
-3.93162393162393	4.32234432234432	5.61660561660562
-6.34920634920635	0.879120879120879	0.293040293040293
-5.81196581196581	0.805860805860806	-1.44078144078144
-4.81074481074481	-0.21978021978022	-0.952380952380952
-2.58852258852259	0.903540903540904	-0.927960927960928
1.73382173382173	1.75824175824176	-1.9047619047619
6.03174603174603	4.34676434676435	0.927960927960928
8.86446886446886	6.37362637362637	-0.0244200244200244
10.4517704517705	7.2039072039072	-2.88156288156288
13.4065934065934	8.13186813186813	-4.15140415140415
10.4029304029304	6.98412698412698	-4.42002442002442
8.32722832722833	6.1050061050061	-6.47130647130647
4.95726495726496	5.3968253968254	-6.03174603174603
3.46764346764347	3.44322344322344	-3.90720390720391
-0.0732600732600733	3.34554334554335	-3.12576312576313
-0.683760683760684	1.78266178266178	-3.88278388278388
-1.95360195360195	1.17216117216117	-3.39438339438339
-2.12454212454212	3.46764346764347	2.83272283272283
-2.95482295482295	3.36996336996337	1.66056166056166
-2.46642246642247	5.37240537240537	4.51770451770452
-1.46520146520147	5.81196581196581	9.3040293040293
-1.51404151404151	7.32600732600733	12.5030525030525
-1.17216117216117	8.15628815628816	15.1892551892552
-2.53968253968254	6.08058608058608	12.9181929181929
-3.66300366300366	5.1037851037851	9.62148962148962
-2.78388278388278	3.78510378510378	9.67032967032967
-2.83272283272283	1.24542124542125	3.61416361416361
-1.17216117216117	2.07570207570208	-0.0976800976800977
1.02564102564103	2.31990231990232	2.1978021978022
3.63858363858364	2.80830280830281	0.879120879120879
6.91086691086691	3.85836385836386	1.63614163614164
8.69352869352869	4.34676434676435	0.122100122100122
10.6471306471306	5.25030525030525	1.12332112332112
10.0610500610501	3.36996336996337	-1.83150183150183
6.76434676434676	3.51648351648352	-2.46642246642247
4.2002442002442	2.93040293040293	-3.17460317460317
2.68620268620269	1.17216117216117	-5.93406593406593
0.610500610500611	1.83150183150183	-7.86324786324786
-0.976800976800977	0.463980463980464	-4.15140415140415
-1.31868131868132	1.05006105006105	-2.58852258852259
-0.683760683760684	2.05128205128205	-0.0488400488400488
-1.56288156288156	2.66178266178266	2.1978021978022
-3.98046398046398	3.27228327228327	3.36996336996337
-3.95604395604396	1.31868131868132	1.44078144078144
-2.95482295482295	2.51526251526252	1.78266178266178
-2.12454212454212	2.02686202686203	2.51526251526252
-1.66056166056166	2.46642246642247	1.63614163614164
-1.61172161172161	2.73504273504274	2.27106227106227
-2.22222222222222	2.41758241758242	0.659340659340659
-2.27106227106227	4.2979242979243	7.61904761904762
-1.22100122100122	4.63980463980464	6.98412698412698
1.22100122100122	3.12576312576313	6.12942612942613
3.56532356532357	4.15140415140415	6.1050061050061
5.32356532356532	3.003663003663	5.05494505494505
9.10866910866911	3.61416361416361	2.78388278388278
10.3296703296703	3.49206349206349	0.805860805860806
9.3040293040293	3.49206349206349	-0.634920634920635
10.3296703296703	5.2014652014652	0.634920634920635
8.27838827838828	4.32234432234432	-2.85714285714286
5.93406593406593	4.32234432234432	0.537240537240537
3.34554334554335	3.05250305250305	-0.512820512820513
1.36752136752137	1.70940170940171	-1.75824175824176
-0.366300366300366	1.51404151404151	-1.88034188034188
0.317460317460317	1.61172161172161	0.43956043956044
-1.26984126984127	1.66056166056166	-2.73504273504274
-3.05250305250305	1.41636141636142	-2.02686202686203
-2.14896214896215	1.001221001221	-0.122100122100122
-3.61416361416361	1.07448107448107	0.0732600732600733
-4.1025641025641	-0.634920634920635	0.0976800976800977
-4.2979242979243	0.757020757020757	-1.17216117216117
-1.24542124542125	2.53968253968254	-1.34310134310134
-2.56410256410256	3.39438339438339	5.05494505494505
1.53846153846154	6.56898656898657	6.44688644688645
4.3956043956044	7.44810744810745	8.44932844932845
4.81074481074481	8.15628815628816	8.47374847374847
5.61660561660562	7.47252747252747	7.91208791208791
6.73992673992674	5.64102564102564	6.12942612942613
5.25030525030525	4.61538461538461	2.93040293040293
5.1037851037851	2.22222222222222	0.659340659340659
4.004884004884	2.002442002442	0
5.05494505494505	2.27106227106227	-1.68498168498168
4.90842490842491	1.48962148962149	-2.14896214896215
3.44322344322344	1.39194139194139	-3.85836385836386
3.49206349206349	0.0732600732600733	-0.0976800976800977
1.46520146520147	0.366300366300366	-2.002442002442
0.634920634920635	-1.001221001221	-2.36874236874237
-0.634920634920635	-1.61172161172161	-2.63736263736264
-1.46520146520147	-1.78266178266178	-2.1978021978022
-2.14896214896215	-2.1001221001221	-4.12698412698413
-2.36874236874237	-1.70940170940171	-2.34432234432234
-1.39194139194139	-1.46520146520147	-2.49084249084249
-1.73382173382173	-0.708180708180708	-1.24542124542125
-2.66178266178266	1.12332112332112	0.586080586080586
-1.31868131868132	1.78266178266178	3.66300366300366
-0.586080586080586	4.66422466422466	7.05738705738706
0.683760683760684	4.90842490842491	7.74114774114774
0.659340659340659	4.51770451770452	10.0854700854701
1.95360195360195	5.37240537240537	7.88766788766789
3.83394383394383	3.05250305250305	4.46886446886447
1.80708180708181	1.97802197802198	3.44322344322344
3.27228327228327	0.341880341880342	1.44078144078144
2.71062271062271	-0.268620268620269	-2.1001221001221
4.66422466422466	0.512820512820513	-3.34554334554335
3.46764346764347	-0.244200244200244	-2.73504273504274
4.59096459096459	0.170940170940171	-3.51648351648352
2.66178266178266	-0.122100122100122	-3.32112332112332
2.88156288156288	-0.854700854700855	-6.27594627594628
0.0976800976800977	-0.952380952380952	-3.12576312576313
-2.95482295482295	-2.07570207570208	-5.61660561660562
-1.61172161172161	-1.97802197802198	-5.00610500610501
-1.70940170940171	-2.39316239316239	-4.49328449328449
-2.31990231990232	-2.71062271062271	-3.80952380952381
-0.976800976800977	-1.41636141636142	-3.49206349206349
-1.001221001221	-2.71062271062271	-2.002442002442
-1.97802197802198	-2.31990231990232	-2.07570207570208
-1.83150183150183	-2.56410256410256	-0.879120879120879
-2.90598290598291	-1.34310134310134	0.708180708180708
-2.002442002442	-0.317460317460317	3.02808302808303
-1.39194139194139	1.001221001221	3.83394383394383
-0.976800976800977	2.34432234432234	4.42002442002442
1.85592185592186	1.97802197802198	7.00854700854701
1.97802197802198	1.26984126984127	6.83760683760684
3.24786324786325	1.85592185592186	3.61416361416361
3.44322344322344	1.12332112332112	1.61172161172161
4.05372405372405	1.97802197802198	1.83150183150183
3.93162393162393	2.61294261294261	-2.1978021978022
3.1013431013431	0.537240537240537	-4.05372405372405
-0.390720390720391	0.170940170940171	-3.71184371184371
-2.05128205128205	-2.49084249084249	-5.51892551892552
-4.24908424908425	-3.05250305250305	-5.05494505494505
-4.56654456654457	-4.02930402930403	-8.25396825396825
-5.22588522588523	-3.73626373626374	-4.88400488400488
-4.83516483516483	-1.97802197802198	-5.76312576312576
-4.66422466422466	-4.34676434676435	-7.22832722832723
-4.63980463980464	-3.68742368742369	-4.66422466422466
-6.15384615384615	-5.12820512820513	-6.88644688644689
-6.27594627594628	-5.76312576312576	-8.15628815628816
-5.44566544566545	-2.61294261294261	-5.98290598290598
-5.78754578754579	-2.88156288156288	-3.46764346764347
-5.2014652014652	-0.463980463980464	-0.488400488400488
-3.003663003663	2.61294261294261	3.39438339438339
-1.29426129426129	3.95604395604396	6.91086691086691
-0.976800976800977	8.2051282051282	10.7203907203907
2.41758241758242	8.18070818070818	10.964590964591
3.63858363858364	10.8180708180708	12.4542124542125
3.49206349206349	8.37606837606838	10.3785103785104
4.44444444444444	5.76312576312576	7.52136752136752
5.1037851037851	5.34798534798535	3.63858363858364
3.80952380952381	2.46642246642247	-0.634920634920635
2.66178266178266	1.95360195360195	-1.85592185592186
3.22344322344322	3.07692307692308	-2.31990231990232
1.68498168498168	1.17216117216117	-3.24786324786325
-1.31868131868132	0.0976800976800977	-4.22466422466422
-3.76068376068376	-2.78388278388278	-5.66544566544567
-5.2991452991453	-2.66178266178266	-8.79120879120879
-6.95970695970696	-4.88400488400488	-11.3797313797314
-7.44810744810745	-5.32356532356532	-7.86324786324786
-7.47252747252747	-4.46886446886447	-8.35164835164835
-5.05494505494505	-4.73748473748474	-7.05738705738706
-5.37240537240537	-3.44322344322344	-4.2002442002442
-5.64102564102564	-2.80830280830281	-2.17338217338217
-3.68742368742369	-2.49084249084249	-1.85592185592186
-1.92918192918193	0.732600732600733	0.610500610500611
-1.44078144078144	1.05006105006105	3.93162393162393
0.146520146520147	4.22466422466422	6.95970695970696
2.36874236874237	5.59218559218559	8.44932844932845
2.14896214896215	6.3980463980464	8.79120879120879
1.78266178266178	8.25396825396825	10.01221001221
4.1025641025641	6.52014652014652	13.6507936507937
2.31990231990232	5.86080586080586	11.3553113553114
1.88034188034188	4.56654456654457	7.47252747252747
2.75946275946276	2.88156288156288	3.49206349206349
0.708180708180708	1.83150183150183	-2.24664224664225
0.0976800976800977	0.634920634920635	-7.00854700854701
-2.78388278388278	1.0989010989011	-7.59462759462759
-3.1990231990232	-0.0732600732600733	-6.3003663003663
-5.90964590964591	-1.29426129426129	-5.93406593406593
-9.03540903540904	-2.1001221001221	-6.93528693528694
-9.42612942612943	-3.90720390720391	-7.59462759462759
-10.4761904761905	-4.3956043956044	-7.3992673992674
-10.2075702075702	-3.90720390720391	-8.62026862026862
-8.25396825396825	-4.59096459096459	-9.47496947496948
-7.44810744810745	-2.22222222222222	-7.86324786324786
-5.78754578754579	-2.17338217338217	-7.2039072039072
-5.90964590964591	-1.0989010989011	-5.81196581196581
-3.98046398046398	-0.195360195360195	-3.56532356532357
-2.78388278388278	-0.463980463980464	-2.78388278388278
-2.14896214896215	0.561660561660562	-2.1001221001221
-1.61172161172161	-0.0244200244200244	-0.43956043956044
-1.46520146520147	-0.488400488400488	0.879120879120879
-0.781440781440781	-0.0732600732600733	2.93040293040293
-1.88034188034188	0.659340659340659	4.22466422466422
0.757020757020757	3.36996336996337	8.10744810744811
2.78388278388278	3.95604395604396	10.2808302808303
3.34554334554335	5.95848595848596	9.23076923076923
4.2979242979243	5.2991452991453	6.54456654456654
2.27106227106227	2.80830280830281	7.10622710622711
0.21978021978022	1.02564102564103	0.683760683760684
-1.88034188034188	-1.78266178266178	-2.2954822954823
-2.95482295482295	-2.49084249084249	-3.85836385836386
-3.63858363858364	-3.83394383394383	-4.95726495726496
-4.59096459096459	-3.58974358974359	-6.61782661782662
-5.54334554334554	-3.15018315018315	-7.78998778998779
-7.03296703296703	-4.24908424908425	-6.61782661782662
-7.57020757020757	-3.78510378510378	-5.71428571428571
-8.62026862026862	-3.15018315018315	-7.2039072039072
-7.4969474969475	-2.68620268620269	-4.71306471306471
-5.81196581196581	-0.293040293040293	-3.1990231990232
-3.95604395604396	-0.268620268620269	-3.76068376068376
-2.80830280830281	1.92918192918193	-2.41758241758242
-1.31868131868132	2.39316239316239	-0.43956043956044
-0.195360195360195	2.39316239316239	-0.0976800976800977
-0.952380952380952	3.83394383394383	3.1990231990232
-0.170940170940171	4.42002442002442	6.2026862026862
-0.366300366300366	6.88644688644689	6.54456654456654
3.07692307692308	7.00854700854701	8.10744810744811
1.78266178266178	5.86080586080586	8.81562881562882
2.27106227106227	5.71428571428571	7.96092796092796
1.83150183150183	2.36874236874237	5.17704517704518
0.0976800976800977	1.29426129426129	4.27350427350427
2.51526251526252	-0.21978021978022	1.83150183150183
1.17216117216117	-0.854700854700855	-0.0488400488400488
0.683760683760684	1.36752136752137	-4.78632478632479
2.56410256410256	0.659340659340659	-1.9047619047619
1.07448107448107	1.75824175824176	-2.27106227106227
0.732600732600733	1.001221001221	-1.63614163614164
-1.44078144078144	-0.43956043956044	-1.46520146520147
-0.683760683760684	0.195360195360195	-3.02808302808303
-1.88034188034188	-0.512820512820513	-3.56532356532357
-3.1013431013431	-0.244200244200244	-3.73626373626374
-2.68620268620269	-0.781440781440781	-4.3956043956044
-2.1001221001221	-1.001221001221	-3.003663003663
-3.12576312576313	-1.1965811965812	-3.66300366300366
-2.002442002442	-1.83150183150183	-3.54090354090354
-2.34432234432234	-0.708180708180708	-4.07814407814408
0.708180708180708	0.757020757020757	-3.41880341880342
1.24542124542125	1.68498168498168	3.63858363858364
2.75946275946276	4.61538461538461	6.69108669108669
4.83516483516483	3.83394383394383	7.52136752136752
3.44322344322344	5.83638583638584	10.5006105006105
2.63736263736264	5.90964590964591	8.18070818070818
2.24664224664225	5.56776556776557	5.81196581196581
2.05128205128205	5.37240537240537	3.1013431013431
0.805860805860806	2.27106227106227	-1.05006105006105
-0.976800976800977	0.317460317460317	-2.75946275946276
-2.34432234432234	-2.1978021978022	-5.95848595848596
-3.95604395604396	-3.58974358974359	-7.86324786324786
-5.03052503052503	-3.46764346764347	-8.37606837606838
-4.93284493284493	-2.46642246642247	-5.54334554334554
-3.41880341880342	-0.952380952380952	-5.78754578754579
-3.78510378510378	-0.293040293040293	-2.002442002442
-2.34432234432234	-0.21978021978022	-4.2979242979243
-3.46764346764347	-0.488400488400488	-4.004884004884
-4.98168498168498	-3.1013431013431	-6.93528693528694
-3.49206349206349	-1.0989010989011	-4.34676434676435
-2.17338217338217	-0.512820512820513	-3.98046398046398
-1.44078144078144	0.537240537240537	-2.61294261294261
0.122100122100122	2.46642246642247	-0.415140415140415
2.22222222222222	2.75946275946276	1.1965811965812
3.76068376068376	4.46886446886447	1.95360195360195
4.1025641025641	5.22588522588523	5.34798534798535
4.22466422466422	6.2026862026862	8.54700854700855
4.2979242979243	9.93894993894994	12.5763125763126
8.54700854700855	10.1098901098901	14.7741147741148
6.52014652014652	10.7936507936508	15.0671550671551
6.2026862026862	9.84126984126984	12.3076923076923
5.42124542124542	8.18070818070818	7.71672771672772
2.95482295482295	5.73870573870574	3.58974358974359
0.757020757020757	2.41758241758242	-1.14774114774115
-1.24542124542125	2.12454212454212	-2.83272283272283
-2.002442002442	1.14774114774115	-4.59096459096459
-2.71062271062271	0.854700854700855	-7.3992673992674
-4.63980463980464	1.31868131868132	-5.71428571428571
-4.24908424908425	0.415140415140415	-7.2039072039072
-2.36874236874237	2.002442002442	-5.73870573870574
-1.34310134310134	1.31868131868132	-3.58974358974359
1.58730158730159	1.22100122100122	-4.05372405372405
2.31990231990232	1.88034188034188	-3.95604395604396
2.97924297924298	1.24542124542125	-1.34310134310134
2.41758241758242	1.56288156288156	-0.561660561660562
1.53846153846154	0.317460317460317	-2.12454212454212
1.97802197802198	-0.146520146520147	-0.21978021978022
1.97802197802198	1.48962148962149	0.341880341880342
3.07692307692308	1.73382173382173	3.2967032967033
3.66300366300366	3.24786324786325	8.81562881562882
5.32356532356532	5.07936507936508	12.6984126984127
6.4957264957265	5.59218559218559	13.2844932844933
5.61660561660562	6.64224664224664	12.3076923076923
4.81074481074481	4.93284493284493	11.3064713064713
3.2967032967033	4.68864468864469	7.69230769230769
1.63614163614164	2.80830280830281	5.47008547008547
1.0989010989011	2.71062271062271	4.37118437118437
-1.41636141636142	1.58730158730159	-0.0732600732600733
-2.78388278388278	-1.31868131868132	-3.27228327228327
-3.2967032967033	-1.24542124542125	-6.83760683760684
-3.63858363858364	-2.39316239316239	-7.76556776556777
-4.59096459096459	-4.24908424908425	-9.5970695970696
-3.17460317460317	-2.53968253968254	-10.03663003663
-4.12698412698413	-3.32112332112332	-9.71916971916972
-4.63980463980464	-2.66178266178266	-10.7692307692308
-5.86080586080586	-3.44322344322344	-8.4981684981685
-7.4969474969475	-4.2979242979243	-8.25396825396825
-7.17948717948718	-3.2967032967033	-7.44810744810745
-5.34798534798535	-2.53968253968254	-3.1013431013431
-5.34798534798535	-1.31868131868132	-2.02686202686203
-1.56288156288156	0.83028083028083	0.0244200244200244
0.854700854700855	1.02564102564103	1.95360195360195
2.83272283272283	3.05250305250305	3.12576312576313
4.44444444444444	3.07692307692308	4.76190476190476
5.51892551892552	6.69108669108669	11.1111111111111
7.52136752136752	8.18070818070818	12.7960927960928
4.2979242979243	6.64224664224664	11.1599511599512
2.61294261294261	6.83760683760684	14.6031746031746
0.43956043956044	4.51770451770452	10.8424908424908
-1.0989010989011	3.44322344322344	6.86202686202686
-2.63736263736264	0.610500610500611	3.17460317460317
-3.98046398046398	-1.44078144078144	-2.41758241758242
-5.47008547008547	-1.51404151404151	-4.22466422466422
-4.95726495726496	-2.02686202686203	-5.71428571428571
-5.56776556776557	-2.73504273504274	-5.88522588522589
-5.17704517704518	-3.85836385836386	-5.95848595848596
-4.2002442002442	-2.95482295482295	-4.54212454212454
-4.004884004884	-2.97924297924298	-7.83882783882784
-3.36996336996337	-3.46764346764347	-9.64590964590965
-4.98168498168498	-4.05372405372405	-6.47130647130647
-4.81074481074481	-5.2991452991453	-7.71672771672772
-5.90964590964591	-4.46886446886447	-7.37484737484737
-4.2002442002442	-2.24664224664225	-3.58974358974359
-3.71184371184371	-3.1990231990232	-2.66178266178266
0.415140415140415	-1.53846153846154	-2.68620268620269
3.32112332112332	0.122100122100122	-0.268620268620269
4.73748473748474	1.68498168498168	3.22344322344322
6.00732600732601	3.15018315018315	6.22710622710623
6.12942612942613	3.46764346764347	8.08302808302808
3.36996336996337	5.51892551892552	9.42612942612943
1.36752136752137	4.88400488400488	10.1831501831502
-1.44078144078144	3.88278388278388	10.8913308913309
-2.78388278388278	4.004884004884	6.1050061050061
-3.83394383394383	1.73382173382173	2.71062271062271
-4.15140415140415	1.0989010989011	4.27350427350427
-3.003663003663	0.659340659340659	1.68498168498168
-3.07692307692308	-1.07448107448107	-1.46520146520147
-4.61538461538461	-1.97802197802198	-1.83150183150183
-6.59340659340659	-3.80952380952381	-3.17460317460317
-7.59462759462759	-3.93162393162393	-5.3968253968254
-9.57264957264957	-6.54456654456654	-9.52380952380952
-6.56898656898657	-6.25152625152625	-8.4004884004884
-6.4957264957265	-5.00610500610501	-8.37606837606838
-3.61416361416361	-4.22466422466422	-7.54578754578755
-3.39438339438339	-1.83150183150183	-7.88766788766789
-1.63614163614164	-1.24542124542125	-1.95360195360195
-0.683760683760684	-0.43956043956044	0.0976800976800977
-1.0989010989011	-0.586080586080586	1.001221001221
0.21978021978022	-0.732600732600733	1.51404151404151
0.170940170940171	0.43956043956044	3.22344322344322
2.24664224664225	0.781440781440781	2.83272283272283
2.56410256410256	2.02686202686203	3.85836385836386
3.17460317460317	5.59218559218559	7.42368742368742
4.95726495726496	5.22588522588523	10.5982905982906
4.54212454212454	6.44688644688645	12.4542124542125
4.76190476190476	5.44566544566545	12.6739926739927
3.15018315018315	4.90842490842491	8.47374847374847
2.1978021978022	4.54212454212454	7.44810744810745
-0.366300366300366	2.002442002442	4.12698412698413
-0.488400488400488	1.61172161172161	2.12454212454212
-1.05006105006105	1.26984126984127	3.54090354090354
-1.70940170940171	-0.683760683760684	2.71062271062271
-3.05250305250305	-1.39194139194139	0.0244200244200244
-3.56532356532357	-3.58974358974359	-1.97802197802198
-2.51526251526252	-3.32112332112332	-3.68742368742369
-2.90598290598291	-4.68864468864469	-5.59218559218559
-2.83272283272283	-4.32234432234432	-7.13064713064713
-2.88156288156288	-3.17460317460317	-6.91086691086691
-1.80708180708181	-3.39438339438339	-6.32478632478632
-3.73626373626374	-1.41636141636142	-6.47130647130647
-2.12454212454212	-1.83150183150183	-5.07936507936508
-2.75946275946276	-2.44200244200244	-6.00732600732601
-2.83272283272283	-2.51526251526252	-4.12698412698413
-0.586080586080586	-2.07570207570208	-1.83150183150183
-0.659340659340659	-1.48962148962149	0.390720390720391
-0.293040293040293	-2.002442002442	1.83150183150183
0.244200244200244	-1.29426129426129	3.95604395604396
0.0244200244200244	-0.463980463980464	4.17582417582418
0.317460317460317	-0.879120879120879	5.07936507936508
-0.512820512820513	-0.586080586080586	5.12820512820513
-0.317460317460317	-1.73382173382173	3.1013431013431
-0.927960927960928	-2.85714285714286	0.537240537240537
-0.610500610500611	-2.24664224664225	-1.75824175824176
-0.757020757020757	-2.97924297924298	-3.39438339438339
-0.805860805860806	-0.879120879120879	-4.2002442002442
-0.21978021978022	0	-3.41880341880342
2.51526251526252	0.561660561660562	-2.44200244200244
0.854700854700855	0.0976800976800977	-1.75824175824176
1.78266178266178	-1.001221001221	-0.366300366300366
0.781440781440781	-1.31868131868132	-1.36752136752137
1.05006105006105	-0.854700854700855	-0.683760683760684
-0.879120879120879	-1.48962148962149	-0.732600732600733
0.244200244200244	0.634920634920635	-3.78510378510378
-1.24542124542125	-1.44078144078144	-4.71306471306471
-0.317460317460317	-0.366300366300366	-4.49328449328449
-1.83150183150183	-5.32356532356532	-6.34920634920635
-2.12454212454212	-6.76434676434676	-7.27716727716728
-2.53968253968254	-5.00610500610501	-3.61416361416361
-4.46886446886447	-7.42368742368742	-1.05006105006105
-5.49450549450549	-5.76312576312576	0.879120879120879
-5.98290598290598	-5.22588522588523	-0.244200244200244
-7.17948717948718	-5.25030525030525	0.537240537240537
-7.86324786324786	-5.66544566544567	-2.39316239316239
-7.00854700854701	-4.98168498168498	-2.24664224664225
-5.78754578754579	-1.66056166056166	-1.07448107448107
-4.46886446886447	-0.537240537240537	0.634920634920635
-3.44322344322344	0.512820512820513	0.976800976800977
-4.15140415140415	1.48962148962149	-1.05006105006105
-4.05372405372405	0.561660561660562	-1.97802197802198
-3.66300366300366	0.512820512820513	-4.2002442002442
-4.22466422466422	-1.12332112332112	-6.95970695970696
-6.42246642246642	-2.05128205128205	-7.96092796092796
-6.4957264957265	-1.63614163614164	-7.64346764346764
-5.47008547008547	-1.22100122100122	-7.54578754578755
-7.93650793650794	-0.976800976800977	-9.25518925518926
-5.00610500610501	1.48962148962149	-7.54578754578755
-4.61538461538461	3.80952380952381	-6.05616605616606
-3.73626373626374	7.37484737484737	-5.68986568986569
-4.44444444444444	7.00854700854701	-5.05494505494505
-3.41880341880342	8.18070818070818	-3.44322344322344
-2.05128205128205	8.64468864468864	-4.05372405372405
-1.56288156288156	10.2564102564103	-4.32234432234432
-2.12454212454212	11.0866910866911	-1.58730158730159
-2.41758241758242	10.6715506715507	-4.54212454212454
-3.73626373626374	13.3577533577534	-5.68986568986569
-2.71062271062271	15.7997557997558	-0.488400488400488
-0.0488400488400488	18.3394383394383	1.66056166056166
1.05006105006105	21.6849816849817	2.2954822954823
3.76068376068376	22.4664224664225	3.56532356532357
5.51892551892552	24.3711843711844	8.10744810744811
5.44566544566545	24.3223443223443	10.0854700854701
4.90842490842491	23.9316239316239	7.74114774114774
3.24786324786325	22.9059829059829	6.61782661782662
3.98046398046398	20.8547008547009	4.95726495726496
3.39438339438339	21.4652014652015	4.37118437118437
3.41880341880342	19.1941391941392	2.27106227106227
3.2967032967033	17.1672771672772	0.0244200244200244
3.90720390720391	18.8522588522589	2.61294261294261
5.71428571428571	19.1208791208791	2.53968253968254
5.44566544566545	18.9010989010989	4.54212454212454
3.68742368742369	17.045177045177	3.12576312576313
4.24908424908425	19.5604395604396	5.83638583638584
3.90720390720391	18.4859584859585	2.002442002442
3.12576312576313	16.5079365079365	5.47008547008547
1.68498168498168	17.4603174603175	3.22344322344322
