-5.42000457770657	-1.80666819256886	-7.91332875562676
-5.85946440833143	-2.24612802319371	-7.13206683451591
-5.61532005798428	-2.09964141298543	-4.54108491645685
-5.95712214847028	0.195315480277714	-5.02937361715114
-4.98054474708171	-0.488288700694285	-5.66414892805371
-3.66216525520714	0.292973220416571	-5.56649118791485
-0.146486610208286	0.244144350347143	-4.29694056610971
6.54306858930343	1.90432593270771	-4.88288700694286
10.5989166094453	3.85748073548486	-5.90829327840085
11.6731517509728	4.98054474708171	-3.46684977492943
11.819638361181	4.29694056610971	-5.32234683756771
14.3587396047913	6.34775310902571	-4.93171587701228
13.2356755931945	8.54810406652934	-4.54108491645685
12.0149538414588	7.37621118486305	-4.49225604638743
10.1594567788205	7.08323796444648	-4.29694056610971
9.47585259784848	7.91332875562676	-1.07423514152743
6.93675135423819	5.32234683756771	0.341802090486
3.85748073548486	5.61532005798428	4.49225604638743
2.63675898374914	5.468833447776	9.32936598764019
-0.244144350347143	6.20126649881743	12.6009002822919
-2.29495689326314	5.32234683756771	13.2356755931945
0.292973220416571	5.468833447776	11.4290074006256
1.367208361944	4.98054474708171	8.45044632639048
-0.634775310902571	3.27153429465171	4.00396734569314
0.585946440833143	2.24612802319371	1.22072175173571
0.976577401388571	2.09964141298543	-2.00198367284657
-0.781261921110857	0.634775310902571	-1.85549706263828
-1.41603723201343	-0.244144350347143	-1.70901045243
-0.781261921110857	-0.146486610208286	-3.80865186541543
-0.927748531319142	0.732433051041428	-4.88288700694286
-1.70901045243	1.51369497215228	-4.00396734569314
1.31837949187457	3.85748073548486	-2.392614633402
3.27153429465171	5.90829327840085	-1.70901045243
6.79026474402991	5.90829327840085	-1.22072175173571
7.86449988555734	6.494239719234	-0.976577401388571
8.64576180666819	6.152437628748	0.341802090486
10.5989166094453	5.32234683756771	0.683604180972
12.3079270618753	7.91332875562676	1.66018158236057
12.9427023727779	8.05981536583505	2.392614633402
10.0129701686122	6.88792248416877	2.14847028305486
11.0383764400702	9.28053711757076	4.785229266804
9.18287937743191	8.35278858625162	6.494239719234
6.79026474402991	7.57152666514076	7.18089570458534
5.95712214847028	7.37621118486305	9.96414129854276
3.12504768444343	6.25009536888685	10.5012588693065
0.830090791180285	6.44541084916457	9.81765468833448
-1.51369497215228	6.152437628748	8.93873502708476
-2.24612802319371	4.58991378652628	6.79026474402991
-2.734416723888	2.68558785381857	5.42000457770657
-2.88090333409628	0.683604180972	6.88792248416877
-4.19928282597086	0.878919661249714	2.97856107423514
-2.392614633402	-3.076218814374	0.683604180972
-1.95315480277714	-3.12504768444343	-0.585946440833143
-0.634775310902571	-2.49027237354086	-4.19928282597086
-0.195315480277714	-3.759822995346	-6.44541084916457
0.244144350347143	-3.51567864499886	-5.468833447776
-0.732433051041428	-2.88090333409628	-3.12504768444343
-0.976577401388571	-1.70901045243	-1.90432593270771
-0.0488288700694285	-0.683604180972	-1.75783932249943
1.66018158236057	-0.585946440833143	-1.95315480277714
2.34378576333257	-0.488288700694285	-3.41802090486
4.785229266804	0.244144350347143	-0.927748531319142
6.10360875867857	1.31837949187457	-0.927748531319142
9.86648355840391	1.07423514152743	-2.29495689326314
8.84107728694591	2.050812542916	1.41603723201343
10.0129701686122	2.34378576333257	1.26955062180514
6.79026474402991	0.390630960555428	1.07423514152743
2.09964141298543	-1.75783932249943	-0.830090791180285
-0.537117570763714	-3.17387655451286	0.390630960555428
-3.95513847562371	-5.810635538262	-2.68558785381857
-5.51766231784543	-7.62035553521019	-3.22270542458228
-5.32234683756771	-7.22972457465476	-2.19729915312428
-3.32036316472114	-6.59189745937285	-0.634775310902571
-3.17387655451286	-6.152437628748	-1.12306401159686
-2.34378576333257	-5.468833447776	1.46486610208286
-2.68558785381857	-4.93171587701228	0.244144350347143
-3.12504768444343	-6.88792248416877	0
-2.00198367284657	-5.56649118791485	0.585946440833143
-1.22072175173571	-5.76180666819257	1.75783932249943
-3.61333638513771	-7.71801327534905	2.19729915312428
-5.27351796749828	-8.10864423590448	0
-0.878919661249714	-6.98558022430762	1.95315480277714
-0.439459830624857	-7.96215762569619	-1.22072175173571
3.41802090486	-6.10360875867857	-2.68558785381857
5.17586022735943	-4.93171587701228	-0.0488288700694285
4.24811169604028	-4.83405813687343	-0.830090791180285
6.29892423895628	-4.101625085832	-1.26955062180514
5.95712214847028	-1.66018158236057	-0.878919661249714
5.85946440833143	-2.14847028305486	-1.12306401159686
4.88288700694286	-1.95315480277714	-0.634775310902571
4.24811169604028	-2.53910124361028	2.29495689326314
0.683604180972	-3.12504768444343	3.85748073548486
-1.70901045243	-5.56649118791485	3.02738994430457
-3.22270542458228	-6.93675135423819	4.73640039673457
-7.52269779507134	-9.67116807812619	0.488288700694285
-9.71999694819562	-10.2571145189593	-3.41802090486
-4.49225604638743	-9.71999694819562	-5.61532005798428
-5.66414892805371	-10.5989166094453	-9.62233920805676
-6.39658197909514	-12.9915312428473	-12.9427023727779
-5.07820248722057	-11.3801785305562	-12.503242542153
-6.494239719234	-11.2825207904173	-13.2356755931945
-8.25513084611277	-12.5520714122225	-12.3567559319448
-10.5500877393759	-13.1380178530556	-11.9661249713893
-12.0637827115282	-13.3821622034028	-14.5052262149996
-10.110627908751	-12.9427023727779	-15.1888303959716
-8.49927519645991	-12.1126115815976	-13.9192797741665
-4.19928282597086	-10.3059433890288	-11.7708094911116
-0.732433051041428	-6.79026474402991	-10.3547722590982
4.63874265659571	-3.32036316472114	-7.42504005493248
5.27351796749828	-2.97856107423514	-4.63874265659571
5.42000457770657	-2.392614633402	-5.66414892805371
4.93171587701228	-2.050812542916	-5.07820248722057
3.56450751506828	-2.97856107423514	-2.92973220416571
2.00198367284657	-4.34576943617914	-3.61333638513771
1.26955062180514	-2.34378576333257	-2.68558785381857
2.88090333409628	-3.076218814374	3.076218814374
1.61135271229114	-3.85748073548486	4.73640039673457
4.29694056610971	-1.07423514152743	4.49225604638743
3.95513847562371	-0.146486610208286	6.54306858930343
2.00198367284657	-0.390630960555428	3.56450751506828
-0.146486610208286	-0.683604180972	-0.976577401388571
-1.56252384222171	-0.878919661249714	-2.44144350347143
-4.63874265659571	-2.92973220416571	-8.74341954680705
-3.71099412527657	-2.83207446402686	-8.45044632639048
-4.24811169604028	-4.19928282597086	-8.74341954680705
-6.152437628748	-4.68757152666514	-10.6965743495842
-5.51766231784543	-4.443427176318	-6.64072632944228
-6.39658197909514	-3.22270542458228	-5.90829327840085
-5.61532005798428	-4.83405813687343	-6.00595101853971
-5.12703135729	-4.98054474708171	-4.93171587701228
-5.22468909742885	-3.17387655451286	-4.49225604638743
-1.95315480277714	-4.101625085832	-3.56450751506828
0.683604180972	-3.66216525520714	-5.85946440833143
4.00396734569314	-1.51369497215228	-2.68558785381857
5.95712214847028	-1.70901045243	-3.61333638513771
6.59189745937285	-0.0488288700694285	-0.878919661249714
7.08323796444648	0.683604180972	-0.0976577401388571
5.37117570763714	-0.683604180972	-0.683604180972
7.08323796444648	-1.367208361944	-1.26955062180514
4.83405813687343	-2.44144350347143	1.51369497215228
4.54108491645685	-0.683604180972	3.46684977492943
4.19928282597086	-1.17189288166629	6.74143587396048
1.51369497215228	-0.732433051041428	3.759822995346
-2.09964141298543	-0.781261921110857	6.05477988860914
-1.31837949187457	-0.878919661249714	4.443427176318
-2.68558785381857	-0.390630960555428	-0.0976577401388571
-3.95513847562371	-1.61135271229114	-0.488288700694285
-5.56649118791485	-3.46684977492943	-4.88288700694286
-4.15045395590143	-4.05279621576257	-6.93675135423819
-4.05279621576257	-3.90630960555428	-7.76684214541848
-5.51766231784543	-6.34775310902571	-9.62233920805676
-5.56649118791485	-5.85946440833143	-8.10864423590448
-4.443427176318	-5.90829327840085	-6.39658197909514
-6.00595101853971	-7.52269779507134	-6.152437628748
-4.785229266804	-5.468833447776	-3.80865186541543
-4.98054474708171	-5.17586022735943	-4.93171587701228
-5.51766231784543	-5.71297779812314	-4.63874265659571
-1.41603723201343	-2.97856107423514	-1.367208361944
-0.878919661249714	-0.976577401388571	1.26955062180514
-1.22072175173571	0.634775310902571	1.22072175173571
0.732433051041428	-0.537117570763714	1.46486610208286
4.15045395590143	0.0976577401388571	3.85748073548486
4.49225604638743	1.31837949187457	3.71099412527657
8.25513084611277	2.92973220416571	3.12504768444343
10.2082856488899	3.66216525520714	9.86648355840391
8.25513084611277	3.32036316472114	11.9661249713893
9.47585259784848	2.49027237354086	13.3333333333333
6.34775310902571	3.076218814374	13.8216220340276
2.83207446402686	1.17189288166629	10.6965743495842
1.51369497215228	-1.51369497215228	6.54306858930343
0.292973220416571	0.0488288700694285	3.36919203479057
0.0488288700694285	-1.025406271458	1.17189288166629
-1.17189288166629	-2.44144350347143	-0.830090791180285
-1.80666819256886	-3.36919203479057	-3.51567864499886
-1.26955062180514	-4.63874265659571	-5.95712214847028
-4.101625085832	-5.17586022735943	-6.34775310902571
-2.92973220416571	-1.80666819256886	-4.73640039673457
-4.05279621576257	-2.734416723888	-5.37117570763714
-5.02937361715114	-4.15045395590143	-5.90829327840085
-3.56450751506828	-3.51567864499886	-6.79026474402991
-6.54306858930343	-2.92973220416571	-7.08323796444648
-6.44541084916457	-4.98054474708171	-6.44541084916457
-3.12504768444343	-5.07820248722057	-7.81567101548791
-1.61135271229114	-4.785229266804	-5.42000457770657
-0.0488288700694285	-5.02937361715114	-3.90630960555428
2.92973220416571	-3.02738994430457	-2.44144350347143
5.90829327840085	-2.29495689326314	0.878919661249714
7.27855344472419	-2.34378576333257	1.025406271458
8.59693293659876	0.195315480277714	3.076218814374
6.93675135423819	1.66018158236057	6.152437628748
6.20126649881743	-1.90432593270771	5.95712214847028
3.27153429465171	-2.88090333409628	8.45044632639048
2.14847028305486	-2.19729915312428	10.2571145189593
-0.732433051041428	-3.56450751506828	9.52468146791791
-0.244144350347143	-4.88288700694286	6.93675135423819
-0.732433051041428	-5.17586022735943	3.36919203479057
-4.05279621576257	-6.88792248416877	-4.19928282597086
-3.66216525520714	-4.93171587701228	-7.27855344472419
-0.732433051041428	-4.34576943617914	-7.91332875562676
-0.976577401388571	-4.34576943617914	-9.03639276722362
-3.02738994430457	-4.34576943617914	-8.10864423590448
-3.66216525520714	-2.68558785381857	-6.25009536888685
-4.785229266804	-2.58793011367971	-6.39658197909514
-6.00595101853971	-2.88090333409628	-6.54306858930343
-5.17586022735943	-1.025406271458	-5.95712214847028
-3.85748073548486	-3.02738994430457	-7.18089570458534
-1.31837949187457	-0.537117570763714	-4.49225604638743
1.025406271458	1.66018158236057	-4.83405813687343
3.02738994430457	0.244144350347143	-5.07820248722057
3.66216525520714	1.51369497215228	-6.64072632944228
3.41802090486	3.46684977492943	-5.85946440833143
4.68757152666514	0.976577401388571	-5.71297779812314
4.29694056610971	0.244144350347143	-5.42000457770657
4.83405813687343	-2.19729915312428	-0.878919661249714
4.98054474708171	-1.75783932249943	1.66018158236057
3.27153429465171	-2.19729915312428	2.53910124361028
3.71099412527657	-1.367208361944	6.05477988860914
2.97856107423514	-1.31837949187457	4.93171587701228
2.29495689326314	-0.146486610208286	8.30395971618219
2.92973220416571	0.341802090486	8.74341954680705
-1.90432593270771	-1.75783932249943	4.29694056610971
0.781261921110857	-4.93171587701228	3.66216525520714
-2.44144350347143	-6.79026474402991	-4.19928282597086
-4.49225604638743	-7.96215762569619	-9.08522163729305
-6.34775310902571	-10.0617990386816	-11.0872053101396
-7.47386892500191	-8.40161745632105	-9.91531242847334
-8.69459067673762	-6.98558022430762	-7.42504005493248
-10.0617990386816	-6.98558022430762	-9.03639276722362
-5.85946440833143	-4.24811169604028	-8.10864423590448
-3.32036316472114	-4.101625085832	-7.86449988555734
-0.683604180972	-3.27153429465171	-8.49927519645991
2.14847028305486	-0.781261921110857	-4.83405813687343
5.90829327840085	2.392614633402	0.976577401388571
5.85946440833143	0.927748531319142	3.17387655451286
7.08323796444648	3.41802090486	6.93675135423819
9.37819485770962	6.25009536888685	10.4036011291676
5.810635538262	4.49225604638743	8.93873502708476
10.6965743495842	4.101625085832	7.42504005493248
5.42000457770657	2.78324559395743	6.59189745937285
2.88090333409628	-0.585946440833143	3.12504768444343
0.732433051041428	-2.392614633402	1.22072175173571
-1.46486610208286	-5.27351796749828	-2.392614633402
-3.12504768444343	-5.61532005798428	-3.46684977492943
-0.439459830624857	-5.32234683756771	-3.36919203479057
-1.56252384222171	-5.32234683756771	-4.83405813687343
-1.51369497215228	-4.98054474708171	-1.12306401159686
-0.244144350347143	-3.95513847562371	0.585946440833143
-2.734416723888	-4.73640039673457	-1.80666819256886
-2.78324559395743	-4.785229266804	-2.92973220416571
-3.80865186541543	-3.90630960555428	-3.85748073548486
-3.51567864499886	-1.367208361944	-6.25009536888685
-2.34378576333257	-1.17189288166629	-6.20126649881743
-0.927748531319142	0.732433051041428	-2.734416723888
0.878919661249714	2.24612802319371	-5.32234683756771
0	3.41802090486	-3.71099412527657
1.75783932249943	2.09964141298543	-4.49225604638743
0.390630960555428	0.0488288700694285	-4.101625085832
2.83207446402686	1.367208361944	-5.61532005798428
6.54306858930343	2.14847028305486	1.17189288166629
7.47386892500191	2.34378576333257	4.34576943617914
9.13405050736248	1.07423514152743	2.92973220416571
10.1594567788205	2.49027237354086	6.64072632944228
9.47585259784848	2.19729915312428	3.66216525520714
8.15747310597391	2.050812542916	2.49027237354086
5.468833447776	4.24811169604028	5.468833447776
2.19729915312428	4.19928282597086	4.39459830624857
0.634775310902571	3.17387655451286	3.66216525520714
-1.22072175173571	3.076218814374	2.88090333409628
-1.51369497215228	2.58793011367971	-0.0976577401388571
-4.39459830624857	0.195315480277714	-5.02937361715114
-4.785229266804	0.390630960555428	-7.76684214541848
-8.40161745632105	-1.12306401159686	-8.49927519645991
-7.03440909437705	-2.734416723888	-9.57351033798733
-5.76180666819257	-2.14847028305486	-6.79026474402991
-3.27153429465171	-4.00396734569314	-9.23170824750133
-3.95513847562371	-4.443427176318	-9.91531242847334
-2.53910124361028	-4.49225604638743	-5.95712214847028
-1.41603723201343	-2.63675898374914	-6.00595101853971
-1.90432593270771	-1.80666819256886	-6.54306858930343
0.341802090486	0	-1.51369497215228
-0.830090791180285	-1.12306401159686	-0.537117570763714
0.0976577401388571	0.976577401388571	1.85549706263828
0.0488288700694285	0.195315480277714	2.392614633402
1.56252384222171	1.07423514152743	3.22270542458228
3.36919203479057	2.050812542916	3.759822995346
4.443427176318	2.83207446402686	5.468833447776
8.20630197604333	4.19928282597086	5.56649118791485
9.67116807812619	4.98054474708171	3.27153429465171
11.2825207904173	7.32738231479362	7.03440909437705
9.81765468833448	6.93675135423819	6.74143587396048
7.96215762569619	7.22972457465476	5.56649118791485
7.91332875562676	8.49927519645991	8.20630197604333
6.10360875867857	6.74143587396048	8.98756389715419
3.46684977492943	4.63874265659571	6.25009536888685
1.61135271229114	3.51567864499886	7.37621118486305
2.68558785381857	2.19729915312428	4.68757152666514
-1.26955062180514	-1.367208361944	2.63675898374914
-0.732433051041428	-0.927748531319142	-1.46486610208286
-1.46486610208286	-2.97856107423514	-6.152437628748
-3.90630960555428	-4.83405813687343	-5.37117570763714
-6.29892423895628	-5.95712214847028	-10.110627908751
-7.22972457465476	-7.03440909437705	-11.2825207904173
-8.54810406652934	-8.88990615701534	-15.237659266041
-7.91332875562676	-7.22972457465476	-13.2356755931945
-6.69260700389105	-6.74143587396048	-13.4798199435416
-2.97856107423514	-5.468833447776	-9.37819485770962
1.41603723201343	-1.17189288166629	-4.63874265659571
4.34576943617914	2.19729915312428	-1.12306401159686
8.69459067673762	4.88288700694286	1.66018158236057
9.81765468833448	7.13206683451591	2.83207446402686
8.49927519645991	9.37819485770962	1.85549706263828
6.93675135423819	8.93873502708476	1.367208361944
6.00595101853971	9.13405050736248	1.07423514152743
6.59189745937285	9.08522163729305	2.34378576333257
5.66414892805371	8.15747310597391	1.025406271458
6.29892423895628	6.20126649881743	-0.488288700694285
5.85946440833143	4.98054474708171	0.585946440833143
4.98054474708171	4.93171587701228	1.46486610208286
1.95315480277714	3.66216525520714	0.781261921110857
3.27153429465171	1.17189288166629	0.537117570763714
-0.0976577401388571	0.537117570763714	-1.95315480277714
-3.41802090486	-1.51369497215228	-4.54108491645685
-3.71099412527657	-2.34378576333257	-4.49225604638743
-5.17586022735943	-1.75783932249943	-6.98558022430762
-4.785229266804	-2.19729915312428	-8.30395971618219
-5.32234683756771	-1.75783932249943	-10.0617990386816
-2.78324559395743	-1.66018158236057	-7.18089570458534
-0.976577401388571	-0.683604180972	-10.3059433890288
0.292973220416571	-0.341802090486	-9.18287937743191
-1.12306401159686	0.585946440833143	-6.34775310902571
-3.36919203479057	-1.31837949187457	-10.8430609597925
-1.85549706263828	-0.244144350347143	-8.45044632639048
0.390630960555428	1.12306401159686	-5.07820248722057
3.36919203479057	3.32036316472114	-5.76180666819257
4.443427176318	1.90432593270771	-3.51567864499886
5.07820248722057	3.56450751506828	-2.34378576333257
5.71297779812314	4.24811169604028	-0.781261921110857
5.32234683756771	1.90432593270771	-2.58793011367971
6.74143587396048	2.734416723888	-1.07423514152743
4.101625085832	2.392614633402	-2.19729915312428
1.66018158236057	-1.56252384222171	-4.93171587701228
0.878919661249714	-0.537117570763714	-2.53910124361028
-0.195315480277714	-0.781261921110857	-4.101625085832
-0.341802090486	-1.07423514152743	-4.49225604638743
0.488288700694285	0.732433051041428	-5.22468909742885
1.12306401159686	1.80666819256886	-4.39459830624857
2.58793011367971	3.12504768444343	-3.22270542458228
4.58991378652628	4.34576943617914	-2.88090333409628
3.95513847562371	5.810635538262	-2.392614633402
1.70901045243	5.71297779812314	-3.46684977492943
4.49225604638743	7.32738231479362	-2.88090333409628
3.32036316472114	6.74143587396048	-0.781261921110857
1.025406271458	5.810635538262	-5.66414892805371
2.58793011367971	5.42000457770657	-4.73640039673457
0.732433051041428	3.46684977492943	-4.785229266804
-0.292973220416571	1.61135271229114	-8.74341954680705
-0.195315480277714	0.585946440833143	-7.57152666514076
0.634775310902571	-0.0488288700694285	-8.25513084611277
2.58793011367971	0.439459830624857	-7.18089570458534
4.101625085832	1.51369497215228	-2.09964141298543
1.70901045243	1.95315480277714	-4.443427176318
1.51369497215228	1.22072175173571	-4.29694056610971
2.09964141298543	0.878919661249714	-4.49225604638743
2.29495689326314	-0.585946440833143	-4.19928282597086
1.90432593270771	-1.22072175173571	-4.83405813687343
4.29694056610971	-0.146486610208286	-2.58793011367971
5.32234683756771	1.66018158236057	0.390630960555428
6.69260700389105	2.68558785381857	1.41603723201343
7.57152666514076	6.152437628748	5.32234683756771
5.37117570763714	6.79026474402991	3.12504768444343
5.90829327840085	6.39658197909514	0.537117570763714
5.02937361715114	6.83909361409934	3.41802090486
2.09964141298543	3.46684977492943	0.341802090486
1.85549706263828	2.734416723888	3.02738994430457
4.24811169604028	2.63675898374914	1.22072175173571
2.34378576333257	1.31837949187457	0.488288700694285
3.90630960555428	1.025406271458	0.683604180972
1.12306401159686	-1.26955062180514	-4.29694056610971
4.785229266804	-1.26955062180514	-5.37117570763714
0.634775310902571	-3.22270542458228	-6.79026474402991
0.683604180972	-4.54108491645685	-4.63874265659571
0	-3.41802090486	-3.56450751506828
-1.07423514152743	-2.00198367284657	-3.85748073548486
0.292973220416571	-0.537117570763714	-1.46486610208286
-2.68558785381857	-0.537117570763714	1.07423514152743
-2.34378576333257	0.390630960555428	0
0.830090791180285	2.63675898374914	1.90432593270771
1.07423514152743	3.22270542458228	-0.585946440833143
2.49027237354086	2.68558785381857	0.390630960555428
3.17387655451286	4.29694056610971	0.195315480277714
1.26955062180514	3.076218814374	-0.878919661249714
1.12306401159686	0.244144350347143	-2.44144350347143
1.51369497215228	1.025406271458	-1.46486610208286
-1.22072175173571	1.56252384222171	-0.683604180972
2.53910124361028	3.17387655451286	-1.025406271458
4.98054474708171	5.37117570763714	2.09964141298543
3.12504768444343	4.88288700694286	2.00198367284657
5.07820248722057	5.85946440833143	0.0976577401388571
7.86449988555734	6.64072632944228	0.292973220416571
6.05477988860914	6.05477988860914	-0.341802090486
4.88288700694286	5.02937361715114	-2.53910124361028
3.61333638513771	5.07820248722057	-1.75783932249943
3.51567864499886	2.58793011367971	-2.97856107423514
4.443427176318	0.927748531319142	-5.02937361715114
2.88090333409628	0.683604180972	-7.52269779507134
3.56450751506828	-0.0976577401388571	-9.18287937743191
3.36919203479057	2.050812542916	-3.80865186541543
6.59189745937285	3.85748073548486	-3.85748073548486
6.00595101853971	4.98054474708171	-2.44144350347143
5.22468909742885	4.63874265659571	-1.07423514152743
4.34576943617914	4.34576943617914	-0.341802090486
3.27153429465171	2.09964141298543	-4.54108491645685
2.53910124361028	0.341802090486	-4.15045395590143
0.585946440833143	-0.683604180972	-5.02937361715114
1.66018158236057	-1.61135271229114	-3.759822995346
2.09964141298543	0.683604180972	-4.443427176318
1.85549706263828	0.732433051041428	-4.49225604638743
3.51567864499886	1.367208361944	-3.66216525520714
2.88090333409628	2.68558785381857	-3.32036316472114
2.29495689326314	2.34378576333257	-3.51567864499886
2.63675898374914	0.585946440833143	-3.27153429465171
2.88090333409628	1.56252384222171	-2.734416723888
3.27153429465171	2.78324559395743	-3.71099412527657
4.443427176318	0.878919661249714	-4.00396734569314
5.42000457770657	3.12504768444343	-3.90630960555428
2.734416723888	2.392614633402	-4.19928282597086
4.29694056610971	1.90432593270771	-2.63675898374914
3.32036316472114	1.95315480277714	-3.02738994430457
4.29694056610971	1.51369497215228	-2.29495689326314
3.95513847562371	-0.341802090486	-2.44144350347143
5.22468909742885	0.244144350347143	-2.97856107423514
1.90432593270771	-1.22072175173571	-1.66018158236057
3.27153429465171	-0.0488288700694285	-0.976577401388571
3.17387655451286	1.17189288166629	2.19729915312428
1.61135271229114	0.0976577401388571	-0.195315480277714
-0.195315480277714	0.927748531319142	0.683604180972
3.759822995346	2.14847028305486	-1.70901045243
2.14847028305486	2.83207446402686	-3.61333638513771
3.66216525520714	4.29694056610971	-2.63675898374914
4.88288700694286	4.49225604638743	-3.90630960555428
2.58793011367971	2.53910124361028	-5.95712214847028
2.050812542916	1.80666819256886	-5.468833447776
2.14847028305486	2.00198367284657	-3.759822995346
0.439459830624857	2.050812542916	-4.83405813687343
1.22072175173571	3.12504768444343	-4.19928282597086
2.00198367284657	2.44144350347143	-4.49225604638743
2.63675898374914	3.36919203479057	-1.75783932249943
4.19928282597086	5.07820248722057	-2.19729915312428
5.17586022735943	5.90829327840085	-1.12306401159686
7.91332875562676	4.15045395590143	0.683604180972
5.56649118791485	4.63874265659571	-0.683604180972
2.68558785381857	2.24612802319371	-0.0488288700694285
0.634775310902571	1.56252384222171	-0.732433051041428
1.07423514152743	1.80666819256886	-0.927748531319142
-1.75783932249943	2.97856107423514	0.0976577401388571
1.80666819256886	5.27351796749828	0.244144350347143
3.85748073548486	4.443427176318	2.83207446402686
4.785229266804	6.44541084916457	3.32036316472114
7.22972457465476	6.39658197909514	6.10360875867857
7.08323796444648	8.74341954680705	5.27351796749828
4.63874265659571	7.57152666514076	5.468833447776
3.36919203479057	6.54306858930343	5.27351796749828
4.443427176318	6.05477988860914	2.63675898374914
1.41603723201343	3.85748073548486	-2.00198367284657
2.44144350347143	1.85549706263828	-2.53910124361028
3.56450751506828	4.24811169604028	-2.97856107423514
1.22072175173571	1.31837949187457	-1.51369497215228
5.66414892805371	1.46486610208286	-2.53910124361028
4.443427176318	2.53910124361028	-1.61135271229114
2.68558785381857	0.488288700694285	-3.22270542458228
2.24612802319371	0.732433051041428	-3.076218814374
0.439459830624857	2.29495689326314	-1.85549706263828
-0.683604180972	2.44144350347143	-5.42000457770657
-0.195315480277714	4.93171587701228	-2.19729915312428
1.70901045243	4.93171587701228	-2.68558785381857
0.585946440833143	5.76180666819257	-3.17387655451286
0.0488288700694285	5.810635538262	-0.292973220416571
1.025406271458	6.88792248416877	-1.26955062180514
-0.634775310902571	6.20126649881743	0.781261921110857
-2.29495689326314	5.71297779812314	2.68558785381857
-2.53910124361028	6.59189745937285	0.439459830624857
-0.244144350347143	5.810635538262	0.781261921110857
1.56252384222171	6.00595101853971	0.683604180972
-0.341802090486	4.39459830624857	0.0976577401388571
1.025406271458	4.58991378652628	-0.830090791180285
1.07423514152743	3.02738994430457	-0.585946440833143
2.53910124361028	2.392614633402	0.976577401388571
3.02738994430457	1.80666819256886	-0.146486610208286
6.69260700389105	2.78324559395743	-0.878919661249714
5.17586022735943	1.26955062180514	-3.12504768444343
5.07820248722057	1.95315480277714	-2.29495689326314
5.85946440833143	3.076218814374	-3.759822995346
4.54108491645685	2.53910124361028	-5.22468909742885
4.58991378652628	4.49225604638743	-2.78324559395743
6.59189745937285	6.494239719234	-0.683604180972
3.85748073548486	6.54306858930343	-1.22072175173571
3.90630960555428	4.34576943617914	2.24612802319371
1.56252384222171	3.95513847562371	1.70901045243
1.70901045243	1.41603723201343	3.02738994430457
0.439459830624857	-0.0488288700694285	2.734416723888
-0.683604180972	-0.292973220416571	1.56252384222171
-3.12504768444343	0.390630960555428	-0.146486610208286
-2.78324559395743	0.537117570763714	-1.85549706263828
-1.12306401159686	2.09964141298543	-2.14847028305486
-3.02738994430457	-0.634775310902571	-2.392614633402
-3.41802090486	-0.0976577401388571	-2.68558785381857
-4.101625085832	-1.17189288166629	-0.830090791180285
-4.19928282597086	-4.443427176318	-3.02738994430457
-3.12504768444343	-2.68558785381857	-1.70901045243
-3.66216525520714	-1.46486610208286	-2.19729915312428
-3.41802090486	-1.66018158236057	-4.443427176318
0.976577401388571	0.732433051041428	-1.85549706263828
1.41603723201343	1.41603723201343	-2.44144350347143
4.785229266804	1.367208361944	0.830090791180285
5.51766231784543	1.025406271458	-0.585946440833143
4.34576943617914	0.781261921110857	-0.0976577401388571
2.68558785381857	-1.025406271458	-0.927748531319142
3.51567864499886	-0.195315480277714	0.195315480277714
0.390630960555428	-1.75783932249943	0.439459830624857
0.390630960555428	-1.367208361944	0.195315480277714
-1.07423514152743	-0.488288700694285	1.61135271229114
2.050812542916	-0.927748531319142	-0.195315480277714
1.61135271229114	-0.683604180972	1.56252384222171
1.66018158236057	0.292973220416571	0.976577401388571
-0.195315480277714	-1.95315480277714	-1.80666819256886
1.07423514152743	-1.70901045243	0.781261921110857
-1.367208361944	-0.585946440833143	0.0976577401388571
0.488288700694285	-0.146486610208286	1.17189288166629
-0.341802090486	-1.90432593270771	-0.244144350347143
-0.292973220416571	0.585946440833143	1.70901045243
-0.488288700694285	-1.367208361944	2.68558785381857
-2.09964141298543	-0.781261921110857	1.12306401159686
-0.781261921110857	0.830090791180285	1.025406271458
1.12306401159686	1.51369497215228	-0.390630960555428
2.58793011367971	2.34378576333257	-2.392614633402
3.02738994430457	-0.0488288700694285	-2.53910124361028
2.392614633402	-0.732433051041428	-3.56450751506828
4.93171587701228	-1.75783932249943	-3.80865186541543
3.32036316472114	-0.195315480277714	-1.90432593270771
2.58793011367971	-0.341802090486	-3.12504768444343
5.61532005798428	3.759822995346	-2.14847028305486
2.24612802319371	5.27351796749828	-0.244144350347143
3.22270542458228	3.90630960555428	-2.392614633402
3.27153429465171	5.61532005798428	-1.80666819256886
0.878919661249714	3.61333638513771	-0.830090791180285
-1.12306401159686	3.95513847562371	-0.488288700694285
-1.51369497215228	4.443427176318	1.12306401159686
-2.392614633402	3.46684977492943	-2.19729915312428
-0.390630960555428	2.19729915312428	1.22072175173571
-1.26955062180514	1.95315480277714	-0.146486610208286
-2.29495689326314	0.537117570763714	-1.56252384222171
-0.244144350347143	1.12306401159686	2.88090333409628
-0.732433051041428	2.392614633402	2.34378576333257
-3.56450751506828	0.781261921110857	3.51567864499886
1.51369497215228	1.26955062180514	3.46684977492943
-0.585946440833143	2.24612802319371	-0.244144350347143
-0.146486610208286	0.0976577401388571	-2.78324559395743
-0.244144350347143	-0.0488288700694285	-2.34378576333257
-1.367208361944	0.0976577401388571	-3.17387655451286
-1.26955062180514	-0.146486610208286	-3.61333638513771
-0.830090791180285	-1.61135271229114	-2.24612802319371
-2.29495689326314	-2.14847028305486	-2.00198367284657
-1.90432593270771	-1.56252384222171	-5.56649118791485
1.025406271458	1.025406271458	0.537117570763714
-1.90432593270771	-0.0488288700694285	-1.31837949187457
-4.63874265659571	0.146486610208286	-5.12703135729
-4.34576943617914	1.85549706263828	-1.12306401159686
-5.95712214847028	2.09964141298543	-3.85748073548486
-5.42000457770657	1.51369497215228	-4.83405813687343
-3.076218814374	4.101625085832	-0.585946440833143
-3.27153429465171	5.02937361715114	-1.31837949187457
-2.34378576333257	5.85946440833143	2.00198367284657
1.95315480277714	5.66414892805371	2.14847028305486
-1.46486610208286	4.39459830624857	1.56252384222171
-1.22072175173571	2.83207446402686	2.14847028305486
-2.63675898374914	2.392614633402	1.17189288166629
-3.759822995346	1.26955062180514	0.878919661249714
-2.63675898374914	-0.0488288700694285	-0.244144350347143
-1.90432593270771	0.634775310902571	-0.146486610208286
-3.56450751506828	-0.976577401388571	-2.63675898374914
-1.22072175173571	-0.683604180972	-0.830090791180285
-1.85549706263828	-1.22072175173571	-0.927748531319142
-1.46486610208286	-2.14847028305486	-2.83207446402686
1.17189288166629	0.781261921110857	-3.12504768444343
0.634775310902571	-0.0976577401388571	-2.92973220416571
-0.976577401388571	0.0488288700694285	-3.27153429465171
-0.146486610208286	0.488288700694285	-3.02738994430457
-3.71099412527657	0.146486610208286	-4.88288700694286
-0.537117570763714	-0.781261921110857	-5.22468909742885
-1.025406271458	0.244144350347143	-5.76180666819257
-3.36919203479057	-0.390630960555428	-6.74143587396048
-0.195315480277714	1.17189288166629	-3.56450751506828
-2.88090333409628	1.31837949187457	-1.367208361944
-2.63675898374914	0.146486610208286	-0.195315480277714
-1.95315480277714	0.878919661249714	0.585946440833143
-1.66018158236057	-0.0976577401388571	2.34378576333257
-2.29495689326314	-0.781261921110857	1.75783932249943
-0.927748531319142	0.488288700694285	1.41603723201343
-2.63675898374914	1.367208361944	0.0488288700694285
-5.07820248722057	0.781261921110857	-2.19729915312428
-5.22468909742885	1.17189288166629	-3.46684977492943
-4.68757152666514	0.732433051041428	-4.19928282597086
-5.32234683756771	-1.07423514152743	-5.32234683756771
-4.19928282597086	-1.56252384222171	-5.56649118791485
-4.101625085832	-5.468833447776	-4.05279621576257
-5.02937361715114	-8.01098649576562	-6.494239719234
-3.71099412527657	-7.42504005493248	-5.32234683756771
-6.152437628748	-9.18287937743191	-8.10864423590448
-2.24612802319371	-7.71801327534905	-7.96215762569619
-1.26955062180514	-6.83909361409934	-6.69260700389105
-3.27153429465171	-5.468833447776	-8.01098649576562
-2.49027237354086	-3.85748073548486	-3.36919203479057
-0.732433051041428	-2.44144350347143	-0.488288700694285
-1.61135271229114	-2.24612802319371	-1.17189288166629
-2.63675898374914	-0.976577401388571	3.66216525520714
-4.00396734569314	-1.367208361944	2.78324559395743
-5.51766231784543	-4.101625085832	3.85748073548486
-5.32234683756771	-3.32036316472114	2.63675898374914
-5.85946440833143	-3.90630960555428	2.44144350347143
-4.63874265659571	-3.02738994430457	1.61135271229114
-3.41802090486	0.292973220416571	1.75783932249943
-4.58991378652628	-0.439459830624857	-0.927748531319142
-6.79026474402991	-0.292973220416571	0
-0.0488288700694285	-0.634775310902571	-1.56252384222171
-3.32036316472114	-1.367208361944	-1.367208361944
-5.27351796749828	-5.17586022735943	-2.050812542916
-2.34378576333257	-4.29694056610971	-0.683604180972
-2.29495689326314	-3.02738994430457	-1.17189288166629
-3.71099412527657	-3.56450751506828	-0.488288700694285
-4.785229266804	-3.41802090486	-0.0976577401388571
-5.32234683756771	-3.51567864499886	-1.56252384222171
-2.00198367284657	-3.85748073548486	0.732433051041428
-0.390630960555428	-3.71099412527657	-1.12306401159686
-1.56252384222171	-5.61532005798428	-4.63874265659571
0.732433051041428	-2.78324559395743	-3.46684977492943
-1.025406271458	-3.41802090486	-5.51766231784543
-3.90630960555428	-3.51567864499886	-4.24811169604028
-0.390630960555428	-1.12306401159686	-0.244144350347143
-2.53910124361028	0.781261921110857	3.80865186541543
-2.92973220416571	1.26955062180514	6.98558022430762
-3.80865186541543	3.90630960555428	8.20630197604333
-1.80666819256886	4.68757152666514	11.1848630502785
0.878919661249714	7.81567101548791	10.8918898298619
1.41603723201343	6.93675135423819	11.5754940108339
0.683604180972	5.51766231784543	7.76684214541848
0.976577401388571	4.19928282597086	2.92973220416571
-3.076218814374	0.146486610208286	-0.537117570763714
-1.70901045243	-2.14847028305486	-3.90630960555428
-1.41603723201343	-2.83207446402686	-4.88288700694286
-2.050812542916	-3.95513847562371	-6.34775310902571
-1.95315480277714	-3.66216525520714	-7.37621118486305
-0.830090791180285	-1.70901045243	-3.90630960555428
-2.58793011367971	-0.0488288700694285	-5.61532005798428
-3.51567864499886	-0.927748531319142	-4.785229266804
-1.31837949187457	-1.41603723201343	-3.56450751506828
-2.24612802319371	-1.70901045243	-5.42000457770657
-2.49027237354086	-2.44144350347143	-3.02738994430457
0.195315480277714	-2.24612802319371	-5.51766231784543
-1.41603723201343	-2.68558785381857	-5.90829327840085
-1.31837949187457	-1.80666819256886	-1.70901045243
-3.32036316472114	-3.80865186541543	-2.34378576333257
-4.34576943617914	-3.17387655451286	-2.734416723888
-4.24811169604028	-1.31837949187457	-0.488288700694285
-4.63874265659571	-2.19729915312428	0.976577401388571
-4.15045395590143	-0.683604180972	1.31837949187457
-5.07820248722057	0.244144350347143	2.09964141298543
-3.56450751506828	2.34378576333257	3.46684977492943
-1.12306401159686	6.34775310902571	7.62035553521019
-3.66216525520714	7.62035553521019	6.29892423895628
1.80666819256886	9.32936598764019	6.34775310902571
-0.927748531319142	11.8684672312505	7.22972457465476
-0.195315480277714	8.74341954680705	5.17586022735943
1.70901045243	6.29892423895628	1.367208361944
-0.292973220416571	5.07820248722057	-1.75783932249943
-1.46486610208286	3.12504768444343	-0.585946440833143
-0.146486610208286	1.51369497215228	-4.98054474708171
-2.92973220416571	0.488288700694285	-8.05981536583505
-3.076218814374	0.732433051041428	-6.98558022430762
-3.22270542458228	-0.585946440833143	-9.52468146791791
-2.34378576333257	0	-10.110627908751
-2.83207446402686	-1.41603723201343	-11.4290074006256
-2.00198367284657	0.976577401388571	-6.79026474402991
-5.17586022735943	-0.439459830624857	-8.05981536583505
-0.292973220416571	2.392614633402	-5.07820248722057
-0.537117570763714	2.92973220416571	-3.36919203479057
-1.70901045243	3.17387655451286	-2.19729915312428
-1.46486610208286	4.49225604638743	1.07423514152743
-0.537117570763714	4.29694056610971	2.68558785381857
-0.0976577401388571	5.27351796749828	5.02937361715114
0.0976577401388571	6.39658197909514	6.10360875867857
-0.0976577401388571	4.93171587701228	5.27351796749828
0.927748531319142	3.41802090486	4.00396734569314
-1.26955062180514	4.49225604638743	1.80666819256886
1.12306401159686	1.51369497215228	1.025406271458
-0.634775310902571	0.781261921110857	-3.36919203479057
-2.53910124361028	0.390630960555428	-2.392614633402
-1.46486610208286	-0.0976577401388571	-3.32036316472114
-0.927748531319142	-1.41603723201343	-2.24612802319371
-1.51369497215228	-0.683604180972	-2.49027237354086
-2.24612802319371	-1.80666819256886	-1.70901045243
-2.44144350347143	-0.341802090486	-2.00198367284657
-3.17387655451286	-2.050812542916	-3.46684977492943
-5.468833447776	-1.66018158236057	-4.83405813687343
-1.85549706263828	-1.17189288166629	-3.90630960555428
-2.050812542916	-0.0488288700694285	-3.66216525520714
-1.95315480277714	0.927748531319142	-1.85549706263828
1.70901045243	4.101625085832	0.292973220416571
2.53910124361028	4.101625085832	-0.781261921110857
3.076218814374	4.98054474708171	0.683604180972
1.367208361944	4.93171587701228	1.12306401159686
0.0976577401388571	5.37117570763714	2.97856107423514
-0.927748531319142	4.19928282597086	2.63675898374914
-1.90432593270771	4.15045395590143	5.07820248722057
-1.12306401159686	5.56649118791485	6.59189745937285
-2.44144350347143	4.39459830624857	3.56450751506828
-4.443427176318	4.443427176318	0.830090791180285
-3.80865186541543	5.22468909742885	-1.41603723201343
-0.878919661249714	2.734416723888	-5.02937361715114
-1.17189288166629	2.92973220416571	-4.00396734569314
-1.17189288166629	1.80666819256886	-5.02937361715114
-4.05279621576257	-1.367208361944	-6.34775310902571
-4.24811169604028	-3.22270542458228	-2.88090333409628
-4.98054474708171	-1.70901045243	-5.32234683756771
-6.39658197909514	-2.58793011367971	-1.70901045243
-4.98054474708171	-1.85549706263828	-2.19729915312428
-5.51766231784543	-1.22072175173571	-1.70901045243
-3.36919203479057	-1.66018158236057	1.367208361944
-1.51369497215228	-1.41603723201343	2.63675898374914
-2.29495689326314	-1.75783932249943	0.976577401388571
-0.878919661249714	-3.66216525520714	0.927748531319142
1.85549706263828	0.781261921110857	1.56252384222171
1.95315480277714	1.025406271458	2.00198367284657
2.63675898374914	2.88090333409628	1.17189288166629
1.41603723201343	2.734416723888	0.488288700694285
1.95315480277714	2.09964141298543	4.101625085832
1.75783932249943	0.683604180972	3.85748073548486
-0.390630960555428	-0.781261921110857	5.22468909742885
3.36919203479057	-0.634775310902571	6.00595101853971
3.17387655451286	-0.488288700694285	5.51766231784543
2.09964141298543	-1.41603723201343	3.22270542458228
0.683604180972	-0.683604180972	2.34378576333257
-2.734416723888	0.146486610208286	0.927748531319142
-0.976577401388571	-0.292973220416571	1.07423514152743
-0.341802090486	2.09964141298543	2.44144350347143
-2.14847028305486	0.878919661249714	1.46486610208286
-2.19729915312428	0.488288700694285	0.585946440833143
-2.97856107423514	0.146486610208286	1.80666819256886
-3.56450751506828	-2.00198367284657	-1.26955062180514
-3.12504768444343	-0.927748531319142	-1.46486610208286
-3.66216525520714	-1.26955062180514	-2.392614633402
-1.31837949187457	0.488288700694285	-1.51369497215228
1.41603723201343	4.19928282597086	1.95315480277714
2.00198367284657	5.76180666819257	0.878919661249714
3.36919203479057	6.44541084916457	3.27153429465171
4.24811169604028	9.03639276722362	5.51766231784543
1.90432593270771	5.90829327840085	1.31837949187457
4.00396734569314	3.80865186541543	5.22468909742885
3.85748073548486	4.73640039673457	5.95712214847028
4.63874265659571	2.392614633402	5.56649118791485
4.93171587701228	5.27351796749828	10.5500877393759
2.050812542916	6.54306858930343	9.47585259784848
1.41603723201343	6.64072632944228	7.91332875562676
5.22468909742885	9.18287937743191	10.6477454795148
4.29694056610971	8.10864423590448	7.76684214541848
8.93873502708476	7.86449988555734	7.13206683451591
11.4290074006256	8.40161745632105	8.40161745632105
12.1126115815976	7.08323796444648	8.84107728694591
13.9681086442359	8.45044632639048	8.74341954680705
10.9895475700008	6.93675135423819	6.83909361409934
8.69459067673762	4.49225604638743	6.83909361409934
9.42702372777905	6.69260700389105	7.03440909437705
7.76684214541848	6.88792248416877	7.27855344472419
6.59189745937285	7.27855344472419	5.468833447776
6.64072632944228	9.03639276722362	7.42504005493248
9.67116807812619	8.25513084611277	7.96215762569619
9.47585259784848	7.47386892500191	6.25009536888685
11.5754940108339	7.52269779507134	9.32936598764019
14.9446860456245	7.27855344472419	6.00595101853971
14.1634241245136	7.62035553521019	4.49225604638743
14.8470283054856	6.74143587396048	6.10360875867857
15.0911726558328	6.83909361409934	5.76180666819257
13.4309910734722	6.34775310902571	6.152437628748
11.7708094911116	6.64072632944228	4.63874265659571
11.3313496604868	5.42000457770657	5.07820248722057
11.5266651407645	4.443427176318	3.46684977492943
9.52468146791791	2.734416723888	3.46684977492943
8.49927519645991	1.95315480277714	0.732433051041428
6.00595101853971	-1.22072175173571	0.0488288700694285
8.59693293659876	-0.146486610208286	-1.66018158236057
7.37621118486305	1.61135271229114	0.732433051041428
7.52269779507134	3.80865186541543	1.75783932249943
9.52468146791791	5.76180666819257	5.17586022735943
11.5266651407645	7.57152666514076	5.56649118791485
12.0637827115282	8.69459067673762	5.90829327840085
12.161440451667	8.79224841687648	4.54108491645685
11.5266651407645	7.08323796444648	-0.0976577401388571
11.7708094911116	6.74143587396048	1.75783932249943
11.9661249713893	6.39658197909514	0.927748531319142
10.7454032196536	4.98054474708171	3.17387655451286
9.62233920805676	4.63874265659571	1.66018158236057
8.30395971618219	4.98054474708171	2.53910124361028
5.61532005798428	5.42000457770657	2.88090333409628
7.91332875562676	5.66414892805371	2.19729915312428
7.86449988555734	4.73640039673457	5.27351796749828
8.05981536583505	4.34576943617914	4.24811169604028
7.76684214541848	5.12703135729	3.17387655451286
7.62035553521019	4.98054474708171	2.050812542916
9.67116807812619	4.101625085832	-0.0488288700694285
8.74341954680705	5.22468909742885	0.537117570763714
6.74143587396048	2.29495689326314	0.683604180972
6.93675135423819	3.02738994430457	1.31837949187457
3.90630960555428	1.12306401159686	2.29495689326314
3.56450751506828	1.17189288166629	2.49027237354086
3.66216525520714	3.17387655451286	2.49027237354086
2.49027237354086	4.88288700694286	1.80666819256886
4.24811169604028	6.20126649881743	1.46486610208286
5.27351796749828	8.10864423590448	1.025406271458
6.05477988860914	8.25513084611277	-3.076218814374
8.15747310597391	9.37819485770962	-4.73640039673457
8.40161745632105	8.10864423590448	-5.468833447776
6.98558022430762	4.83405813687343	-8.98756389715419
5.95712214847028	3.66216525520714	-9.96414129854276
4.101625085832	-1.46486610208286	-10.5012588693065
4.05279621576257	-2.734416723888	-6.29892423895628
3.61333638513771	-2.78324559395743	-6.83909361409934
6.05477988860914	-2.29495689326314	-3.41802090486
7.18089570458534	-0.781261921110857	1.80666819256886
7.37621118486305	-0.341802090486	0.976577401388571
4.443427176318	1.17189288166629	2.050812542916
4.93171587701228	2.14847028305486	0.830090791180285
1.56252384222171	1.12306401159686	-3.56450751506828
-0.927748531319142	0.439459830624857	-6.59189745937285
-0.683604180972	1.025406271458	-6.93675135423819
-0.683604180972	-0.878919661249714	-7.42504005493248
0.781261921110857	0.146486610208286	-5.468833447776
0.830090791180285	4.34576943617914	-2.050812542916
2.88090333409628	4.73640039673457	1.22072175173571
7.22972457465476	8.10864423590448	4.88288700694286
7.03440909437705	7.08323796444648	3.51567864499886
5.02937361715114	6.69260700389105	3.17387655451286
5.27351796749828	5.76180666819257	2.392614633402
-2.58793011367971	0.292973220416571	-0.781261921110857
0.585946440833143	-1.025406271458	-4.29694056610971
-1.07423514152743	-0.976577401388571	-2.53910124361028
-1.90432593270771	-1.46486610208286	-3.80865186541543
-1.56252384222171	-2.44144350347143	-2.53910124361028
-2.34378576333257	-3.12504768444343	-2.49027237354086
-3.076218814374	-2.00198367284657	-1.75783932249943
-1.61135271229114	-1.56252384222171	0.634775310902571
-4.63874265659571	-2.34378576333257	2.49027237354086
-1.46486610208286	0.976577401388571	5.61532005798428
0.0976577401388571	4.05279621576257	9.13405050736248
1.41603723201343	6.152437628748	7.57152666514076
4.54108491645685	6.83909361409934	7.62035553521019
2.49027237354086	4.785229266804	4.05279621576257
-0.927748531319142	1.22072175173571	1.22072175173571
-3.22270542458228	0.244144350347143	1.66018158236057
-9.03639276722362	-2.34378576333257	-0.244144350347143
-6.64072632944228	-2.00198367284657	0.537117570763714
-10.5989166094453	-2.19729915312428	-0.976577401388571
-12.4544136720836	-3.56450751506828	-4.88288700694286
-9.67116807812619	-3.32036316472114	-1.66018158236057
-11.136034180209	-5.27351796749828	-5.56649118791485
-9.23170824750133	-5.37117570763714	-4.73640039673457
-6.88792248416877	-2.63675898374914	-2.29495689326314
-8.59693293659876	-2.19729915312428	-3.32036316472114
-10.2082856488899	-3.076218814374	-2.19729915312428
-10.3547722590982	-1.41603723201343	-0.878919661249714
-10.6477454795148	-0.927748531319142	0.195315480277714
-9.91531242847334	-1.22072175173571	2.44144350347143
-9.91531242847334	-3.02738994430457	2.53910124361028
-12.6497291523613	-4.785229266804	2.29495689326314
-6.54306858930343	-2.97856107423514	4.68757152666514
-9.76882581826505	-4.19928282597086	5.66414892805371
-13.3333333333333	-3.12504768444343	7.76684214541848
-15.1400015259022	-0.878919661249714	10.0129701686122
