6.6498817425803	7.94079499504082	1.85244525825895
3.51873044937819	3.67742427710384	-1.05592431525139
2.27664606698711	1.6235599298085	-3.81475547417411
0.903334096284428	-0.0732433051041428	-5.40779736018921
0.137331197070268	-1.0101472495613	-5.29182879377432
-1.91348134584573	-0.686655985351339	-3.85137712672618
0.585946440833143	-0.885023270008392	-1.46486610208286
0.750743877317464	0.561532005798428	0.631723506523232
3.37529564354925	2.60318913557641	2.34378576333257
2.26138704509041	1.93179217212177	-0.68055237659266
5.91744869153887	2.55436026550698	1.78530556191348
1.8951705195697	2.8198672465095	0.12817578393225
0.0152590218966964	1.44655527580682	-0.689707789730678
0.152590218966964	0.360112916762036	-1.025406271458
-2.39566643778134	-0.0976577401388571	-3.16472114137484
-2.17593652246891	0.80872816052491	-4.47394522011139
-1.27565423056382	2.82291905088884	-5.60006103608759
0.399786373693446	4.79743648432135	-4.94697489890898
1.35500114442664	7.13206683451591	-2.55436026550698
2.54520485236896	9.02113374532692	-0.735484855420768
4.81574731059739	9.24086366063935	2.42313267719539
3.62554360265507	7.70275425345235	2.86564431219959
5.12092774853132	5.99679560540169	2.63981078812848
5.76180666819257	6.70786602578775	2.21560997940032
6.25009536888685	9.40566109712367	2.392614633402
4.62348363469902	7.68444342717632	1.7242694743267
4.80659189745937	5.45967803463798	-2.00198367284657
6.55222400244144	5.31929503318837	-0.622568093385214
6.45761806668193	6.88792248416877	0.55542839703975
5.96932936598764	5.23689631494621	1.62966353856718
2.47196154726482	4.24811169604028	1.92568856336309
1.9653620202945	5.51766231784543	3.28374151216907
2.89311055161364	5.71297779812314	3.90630960555428
1.58083466849775	3.16472114137484	1.91653315022507
1.66628519111925	1.08339055466545	0.161745632104982
3.20744640268559	1.25123979552911	1.50759136339361
3.5034714274815	2.65506981002518	0.50965133134966
1.46181429770352	2.64591439688716	-0.717174029144732
2.6489662012665	4.6997787441825	0.784313725490196
1.80056458381018	3.79644464789807	-0.0701915007248035
1.99588006408789	6.95506218051423	2.78629739833677
0.161745632104982	6.80247196154726	1.83413443198291
-1.00709544518196	5.76180666819257	-0.860608834973678
-1.4679179064622	4.72114137483787	-0.234988937209125
-3.45159075303273	5.32845044632639	-1.76394293125811
-1.2664988174258	6.01510643167773	-0.756847486076142
-1.0101472495613	4.78828107118334	-0.411993591210803
-0.411993591210803	5.21553368429084	1.46486610208286
1.39772640573739	7.60204470893416	4.72724498359655
-0.491340505073625	6.01205462729839	3.2318608377203
1.51369497215228	4.99580376897841	3.14030670634012
1.15358205539025	5.54818036163882	2.51773861295491
1.93789578088045	4.83405813687343	1.73037308308537
1.51979858091096	2.65201800564584	0.711070420386053
0.692759594110018	0.476081483176928	-0.430304417486839
1.01625085831998	-0.985732814526589	0.552376592660411
-1.48012512397955	-2.38956282902266	-0.0732433051041428
1.62966353856718	-0.134279392690929	2.38345922026398
-0.408941786831464	-0.289921416037232	3.65300984206912
-0.576791027695125	-0.0122072175173571	2.64286259250782
4.50751506828412	2.95414663920043	5.37117570763714
4.01312275883116	1.25429159990845	5.47798886091402
0.985732814526589	0.244144350347143	6.90928511482414
2.34988937209125	2.11184863050278	4.87373159380484
4.8706797894255	2.09658960860609	6.3935301747158
3.99176012817578	3.65606164644846	3.69268329900053
5.44747081712062	6.57053482871748	4.46478980697337
5.97238117036698	9.17372396429389	3.87884336614023
2.58182650492103	8.46265354390784	1.23598077363241
0.0915541313801785	8.60608834973678	-1.54116121156634
0.326543068589303	6.40268558785382	-0.674448767833982
0.0671396963454643	6.14633401998932	0.451667048142214
0.973525597009232	5.58785381857023	2.91752498664836
3.52788586251621	5.81979095140002	4.29999237048905
0.955214770733196	2.96330205233845	2.71610589761196
-0.369268329900053	1.14747844663157	1.08339055466545
1.02845807583734	-0.738536659800107	-1.33363851377127
-1.42214084077211	-1.26955062180514	-2.77714198519875
0.433356221866178	-2.20035095750362	-1.90737773708705
0.704966811627375	-1.33974212252995	-1.50453955901427
-0.04272526131075	-0.354009308003357	-0.479133287556268
1.48012512397955	-0.360112916762036	-0.0885023270008393
1.82192721446555	-1.05287251087205	-0.411993591210803
2.41397726405737	-0.845349813076982	0.390630960555428
0.741588464179446	-1.6235599298085	2.91447318226902
-1.60219729915312	-2.13321126115816	2.78934920271611
-3.17692835889219	-0.634775310902571	0.970473792629892
-1.2817578393225	0.714122224765393	0.643930724040589
-0.750743877317464	1.2817578393225	1.00404364080262
-1.53200579842832	1.99893186846723	0.244144350347143
0.454718852521553	1.52590218966964	1.69985503929198
-2.17288471808957	0.518806744487678	2.93888761730373
0.433356221866178	1.05897611963073	5.12397955291066
-0.4272526131075	0.784313725490196	4.37628747997253
-4.76691844052796	-0.799572747386893	0.378423743038071
-1.91958495460441	0.375371938658732	1.73952849622339
-2.85343709468223	-1.18410009918364	1.0955977721828
-1.48928053711757	-0.247196154726482	1.80361638818952
-2.8900587472343	-1.40688181887541	2.34683756771191
-1.76089112687877	-1.16273746852827	1.59304188601511
-0.00915541313801785	-0.924696726939803	-0.393682764934768
-1.70595864805066	0.622568093385214	-3.26848249027237
-2.13015945677882	-0.180056458381018	-3.51873044937819
-1.1261158159762	1.22072175173571	-2.89311055161364
-2.3071641107805	0.686655985351339	-2.11184863050278
-1.24818799114977	1.35805294880598	-0.610360875867857
-0.665293354695964	0.430304417486839	-0.244144350347143
-2.28274967574578	-1.52895399404898	-0.497444113832303
-4.36713206683452	-0.903334096284428	-2.50247959105821
-3.97955291065843	-0.701915007248035	-3.14335851071946
-3.79644464789807	0.0549324788281071	-2.80766002899214
-5.64888990615702	2.02639810788128	-2.89311055161364
-3.76592660410468	3.80865186541543	-0.97962920576791
-1.15053025101091	5.07820248722057	0.192263675898375
0.112916762035554	4.92256046387427	0.317387655451286
-0.796520943007553	5.6244754711223	2.74357213702602
-0.381475547417411	9.7261005569543	4.90119783321889
-0.97962920576791	10.3181506065461	5.59700923170825
-0.601205462729839	9.79934386205844	5.26131074998093
-4.13824673838407	8.82887006942855	2.62760357061112
1.09864957656214	7.51354238193332	4.16266117341878
0.976577401388571	6.59494926375219	3.18913557640955
2.17898832684825	6.10055695429923	2.11490043488212
1.77615014877546	6.25619897764553	2.42008087281605
-1.06507972838941	3.73846036469062	2.03860532539864
0.149538414587625	3.1616693369955	1.37331197070268
2.24307621881437	0.643930724040589	0.750743877317464
0.875867856870375	0.103761348897536	-0.164797436484321
1.31227588311589	1.88296330205234	0.802624551766232
-0.271610589761196	1.70595864805066	0.0366216525520714
-1.95315480277714	1.50759136339361	0.064087891966125
-3.59502555886168	0.527962157625696	-0.491340505073625
-3.80560006103609	-0.466926070038911	-0.170901045243
-4.05584802014191	-1.78835736629282	-1.31227588311589
1.74563210498207	-0.140383001449607	1.27565423056382
-0.546272983901732	-1.06507972838941	-1.02845807583734
0.247196154726482	-1.13832303349355	-1.54116121156634
1.31532768749523	-0.988784618905928	-1.44045166704814
-0.381475547417411	-2.28885328450446	-1.32448310063325
-2.24612802319371	-1.26039520866712	-1.48317692835889
-2.33463035019455	-2.50553139543755	-2.07217517357137
-3.49126420996414	-3.14946211947814	-2.15457389181353
-3.78118562600137	-1.44045166704814	-1.44350347142748
-1.00099183642329	1.3519493400473	0.76600289921416
-1.72732127870604	2.63065537499046	-0.991836423285267
-0.85145342183566	3.82085908293278	-1.8097199969482
-0.186160067139696	2.85343709468223	-3.68047608148318
1.63576714732586	1.16884107728695	-0.753795681696803
0.137331197070268	1.01930266269932	-1.04371709773404
0.207522697795071	-0.106813153276875	-0.848401617456321
1.04982070649271	-0.137331197070268	0.708018616006714
0.778210116731518	1.87075608453498	0.140383001449607
0.366216525520714	1.20241092545968	-1.26344701304646
1.15663385976959	1.84328984512093	0.137331197070268
-1.13221942473487	-0.183108262760357	-1.15358205539025
1.76699473563745	0.805676356145571	0.21362630655375
0.81177996490425	2.21560997940032	-0.558480201419089
0.201419089036393	2.07522697795071	-0.549324788281071
-2.49637598229953	1.48012512397955	-3.98870832379644
-2.11184863050278	1.12916762035554	-4.45563439383536
-2.26749065384909	-0.643930724040589	-4.02227817196918
-2.65201800564584	-2.92668039978637	-3.12809948882277
-2.1515220874342	-1.88601510643168	-1.538109407187
-4.78217746242466	-3.50652323186084	-2.96025024795911
-5.22774090180819	-3.5034714274815	-4.48615243762875
-3.8452735179675	-2.59098191805905	-5.27656977187762
-6.17074845502403	-3.56450751506828	-6.90012970168612
-5.69161516746777	-2.26138704509041	-5.8808270389868
-3.33562218661784	-2.92668039978637	-5.00190737773709
0.488288700694285	-1.54116121156634	-1.61745632104982
-2.34378576333257	0.347905699244678	-2.79240100709545
-0.89417868314641	0.787365529869535	-5.03852903028916
-0.0366216525520714	-0.112916762035554	-4.3427176317998
-2.7191577019913	1.03761348897536	-3.14030670634012
-3.53398947127489	0.173952849622339	-1.80361638818952
-2.60624093995575	-1.20241092545968	-1.2664988174258
-1.34889753566796	-0.814831769283589	-1.35805294880598
-0.140383001449607	-1.54116121156634	-2.34073395895323
3.36919203479057	0.363164721141375	-1.24208438239109
-1.2817578393225	-0.357061112382696	-4.11383230334935
-1.43129625391012	0.854505226215	-3.72930495155261
-1.24208438239109	0.335698481727321	-1.44045166704814
-1.44045166704814	1.70290684367132	-0.0488288700694285
-1.58693827725643	1.52590218966964	-0.402838178072786
0.216678110933089	1.30922407873655	-0.253299763485161
0.750743877317464	0.338750286106661	-1.79751277943084
1.00709544518196	0.396734569314107	0.247196154726482
-3.06706340123598	-2.09658960860609	-1.22072175173571
-3.0060273136492	-2.91752498664836	-0.558480201419089
-2.7191577019913	-2.92057679102769	-1.39772640573739
-1.44655527580682	-0.796520943007553	0.0976577401388571
-4.82795452811475	-1.21461814297704	-1.03761348897536
-3.3325703822385	-1.02845807583734	0.0152590218966964
-3.55535210193027	-1.2817578393225	-0.903334096284428
-1.85244525825895	-0.967421988250553	-2.09658960860609
-1.89211871519036	-0.527962157625696	-3.29900053406577
-0.109864957656214	1.37636377508202	-0.964370183871214
-0.659189745937285	2.78324559395743	-2.17898832684825
-1.17189288166629	3.71099412527657	-0.613412680247196
-1.19325551232166	2.28274967574578	-0.582894636453803
0.4272526131075	1.66933699549859	0.735484855420768
-3.31425955596246	-1.84939345387961	-0.271610589761196
-3.42412451361868	0.222781719691768	-1.35500114442664
-1.06813153276875	-0.943007553215839	-3.26543068589303
-1.80056458381018	-0.00610360875867857	-3.60112916762036
-0.653086137178607	0.89723048752575	-3.14335851071946
1.40688181887541	1.92568856336309	-2.1210040436408
1.0406652933547	-0.119020370794232	-2.08438239108873
1.48012512397955	-0.363164721141375	-1.36415655756466
-1.24208438239109	-2.18509193560693	-1.55947203784237
-0.546272983901732	-3.16777294575418	-1.04982070649271
0.0671396963454643	-1.33363851377127	-2.34378576333257
0.180056458381018	-0.659189745937285	-2.67338063630121
0.900282291905089	2.38345922026398	-2.23086900129702
2.86564431219959	5.72823682001984	-0.396734569314107
3.76287479972534	6.05783169298848	0.567635614557107
4.05584802014191	5.12092774853132	2.09658960860609
3.09758144502937	5.92965590905623	1.62966353856718
4.55939574273289	5.56038757915618	2.50553139543755
2.79545281147478	4.80659189745937	0.72632944228275
4.01922636758984	6.64072632944228	1.42824444953079
0.173952849622339	5.06904707408255	0.393682764934768
-0.0488288700694285	4.5288776989395	-0.332646677347982
2.22781719691768	3.11284046692607	-0.0305180437933928
3.72625314717327	2.00503547722591	2.90226596475166
0.0488288700694285	0.521858548867018	2.5482566567483
-0.717174029144732	0.04272526131075	1.59914549477379
1.88906691081102	0.0274662394140536	0.161745632104982
2.35294117647059	0.650034332799268	-0.311284046692607
-0.445563439383536	-1.46181429770352	-2.45975432974746
1.28786144808118	1.26344701304646	-1.37941557946136
2.3773556115053	2.4078736552987	-0.109864957656214
2.71610589761196	2.48416876478218	1.55642023346304
1.60219729915312	1.01625085831998	1.23598077363241
0.543221179522393	0.338750286106661	1.62966353856718
0.155642023346304	1.97146562905318	3.3173113603418
-0.170901045243	2.79240100709545	2.75272755016403
0.900282291905089	2.97245746547646	4.25116350041962
0.268558785381857	3.32646677347982	0.93690394445716
2.17288471808957	3.34172579537652	1.92263675898375
2.09658960860609	3.57671473258564	0.152590218966964
2.29800869764248	3.30205233844511	0.357061112382696
1.65102616922255	3.0060273136492	1.20851453421836
0.650034332799268	3.89715419241627	1.54726482032502
0.161745632104982	4.76386663614862	2.19424734874495
0.21362630655375	4.25116350041962	2.65506981002518
-1.50759136339361	1.03761348897536	0.4272526131075
-1.19935912108034	1.78835736629282	0.238040741588464
-1.95925841153582	-0.488288700694285	-0.357061112382696
-0.653086137178607	-1.97756923781186	-1.74258030060273
0.601205462729839	-2.1515220874342	-1.92874036774243
1.11696040283818	-2.2919050888838	-3.10978866254673
1.81582360570687	-1.16884107728695	-1.15358205539025
2.45365072098878	-1.22377355611505	-0.115968566414893
-1.96841382467384	-2.16983291371023	-1.39162279697871
-1.98672465094987	-3.3173113603418	-1.91653315022507
-2.11490043488212	-5.01411459525444	-2.33463035019455
-1.32448310063325	-5.42305638208591	-2.82291905088884
-1.89211871519036	-4.77912565804532	-3.18608377203021
0.701915007248035	-0.302128633554589	-0.949111161974517
1.92568856336309	2.02029449912261	2.92362859540703
-0.628671702143893	3.84222171358816	3.70489051651789
-1.03761348897536	3.71709773403525	5.99984740978103
-2.50247959105821	2.31631952391852	5.1972228580148
-4.95918211642634	-2.27054245822843	0.518806744487678
-5.98458838788434	-3.30205233844511	-1.8951705195697
-6.23178454261082	-5.37422751201648	-6.07614251926451
-5.39559014267186	-7.19615472648203	-7.57152666514076
-3.04570077058061	-5.58480201419089	-7.26634622720684
-3.02433813992523	-2.33157854581521	-4.91340505073625
0.500495918211643	0.219729915312428	-0.146486610208286
-3.17387655451286	0.63782711528191	1.12306401159686
-0.064087891966125	0.527962157625696	3.21965362020295
-0.9399557488365	-0.714122224765393	2.35904478522927
-2.27969787136645	-1.73037308308537	1.89211871519036
-1.4526588845655	-3.46379797055009	-1.10170138094148
0.320439459830625	-3.13115129320211	-2.221713588159
0.949111161974517	-2.06301976043336	-4.26947432669566
1.83108262760357	-2.17593652246891	-6.43930724040589
1.70595864805066	-3.53704127565423	-4.15960936903944
1.80361638818952	-2.86869611657893	-0.674448767833982
1.88906691081102	-2.17593652246891	2.86869611657893
2.37430380712596	-0.747692072938125	6.71396963454643
2.02029449912261	0.7690547035935	6.87876707103075
1.40077821011673	1.3519493400473	4.07110704203861
5.83199816891737	3.91851682307164	3.41802090486
3.45769436179141	4.0161745632105	-1.07423514152743
5.15144579232471	6.77500572213321	-0.0488288700694285
3.95819028000305	6.86655985351339	-0.408941786831464
3.38139925230793	7.05271992065309	-0.784313725490196
3.64385442893111	3.95513847562371	0.866712443732357
-1.22072175173571	0.558480201419089	-0.399786373693446
-1.92874036774243	0.305180437933928	-0.268558785381857
2.42618448157473	2.32852674143587	3.13725490196078
1.14137483787289	4.03143358510719	4.60822461280232
1.59304188601511	6.10971236743725	4.21759365224689
1.8646524757763	5.07209887846189	1.44045166704814
1.53200579842832	2.52994583047227	-0.0579842832074464
-0.320439459830625	-0.506599526970321	-0.704966811627375
-0.534065766384375	-1.94705119401846	-2.92973220416571
1.11696040283818	-1.27260242618448	-1.25429159990845
2.48111696040284	-0.375371938658732	1.7944609750515
0.00915541313801785	-0.21362630655375	2.64591439688716
0.268558785381857	1.13832303349355	1.51064316777295
0.76600289921416	-0.799572747386893	2.39566643778134
-0.9399557488365	0.686655985351339	3.0914778362707
-3.4027618829633	-0.125123979552911	1.05897611963073
-1.70595864805066	-0.442511635004196	2.73136491950866
-2.09964141298543	0.396734569314107	2.15457389181353
-0.708018616006714	2.76188296330205	3.02433813992523
1.66323338673991	3.97344930189975	3.32951857785916
3.247119859617	5.08735790035859	2.25833524071107
5.53292133974212	4.22674906538491	2.19424734874495
6.7353322652018	5.56343938353552	1.58083466849775
3.5736629282063	3.68047608148318	-0.387579156176089
2.77409018081941	4.07721065079728	-0.689707789730678
-0.46997787441825	2.59098191805905	-0.817883573662928
-2.4933241779202	3.19523918516823	-1.30006866559854
-1.5533684290837	4.07110704203861	-0.0457770656900893
-4.10467689021134	3.83916990920882	-0.0122072175173571
-1.56252384222171	2.3224231326772	3.32646677347982
-2.53299763485161	2.82597085526818	3.38139925230793
0.201419089036393	1.65712977798123	2.2369726100557
1.78225375753414	0.399786373693446	1.08644235904479
-0.21362630655375	-1.56557564660105	-1.68154421301595
0.546272983901732	-2.05996795605402	-2.72831311512932
1.23292896925307	-1.9653620202945	-5.02021820401312
3.75371938658732	-0.100709544518196	-3.10673685816739
3.19829098954757	0.292973220416571	-1.80056458381018
1.196307316701	1.06813153276875	-1.00709544518196
4.60212100404364	1.73952849622339	0.0579842832074464
1.71206225680934	-0.839246204318303	-0.405889982452125
0.59510185397116	0.943007553215839	-1.30006866559854
3.12199588006409	1.40688181887541	-0.271610589761196
2.01113908598459	2.95719844357977	-1.58693827725643
2.14541847867552	3.87273975738155	-0.665293354695964
1.48622873273823	1.91653315022507	-2.47501335164416
1.59914549477379	0.125123979552911	-1.72732127870604
1.56862745098039	-1.12306401159686	0.100709544518196
1.06507972838941	-0.439459830624857	0.549324788281071
2.34073395895323	-0.55542839703975	1.74868390936141
0.909437705043107	0.50965133134966	0.549324788281071
-0.564583810177768	0.85145342183566	-1.04982070649271
-4.01312275883116	-0.836194399938964	-2.44144350347143
-5.75875486381323	-3.97955291065843	-4.55024032959487
-6.20431830319677	-4.22980086976425	-4.70588235294118
-4.5990691996643	-3.63469901579309	-3.0914778362707
-5.87472343022812	-3.51873044937819	-2.25223163195239
-3.13115129320211	-1.68459601739528	-2.15457389181353
-2.68253604943923	-0.500495918211643	-3.28374151216907
-3.42412451361868	0.430304417486839	-5.30403601129168
-4.76386663614862	1.16273746852827	-5.54207675288014
-1.91042954146639	1.9501029983978	-4.62348363469902
-2.86869611657893	1.91958495460441	-4.45563439383536
-3.52483405813687	0.601205462729839	-3.30510414282444
-0.631723506523232	-1.00404364080262	-0.592050049591821
-2.54520485236896	-2.04470893415732	-2.06912336919203
-0.122072175173571	-0.943007553215839	-2.80766002899214
-1.23598077363241	-1.10170138094148	-4.36102845807584
-0.814831769283589	-0.0915541313801785	-4.99885557335775
-2.20340276188296	-0.00305180437933928	-4.91340505073625
-0.576791027695125	-0.326543068589303	-4.82185091935607
-1.1261158159762	-1.07118333714809	-3.05485618371862
-1.51674677653162	-1.87685969329366	-2.61844815747311
-1.73647669184405	-0.460822461280232	-2.52689402609293
-1.8097199969482	-0.89417868314641	-3.84222171358816
-0.158693827725643	-1.22987716487373	-5.49935149156939
-1.0101472495613	-0.704966811627375	-6.89707789730678
-1.21766994735637	-3.33867399099718	-6.41794460975052
-3.33867399099718	-4.21149004348821	-5.97238117036698
-2.78019378957809	-3.25627527275502	-6.32028686961166
-3.46990157930877	-4.40070191500725	-7.34569314106966
-0.912489509422446	-1.66933699549859	-5.3681239032578
-2.31937132829786	-0.0457770656900893	-5.92355230029755
-1.65712977798123	-0.7690547035935	-5.15144579232471
-0.387579156176089	0.238040741588464	-2.40482185091936
0.521858548867018	0.366216525520714	-2.050812542916
1.20546272983902	-1.01930266269932	-1.58388647287709
0.2563515678645	-0.399786373693446	-1.12306401159686
-2.13931486991684	-1.99893186846723	-4.72114137483787
0.424200808728161	-0.466926070038911	-4.4281681544213
0.89723048752575	0.430304417486839	-3.51567864499886
1.67849240863661	0.662241550316625	-3.53398947127489
4.443427176318	1.4679179064622	-0.81177996490425
4.62348363469902	0.930800335698482	0.161745632104982
3.45769436179141	-0.814831769283589	-0.323491264209964
1.57778286411841	-0.836194399938964	-0.115968566414893
-0.38452735179675	-0.933852140077821	0.0854505226215
-1.37026016632334	0.820935378042267	-0.149538414587625
-1.51979858091096	2.71305409323262	-2.27054245822843
0.970473792629892	3.68352788586252	-2.61234454871443
4.41901274128328	4.20843823910887	0.0305180437933928
1.97146562905318	2.40177004654002	0.775158312352178
3.37834744792859	1.68459601739528	0.802624551766232
3.72625314717327	-1.35805294880598	1.02845807583734
1.70595864805066	-1.62966353856718	1.29091325246052
-0.759899290455482	-1.93484397650111	-0.463874265659571
-1.06813153276875	-0.732433051041428	-1.23903257801175
1.07728694590677	0.588998245212482	0.924696726939803
0.177004654001679	1.7242694743267	0.744640268558785
2.92668039978637	1.81277180132753	1.64797436484321
2.62149996185245	0.488288700694285	-1.50148775463493
1.72121766994736	0.366216525520714	-1.31532768749523
2.73746852826734	0.98268101014725	0.0549324788281071
1.1261158159762	1.8646524757763	0.244144350347143
-0.119020370794232	2.39566643778134	0.363164721141375
2.09964141298543	2.49027237354086	1.22377355611505
1.56557564660105	3.25932707713436	1.85244525825895
1.64187075608453	1.84939345387961	0.604257267109178
2.69474326695659	1.93484397650111	0.00610360875867857
0.604257267109178	1.0101472495613	-2.39871824216068
-0.97962920576791	-0.790417334248875	-5.18806744487678
-0.924696726939803	-1.0406652933547	-5.49935149156939
-1.73342488746471	-1.07423514152743	-5.95712214847028
0.653086137178607	0.372320134279393	-5.86251621271076
1.48317692835889	1.66628519111925	-3.32341496910048
0.756847486076142	5.2674143587396	-2.10574502174411
0.98268101014725	6.7505912870985	0.115968566414893
0.689707789730678	6.14023041123064	-0.732433051041428
-1.73952849622339	2.82597085526818	-1.32143129625391
-1.91348134584573	2.75577935454337	-0.0793469138628214
-3.8452735179675	2.48111696040284	-2.65201800564584
-3.37224383916991	2.14541847867552	-2.83817807278553
0.0885023270008393	3.77508201724269	-1.97756923781186
-2.55436026550698	2.71000228885328	-3.5736629282063
-1.01930266269932	4.15960936903944	-3.11589227130541
-1.25123979552911	1.60219729915312	-1.7792019531548
-1.03761348897536	0.762951094834821	-1.92874036774243
-2.4933241779202	0.625619897764553	-2.37125200274662
-2.98466468299382	1.01930266269932	-2.41092545967803
0.466926070038911	1.90127412832837	-1.196307316701
2.67338063630121	3.02433813992523	-0.573739223315785
3.09758144502937	4.29999237048905	-0.9399557488365
3.85137712672618	5.41390096894789	-1.05592431525139
2.45365072098878	2.73136491950866	-0.961318379491875
1.03150988021668	-0.146486610208286	-1.48012512397955
-0.354009308003357	-1.69069962615396	-3.19523918516823
0.741588464179446	-0.473029678797589	-0.659189745937285
-0.98268101014725	-0.112916762035554	-1.64187075608453
-1.14747844663157	2.392614633402	-1.03761348897536
1.1261158159762	2.89921416037232	-1.33363851377127
1.67849240863661	1.40077821011673	-1.81887541008621
3.63164721141375	1.51674677653162	-0.210574502174411
2.98161287861448	0.643930724040589	0.985732814526589
2.85038529030289	0.119020370794232	1.99588006408789
-1.50148775463493	-0.155642023346304	0.0885023270008393
-3.3478294041352	0.463874265659571	-2.29800869764248
-4.29999237048905	0.445563439383536	-2.92668039978637
-2.89311055161364	2.2064545662623	-3.33867399099718
-1.10170138094148	3.32036316472114	-1.80666819256886
3.11589227130541	4.63569085221637	0.845349813076982
2.47501335164416	5.39864194705119	2.33463035019455
5.17586022735943	6.19516289005875	3.13725490196078
5.15144579232471	4.16876478217746	2.13321126115816
4.11993591210803	4.82795452811475	0.479133287556268
5.16365300984207	6.70176241702907	2.04165712977798
3.79339284351873	7.13511863889525	-1.26039520866712
0.830090791180285	4.75165941863127	-1.48622873273823
-2.49942778667887	2.61844815747311	-2.1210040436408
-4.785229266804	1.14747844663157	-3.12809948882277
-2.57267109178302	0.399786373693446	-1.77615014877546
-3.44243533989471	-0.653086137178607	-1.01319905394064
0.0946059357595178	2.35904478522927	-0.366216525520714
1.94094758525978	1.66628519111925	-0.653086137178607
3.76897840848402	1.00404364080262	-1.46486610208286
1.6083009079118	-1.42519264515145	-0.933852140077821
0.192263675898375	-3.08537422751202	-2.67948424505989
0.29907682917525	-4.41901274128328	-3.13420309758144
-3.03044174868391	-6.34470130464637	-4.01007095445182
-3.40581368734264	-6.45151445792325	-4.33356221866178
-4.06195162890059	-6.38742656595712	-6.152437628748
-4.54718852521553	-7.19005111772335	-6.36301213092241
-3.69268329900053	-5.65499351491569	-4.49835965514611
-1.39772640573739	-3.32036316472114	-1.29396505683986
-4.52582589456016	-1.39467460135805	-2.07522697795071
-1.75783932249943	-0.888075074387732	-0.0762951094834821
-0.247196154726482	-0.985732814526589	-1.40383001449607
-0.0762951094834821	-1.83718623636225	-0.0122072175173571
0.216678110933089	-0.604257267109178	0.183108262760357
0.653086137178607	-0.198367284657053	0.335698481727321
0.59510185397116	-1.85549706263828	1.99588006408789
1.05897611963073	-0.677500572213321	1.54116121156634
-0.411993591210803	-0.558480201419089	0.814831769283589
1.81887541008621	-0.375371938658732	1.51369497215228
-0.930800335698482	-0.866712443732357	0.369268329900053
-1.43434805828946	0.122072175173571	0.021362630655375
-2.5787747005417	-0.967421988250553	-0.0854505226215
-2.43228809033341	-1.47402151522087	-1.00099183642329
0.173952849622339	0.183108262760357	0.839246204318303
0.344853894865339	0.521858548867018	1.28480964370184
0.0274662394140536	0.857557030594339	1.80666819256886
-0.100709544518196	-0.0274662394140536	0.918593118181125
-0.900282291905089	1.57167925535973	2.42923628595407
-2.1362630655375	1.25123979552911	2.11795223926146
-2.86259250782025	0.604257267109178	2.03250171663996
-4.37628747997253	0.89723048752575	1.92568856336309
-5.67330434119173	1.30006866559854	0.268558785381857
-7.01915007248035	-2.34378576333257	-2.07522697795071
-7.08628976882582	-2.17288471808957	-3.32646677347982
-3.99481193255512	-2.88395513847562	-3.21660181582361
-0.280766002899214	0.100709544518196	0.0854505226215
-0.869764248111696	1.25429159990845	0.933852140077821
1.16884107728695	1.96841382467384	3.21355001144427
-0.411993591210803	0.686655985351339	1.58388647287709
-0.985732814526589	-0.488288700694285	0.454718852521553
-0.173952849622339	0.186160067139696	-0.0946059357595178
-1.55947203784237	-1.52590218966964	-1.70595864805066
-0.888075074387732	-1.04371709773404	-3.57061112382696
-0.921644922560464	-0.442511635004196	-2.02029449912261
-2.21866178377966	-1.41908903639277	-0.662241550316625
-3.77813382162203	-2.72831311512932	-1.20546272983902
-2.20035095750362	-4.05584802014191	1.51979858091096
-1.83413443198291	-5.56038757915618	0.698863202868696
-2.09658960860609	-7.02525368123903	0.72327763790341
-4.64484626535439	-6.98863202868696	-2.18814373998627
-1.99588006408789	-7.27550164034485	-2.08743419546807
-2.53910124361028	-7.71496147096971	-2.60929274433509
-2.1515220874342	-6.64072632944228	-1.09254596780346
-0.100709544518196	-4.15350576028077	1.29396505683986
-3.65606164644846	-3.63164721141375	0.241092545967803
-2.12405584802014	-1.96231021591516	0.997940032043946
-1.58693827725643	-1.9806210421912	1.13832303349355
-1.79751277943084	-3.33562218661784	0.405889982452125
-0.842298008697642	-1.29396505683986	0.601205462729839
3.0609597924773	-2.89311055161364	1.84939345387961
1.28786144808118	-3.70183871213855	0.787365529869535
1.9653620202945	-3.19523918516823	0.0244144350347143
3.94903486686503	-1.99893186846723	0.152590218966964
3.88494697489891	-2.09964141298543	1.26344701304646
4.83100633249409	0.0976577401388571	4.13519493400473
1.51979858091096	-0.790417334248875	1.7792019531548
2.35904478522927	-1.00099183642329	0.064087891966125
1.51979858091096	-4.38849469748989	-0.973525597009232
-0.396734569314107	-4.83710994125277	-2.86564431219959
-0.793469138628214	-4.1870756084535	-4.33966582742046
0.457770656900893	-3.62249179827573	-3.53704127565423
2.2064545662623	-1.54421301594568	-0.268558785381857
-0.103761348897536	0.418097199969482	0.491340505073625
-0.540169375143053	-0.335698481727321	2.56046387426566
-1.0955977721828	-1.34279392690929	2.21866178377966
-1.88601510643168	-0.650034332799268	1.5228503852903
-1.39467460135805	0.543221179522393	1.05897611963073
-0.195315480277714	0.430304417486839	2.32852674143587
-2.60624093995575	2.2369726100557	0.775158312352178
-0.988784618905928	2.45059891660945	-2.59403372243839
1.00099183642329	3.42107270923934	-0.424200808728161
0.674448767833982	4.6845197222858	0.207522697795071
1.07423514152743	4.41901274128328	2.66117341878386
1.84939345387961	3.65300984206912	2.17288471808957
2.4628061341268	4.75165941863127	1.97451743343252
2.02029449912261	5.17280842298009	1.75173571374075
1.09864957656214	4.56549935149157	2.31631952391852
0.0305180437933928	3.66216525520714	1.49233234149691
2.39566643778134	2.62149996185245	1.58083466849775
2.17593652246891	0.228885328450446	0.04272526131075
3.19523918516823	-1.59304188601511	-0.686655985351339
2.81071183337148	-1.42824444953079	-1.97451743343252
2.69169146257725	-1.44045166704814	-0.628671702143893
0.80872816052491	-0.848401617456321	-0.183108262760357
1.44960708018616	-1.30617227435721	0.180056458381018
-0.918593118181125	-2.11184863050278	0.997940032043946
-2.65201800564584	-2.93583581292439	-0.9399557488365
-1.39467460135805	-5.59090562294957	-3.21049820706493
-0.759899290455482	-4.7699702449073	-2.55741206988632
-1.57167925535973	-3.21355001144427	-1.9501029983978
-0.158693827725643	-2.734416723888	-0.286869611657893
-0.415045395590143	-2.82291905088884	0.494392309452964
-1.77615014877546	-2.89616235599298	-0.448615243762875
0.338750286106661	-1.61135271229114	0.317387655451286
2.00503547722591	-0.622568093385214	1.75173571374075
2.80155642023346	1.879911497673	1.44350347142748
2.14541847867552	2.59708552681773	0.653086137178607
2.76798657206073	2.82597085526818	1.60524910353246
3.56450751506828	3.51567864499886	0.674448767833982
3.77508201724269	-0.317387655451286	-0.0885023270008393
2.55436026550698	0.772106507972839	0.665293354695964
3.16472114137484	1.6937514305333	1.06507972838941
2.88395513847562	0.677500572213321	1.44960708018616
2.12710765239948	1.04982070649271	2.28274967574578
-1.43434805828946	1.15358205539025	2.99382009613184
-1.13221942473487	1.50453955901427	4.19928282597086
-1.11390859845884	2.41702906843671	2.8351262684062
-2.76493476768139	2.37430380712596	2.50247959105821
-2.60318913557641	1.85854886701762	3.04875257495994
-1.2664988174258	-0.234988937209125	3.17998016327153
-0.280766002899214	-0.915541313801785	4.37933928435187
-1.08339055466545	-2.53299763485161	3.63469901579309
-0.607309071488518	-0.805676356145571	5.4383154039826
-0.964370183871214	0.219729915312428	4.71198596169986
-3.09452964065003	1.07423514152743	3.03044174868391
-0.72632944228275	1.22987716487373	4.55329213397421
-1.37941557946136	-0.0946059357595178	2.06301976043336
-1.44960708018616	-0.958266575112535	1.40383001449607
-2.93583581292439	-0.347905699244678	0.97962920576791
-2.16067750057221	-0.500495918211643	-1.15663385976959
-3.38139925230793	-1.50759136339361	-1.55031662470436
-1.58388647287709	-0.692759594110018	-0.183108262760357
0.0183108262760357	-0.72327763790341	1.32753490501259
0.152590218966964	-1.01930266269932	1.77004654001678
1.33363851377127	0.451667048142214	2.06912336919203
0.320439459830625	0.98268101014725	1.08949416342412
1.01319905394064	1.67238879987793	1.00404364080262
0.842298008697642	1.08644235904479	0.582894636453803
-0.341802090486	-2.05386434729534	-1.33974212252995
-0.0854505226215	-3.64690623331044	-1.49538414587625
-1.44350347142748	-5.13618677042802	-1.66933699549859
-3.36308842603189	-4.26642252231632	-1.37636377508202
-4.26337071793698	-3.35088120851453	0.89723048752575
-4.17792019531548	-1.22072175173571	2.77714198519875
-2.83817807278553	-0.76600289921416	2.3773556115053
0.0915541313801785	0.625619897764553	3.02738994430457
0.292973220416571	0.567635614557107	1.87380788891432
0.189211871519036	2.17898832684825	-0.387579156176089
-3.22880903334096	0.790417334248875	-2.96940566109712
-0.186160067139696	2.2369726100557	1.16578927290761
0.222781719691768	4.35492484931716	2.30106050202182
1.08339055466545	3.61638818951705	4.34882124055848
2.85954070344091	4.92256046387427	4.45258258945602
2.43533989471275	4.956130312047	1.27565423056382
1.01319905394064	2.80155642023346	-1.13832303349355
0.433356221866178	2.34073395895323	-3.07927061875334
0.698863202868696	1.47096971084154	-5.12397955291066
2.44144350347143	1.57167925535973	-3.86663614862287
3.10368505378805	3.70489051651789	-1.49233234149691
3.87884336614023	2.392614633402	1.03456168459602
4.93781948577096	1.53505760280766	2.67643244068055
1.24818799114977	0.576791027695125	0.421149004348821
-0.411993591210803	-0.192263675898375	-0.341802090486
-1.71816586556802	-2.2369726100557	-0.823987182421607
-4.30304417486839	-2.42008087281605	-1.61135271229114
-2.20035095750362	-1.68764782177462	-0.503547722590982
-4.80354009308003	-2.45365072098878	-0.674448767833982
-3.64690623331044	-4.1870756084535	1.24513618677043
-2.92668039978637	-5.42915999084459	0.335698481727321
-2.88700694285496	-4.02532997634852	0.146486610208286
-2.67032883192187	-1.49843595025559	0.585946440833143
-2.24612802319371	-1.46486610208286	0.89723048752575
-2.96940566109712	0.686655985351339	0.872816052491035
-2.20340276188296	0.515754940108339	0.921644922560464
0.292973220416571	0.317387655451286	1.5228503852903
0.561532005798428	1.99282825970855	1.0955977721828
3.88799877927825	0.958266575112535	2.27054245822843
0.622568093385214	0.396734569314107	2.35599298084993
-0.970473792629892	-0.430304417486839	2.14847028305486
-0.143434805828946	-1.38857099259937	1.68459601739528
-3.51873044937819	-2.77409018081941	0.180056458381018
-4.77302204928664	-0.323491264209964	1.13832303349355
-2.16983291371023	1.18715190356298	2.93888761730373
-1.57167925535973	1.83718623636225	2.55130846112764
-2.69474326695659	1.96841382467384	2.2369726100557
-4.08331425955596	0.0122072175173571	0.842298008697642
-2.32547493705653	-2.26443884946975	-0.21362630655375
-3.71709773403525	-4.3427176317998	-0.515754940108339
-5.3528648813611	-5.16670481422141	-0.494392309452964
-6.71396963454643	-5.90524147402152	-1.90737773708705
-6.98863202868696	-6.21042191195544	-1.68154421301595
-5.60311284046693	-6.28366521705959	-2.67643244068055
-4.09552147707332	-5.69771877622644	-3.17692835889219
-3.47905699244678	-5.55733577477684	-2.92973220416571
-2.07827878233005	-2.79850461585412	-2.91447318226902
-3.47295338368811	-4.40070191500725	-3.47295338368811
-2.27664606698711	-2.24307621881437	-0.0518806744487678
-2.17288471808957	-1.3824673838407	-1.40077821011673
-0.540169375143053	-0.561532005798428	-1.61440451667048
1.65712977798123	4.00701915007248	0.155642023346304
3.79034103913939	6.61631189440757	1.78225375753414
2.05691615167468	5.83504997329671	0.915541313801785
-0.38452735179675	2.96635385671778	-2.35294117647059
-0.241092545967803	1.1261158159762	-3.0914778362707
-0.839246204318303	-0.149538414587625	-2.94804303044175
-4.10772869459068	-0.668345159075303	-2.98771648737316
-3.70489051651789	0.0823987182421607	-2.34378576333257
-4.23590447852293	0.430304417486839	-1.79140917067216
-5.25520714122225	0.0732433051041428	-1.32143129625391
-3.57061112382696	-1.2664988174258	-1.34889753566796
-2.77409018081941	-2.16678110933089	-0.799572747386893
-2.51163500419623	-1.68764782177462	-1.92263675898375
1.34279392690929	-0.643930724040589	-0.50965133134966
0.9399557488365	-0.567635614557107	-0.38452735179675
-0.375371938658732	-1.42519264515145	-0.878919661249714
3.42412451361868	1.16273746852827	1.95925841153582
1.47707331960021	-1.43434805828946	1.25123979552911
1.52895399404898	0.161745632104982	2.28885328450446
1.48928053711757	-0.653086137178607	1.0406652933547
-1.40383001449607	-3.07011520561532	0.704966811627375
-1.86160067139696	-4.84626535439078	-1.68764782177462
-2.14541847867552	-6.52170595864805	-2.905317769131
1.50148775463493	-1.96231021591516	0.296025024795911
1.81887541008621	0.985732814526589	3.10368505378805
1.98672465094987	2.83207446402686	4.35187304493782
1.26039520866712	5.04768444342718	5.36507209887846
-0.0488288700694285	4.94697489890898	5.639734493019
0.0152590218966964	6.38132295719844	6.23483634699016
1.65712977798123	6.0669871061265	5.15449759670405
1.64187075608453	5.06904707408255	3.45464255741207
1.48622873273823	4.72419317921721	2.81376363775082
1.30922407873655	4.50141145952544	2.39871824216068
-1.36110475318532	3.63164721141375	2.61539635309377
-1.34584573128862	1.54421301594568	2.17593652246891
-0.405889982452125	0.344853894865339	0.543221179522393
-2.52384222171359	-0.729381246662089	-1.14137483787289
-0.634775310902571	0.68055237659266	-0.561532005798428
-0.0396734569314107	1.96231021591516	-1.43434805828946
0.59510185397116	2.68253604943923	-0.741588464179446
-0.0823987182421607	2.45670252536812	1.08339055466545
0.546272983901732	3.91241321431296	4.87373159380484
0.158693827725643	1.5228503852903	6.82383459220264
0.234988937209125	-0.292973220416571	5.42000457770657
1.49843595025559	-0.29907682917525	4.99885557335775
3.61028458075837	1.43434805828946	3.21660181582361
3.49736781872282	2.15457389181353	2.19119554436561
2.27359426260777	2.50858319981689	0.402838178072786
4.81879911497673	4.54718852521553	2.66727702754253
-1.79140917067216	2.08743419546807	1.85854886701762
-2.69474326695659	0.964370183871214	2.61539635309377
-1.025406271458	-0.244144350347143	5.2674143587396
-2.89921416037232	-0.244144350347143	4.77302204928664
-1.45876249332418	-0.152590218966964	3.76287479972534
-1.64187075608453	0.735484855420768	3.076218814374
-3.09758144502937	0.872816052491035	0.433356221866178
-4.37323567559319	-0.402838178072786	-1.54726482032502
-5.45052262149996	-2.36209658960861	-2.54520485236896
-8.25207904173343	-7.64171816586557	-4.85236896314946
-5.57564660105287	-6.9062333104448	-2.39566643778134
-4.4281681544213	-5.39559014267186	-2.27969787136645
-0.329594872968643	-3.25627527275502	1.64492256046387
-1.55031662470436	-2.14847028305486	1.37636377508202
0.485236896314946	-0.399786373693446	2.13931486991684
2.22476539253834	0.0457770656900893	0.955214770733196
3.99176012817578	-1.40688181887541	1.5533684290837
0.393682764934768	-2.42008087281605	-0.68055237659266
0.866712443732357	-3.01213092240787	-1.77309834439612
2.36209658960861	-3.81475547417411	-1.50453955901427
4.16571297779812	-1.50453955901427	-0.570687418936446
2.87479972533761	-1.3519493400473	1.60219729915312
2.27359426260777	-1.48928053711757	4.3427176317998
1.15358205539025	-0.378423743038071	4.07415884641794
-0.347905699244678	-1.07118333714809	4.52277409018082
0.823987182421607	-0.952162966353857	4.59601739528496
-0.488288700694285	-1.23598077363241	2.45365072098878
-0.872816052491035	-0.21362630655375	1.47402151522087
2.17898832684825	1.03150988021668	2.23086900129702
0.924696726939803	0.842298008697642	1.6083009079118
-2.10269321736477	-1.13527122911421	-1.00099183642329
-3.92156862745098	-1.74258030060273	-2.37430380712596
-3.06706340123598	-1.44045166704814	-0.933852140077821
-3.62249179827573	-2.34988937209125	-0.280766002899214
-1.30312046997787	0.164797436484321	3.12809948882277
-2.16372930495155	1.16578927290761	5.39253833829252
-0.320439459830625	3.05180437933928	5.47188525215534
-0.399786373693446	2.48722056916152	5.00801098649577
-1.10475318532082	0.955214770733196	2.91752498664836
-1.50759136339361	-1.0406652933547	0.784313725490196
-1.66323338673991	-2.3773556115053	-0.338750286106661
0.296025024795911	-4.03143358510719	-1.49538414587625
0.262455176623178	-5.2124818799115	-2.34988937209125
-0.283817807278553	-3.56755931944762	-1.43129625391012
0.381475547417411	-2.53910124361028	0.411993591210803
2.29495689326314	-2.10574502174411	2.13321126115816
1.8646524757763	-1.79751277943084	1.66018158236057
0.109864957656214	-2.45975432974746	0.448615243762875
-0.341802090486	-2.61539635309377	0.250247959105821
-0.350957503624018	-2.47196154726482	-1.07423514152743
-0.158693827725643	-2.07522697795071	-3.34172579537652
-0.946059357595178	-2.24612802319371	-3.57061112382696
-0.292973220416571	-3.28068970778973	-4.0009155413138
0.55542839703975	-2.60929274433509	-1.71206225680934
2.51163500419623	-0.183108262760357	-0.820935378042267
2.34378576333257	-1.00404364080262	-1.05287251087205
2.22781719691768	-0.305180437933928	-0.805676356145571
-0.064087891966125	-0.512703135729	-1.80666819256886
-1.5228503852903	-3.58281834134432	-3.90630960555428
-1.44045166704814	-6.47592889295796	-3.72930495155261
-3.63775082017243	-7.48302433813993	-3.41496910048066
-5.8655680170901	-7.90112153810941	-3.81170366979477
-2.13321126115816	-7.26634622720684	-2.3773556115053
-2.11184863050278	-6.15854123750668	-3.10978866254673
0.689707789730678	-4.81269550621805	-0.994888227664607
0.152590218966964	-2.52384222171359	-0.781261921110857
1.5228503852903	-1.61745632104982	-0.311284046692607
0.225833524071107	-3.29900053406577	-1.51064316777295
-1.49843595025559	-5.13008316166934	-1.80361638818952
-1.90737773708705	-5.14229037918669	-1.71816586556802
1.26344701304646	-4.25421530479896	0.604257267109178
1.69069962615396	-4.51056687266346	2.08438239108873
1.92263675898375	-2.58793011367971	3.35698481727321
2.96025024795911	-1.25429159990845	1.95315480277714
3.076218814374	0.72632944228275	1.97146562905318
1.68764782177462	-0.244144350347143	2.71610589761196
3.15556572823682	-1.04982070649271	0.0915541313801785
2.64286259250782	-0.393682764934768	-0.799572747386893
-0.665293354695964	-1.91653315022507	-3.0060273136492
0.717174029144732	-2.8046082246128	-1.81887541008621
-2.39566643778134	-3.13725490196078	-3.59502555886168
-1.92568856336309	-4.32440680552377	-3.96429388876173
-0.991836423285267	-4.55329213397421	-3.35088120851453
-0.622568093385214	-4.00396734569314	-4.11688410772869
1.64492256046387	-3.03959716182193	-4.40070191500725
-0.0518806744487678	-4.06500343327993	-5.81673914702068
0.210574502174411	-4.23285267414359	-6.64377813382162
0.302128633554589	-3.68352788586252	-6.50034332799268
-1.73342488746471	-4.75165941863127	-7.006942854963
-2.00808728160525	-7.01304646372168	-5.34065766384375
-3.04264896620127	-6.51865415426871	-6.19211108567941
-0.512703135729	-4.91340505073625	-4.56244754711223
-0.497444113832303	-5.38643472953384	-5.0263218127718
0.708018616006714	-3.68047608148318	-3.01823453116655
0.415045395590143	-1.58083466849775	-1.41603723201343
2.95414663920043	-1.37941557946136	-1.94399938963912
2.88090333409628	-1.17799649042496	-1.38857099259937
1.17799649042496	0.421149004348821	-1.12306401159686
1.19935912108034	0.268558785381857	-2.00503547722591
-0.183108262760357	-1.2115663385977	-3.86968795300221
1.55947203784237	0.195315480277714	-4.56549935149157
2.99992370489052	-0.506599526970321	-3.79949645227741
2.27969787136645	2.27359426260777	-3.17998016327153
1.12001220721752	2.31937132829786	-4.00396734569314
1.44655527580682	2.10879682612345	-2.44449530785077
-1.04371709773404	-0.717174029144732	-2.67032883192187
-2.85954070344091	-0.888075074387732	-2.77714198519875
-1.82497901884489	-1.62050812542916	-3.12809948882277
-0.72327763790341	-2.93888761730373	-2.38651102464332
-2.28885328450446	-1.6083009079118	-1.33058670939193
-2.56046387426566	-0.668345159075303	-2.20035095750362
-2.71305409323262	-1.0955977721828	-1.24818799114977
-1.25734340428779	-0.198367284657053	1.17494468604562
-1.32448310063325	0.839246204318303	-1.22072175173571
3.19829098954757	1.4679179064622	0.350957503624018
4.16266117341878	1.09254596780346	1.367208361944
4.86457618066682	0.881971465629053	-0.0549324788281071
4.33356221866178	-0.415045395590143	-1.48317692835889
2.96940566109712	-2.66727702754253	-2.03860532539864
0.201419089036393	-2.39566643778134	-4.19012741283284
0.488288700694285	-1.99893186846723	-6.32944228274968
-0.0152590218966964	-1.22682536049439	-7.51049057755398
0.55542839703975	-0.842298008697642	-6.19211108567941
-2.80155642023346	-3.41802090486	-6.66819256885634
-2.60013733119707	-3.30510414282444	-4.29388876173037
-1.80361638818952	-2.42618448157473	-3.28679331654841
-1.18715190356298	-1.91653315022507	-1.24513618677043
-3.47295338368811	-2.16983291371023	-0.900282291905089
-2.13321126115816	0.347905699244678	-0.140383001449607
-4.81269550621805	0.692759594110018	-0.360112916762036
-4.22369726100557	0.308232242313268	-0.891126878767071
-3.79034103913939	-0.146486610208286	-0.231937132829786
-2.77103837644007	0.125123979552911	0.457770656900893
-2.88395513847562	-0.564583810177768	-0.854505226215
-1.30617227435721	-0.393682764934768	0.29907682917525
0.790417334248875	0.268558785381857	1.81582360570687
-0.201419089036393	0.222781719691768	2.734416723888
-1.37636377508202	2.02639810788128	2.13931486991684
-0.0762951094834821	2.85648889906157	1.49843595025559
-0.378423743038071	1.64492256046387	2.09658960860609
-1.3519493400473	0.0915541313801785	-1.82192721446555
0.787365529869535	0.250247959105821	-1.93484397650111
-0.875867856870375	-1.3824673838407	-3.33562218661784
-1.40077821011673	-2.93278400854505	-2.92973220416571
0.842298008697642	-3.59197375448234	-3.27763790341039
-0.415045395590143	-4.38239108873121	-4.97138933394369
-2.76798657206073	-6.31723506523232	-4.04974441138323
-9.13099870298314	-7.45555809872587	-5.3681239032578
-8.03540093080034	-6.78416113527123	-6.41489280537118
-9.60708018616007	-6.11886778057526	-5.54512855725948
-10.3608758678569	-4.05279621576257	-5.45052262149996
-7.46776531624323	-1.03150988021668	-4.30304417486839
-5.9510185397116	-2.18204013122759	-2.35904478522927
-2.75577935454337	0.04272526131075	-1.80666819256886
-4.14435034714275	-0.241092545967803	-1.58999008163577
-1.9653620202945	0.875867856870375	-0.997940032043946
-2.86564431219959	0.326543068589303	-2.37125200274662
-0.924696726939803	0.546272983901732	-1.71511406118868
-2.61234454871443	0.988784618905928	-2.82902265964752
-2.24002441443503	1.47402151522087	-1.1261158159762
-3.24101625085832	-1.03761348897536	-1.19325551232166
-2.09048599984741	-2.67338063630121	-1.82803082322423
0.0335698481727321	-1.87380788891432	-0.546272983901732
