-0.521858548867018	-1.88906691081102	0.424200808728161
-3.70183871213855	-3.4027618829633	-0.186160067139696
-2.68863965819791	-3.32341496910048	-1.17189288166629
-1.73342488746471	-3.36919203479057	-1.29396505683986
-3.01823453116655	-4.41596093690394	-2.96025024795911
-1.94705119401846	-4.1870756084535	-3.08537422751202
-3.15251392385748	-4.92256046387427	-3.07011520561532
-3.05180437933928	-3.52178225375753	-2.45365072098878
-1.87685969329366	-3.46379797055009	-0.9399557488365
-0.784313725490196	-1.41603723201343	0.0793469138628214
-1.91348134584573	-0.949111161974517	0.735484855420768
-0.0946059357595178	2.16067750057221	1.12916762035554
-0.418097199969482	2.58182650492103	1.36110475318532
0.326543068589303	2.734416723888	1.25734340428779
2.76188296330205	5.86251621271076	1.17189288166629
4.31525139238575	6.86350804913405	1.87075608453498
6.58884565499351	10.3425650415808	2.41397726405737
7.66308079652094	12.7809567406729	3.68657969024186
7.72106507972839	13.3974212252995	3.4882124055848
7.9468986037995	12.970168612192	3.64080262455177
7.84924086366064	12.0729381246662	3.39055466544594
7.15953307392996	10.1991302357519	3.01518272678721
5.37727931639582	10.5745021744106	3.10368505378805
5.54512855725948	10.5683985656519	3.77508201724269
4.29083695735103	10.7331960021363	3.31425955596246
2.06301976043336	10.6782635233082	3.98870832379644
0.787365529869535	8.79530022125582	3.46990157930877
-0.125123979552911	7.35484855420767	2.71000228885328
1.56862745098039	8.24902723735408	3.0914778362707
1.01319905394064	5.24910353246357	2.70389868009461
1.94399938963912	3.73846036469062	2.3773556115053
0.357061112382696	1.30617227435721	1.4373998626688
0.341802090486	-0.372320134279393	1.83718623636225
0.29907682917525	-0.354009308003357	1.42824444953079
1.34584573128862	1.05592431525139	1.60524910353246
-0.778210116731518	0.289921416037232	1.39772640573739
-0.46997787441825	-1.12001220721752	1.27870603494316
-1.54726482032502	-1.07118333714809	1.80056458381018
2.63981078812848	-0.762951094834821	1.67849240863661
-3.86968795300221	-2.42313267719539	1.05592431525139
-1.90737773708705	-1.22377355611505	1.16884107728695
0.177004654001679	0.137331197070268	0.735484855420768
-1.95925841153582	-1.88906691081102	-0.967421988250553
-1.92568856336309	-3.07927061875334	-1.86160067139696
-1.34889753566796	-3.2318608377203	-2.01419089036393
-0.494392309452964	-1.00709544518196	-1.3519493400473
-0.448615243762875	-0.988784618905928	-0.332646677347982
-0.573739223315785	2.03860532539864	0.814831769283589
0.0366216525520714	4.15045395590143	1.91348134584573
-0.869764248111696	3.00907911802853	1.14442664225223
-0.955214770733196	2.3773556115053	1.28480964370184
-0.994888227664607	3.28374151216907	1.60524910353246
-1.28480964370184	3.10063324940871	2.34378576333257
-1.43434805828946	2.98466468299382	1.23598077363241
-0.387579156176089	3.86968795300221	2.44449530785077
0.338750286106661	4.62348363469902	1.44960708018616
1.14747844663157	6.60715648126955	1.62661173418784
0.302128633554589	7.19920653086137	1.7944609750515
1.58693827725643	8.34058136873426	2.24307621881437
0.964370183871214	10.0587472343023	3.82391088731212
1.08033875028611	10.3273060196841	4.40070191500725
1.08033875028611	10.1655603875792	4.14740215152209
0.625619897764553	11.3252460517281	4.41901274128328
0.903334096284428	9.87869077592126	4.10467689021134
1.62966353856718	10.1686121919585	5.33455405508507
3.13115129320211	11.0475318532082	6.28061341268025
1.83718623636225	9.32326237888151	7.10154879072251
1.66323338673991	6.13107499809262	5.72213321126116
1.18410009918364	3.18913557640955	4.88593881132219
2.06912336919203	3.03654535744259	4.76386663614862
3.59807736324102	3.45769436179141	3.79949645227741
3.87579156176089	2.83207446402686	2.99687190051118
3.08842603189136	1.42214084077211	3.52483405813687
3.49431601434348	1.4526588845655	2.64286259250782
6.12802319371328	1.99282825970855	2.90226596475166
1.50453955901427	0.125123979552911	1.95315480277714
3.11589227130541	0.50965133134966	2.28274967574578
2.67032883192187	-0.81177996490425	2.16983291371023
2.4078736552987	-1.69680323491264	1.15968566414893
0.582894636453803	-4.2572671091783	-0.280766002899214
-0.411993591210803	-4.07415884641794	-0.63782711528191
1.91958495460441	-3.26848249027237	-1.41908903639277
0.906385900663767	-0.778210116731518	-1.31227588311589
1.90432593270771	1.00099183642329	-1.37331197070268
2.07827878233005	0.225833524071107	-1.87685969329366
2.06912336919203	-2.10574502174411	-1.44960708018616
1.61440451667048	-3.38750286106661	-2.73746852826734
-0.0701915007248035	-4.30609597924773	-1.07118333714809
-0.802624551766232	-4.33356221866178	-2.04165712977798
-2.3773556115053	-5.00495918211643	-2.86564431219959
-2.4780651560235	-2.69779507133593	-3.08537422751202
-2.71000228885328	-1.03761348897536	-3.53398947127489
-3.13725490196078	1.71206225680934	-3.21049820706493
-3.30510414282444	1.48012512397955	-2.81681544213016
-3.46074616617075	3.55840390630961	-1.04982070649271
-2.31326771953918	6.40268558785382	0.482185091935607
-1.73647669184405	6.32639047837034	1.02845807583734
-2.23392080567636	6.35080491340505	0.204470893415732
-0.122072175173571	7.50133516441596	0.238040741588464
-0.317387655451286	7.03135728999771	0.479133287556268
-0.9399557488365	7.2480354009308	1.39162279697871
-1.11390859845884	5.17891203173877	2.24307621881437
-1.7242694743267	5.51155870908675	3.36614023041123
-0.576791027695125	5.94796673533227	4.13519493400473
0.109864957656214	5.59090562294957	4.93171587701228
0.64087891966125	7.30907148851759	6.23178454261082
1.3824673838407	6.36301213092241	5.82589456015869
1.82497901884489	5.09040970473793	5.5542839703975
1.85244525825895	3.83306630045014	4.63874265659571
1.50759136339361	3.17387655451286	3.54009308003357
1.39162279697871	2.23392080567636	1.98672465094987
1.08033875028611	2.05996795605402	1.66628519111925
1.57778286411841	1.22377355611505	-0.0854505226215
1.48317692835889	0.900282291905089	0.720225833524071
-0.573739223315785	-0.360112916762036	-0.369268329900053
-0.173952849622339	-1.69985503929198	-1.25123979552911
-0.717174029144732	-3.37529564354925	-1.83413443198291
-2.66117341878386	-2.1362630655375	-1.88296330205234
-1.45571068894484	0.161745632104982	-1.84023804074159
-0.631723506523232	1.93179217212177	-2.18509193560693
-0.756847486076142	2.17288471808957	-1.48317692835889
0.366216525520714	3.9154650186923	-0.888075074387732
1.22072175173571	3.57671473258564	-0.817883573662928
0.308232242313268	3.33867399099718	-1.20241092545968
0.521858548867018	1.50759136339361	-0.85145342183566
-1.10170138094148	-0.0579842832074464	-2.03250171663996
-1.59609369039445	-2.56046387426566	-3.30815594720378
-1.18410009918364	-3.12504768444343	-3.70489051651789
-1.51674677653162	-5.34370946822309	-4.66620889600977
-2.03860532539864	-5.29488059815366	-6.22873273823148
-0.836194399938964	-5.86251621271076	-5.77706569008927
-1.16578927290761	-5.99374380102235	-6.79942015716793
-3.55840390630961	-6.84824902723735	-7.31212329289693
-4.54108491645685	-8.34058136873426	-7.85534447241932
-5.39253833829252	-9.10048065918975	-7.61120012207217
-5.74654764629587	-8.70374608987564	-7.61120012207217
-5.94796673533227	-9.52773327229725	-7.37621118486305
-6.34470130464637	-8.75257495994507	-6.79331654840925
-6.32639047837034	-8.4443427176318	-5.77401388570993
-6.86045624475471	-8.99061570153353	-6.25009536888685
-7.48302433813993	-7.2480354009308	-5.96017395284962
-7.22667277027543	-6.28061341268025	-5.47493705653468
-6.26840619516289	-4.04669260700389	-4.64789806973373
-8.35278858625162	-4.26642252231632	-4.05889982452125
-6.3782711528191	-3.43327992675669	-3.42107270923934
-5.49629968719005	-1.84634164950027	-0.918593118181125
-5.18806744487678	-1.64797436484321	-0.152590218966964
-5.30403601129168	-2.63675898374914	-0.451667048142214
-3.44548714427405	-0.274662394140536	-0.106813153276875
-1.3519493400473	-0.155642023346304	0.512703135729
0.344853894865339	1.38857099259937	0.863660639353018
0.00305180437933928	3.48516060120546	1.08339055466545
1.13221942473487	3.47295338368811	1.76699473563745
2.05386434729534	2.65201800564584	0.628671702143893
0.137331197070268	1.2115663385977	0.909437705043107
0.274662394140536	0.674448767833982	1.37941557946136
0.698863202868696	-0.347905699244678	0.63782711528191
0.878919661249714	0.228885328450446	1.40383001449607
1.49843595025559	2.8351262684062	1.36415655756466
2.95109483482109	4.80659189745937	2.26749065384909
2.3071641107805	3.69878690775921	1.97146562905318
2.61234454871443	3.62554360265507	1.18715190356298
3.05790798809796	2.58487830930037	1.64797436484321
3.3325703822385	3.79339284351873	0.567635614557107
3.82391088731212	3.03654535744259	0.863660639353018
3.48516060120546	2.9907682917525	0.405889982452125
3.76287479972534	4.20843823910887	-0.888075074387732
4.7699702449073	5.61837186236362	-0.228885328450446
4.1870756084535	5.54512855725948	-0.534065766384375
4.27862973983368	6.25925078202487	-0.646982528419928
4.04974441138323	7.62951094834821	-0.662241550316625
7.19615472648203	9.25001907377737	-0.125123979552911
1.03761348897536	7.18394750896468	1.30312046997787
1.08949416342412	5.30098420691234	0.72327763790341
1.25734340428779	3.14335851071946	1.12306401159686
0.891126878767071	2.16067750057221	-0.704966811627375
0.863660639353018	0.219729915312428	-0.0244144350347143
-0.448615243762875	-1.16884107728695	-0.701915007248035
-0.21362630655375	-1.9653620202945	-1.17494468604562
-1.02845807583734	-3.48516060120546	-1.15053025101091
-2.44754711223011	-4.08026245517662	-1.54726482032502
-3.17692835889219	-4.50751506828412	-2.16372930495155
-3.00297550926986	-5.21858548867018	-3.30510414282444
-2.60318913557641	-5.17586022735943	-2.4628061341268
-2.49942778667887	-3.9154650186923	-2.43533989471275
-2.26749065384909	-4.29999237048905	-1.18410009918364
-2.51163500419623	-4.62653543907836	-0.0396734569314107
-0.552376592660411	-0.970473792629892	1.88601510643168
0.46997787441825	1.0406652933547	2.11184863050278
1.49233234149691	2.71610589761196	2.91142137788968
2.221713588159	3.68963149462119	3.63164721141375
3.26543068589303	4.20538643472953	3.59197375448234
3.25627527275502	5.29488059815366	3.30510414282444
3.68963149462119	6.24399176012818	2.90226596475166
3.93682764934768	7.19615472648203	3.42412451361868
3.62554360265507	7.54711223010605	3.16777294575418
4.60822461280232	7.70580605783169	3.37224383916991
4.92256046387427	7.80041199359121	3.76897840848402
5.17586022735943	7.19005111772335	3.69878690775921
6.17380025940337	9.37209124895094	4.57770656900893
5.90218966964218	9.912260624094	4.98054474708171
4.83405813687343	8.2734416723888	4.26031891355764
4.73334859235523	7.88586251621271	3.85748073548486
4.63874265659571	6.96421759365225	4.25116350041962
4.85236896314946	6.71091783016709	4.41901274128328
4.52277409018082	7.50133516441596	5.56649118791485
5.41695277332723	7.24193179217212	5.33455405508507
5.29488059815366	7.43114366369116	5.39253833829252
6.17074845502403	6.8207827878233	5.1972228580148
5.26436255436027	6.57053482871748	3.64995803768978
5.88693064774548	6.47287708857862	3.46990157930877
5.3833829251545	7.85534447241932	3.31425955596246
4.74250400549325	6.70176241702907	2.15457389181353
3.98870832379644	4.97749294270237	1.21766994735637
3.35698481727321	4.66620889600977	0.646982528419928
0.830090791180285	2.61844815747311	-0.930800335698482
1.22377355611505	3.50957503624018	-0.772106507972839
-0.512703135729	4.56855115587091	0.610360875867857
-0.885023270008392	4.26031891355764	0.100709544518196
-1.17799649042496	4.25421530479896	0.805676356145571
-0.930800335698482	2.62149996185245	0.228885328450446
-0.55542839703975	3.78423743038071	0.994888227664607
0.506599526970321	4.03448538948653	0.878919661249714
0.00305180437933928	7.19615472648203	2.21255817502098
0.567635614557107	9.87869077592126	4.272526131075
1.77309834439612	12.2285801480125	5.19417105363546
3.67132066834516	15.4329747463188	6.99778744182498
2.07827878233005	14.68833447776	7.31212329289693
2.35294117647059	15.1613641565576	5.9662775616083
3.20744640268559	15.8236057068742	5.87167162584878
2.77103837644007	15.2468146791791	5.00190737773709
3.04875257495994	14.1054398413062	4.23895628290227
2.64286259250782	14.2092011902037	4.74250400549325
2.37125200274662	11.1787594415198	4.61127641718166
1.65712977798123	8.66102082856489	3.78423743038071
0.857557030594339	7.33653772793164	3.61943999389639
1.12916762035554	5.31319142442969	2.97856107423514
-1.10780498970016	3.82085908293278	1.50759136339361
-0.63782711528191	1.41298542763409	0.238040741588464
-0.250247959105821	2.14541847867552	-0.167849240863661
-0.106813153276875	2.42618448157473	0.347905699244678
-0.329594872968643	2.15457389181353	-0.827038986800946
-0.564583810177768	2.04165712977798	-1.87075608453498
-0.277714198519875	3.96429388876173	-1.01930266269932
-1.33669031815061	3.16777294575418	-1.4373998626688
-2.24002441443503	1.80666819256886	-1.1108567940795
-3.37224383916991	-0.189211871519036	-1.12001220721752
-4.14435034714275	-0.317387655451286	-0.961318379491875
-3.51262684061952	-0.863660639353018	-1.50453955901427
-2.22476539253834	-1.64797436484321	-2.17898832684825
-1.41908903639277	-1.11696040283818	-1.44045166704814
1.28786144808118	0.00610360875867857	-2.08743419546807
2.27664606698711	0.796520943007553	-1.97756923781186
0.515754940108339	1.04676890211337	-3.14335851071946
1.79751277943084	1.08339055466545	-3.33562218661784
-1.88296330205234	-0.46997787441825	-3.10063324940871
-3.28679331654841	-1.32448310063325	-2.45975432974746
-5.09346150911727	-4.26337071793698	-3.18608377203021
-5.30708781567102	-5.72823682001984	-2.392614633402
-3.61028458075837	-7.861448081178	-3.74761577782864
-8.83497367818723	-13.5133897917144	-5.51155870908675
-7.56542305638209	-14.0535591668574	-6.88487067978943
-7.80346379797055	-14.4197756923781	-7.45250629434653
-8.53894865339132	-14.8073548485542	-6.665140764477
-7.34569314106966	-9.70168612191958	-4.84321355001144
-6.30197604333562	-7.8461890592813	-3.71709773403525
-6.39963378347448	-4.87373159380484	-1.91653315022507
-4.03143358510719	-1.24208438239109	-1.06202792401007
-3.86663614862287	-0.387579156176089	-1.30006866559854
-2.91142137788968	0.543221179522393	-1.96841382467384
-1.82803082322423	-0.161745632104982	-2.39871824216068
-1.40077821011673	-1.54421301594568	-3.25017166399634
-0.628671702143893	-3.7445639734493	-3.16472114137484
-1.96841382467384	-4.47394522011139	-3.30510414282444
-3.25322346837568	-7.15342946517128	-3.01823453116655
-3.92462043183032	-7.13511863889525	-1.97756923781186
-5.55123216601816	-8.27954528114748	-0.625619897764553
-6.84214541847868	-9.45754177157244	0.241092545967803
-5.70382238498512	-7.89501792935073	2.34073395895323
-4.49530785076677	-6.14633401998932	2.42313267719539
-3.88799877927825	-7.26024261844816	2.02334630350195
-2.77103837644007	-7.44640268558785	0.360112916762036
-2.84122987716487	-6.96421759365225	-1.82192721446555
-1.61745632104982	-5.86861982146944	-2.35294117647059
-0.985732814526589	-3.92156862745098	-3.45159075303273
1.42519264515145	-2.30411230640116	-2.46585793850614
-2.21866178377966	-3.43633173113603	-1.81277180132753
-0.207522697795071	-1.17799649042496	-1.07118333714809
-0.399786373693446	-2.3773556115053	0.296025024795911
-0.387579156176089	-2.563515678645	0.524910353246357
-0.741588464179446	-2.71000228885328	0.875867856870375
-0.674448767833982	-2.80155642023346	-0.0152590218966964
-1.78530556191348	-6.17685206378271	-1.84939345387961
-3.18913557640955	-8.49011978332189	-3.1464103150988
-2.96330205233845	-7.94995040817884	-3.96124208438239
-4.70283054856184	-12.115663385977	-5.53597314412146
-4.23590447852293	-11.3374532692454	-5.84725719081407
-3.75677119096666	-10.3822384985122	-4.43427176317998
-5.5237659266041	-12.0912489509422	-5.11787594415198
-4.80659189745937	-11.8654154268711	-4.85847257190814
-5.1972228580148	-12.0424200808728	-4.63569085221637
-4.54108491645685	-13.0312046997787	-5.20637827115282
-3.76287479972534	-11.4076447699702	-4.85847257190814
-4.73945220111391	-12.0546272983902	-5.44136720836194
-2.65506981002518	-10.2754253452354	-5.54512855725948
-3.59502555886168	-8.86243991760128	-4.5288776989395
-3.0060273136492	-9.27138170443275	-4.24811169604028
-2.94804303044175	-9.71694514381628	-3.82085908293278
-4.13824673838407	-10.8552681773098	-4.48004882887007
-3.24406805523766	-12.0180056458381	-4.55634393835355
-0.0732433051041428	-10.4036011291676	-3.09452964065003
-4.24811169604028	-10.2296482795453	-3.85137712672618
-3.33562218661784	-7.81872281986725	-1.81887541008621
-2.79850461585412	-6.55222400244144	-1.14137483787289
-3.61333638513771	-5.29488059815366	-0.158693827725643
-3.930724040589	-3.91241321431296	-0.0122072175173571
-2.69474326695659	-2.29495689326314	0.0701915007248035
-1.71816586556802	0.546272983901732	0.207522697795071
0.817883573662928	3.41496910048066	1.57473105973907
-0.0366216525520714	4.02532997634852	1.78835736629282
0	4.58991378652628	2.02029449912261
0.021362630655375	2.08133058670939	1.71816586556802
0.772106507972839	0.283817807278553	1.44350347142748
-0.164797436484321	-1.84328984512093	2.28580148012512
-0.628671702143893	-2.67338063630121	2.80766002899214
0.424200808728161	-1.45876249332418	4.101625085832
1.88906691081102	3.02128633554589	4.91950865949493
2.22781719691768	4.09552147707332	4.79133287556268
4.07110704203861	6.16464484626535	5.18806744487678
5.41390096894789	6.665140764477	3.82391088731212
4.1870756084535	4.90730144197757	3.36919203479057
4.54718852521553	3.80254825665675	3.076218814374
5.91134508278019	2.79850461585412	2.24002441443503
-0.457770656900893	-1.77615014877546	1.52895399404898
0.241092545967803	-4.77607385366598	0.634775310902571
-1.05287251087205	-6.27756160830091	-0.0274662394140536
-0.5981536583505	-8.60303654535744	-0.662241550316625
-1.08033875028611	-9.89394979781796	-1.58083466849775
-1.58693827725643	-9.39040207522698	-2.04165712977798
1.60219729915312	-6.63157091630427	-1.9653620202945
0.372320134279393	-4.05584802014191	-2.72220950637064
1.23292896925307	-1.68154421301595	-1.13221942473487
2.00808728160525	1.53200579842832	-0.296025024795911
1.36110475318532	2.41702906843671	-0.714122224765393
0.827038986800946	2.51773861295491	-0.735484855420768
-0.0976577401388571	2.99382009613184	-1.49538414587625
0.262455176623178	3.56450751506828	-2.10574502174411
0.146486610208286	4.5288776989395	-2.11490043488212
1.49233234149691	7.04966811627375	-1.66933699549859
3.88494697489891	9.12184328984512	-0.915541313801785
2.69169146257725	9.32326237888151	0.524910353246357
2.85648889906157	9.91531242847334	1.17189288166629
2.02029449912261	8.89600976577401	1.2115663385977
1.14442664225223	7.30601968413825	0.399786373693446
2.0355535210193	7.59899290455482	-0.100709544518196
1.6937514305333	6.60105287251087	-1.48622873273823
2.27969787136645	6.57053482871748	-1.08033875028611
3.48210879682612	9.20424200808728	-1.28786144808118
4.48004882887007	8.99977111467155	0.451667048142214
5.5542839703975	8.99671931029221	0.363164721141375
2.02334630350195	8.69764248111696	3.0609597924773
3.87884336614023	9.1126878767071	2.85648889906157
3.77508201724269	9.52468146791791	3.85748073548486
4.88288700694286	11.1055161364157	4.46784161135271
4.14740215152209	9.56740672922866	4.272526131075
3.87273975738155	7.99267566948959	2.8351262684062
4.11688410772869	4.37628747997253	2.99992370489052
1.73342488746471	2.95719844357977	2.46585793850614
0.573739223315785	1.2115663385977	2.3071641107805
0.900282291905089	0.302128633554589	1.92263675898375
0.701915007248035	0.601205462729839	2.24917982757305
3.19218738078889	3.41496910048066	2.18814373998627
2.96025024795911	3.076218814374	1.71511406118868
3.72320134279393	4.46784161135271	2.050812542916
3.96734569314107	7.92858777752346	2.47196154726482
4.82795452811475	9.06080720225834	3.40886549172198
4.02532997634852	10.0465400167849	4.21454184786755
1.367208361944	8.91126878767071	3.46379797055009
0.112916762035554	7.70580605783169	3.25322346837568
-0.244144350347143	4.97138933394369	0.665293354695964
-1.82192721446555	1.8097199969482	-0.445563439383536
-2.85038529030289	-2.37125200274662	-2.83207446402686
-2.8900587472343	-2.42923628595407	-2.81071183337148
-2.76188296330205	-2.83207446402686	-3.84832532234684
-2.88700694285496	-2.34683756771191	-3.47905699244678
-2.56961928740368	-0.955214770733196	-2.80766002899214
-2.42313267719539	0.164797436484321	-2.69169146257725
-1.97451743343252	-1.01319905394064	-2.62760357061112
-2.61539635309377	-2.93583581292439	-3.0914778362707
-1.91958495460441	-4.64789806973373	-3.59502555886168
-2.77409018081941	-8.01098649576562	-4.16266117341878
-4.22674906538491	-12.0668345159075	-6.66208896009766
-3.759822995346	-12.5398641947051	-6.98558022430762
-4.33661402304112	-13.9925230792706	-8.28564888990616
-4.86457618066682	-14.4106202792401	-7.94995040817884
-4.52582589456016	-13.6781872281987	-6.85740444037537
-3.03349355306325	-11.9233997100786	-5.64278629739834
-2.56046387426566	-12.33234149691	-3.86968795300221
-1.90127412832837	-9.87869077592126	-2.98466468299382
-2.39871824216068	-8.26733806363012	-2.73136491950866
-0.878919661249714	-4.67841611352712	-1.3519493400473
-0.827038986800946	-2.68253604943923	-1.93179217212177
-1.68459601739528	-1.68154421301595	-2.52689402609293
-1.22682536049439	-0.747692072938125	-0.964370183871214
-0.411993591210803	-2.22476539253834	-1.13527122911421
-2.06301976043336	-4.46478980697337	-1.33669031815061
0.0335698481727321	-2.38040741588464	-0.338750286106661
0.451667048142214	-0.0335698481727321	0.524910353246357
2.35294117647059	0.466926070038911	-0.85145342183566
1.15968566414893	-1.48317692835889	-1.62966353856718
2.88090333409628	0.0274662394140536	-1.99282825970855
2.27054245822843	-1.66323338673991	-1.77004654001678
2.43839169909209	-3.01518272678721	-2.72831311512932
2.54520485236896	-1.64797436484321	-3.03654535744259
4.56244754711223	1.04982070649271	-2.54215304798962
4.81574731059739	4.21149004348821	-0.772106507972839
4.26031891355764	5.34676127260243	-1.22682536049439
5.15754940108339	5.93270771343557	-1.0101472495613
2.61539635309377	6.50644693675135	-0.305180437933928
2.49637598229953	5.91439688715953	0.0701915007248035
0.55542839703975	3.87579156176089	-0.927748531319142
-0.354009308003357	1.25734340428779	-0.552376592660411
-2.08133058670939	0.286869611657893	-1.32753490501259
-2.54215304798962	0.564583810177768	-1.65407797360189
-2.06301976043336	-0.543221179522393	-2.85343709468223
-1.26955062180514	-0.457770656900893	-3.88494697489891
-0.900282291905089	-1.50453955901427	-4.40680552376593
-0.201419089036393	-1.21461814297704	-4.80659189745937
0.0579842832074464	0.442511635004196	-3.80560006103609
-0.421149004348821	1.33974212252995	-3.76897840848402
-0.500495918211643	2.46890974288548	-2.30411230640116
0.909437705043107	3.51262684061952	-1.27870603494316
-0.195315480277714	3.30510414282444	-1.30312046997787
0.827038986800946	3.23796444647898	-0.732433051041428
1.17189288166629	0.659189745937285	-1.63576714732586
0.173952849622339	0.0457770656900893	-1.33363851377127
-1.69069962615396	-1.88906691081102	-1.85244525825895
-1.85854886701762	-2.11795223926146	-1.67544060425727
-3.37834744792859	-4.43427176317998	-2.49942778667887
-3.96124208438239	-5.73128862439918	-3.90630960555428
-3.98565651941711	-7.47692072938125	-4.82795452811475
-5.41695277332723	-8.73731593804837	-4.67536430914778
-4.44953078507668	-7.51659418631266	-3.48516060120546
-4.0009155413138	-7.24498359655146	-2.9755092698558
-3.588921950103	-7.86755168993667	-2.90836957351034
-3.75677119096666	-6.91233691920348	-2.3224231326772
-2.84428168154421	-3.74761577782864	-2.15457389181353
-1.27565423056382	-1.33363851377127	-1.12306401159686
-0.0701915007248035	0.592050049591821	-1.23903257801175
-0.247196154726482	1.20851453421836	-1.6937514305333
-0.451667048142214	1.01625085831998	-1.32448310063325
-0.314335851071946	1.93484397650111	-0.662241550316625
-0.946059357595178	0.0305180437933928	-0.830090791180285
-1.66323338673991	-0.668345159075303	0.854505226215
-0.817883573662928	0.366216525520714	1.63271534294652
0.152590218966964	2.26749065384909	1.94094758525978
1.46486610208286	2.24002441443503	0.860608834973678
-0.912489509422446	-0.540169375143053	0.454718852521553
1.09254596780346	0.0946059357595178	-0.115968566414893
0.0244144350347143	0.115968566414893	-0.0885023270008393
-0.021362630655375	-0.659189745937285	0.0549324788281071
1.22377355611505	-1.14137483787289	-0.964370183871214
0.439459830624857	-1.5228503852903	-2.03860532539864
-0.341802090486	-0.952162966353857	-3.10063324940871
1.52590218966964	-0.378423743038071	-2.4078736552987
2.16372930495155	0.613412680247196	-2.97245746547646
1.70290684367132	1.56252384222171	-1.88601510643168
1.75478751812009	2.92973220416571	-1.40688181887541
1.37331197070268	2.00808728160525	-1.44045166704814
0.89417868314641	2.08438239108873	-1.21766994735637
-1.12001220721752	0.0976577401388571	-2.26749065384909
-2.35599298084993	-1.27565423056382	-2.74357213702602
-2.45670252536812	-3.79644464789807	-5.73128862439918
-1.80056458381018	-4.43732356755932	-5.85946440833143
-2.29800869764248	-6.2073701075761	-8.23071641107805
-2.5787747005417	-7.98962386511025	-8.52368963149462
-3.80865186541543	-7.5745784695201	-7.40978103303578
-1.41908903639277	-7.37926298924239	-6.53391317616541
-1.92263675898375	-8.84412909132525	-8.10864423590448
-0.323491264209964	-7.4189364461738	-7.42809185931182
0.524910353246357	-6.07309071488518	-7.15342946517128
0.186160067139696	-7.24498359655146	-7.00389105058366
-0.311284046692607	-5.50850690470741	-6.7505912870985
-1.01625085831998	-5.43526359960327	-6.10971236743725
-1.97756923781186	-4.21759365224689	-5.67635614557107
-2.53299763485161	-1.95620660715648	-4.48310063324941
-2.05386434729534	0.485236896314946	-3.94293125810636
-2.01419089036393	2.11184863050278	-3.06401159685664
-1.69985503929198	1.879911497673	-2.87479972533761
-2.12405584802014	3.01823453116655	-2.734416723888
-1.59914549477379	2.35294117647059	-2.563515678645
-1.00404364080262	1.59914549477379	-2.52384222171359
-0.772106507972839	0.207522697795071	-2.45059891660945
-0.137331197070268	-1.06507972838941	-2.38956282902266
0.872816052491035	-1.78835736629282	-1.26039520866712
0.225833524071107	-2.15457389181353	-1.22987716487373
0.183108262760357	-2.49637598229953	-1.21766994735637
0.512703135729	-0.80872816052491	0.335698481727321
0.296025024795911	0.5981536583505	-0.201419089036393
2.34073395895323	1.10475318532082	-0.399786373693446
4.18402380407416	1.41603723201343	-0.616464484626535
3.65300984206912	-1.01625085831998	-2.03860532539864
0.830090791180285	-3.94598306248569	-3.87884336614023
0.784313725490196	-4.80964370183871	-3.45159075303273
0.98268101014725	-4.785229266804	-4.14129854276341
-1.76089112687877	-7.00389105058366	-3.62554360265507
-0.747692072938125	-5.54207675288014	-3.47905699244678
-0.350957503624018	-5.96322575722896	-2.96025024795911
0.170901045243	-5.30098420691234	-2.10879682612345
-0.265506981002518	-6.50339513237201	-2.04470893415732
-1.31227588311589	-7.97741664759289	-2.78629739833677
-0.653086137178607	-10.0801098649577	-3.21355001144427
-0.0396734569314107	-10.757610437171	-3.21660181582361
-2.09658960860609	-13.0373083085374	-4.62043183031968
-3.40886549172198	-14.4747081712062	-5.27046616311894
-2.33463035019455	-12.0607309071489	-4.52277409018082
-2.86869611657893	-10.0312809948882	-3.42412451361868
-1.95620660715648	-9.32021057450218	-2.8351262684062
-1.31227588311589	-7.52269779507134	-2.52994583047227
-0.433356221866178	-5.56954299229419	-1.91958495460441
-0.0305180437933928	-6.61631189440757	-2.65812161440452
-1.2970168612192	-8.73121232928969	-2.24917982757305
-1.74258030060273	-9.24696726939803	-2.22476539253834
-2.09353780422675	-9.66811627374685	-2.50858319981689
-2.26138704509041	-9.16151674677653	-2.18814373998627
-0.387579156176089	-6.85435263599603	-1.74868390936141
0.112916762035554	-2.61539635309377	-1.06202792401007
0.521858548867018	-1.22682536049439	-1.3519493400473
2.00503547722591	1.0101472495613	-0.927748531319142
2.08438239108873	-1.37941557946136	-1.50148775463493
1.30006866559854	-3.58281834134432	-1.22987716487373
1.3519493400473	-6.62241550316625	-2.17288471808957
1.09864957656214	-8.04455634393835	-1.94094758525978
2.31021591515984	-6.26535439078355	-1.73647669184405
2.05996795605402	-5.21858548867018	-1.03456168459602
2.24612802319371	-5.00801098649577	-0.857557030594339
3.20134279392691	-2.59708552681773	-0.872816052491035
2.10574502174411	-3.45464255741207	-0.81177996490425
1.53200579842832	-3.99481193255512	-1.92568856336309
0.579842832074464	-4.77912565804532	-1.04676890211337
0.827038986800946	-3.78423743038071	-1.47707331960021
-0.292973220416571	-4.38239108873121	-1.31227588311589
-0.149538414587625	-4.81879911497673	-0.872816052491035
0.55542839703975	-5.00801098649577	-0.357061112382696
-0.186160067139696	-4.57770656900893	0.866712443732357
-0.320439459830625	-4.06805523765927	1.34889753566796
0.473029678797589	-3.23491264209964	1.70290684367132
1.30006866559854	1.2664988174258	3.44548714427405
1.01930266269932	3.1616693369955	2.97856107423514
1.81582360570687	3.5736629282063	2.32852674143587
1.3519493400473	3.076218814374	2.07827878233005
0.775158312352178	1.88296330205234	0.207522697795071
1.20851453421836	0.00610360875867857	0.344853894865339
0.970473792629892	-1.05287251087205	-0.137331197070268
1.9501029983978	-2.32547493705653	0.433356221866178
1.14442664225223	-2.21866178377966	0.527962157625696
2.71610589761196	-1.23292896925307	1.62050812542916
2.8046082246128	-2.23086900129702	0.454718852521553
1.98672465094987	-2.05691615167468	0.970473792629892
3.16472114137484	-0.750743877317464	0.329594872968643
1.74563210498207	-0.549324788281071	0.711070420386053
1.51674677653162	-0.0579842832074464	1.50759136339361
0.784313725490196	1.13221942473487	1.67238879987793
0.830090791180285	3.31425955596246	2.21560997940032
1.48317692835889	4.80964370183871	1.66018158236057
0.628671702143893	4.84626535439078	1.80666819256886
1.61135271229114	4.15960936903944	1.20546272983902
2.60929274433509	2.85648889906157	0.973525597009232
0.515754940108339	0.167849240863661	0.738536659800107
0.625619897764553	0.161745632104982	-0.375371938658732
0.466926070038911	-0.592050049591821	-0.253299763485161
-1.05897611963073	-1.38857099259937	-0.173952849622339
-1.13221942473487	-1.196307316701	0.247196154726482
-1.93179217212177	-2.29800869764248	0.100709544518196
-1.27870603494316	-4.45563439383536	-1.2664988174258
-1.24818799114977	-5.7801174944686	-1.93789578088045
-2.00808728160525	-5.99069199664302	-1.3519493400473
-1.98367284657053	-5.88387884336614	-1.73952849622339
-2.22476539253834	-6.96726939803159	-1.53200579842832
-2.13015945677882	-7.29991607537957	-1.66628519111925
-3.60723277637903	-9.06385900663767	-1.29396505683986
-1.26039520866712	-7.79736018921187	-1.10475318532082
-1.26039520866712	-6.02426184481575	-1.51979858091096
-1.27260242618448	-5.31624322880903	-0.543221179522393
0.454718852521553	-4.0161745632105	-0.918593118181125
1.6083009079118	-1.9501029983978	-0.198367284657053
1.71206225680934	-0.46997787441825	-0.625619897764553
0.735484855420768	-1.66628519111925	-0.021362630655375
0.558480201419089	-1.65407797360189	0.329594872968643
-0.122072175173571	-4.14129854276341	-0.158693827725643
-0.994888227664607	-3.99176012817578	0.564583810177768
-0.918593118181125	-6.8207827878233	-0.888075074387732
-1.15968566414893	-7.53490501258869	-0.988784618905928
-1.29091325246052	-7.91027695124743	-1.74258030060273
-0.796520943007553	-7.41283283741512	-2.44449530785077
-1.16578927290761	-8.73121232928969	-2.56961928740368
-2.02944991226062	-9.57351033798733	-2.9907682917525
-3.28679331654841	-11.1207751583124	-3.28679331654841
-2.66117341878386	-11.8410009918364	-2.27664606698711
-2.79240100709545	-12.0881971465629	-2.4628061341268
-3.15556572823682	-11.8318455786984	-1.21461814297704
-1.80361638818952	-9.57656214236667	-1.53505760280766
-1.22987716487373	-7.82482642862592	-1.34279392690929
1.12916762035554	-5.03852903028916	-1.55947203784237
0.436408026245518	-4.80659189745937	-1.80056458381018
0.360112916762036	-3.79339284351873	-1.07118333714809
-0.314335851071946	-4.15350576028077	-1.02235446707866
-1.26039520866712	-5.17280842298009	-1.27260242618448
-2.84428168154421	-5.70687418936446	-0.72632944228275
-3.30815594720378	-6.28671702143893	-2.01724269474327
-2.72220950637064	-5.97543297474632	-1.07728694590677
-1.02235446707866	-5.51461051346609	-1.44045166704814
-0.689707789730678	-4.91645685511559	-0.250247959105821
-0.64087891966125	-3.92767223620966	0.0823987182421607
0.656137941557946	-1.91958495460441	0.732433051041428
1.96231021591516	-0.534065766384375	0.2563515678645
0.796520943007553	1.05897611963073	0.930800335698482
-0.228885328450446	0.183108262760357	0.143434805828946
-0.152590218966964	-0.292973220416571	-0.918593118181125
-1.65102616922255	-1.48317692835889	-1.26955062180514
-2.20035095750362	-2.58487830930037	-0.573739223315785
-1.44045166704814	-2.49942778667887	-1.367208361944
-2.49027237354086	-1.90432593270771	-2.10879682612345
-1.83413443198291	-1.85549706263828	-0.732433051041428
-0.216678110933089	0.289921416037232	-0.738536659800107
-1.25429159990845	0.366216525520714	-0.0549324788281071
-0.55542839703975	0.7690547035935	-1.41603723201343
-0.927748531319142	0.787365529869535	-0.683604180972
-0.274662394140536	0.677500572213321	-1.6235599298085
-0.909437705043107	-0.457770656900893	-2.26138704509041
-0.558480201419089	-0.802624551766232	-2.78629739833677
-1.06507972838941	-1.12306401159686	-2.93888761730373
-0.930800335698482	-1.38551918822004	-2.21560997940032
-1.1810482948043	-0.186160067139696	-2.050812542916
0.943007553215839	1.70901045243	-1.44960708018616
1.01625085831998	2.39871824216068	-2.13015945677882
1.57473105973907	0.561532005798428	-1.80666819256886
1.12001220721752	-1.72121766994736	-2.39566643778134
0.976577401388571	-4.3579766536965	-2.40177004654002
3.04875257495994	-5.26436255436027	-3.04570077058061
-0.80872816052491	-7.79125658045319	-0.869764248111696
0.512703135729	-6.12802319371328	-0.0701915007248035
0.93690394445716	-1.538109407187	1.65102616922255
-0.463874265659571	-0.643930724040589	1.7242694743267
-0.955214770733196	0.997940032043946	2.1210040436408
-1.48928053711757	1.49843595025559	1.94705119401846
-1.23903257801175	2.22781719691768	2.27969787136645
-1.13832303349355	1.79751277943084	1.99588006408789
-0.820935378042267	-1.10170138094148	1.49538414587625
-0.222781719691768	-0.668345159075303	2.04776073853666
0.619516289005875	1.1261158159762	2.93278400854505
2.00198367284657	1.74258030060273	2.62149996185245
1.57167925535973	2.1210040436408	2.81376363775082
2.89616235599298	5.86251621271076	2.91752498664836
3.21965362020295	8.14831769283589	2.81681544213016
4.37018387121385	11.1451895933471	3.42717631799802
3.42107270923934	8.97840848401617	1.38551918822004
3.69878690775921	8.45044632639048	1.60219729915312
4.67841611352712	7.53185320820935	1.67849240863661
0.903334096284428	4.91950865949493	1.196307316701
0.473029678797589	3.23796444647898	1.1810482948043
1.23598077363241	4.15960936903944	1.367208361944
0.747692072938125	3.53704127565423	1.6388189517052
-0.848401617456321	1.49843595025559	-0.0335698481727321
-1.12001220721752	-0.451667048142214	-2.17898832684825
-1.19020370794232	-3.8300144960708	-2.24307621881437
-3.71099412527657	-8.93263141832609	-4.38239108873121
-6.26230258640421	-12.8511482413977	-5.58785381857023
-6.86045624475471	-12.9243915465019	-4.46173800259403
-7.71496147096971	-12.6985580224308	-4.97749294270237
-5.57259479667353	-10.5439841306172	-3.21660181582361
-4.69062333104448	-8.99366750591287	-3.04875257495994
-4.69367513542382	-6.61631189440757	-2.74662394140536
-3.94598306248569	-6.33554589150835	-2.33157854581521
-2.98771648737316	-6.63157091630427	-3.66826886396582
-4.37628747997253	-8.19714656290532	-3.67132066834516
-5.5390249485008	-9.05165178912032	-3.75371938658732
-6.22568093385214	-9.43617914091707	-4.45868619821469
-5.92050049591821	-10.6172274357214	-4.13214312962539
-5.64888990615702	-10.9742885481041	-4.43427176317998
-5.7099259937438	-9.06080720225834	-3.01823453116655
-4.42511635004196	-7.43114366369116	-2.6642252231632
-4.35492484931716	-6.2378881513695	-2.72831311512932
-2.36514839398795	-4.90424963759823	-1.84328984512093
-3.32341496910048	-5.13313496604868	-2.11184863050278
-3.49736781872282	-7.12596322575723	-2.99382009613184
-2.18814373998627	-8.98451209277485	-3.11284046692607
-4.05889982452125	-8.79224841687648	-2.94804303044175
-4.59601739528496	-8.88380254825666	-2.8900587472343
-4.46478980697337	-8.71290150301366	-1.54116121156634
-4.24200808728161	-8.08422980086976	-1.14747844663157
-3.57671473258564	-7.54100862134737	-0.454718852521553
-3.13420309758144	-6.96421759365225	-0.683604180972
-2.55436026550698	-8.55420767528801	-1.73037308308537
-4.79743648432135	-9.14625772487983	-3.0914778362707
-3.42412451361868	-7.88586251621271	-3.28679331654841
-3.49736781872282	-7.80041199359121	-4.101625085832
-4.74860761425193	-6.49729152361334	-4.13824673838407
-4.26947432669566	-4.21454184786755	-3.26848249027237
-2.04165712977798	-2.69779507133593	-3.20439459830625
-1.69680323491264	-1.8646524757763	-2.60929274433509
-1.20241092545968	-1.67544060425727	-1.92263675898375
-0.021362630655375	-0.918593118181125	-0.659189745937285
0.0366216525520714	-0.964370183871214	-0.872816052491035
-0.466926070038911	-1.32753490501259	0.320439459830625
-0.497444113832303	-0.0305180437933928	0.827038986800946
-2.00503547722591	-0.0518806744487678	1.7792019531548
-1.9501029983978	0.265506981002518	2.02944991226062
-1.55031662470436	0.878919661249714	2.10879682612345
-1.32448310063325	-0.72632944228275	1.37331197070268
-1.83108262760357	-1.12916762035554	0.839246204318303
-1.98367284657053	-3.13725490196078	0.50965133134966
-1.56862745098039	-2.39871824216068	0.579842832074464
-1.91958495460441	-2.71000228885328	0.277714198519875
-1.65407797360189	-1.07728694590677	0.479133287556268
-0.708018616006714	1.1261158159762	0.888075074387732
-0.335698481727321	1.57473105973907	-0.0274662394140536
-0.503547722590982	-0.711070420386053	0.750743877317464
0.350957503624018	-3.42412451361868	-0.527962157625696
-0.732433051041428	-8.43518730449378	-1.20851453421836
-2.563515678645	-12.0302128633555	-1.66323338673991
-2.01113908598459	-12.2987716487373	-0.857557030594339
-2.76493476768139	-11.090257114519	-1.23903257801175
-1.20241092545968	-7.17479209582666	-1.04982070649271
-0.463874265659571	-4.80354009308003	-1.08033875028611
-0.0976577401388571	-2.41092545967803	-0.238040741588464
-0.445563439383536	-1.87685969329366	0.665293354695964
-1.54726482032502	-2.30411230640116	1.16273746852827
-2.56961928740368	-4.19012741283284	0.537117570763714
-1.54726482032502	-4.40375371938659	0.683604180972
-2.30411230640116	-6.91844052796216	1.15663385976959
-2.72526131074998	-5.97848477912566	1.37941557946136
-1.99282825970855	-3.19523918516823	3.19829098954757
-1.50759136339361	0.317387655451286	4.07721065079728
-1.64797436484321	3.03959716182193	4.86457618066682
-1.39467460135805	4.96528572518502	4.65400167849241
-0.631723506523232	5.82894636453803	4.50141145952544
0.0854505226215	5.7099259937438	3.30205233844511
1.78225375753414	5.90829327840085	4.05584802014191
2.11184863050278	7.4891279468986	3.36003662165255
3.57671473258564	7.2480354009308	2.53910124361028
5.42305638208591	6.44541084916457	2.73746852826734
-0.244144350347143	3.23491264209964	1.43434805828946
0.393682764934768	1.39467460135805	1.0406652933547
0.378423743038071	1.23292896925307	2.20950637064164
-1.28480964370184	0.570687418936446	2.82902265964752
-0.695811398489357	0.485236896314946	3.54314488441291
0.741588464179446	2.78629739833677	2.87479972533761
0.659189745937285	1.12001220721752	2.23392080567636
-0.830090791180285	0.12817578393225	0.442511635004196
-2.63065537499046	-2.4780651560235	-0.430304417486839
-2.17288471808957	-3.64080262455177	-1.49843595025559
-4.16876478217746	-5.86861982146944	-2.88090333409628
-3.18608377203021	-6.18600747692073	-3.62554360265507
-3.28679331654841	-4.57160296025025	-3.04264896620127
-2.37430380712596	-1.73952849622339	-2.4780651560235
-2.01113908598459	1.11390859845884	-1.9806210421912
-1.79751277943084	2.22476539253834	-1.73647669184405
-2.28274967574578	1.85244525825895	0.119020370794232
-2.08743419546807	2.09964141298543	0.387579156176089
-1.83413443198291	1.93484397650111	-0.341802090486
-1.48012512397955	0.473029678797589	0.375371938658732
-1.58388647287709	-0.558480201419089	-0.155642023346304
-1.47402151522087	-0.988784618905928	0.0732433051041428
-0.421149004348821	-1.25734340428779	-1.33974212252995
-1.32143129625391	-0.869764248111696	-1.05287251087205
-0.656137941557946	-0.961318379491875	-1.36110475318532
-3.04875257495994	-2.59403372243839	-2.02029449912261
-1.9653620202945	-0.625619897764553	-2.1515220874342
0.317387655451286	1.49538414587625	-1.56862745098039
-0.695811398489357	-0.616464484626535	-1.11390859845884
-0.650034332799268	-0.143434805828946	-0.244144350347143
-0.686655985351339	-0.112916762035554	0.457770656900893
-0.103761348897536	1.14137483787289	0.524910353246357
-0.564583810177768	-0.12817578393225	-0.418097199969482
0.323491264209964	2.21255817502098	0.103761348897536
1.0101472495613	3.55230029755093	-0.778210116731518
0.350957503624018	4.57465476462959	-0.729381246662089
0.952162966353857	2.905317769131	-1.68154421301595
0.787365529869535	-0.372320134279393	-1.49538414587625
-0.588998245212482	-3.35393301289387	-2.91447318226902
-0.393682764934768	-6.10971236743725	-3.81475547417411
-0.369268329900053	-6.95811398489357	-3.85442893110552
0.540169375143053	-6.10055695429923	-2.49942778667887
1.73647669184405	-3.53398947127489	-2.57267109178302
1.05592431525139	-0.436408026245518	-0.964370183871214
1.7242694743267	2.83207446402686	-0.234988937209125
1.71816586556802	5.21553368429084	0.329594872968643
2.29800869764248	6.71091783016709	0.0671396963454643
2.45670252536812	6.54306858930343	0.46997787441825
2.58487830930037	4.93476768139162	0.543221179522393
5.08735790035859	5.33150225070573	0.253299763485161
3.82391088731212	4.81574731059739	1.89211871519036
4.5136186770428	6.68039978637369	2.33157854581521
4.0863660639353	8.16052491035325	1.89822232394903
5.19417105363546	11.7128252079042	3.68657969024186
4.55024032959487	13.4950789654383	2.95414663920043
3.01213092240787	14.2336156252384	2.70695048447395
3.94598306248569	12.5642786297398	2.35599298084993
1.19020370794232	8.48706797894255	2.03860532539864
1.06202792401007	5.31319142442969	1.29396505683986
1.20241092545968	1.73952849622339	0.317387655451286
0.527962157625696	0.387579156176089	-0.112916762035554
0.350957503624018	-1.39162279697871	-0.943007553215839
1.19325551232166	0.411993591210803	-0.396734569314107
0.466926070038911	1.13221942473487	1.01625085831998
0.848401617456321	3.49431601434348	2.14847028305486
1.90127412832837	4.21759365224689	2.79545281147478
1.87685969329366	4.8401617456321	3.28068970778973
3.10673685816739	3.59807736324102	2.58793011367971
0.497444113832303	0.93690394445716	2.88395513847562
2.4078736552987	-0.482185091935607	2.20035095750362
0.970473792629892	-3.07927061875334	1.25123979552911
-0.274662394140536	-4.48310063324941	0.247196154726482
-1.74563210498207	-4.04669260700389	0.564583810177768
-1.12001220721752	-1.68764782177462	0.439459830624857
-1.07118333714809	1.87685969329366	1.01319905394064
-0.89723048752575	6.78110933089189	1.73342488746471
0.912489509422446	11.773861295491	2.59098191805905
2.58487830930037	13.8490882734417	2.41397726405737
3.86358434424353	13.4248874647135	3.14946211947814
3.57061112382696	11.4900434882124	3.34172579537652
1.67238879987793	8.4290836957351	3.18608377203021
0.0396734569314107	3.43327992675669	2.89616235599298
-0.888075074387732	-0.411993591210803	1.2115663385977
-2.16067750057221	-1.33669031815061	1.14747844663157
-2.91752498664836	-3.70183871213855	0.592050049591821
-2.392614633402	-1.66933699549859	0.534065766384375
-1.09864957656214	0.12817578393225	2.01724269474327
1.33974212252995	2.92362859540703	2.34073395895323
4.77912565804532	6.38742656595712	2.71305409323262
1.32448310063325	6.33554589150835	3.59807736324102
4.86762798504616	6.3782711528191	4.09857328145266
4.80659189745937	2.98466468299382	4.40070191500725
4.29999237048905	0.793469138628214	3.62249179827573
3.20134279392691	-1.12916762035554	5.18196383611811
3.73540856031128	-0.576791027695125	4.44953078507668
3.68657969024186	-0.439459830624857	4.38849469748989
3.53093766689555	2.38040741588464	3.78423743038071
2.75577935454337	5.13008316166934	2.79240100709545
3.68657969024186	6.48813611047532	3.35393301289387
3.45159075303273	6.45456626230259	1.95925841153582
3.03044174868391	5.58785381857023	2.6337071793698
2.0355535210193	4.30304417486839	2.67338063630121
1.1108567940795	3.20439459830625	3.32646677347982
1.23292896925307	3.89410238803693	5.02327000839246
2.08438239108873	4.54413672083619	4.37323567559319
3.05485618371862	7.2480354009308	5.64583810177768
3.15556572823682	7.42198825055314	4.90119783321889
3.72014953841459	7.99267566948959	5.15754940108339
3.97344930189975	8.6854352635996	4.35187304493782
2.10269321736477	5.17891203173877	3.10063324940871
1.38857099259937	3.930724040589	2.20340276188296
1.66323338673991	3.55840390630961	2.32547493705653
3.0060273136492	2.48416876478218	2.01724269474327
2.39871824216068	0.604257267109178	2.32547493705653
2.6489662012665	0.402838178072786	2.734416723888
1.92263675898375	-0.695811398489357	2.51468680857557
0.280766002899214	-4.13519493400473	1.33363851377127
-1.15358205539025	-4.66926070038911	0.2563515678645
-2.46585793850614	-4.76386663614862	0.375371938658732
-2.37125200274662	-4.53192950331884	-1.20546272983902
-1.73342488746471	-1.70290684367132	-1.08949416342412
-1.93789578088045	-4.28778515297169	-1.03456168459602
-2.3773556115053	-3.71709773403525	-1.42824444953079
-1.30312046997787	-4.90424963759823	-1.20241092545968
-1.27870603494316	-6.5796902418555	-1.54116121156634
-1.05592431525139	-7.53795681696803	-1.29396505683986
-0.601205462729839	-8.31616693369955	0.207522697795071
2.28885328450446	-6.98252841992828	0.796520943007553
-0.976577401388571	-8.80445563439384	-0.628671702143893
-0.149538414587625	-9.31715877012284	-0.286869611657893
-0.836194399938964	-9.40260929274434	-0.857557030594339
-1.75173571374075	-9.02113374532692	-0.665293354695964
-0.848401617456321	-7.22362096589609	-0.631723506523232
-0.0976577401388571	-4.60822461280232	0.448615243762875
