5.53292133974212	-0.955214770733196	-0.125123979552911
4.43427176317998	-2.20340276188296	2.42618448157473
1.63576714732586	-2.07827878233005	4.15960936903944
0.408941786831464	-0.305180437933928	7.10460059510185
0.137331197070268	1.54726482032502	9.25307087815671
-1.82497901884489	2.98161287861448	8.90211337453269
-3.13115129320211	2.83207446402686	7.46471351186389
-1.08949416342412	4.38239108873121	6.75669489585718
-1.77309834439612	2.48722056916152	3.37834744792859
-3.19218738078889	0.201419089036393	-0.839246204318303
-3.22270542458228	-0.372320134279393	-0.225833524071107
-1.90127412832837	-1.47096971084154	-1.30617227435721
-5.78316929884794	-2.92973220416571	-1.3519493400473
-5.87777523460746	-3.73540856031128	-1.48928053711757
-4.61738002594034	-5.01411459525444	-1.15968566414893
-4.76081483176928	-5.67330434119173	-0.833142595559625
-3.57976653696498	-8.6305027847715	-2.38345922026398
-0.317387655451286	-9.06691081101701	-3.22575722896162
1.66018158236057	-7.63256275272755	-4.11688410772869
2.33157854581521	-9.30800335698482	-4.40375371938659
2.42008087281605	-10.8735790035859	-7.22362096589609
1.2970168612192	-11.0078583962768	-7.30601968413825
-1.025406271458	-12.484931715877	-7.77904936293584
-3.22270542458228	-12.646677347982	-8.78309300373846
-4.91645685511559	-10.9346150911727	-7.24498359655146
-5.68245975432975	-10.3517204547189	-5.27656977187762
-5.81368734264134	-7.88891432059205	-1.00404364080262
-4.54108491645685	-4.56549935149157	2.47501335164416
-4.0863660639353	-3.22270542458228	4.26642252231632
-4.34576943617914	-1.50148775463493	5.97848477912566
-3.73846036469062	0.524910353246357	7.3182269016556
-4.37018387121385	0.964370183871214	5.27656977187762
-5.65194171053635	0.741588464179446	2.92362859540703
-6.35080491340505	0.579842832074464	1.74563210498207
-5.33760585946441	0.207522697795071	-1.05897611963073
-5.69771877622644	0.296025024795911	-2.21560997940032
-4.65094987411307	0.50965133134966	-3.50652323186084
-2.90836957351034	-0.872816052491035	-1.92263675898375
-0.177004654001679	-0.00610360875867857	-0.0488288700694285
0.473029678797589	-0.335698481727321	0.683604180972
1.03761348897536	-1.20546272983902	3.44548714427405
1.94399938963912	-1.51979858091096	-0.387579156176089
1.60219729915312	-1.367208361944	0.582894636453803
2.39871824216068	-2.58793011367971	-0.183108262760357
2.27969787136645	-3.64385442893111	-2.27969787136645
2.56046387426566	-2.1515220874342	-3.53398947127489
0.80872816052491	-1.00404364080262	-3.10368505378805
3.48210879682612	0.460822461280232	-3.00907911802853
4.22064545662623	1.05897611963073	-2.16678110933089
3.37224383916991	1.1108567940795	-1.40688181887541
3.98565651941711	0.344853894865339	1.26955062180514
2.42313267719539	0.00305180437933928	4.44953078507668
-0.149538414587625	0.0183108262760357	5.13618677042802
-0.805676356145571	0.164797436484321	4.5136186770428
-1.47402151522087	0.781261921110857	4.79133287556268
-3.02433813992523	-1.2970168612192	2.77103837644007
-3.21965362020295	-1.81887541008621	-0.344853894865339
-3.8300144960708	-3.37834744792859	-1.367208361944
-4.21454184786755	-2.78324559395743	-3.14335851071946
-4.48615243762875	-3.3325703822385	-4.01922636758984
-3.43022812237736	-2.48416876478218	-2.8046082246128
-1.89822232394903	-3.18608377203021	-4.83100633249409
0.491340505073625	-2.80155642023346	-3.86358434424353
1.33669031815061	-2.31937132829786	-4.29694056610971
4.36713206683452	-2.69169146257725	-3.51873044937819
2.55741206988632	-2.4628061341268	-3.24101625085832
0.888075074387732	-1.93484397650111	-3.86358434424353
-1.06813153276875	-1.90127412832837	-4.81574731059739
-1.62966353856718	-1.83108262760357	-3.68352788586252
-2.56656748302434	-1.8097199969482	-3.29289692530709
-3.57061112382696	-2.05691615167468	-2.26749065384909
-0.451667048142214	0.631723506523232	-1.99588006408789
1.70290684367132	1.56862745098039	0.576791027695125
-0.0610360875867857	1.43434805828946	-0.454718852521553
0.289921416037232	4.33051041428244	1.62050812542916
1.36110475318532	4.19928282597086	3.41496910048066
2.29495689326314	4.67231250476844	5.33455405508507
-0.317387655451286	3.51567864499886	4.68757152666514
-0.0823987182421607	2.28580148012512	5.43221179522393
-1.50759136339361	2.87479972533761	5.02937361715114
-1.76089112687877	1.37026016632334	4.07721065079728
-2.00503547722591	2.46890974288548	2.10269321736477
-2.17898832684825	2.22781719691768	1.38857099259937
-1.90127412832837	2.58487830930037	-0.567635614557107
-1.00404364080262	0.854505226215	-2.65812161440452
-0.585946440833143	0.720225833524071	-4.1870756084535
-0.650034332799268	-0.448615243762875	-2.82597085526818
1.68764782177462	0.393682764934768	-3.69573510337987
3.21965362020295	2.60013733119707	-2.77714198519875
4.84931715877012	1.80056458381018	-1.47707331960021
4.97444113832303	3.27763790341039	1.44655527580682
4.26947432669566	5.97543297474632	1.70290684367132
3.6743724727245	5.92050049591821	1.71206225680934
2.3071641107805	8.05065995269703	2.70389868009461
2.63675898374914	9.24086366063935	3.61028458075837
1.71511406118868	9.32326237888151	3.20134279392691
1.78225375753414	8.5145342183566	4.04669260700389
1.26955062180514	7.01609826810101	3.6743724727245
0.314335851071946	6.44235904478523	4.01922636758984
0.161745632104982	4.12298771648737	3.26543068589303
-0.671396963454643	3.02128633554589	3.57061112382696
-2.65201800564584	3.91851682307164	3.39055466544594
-2.85954070344091	2.91447318226902	2.74357213702602
-3.52178225375753	1.70901045243	3.36003662165255
-5.29182879377432	2.12405584802014	3.3325703822385
-6.14328221560998	-0.262455176623178	2.28885328450446
-4.37018387121385	-1.9806210421912	3.15861753261616
-3.77508201724269	-1.43129625391012	2.45365072098878
-1.79140917067216	-0.558480201419089	0.332646677347982
1.78835736629282	2.01419089036393	0.592050049591821
4.38239108873121	4.57770656900893	-0.827038986800946
6.5796902418555	5.24605172808423	0.216678110933089
7.31212329289693	6.85740444037537	1.28786144808118
8.41687647821775	7.64476997024491	0.735484855420768
6.28061341268025	7.0618753337911	1.03761348897536
5.46578164339666	8.25207904173343	1.92568856336309
2.99382009613184	7.05271992065309	2.83817807278553
1.76394293125811	6.62241550316625	2.69474326695659
-1.18715190356298	4.92256046387427	4.61738002594034
-0.973525597009232	4.45563439383536	2.49027237354086
-2.65812161440452	3.45464255741207	1.69069962615396
-3.17692835889219	2.68253604943923	-0.106813153276875
-2.62149996185245	1.73342488746471	-1.96841382467384
-2.45059891660945	2.09353780422675	-1.6083009079118
-2.65812161440452	2.17288471808957	-2.24307621881437
-4.29694056610971	1.62050812542916	1.88906691081102
-5.30708781567102	1.52590218966964	2.01419089036393
-4.29694056610971	1.05897611963073	3.68047608148318
-4.53192950331884	1.86770428015564	3.86663614862287
-1.62661173418784	3.37529564354925	5.52681773098344
-0.415045395590143	2.64591439688716	4.18402380407416
1.56252384222171	2.55130846112764	2.34378576333257
2.24917982757305	2.68558785381857	0.296025024795911
2.86259250782025	3.33867399099718	0.415045395590143
3.61028458075837	1.93179217212177	0.445563439383536
4.24811169604028	3.89715419241627	0.988784618905928
4.61738002594034	4.06195162890059	3.30510414282444
3.30815594720378	5.71602960250248	5.42610818646525
2.46890974288548	4.05584802014191	5.84115358205539
1.43434805828946	4.27862973983368	6.35996032654307
-1.84939345387961	3.63775082017243	5.45967803463798
-0.98268101014725	4.54413672083619	3.97650110627909
-1.28786144808118	3.08537422751202	3.51873044937819
0.424200808728161	3.8452735179675	3.03044174868391
0.711070420386053	3.14335851071946	3.48210879682612
0.347905699244678	3.19523918516823	4.87678339818418
0.4272526131075	4.06805523765927	5.06904707408255
1.21461814297704	4.04364080262455	5.44441901274128
0.854505226215	3.6743724727245	7.20531013962005
0.424200808728161	4.46173800259403	7.07408255130846
1.59914549477379	4.83405813687343	7.42809185931182
2.01419089036393	5.14534218356603	9.33241779201953
1.83718623636225	6.00595101853971	12.2377355611505
0.347905699244678	5.30098420691234	9.69863431754024
0.0305180437933928	6.72922865644312	8.33142595559625
-0.402838178072786	6.494239719234	6.40268558785382
0.0183108262760357	5.39864194705119	3.43938353551537
1.03761348897536	5.49019607843137	-0.183108262760357
3.39971007858396	6.41489280537118	0.21362630655375
2.95414663920043	6.52780956740673	1.22987716487373
3.55535210193027	7.06797894254978	1.50759136339361
3.78728923476005	8.05371175707637	2.73746852826734
2.11490043488212	7.60814831769284	4.09857328145266
1.33058670939193	7.70275425345235	4.67231250476844
-0.0671396963454643	5.76180666819257	5.20943007553216
-0.912489509422446	5.27962157625696	5.77706569008927
-3.46074616617075	4.08026245517662	4.36102845807584
-4.32440680552377	3.8452735179675	1.88296330205234
-4.4281681544213	2.05386434729534	0.29907682917525
-4.58991378652628	-0.00610360875867857	-0.653086137178607
-5.1972228580148	-1.84939345387961	-1.15358205539025
-3.30815594720378	-1.49233234149691	-1.44960708018616
-2.91447318226902	-1.879911497673	1.33974212252995
-3.35088120851453	-0.839246204318303	3.11284046692607
-1.44045166704814	1.94094758525978	6.25619897764553
0.0183108262760357	4.82490272373541	9.94277866788739
1.18715190356298	8.13305867093919	10.6111238269627
3.06706340123598	7.97436484321355	13.150225070573
4.81879911497673	9.38124666208896	13.8368810559243
6.94895857175555	10.5317769130999	14.9355306324865
5.18501564049744	9.69253070878157	15.3170061799039
6.60715648126955	7.71190966659037	13.1807431143664
5.3681239032578	6.10971236743725	11.5510795757992
4.13519493400473	5.2124818799115	7.70885786221103
3.6591134508278	3.19523918516823	3.37224383916991
2.51773861295491	1.63271534294652	0
0.915541313801785	-0.72327763790341	-1.66018158236057
-2.76188296330205	-3.14946211947814	-4.66315709163043
-5.60006103608759	-4.82490272373541	-5.50545510032807
-5.83810177767605	-5.64583810177768	-4.84626535439078
-6.65598535133898	-4.47089341573205	-5.85336079957275
-5.27046616311894	-3.82085908293278	-3.67132066834516
-5.09346150911727	-1.8951705195697	-2.71610589761196
-3.73846036469062	-2.95719844357977	-0.89723048752575
-4.43121995880064	-3.25017166399634	-3.28374151216907
-4.98664835584039	-4.74860761425193	-3.07927061875334
-6.03341725795377	-4.101625085832	-2.14847028305486
-4.5838101777676	-1.64187075608453	-0.204470893415732
-2.61844815747311	-0.335698481727321	1.77004654001678
-2.10574502174411	0.72327763790341	4.63263904783703
-0.515754940108339	2.27969787136645	8.17883573662928
2.43533989471275	6.27450980392157	9.92751964599069
5.40474555580987	9.84817273212787	11.5144579232471
7.11985961699855	12.7229724574655	11.6060120546273
8.91126878767071	16.937514305333	12.6131074998093
9.58876935988403	18.2009613183795	14.023041123064
9.77492942702373	17.6882581826505	13.7026016632334
8.26733806363012	13.1746395056077	10.5745021744106
5.56649118791485	8.69153887235828	9.33546959639887
2.53604943923095	3.759822995346	7.28465705348287
-0.701915007248035	0.436408026245518	3.05485618371862
-4.04669260700389	-3.17998016327153	-0.875867856870375
-6.92454413672084	-7.69359884031434	-3.4882124055848
-9.27443350881209	-8.21240558480201	-5.66414892805371
-10.605020218204	-7.80651560234989	-6.84824902723735
-8.01098649576562	-7.97131303883421	-6.75364309147784
-6.67429617761502	-7.68139162279698	-5.21858548867018
-5.08430609597925	-7.21446555275807	-3.4027618829633
-2.72526131074998	-4.42206454566262	-2.23086900129702
-1.91348134584573	-4.80964370183871	-0.704966811627375
-1.91348134584573	-3.90325780117494	3.17082475013352
-3.01823453116655	-1.55642023346304	4.89814602883955
-4.04669260700389	0.762951094834821	4.04974441138323
-2.62760357061112	2.11795223926146	3.89105058365759
-0.393682764934768	3.96429388876173	3.076218814374
3.00297550926986	6.33554589150835	3.26848249027237
6.4789806973373	10.25406271458	5.33150225070573
10.7240405889982	13.2570382238499	9.69863431754024
11.9996948195621	16.0036621652552	15.6404974441138
12.0790417334249	18.4512092774853	18.6923018234531
10.064850843061	19.1195544365606	19.0341039139391
9.71389333943694	19.2080567635615	17.5631342030976
7.23582818341344	19.0341039139391	15.5733577477684
6.39658197909514	16.9954985885405	11.432059205005
6.8055237659266	13.7575341420615	6.53391317616541
5.52071412222477	11.0322728313115	0.616464484626535
5.18196383611811	5.53292133974212	-2.09353780422675
3.6743724727245	1.74868390936141	-3.07316700999466
1.81277180132753	-2.49027237354086	-2.50553139543755
-1.03761348897536	-4.43732356755932	-0.311284046692607
-2.6337071793698	-7.38536659800107	1.17189288166629
-4.76386663614862	-7.99877927824826	0.317387655451286
-6.47592889295796	-7.6050965133135	-0.308232242313268
-7.06492713817044	-7.99267566948959	-3.36308842603189
-8.16357671473259	-9.33241779201953	-5.63363088426032
-7.22056916151675	-8.86549172198062	-7.20531013962005
-5.810635538262	-9.34462500953689	-8.69459067673762
-5.49629968719005	-8.73426413366903	-9.2835889219501
-2.84733348592355	-7.71190966659037	-6.67429617761502
-2.0660715648127	-5.76791027695125	-2.78934920271611
0.408941786831464	-2.92057679102769	3.25627527275502
0.146486610208286	-2.96940566109712	9.79324025329976
2.3773556115053	0.317387655451286	12.0729381246662
4.00396734569314	0.833142595559625	12.7016098268101
3.64385442893111	2.89311055161364	9.95498588540475
5.49629968719005	4.50141145952544	8.05371175707637
5.82894636453803	5.67635614557107	4.30914778362707
3.68352788586252	6.18905928130007	2.41702906843671
3.69573510337987	6.46982528419928	1.10780498970016
2.81071183337148	9.5551995117113	0.296025024795911
1.11390859845884	10.7789730678264	-0.363164721141375
0.0518806744487678	10.9437705043107	-1.05592431525139
-0.622568093385214	10.2998397802701	-1.05592431525139
-0.949111161974517	8.46570534828717	1.00099183642329
-1.8951705195697	6.14938582436866	1.19935912108034
-1.15968566414893	3.44243533989471	2.16983291371023
-0.338750286106661	1.73342488746471	1.65102616922255
2.42923628595407	0.949111161974517	1.53200579842832
2.26138704509041	1.0101472495613	0.89723048752575
1.58693827725643	-0.744640268558785	-1.84939345387961
1.37941557946136	-0.762951094834821	-2.16067750057221
0.839246204318303	-1.80666819256886	-0.900282291905089
-2.35294117647059	-3.67132066834516	-3.30205233844511
-1.27260242618448	-2.30106050202182	1.39162279697871
1.01319905394064	-3.66216525520714	7.006942854963
1.33058670939193	-3.63775082017243	10.5683985656519
3.29900053406577	-2.88395513847562	13.0495155260548
8.0018310826276	-1.08339055466545	16.0433356221866
11.4869916838331	2.2064545662623	15.5550469214923
14.6364538033112	4.07721065079728	15.1766231784543
14.2977035172045	6.13107499809262	11.7891203173877
16.2874799725338	8.6305027847715	13.6385137712673
14.8409246967269	7.81567101548791	13.1197070267796
9.55825131609064	6.79026474402991	11.5785458152132
8.92957961394675	5.30708781567102	11.7128252079042
7.06797894254978	3.50652323186084	11.2245365072099
5.70077058060578	1.68154421301595	8.76173037308309
7.73327229724575	3.25932707713436	6.55222400244144
8.2734416723888	3.45159075303273	4.21149004348821
8.31006332494087	5.88998245212482	1.54421301594568
8.32837415121691	6.7200732433051	2.53910124361028
7.25413900968948	4.95918211642634	2.24307621881437
3.82391088731212	3.36003662165255	2.24002441443503
0.122072175173571	2.00503547722591	2.74357213702602
-1.83718623636225	-2.0355535210193	0.122072175173571
-3.78423743038071	-3.0914778362707	-0.149538414587625
-3.21660181582361	-3.42412451361868	-1.45571068894484
-0.0549324788281071	-3.36919203479057	-1.19325551232166
2.392614633402	-3.69878690775921	-0.588998245212482
4.60212100404364	-2.26138704509041	1.6235599298085
5.74044403753719	0.387579156176089	2.78934920271611
6.31723506523232	2.81376363775082	4.59296559090562
3.91241321431296	3.73540856031128	7.861448081178
2.48111696040284	2.63065537499046	9.40260929274434
-1.37636377508202	2.5787747005417	11.3740749217975
-2.39566643778134	1.83718623636225	9.58266575112535
-1.41603723201343	0.482185091935607	7.7759975585565
-1.00404364080262	-0.616464484626535	2.53910124361028
1.4526588845655	-0.347905699244678	0.814831769283589
3.78728923476005	0.103761348897536	-2.06301976043336
4.06195162890059	-0.665293354695964	-4.48615243762875
3.73846036469062	-2.03860532539864	-4.92866407263294
3.06401159685664	-2.21866178377966	-5.04768444342718
1.47707331960021	-0.89417868314641	-4.35492484931716
0.271610589761196	0.81177996490425	-3.08232242313268
-1.44960708018616	-0.326543068589303	-2.50858319981689
-2.54215304798962	1.58083466849775	-1.29396505683986
-3.71709773403525	2.7191577019913	-2.06912336919203
-2.63675898374914	3.45769436179141	-2.88700694285496
-1.7792019531548	4.02227817196918	-2.82291905088884
-0.674448767833982	3.84222171358816	-2.82902265964752
3.21965362020295	1.94399938963912	-2.2919050888838
2.75272755016403	0.80872816052491	-0.448615243762875
3.30510414282444	-0.943007553215839	0.173952849622339
0.207522697795071	-3.79949645227741	-1.33974212252995
-4.48004882887007	-5.57869840543221	-1.69985503929198
-7.30907148851759	-6.76279850461585	-1.26039520866712
-9.76272220950637	-7.11680781261921	-0.775158312352178
-9.51247425040055	-8.16662851911192	0.332646677347982
-8.05371175707637	-6.96116578927291	1.538109407187
-6.72312504768444	-6.44846265354391	1.57167925535973
-4.20538643472953	-5.85641260395209	1.45571068894484
-3.83306630045014	-7.66613260090028	-0.68055237659266
-1.98367284657053	-7.21446555275807	-4.98970016021973
-1.85244525825895	-7.27855344472419	-6.07309071488518
-2.07217517357137	-6.21652552071412	-8.23682001983673
-2.09048599984741	-3.84832532234684	-8.35584039063096
-4.38239108873121	-4.60822461280232	-9.16151674677653
-7.36705577172503	-4.88288700694286	-6.10055695429923
-5.55123216601816	-6.11886778057526	-5.86861982146944
-6.65293354695964	-8.66102082856489	-6.71091783016709
-5.83199816891737	-9.49416342412451	-5.73128862439918
-4.49835965514611	-7.61730373083085	-7.53490501258869
-4.3579766536965	-5.47493705653468	-8.39856565194171
-4.15045395590143	-4.07110704203861	-7.11680781261921
-5.23384451056687	-3.37834744792859	-6.95811398489357
-6.80247196154726	-4.56549935149157	-3.3478294041352
-6.65293354695964	-4.96223392080568	-1.6388189517052
-8.71290150301366	-5.94491493095293	-1.05287251087205
-8.90821698329137	-6.43320363164721	-0.912489509422446
-6.86655985351339	-5.68245975432975	-0.0488288700694285
-5.9510185397116	-5.13618677042802	-1.39467460135805
-3.75066758220798	-4.52277409018082	-2.51773861295491
-2.2369726100557	-4.78828107118334	-1.03456168459602
-2.04470893415732	-5.30098420691234	-0.173952849622339
-2.98161287861448	-5.05683985656519	2.01724269474327
-3.36308842603189	-5.51155870908675	0.695811398489357
-6.26230258640421	-4.11993591210803	1.35805294880598
-5.75570305943389	-3.64385442893111	-0.561532005798428
-4.80659189745937	-2.31631952391852	0.00915541313801785
-4.08331425955596	0.463874265659571	-2.11184863050278
-2.40177004654002	1.43434805828946	-3.89715419241627
-1.17799649042496	1.19325551232166	-4.43121995880064
-0.268558785381857	0.64087891966125	-4.29999237048905
-0.366216525520714	0.98268101014725	-4.272526131075
0.460822461280232	0.857557030594339	-3.73540856031128
0.830090791180285	2.40482185091936	-1.56557564660105
2.69169146257725	3.94903486686503	0.451667048142214
1.44655527580682	3.0609597924773	0.00305180437933928
1.56862745098039	4.37018387121385	0.662241550316625
1.07728694590677	2.72831311512932	0.909437705043107
-0.512703135729	2.52689402609293	-1.25429159990845
-0.582894636453803	1.93484397650111	-1.35500114442664
-0.326543068589303	0.430304417486839	-1.79751277943084
-1.58388647287709	-1.02235446707866	-2.92362859540703
-4.6997787441825	-2.41397726405737	-2.45059891660945
-4.69672693980316	-4.72419317921721	0.173952849622339
-5.75265125505455	-5.59090562294957	-0.146486610208286
-6.45151445792325	-6.77195391775387	0.881971465629053
-5.38948653391318	-5.86251621271076	1.8951705195697
-3.06401159685664	-3.49736781872282	3.62554360265507
-3.08842603189136	-3.73846036469062	3.24406805523766
-3.14946211947814	-2.18204013122759	2.35294117647059
-2.21255817502098	-0.00610360875867857	1.88906691081102
-2.87785152971695	1.15358205539025	-0.204470893415732
-2.86869611657893	1.24818799114977	-1.3519493400473
-1.63271534294652	1.73952849622339	-2.6489662012665
0.234988937209125	2.77409018081941	-1.91653315022507
0.903334096284428	2.42008087281605	-1.19935912108034
3.39971007858396	2.25833524071107	-1.1810482948043
2.17593652246891	2.90226596475166	0.491340505073625
4.11688410772869	2.98771648737316	1.25734340428779
3.46990157930877	4.49530785076677	1.97451743343252
3.50652323186084	3.88494697489891	2.06912336919203
2.0355535210193	2.13931486991684	0.228885328450446
1.48928053711757	0.903334096284428	-1.91042954146639
0.741588464179446	-0.900282291905089	-3.25627527275502
-1.07728694590677	-2.55741206988632	-6.81162737468528
-1.44350347142748	-4.27862973983368	-6.14328221560998
-2.36514839398795	-5.39253833829252	-5.25215533684291
-4.956130312047	-7.53795681696803	-3.35393301289387
-7.33958953231098	-8.34973678187228	-2.30411230640116
-8.09643701838712	-8.30090791180285	1.66018158236057
-8.13916227969787	-7.29381246662089	2.33157854581521
-8.16357671473259	-5.67330434119173	3.36003662165255
-6.66208896009766	-4.29083695735103	2.41092545967803
-3.1616693369955	-1.60219729915312	3.02738994430457
-2.13321126115816	-1.08949416342412	2.17288471808957
-3.66521705958648	-1.40383001449607	-0.814831769283589
-1.74563210498207	-1.39467460135805	-0.646982528419928
-0.146486610208286	-2.03250171663996	-0.656137941557946
-1.28480964370184	-1.96231021591516	-1.8646524757763
-0.207522697795071	-1.15053025101091	-0.143434805828946
1.33363851377127	-0.125123979552911	2.11184863050278
4.03448538948653	1.77004654001678	3.91851682307164
5.5390249485008	2.69169146257725	5.59700923170825
7.28160524910353	3.72625314717327	4.94697489890898
8.50843060959792	4.3274586099031	2.27969787136645
8.09643701838712	6.57358663309682	-0.131227588311589
6.90318150606546	4.13519493400473	-3.37529564354925
2.6489662012665	2.53910124361028	-7.2632944228275
-0.186160067139696	1.63576714732586	-9.90615701533532
-2.58487830930037	-2.00503547722591	-8.3436331731136
-4.10467689021134	-3.51873044937819	-6.93675135423819
-4.65094987411307	-4.3427176317998	-2.72526131074998
-5.50240329594873	-4.10467689021134	-1.31227588311589
-6.0364690623331	-4.40985732814527	0.04272526131075
-3.96124208438239	-5.22774090180819	0.405889982452125
-5.92965590905623	-5.11482413977264	-1.23598077363241
-5.2826733806363	-5.55733577477684	-1.79751277943084
-4.50141145952544	-3.98565651941711	-2.03250171663996
-3.41191729610132	-4.05889982452125	-1.57167925535973
-4.22369726100557	-2.78324559395743	0.543221179522393
-3.38445105668727	-1.58083466849775	-0.0366216525520714
-1.66018158236057	-1.37026016632334	3.1616693369955
-0.866712443732357	-0.378423743038071	3.56145571068894
1.3519493400473	0.164797436484321	4.18402380407416
5.08430609597925	2.91752498664836	4.44647898069734
3.41802090486	2.19424734874495	2.89921416037232
3.92767223620966	0.656137941557946	1.75783932249943
2.91447318226902	0.308232242313268	0.0335698481727321
3.73846036469062	0.326543068589303	-1.58083466849775
3.01518272678721	0.283817807278553	-2.14847028305486
2.61844815747311	0.616464484626535	-3.52788586251621
5.62752727550164	2.33157854581521	-4.30609597924773
6.97947661554894	3.76287479972534	-4.55329213397421
6.88487067978943	4.39765011062791	-0.393682764934768
7.98962386511025	6.06393530174716	0.845349813076982
6.72312504768444	4.42511635004196	2.66727702754253
5.01411459525444	4.06500343327993	3.076218814374
3.26237888151369	2.43533989471275	3.77203021286336
0.411993591210803	-0.0122072175173571	0.842298008697642
-2.97856107423514	-2.71305409323262	-0.7690547035935
-0.292973220416571	-2.87174792095827	3.19523918516823
0.289921416037232	-1.12306401159686	6.91538872358282
0.778210116731518	0.80872816052491	8.96009765774014
5.0263218127718	0.93690394445716	14.1237506675822
4.75165941863127	2.12710765239948	14.1573205157549
3.78728923476005	1.01319905394064	11.8776226443885
4.08941786831464	0.357061112382696	9.8970016021973
6.75974670023651	0.0366216525520714	7.21751735713741
7.14427405203327	-0.0549324788281071	6.44235904478523
4.94392309452964	-0.360112916762036	5.24910353246357
3.98870832379644	0.772106507972839	6.21347371633478
1.9653620202945	0.515754940108339	5.45662623025864
2.61844815747311	1.23292896925307	7.71801327534905
2.6337071793698	1.08644235904479	10.2510109102007
4.93781948577096	4.12909132524605	10.0495918211643
9.40566109712367	4.26337071793698	12.2194247348745
12.115663385977	4.56549935149157	14.9355306324865
10.1136797131304	3.97344930189975	12.9396505683986
7.56847486076142	2.44144350347143	12.8999771114672
6.92454413672084	2.43839169909209	10.6782635233082
5.16670481422141	1.62050812542916	7.57152666514076
3.60723277637903	0.927748531319142	6.83909361409934
2.905317769131	2.74052033264668	7.15953307392996
3.50652323186084	2.8900587472343	7.94079499504082
5.37727931639582	2.09964141298543	10.7301441977569
5.10872053101396	2.89311055161364	12.9518577859159
6.4637216754406	5.24605172808423	13.9467460135805
6.34164950026703	4.62043183031968	12.8511482413977
7.01609826810101	4.14129854276341	12.4818799114977
5.04463263904784	2.38651102464332	9.01808194094759
2.4780651560235	1.20851453421836	3.62249179827573
1.42214084077211	-1.35805294880598	0.448615243762875
-1.61745632104982	-3.88494697489891	-5.12092774853132
-3.78118562600137	-4.02532997634852	-7.57763027389944
-2.6489662012665	-3.63775082017243	-7.4341954680705
-3.076218814374	-3.13725490196078	-3.55535210193027
-0.900282291905089	-1.15358205539025	-0.881971465629053
-1.26344701304646	0.671396963454643	1.77309834439612
1.52895399404898	0.29907682917525	2.51163500419623
2.62760357061112	2.27359426260777	2.33157854581521
0.68055237659266	2.33463035019455	0.402838178072786
-0.607309071488518	0.241092545967803	-2.80155642023346
-2.90226596475166	-1.04676890211337	-2.26443884946975
-7.86755168993667	-1.879911497673	-4.09552147707332
-6.77500572213321	-2.15457389181353	-6.35385671778439
-8.07812619211109	-2.26443884946975	-5.42000457770657
-6.70481422140841	-1.1810482948043	-4.62653543907836
-1.84634164950027	-0.161745632104982	-3.59197375448234
-1.70901045243	0.619516289005875	-1.10780498970016
-0.729381246662089	-0.466926070038911	-0.0885023270008393
-0.479133287556268	-0.451667048142214	0.146486610208286
-2.50553139543755	-0.872816052491035	0.189211871519036
-5.47798886091402	-2.78934920271611	-1.025406271458
-6.68345159075303	-5.20027466239414	-3.30205233844511
-5.90524147402152	-6.61326009002823	-5.44136720836194
-8.13305867093919	-7.52574959945068	-6.54001678492409
-4.23285267414359	-8.14526588845655	-8.53894865339132
-6.52170595864805	-8.25207904173343	-8.78919661249714
-5.51461051346609	-7.25719081406882	-8.91737239642939
-3.32341496910048	-6.33554589150835	-7.68749523155566
-2.44144350347143	-5.68856336308843	-6.58884565499351
-2.61844815747311	-4.40680552376593	-5.91744869153887
-2.37430380712596	-4.15960936903944	-3.80560006103609
-2.04776073853666	-2.93583581292439	-4.95002670328832
-4.73334859235523	-3.67132066834516	-3.46684977492943
-6.494239719234	-5.2124818799115	-4.69367513542382
-8.82276646066987	-4.53192950331884	-5.22774090180819
-10.9102006561379	-7.13206683451591	-5.79232471198596
-14.2488746471351	-7.26634622720684	-6.14328221560998
-11.7860685130083	-7.71190966659037	-7.58373388265812
-11.6426337071794	-8.87464713511864	-9.4697489890898
-11.8867780575265	-7.65087357900359	-8.72205691615167
-10.4402227817197	-7.4341954680705	-9.61623559929808
-7.71190966659037	-6.64072632944228	-10.3212024109255
-6.20431830319677	-4.76386663614862	-7.19920653086137
-6.29892423895628	-5.5542839703975	-7.52880140383001
-5.83199816891737	-5.93881132219425	-5.97848477912566
-6.45761806668193	-7.46166170748455	-5.66720073243305
-8.93873502708476	-8.59388113221942	-6.69260700389105
-7.17174029144732	-8.73121232928969	-8.95094224460212
-10.0068665598535	-8.67627985046158	-10.8949416342412
-12.0637827115282	-10.0495918211643	-10.3364614328222
-8.85938811322194	-7.64782177462425	-9.84512092774853
-6.49729152361334	-7.46776531624323	-9.27443350881209
-7.65392538338293	-6.48203250171664	-7.63866636148623
-3.59502555886168	-7.39452201113909	-5.0263218127718
-2.4780651560235	-7.90722514686809	-3.68047608148318
-2.23086900129702	-7.00389105058366	-2.95414663920043
-3.90020599679561	-9.30800335698482	-4.92561226825361
-6.55527580682078	-9.94888227664607	-4.0863660639353
-7.48607614251926	-10.5928130006867	-7.04966811627375
-9.8817425803006	-10.9132524605173	-9.01503013656825
-9.51857785915923	-11.4961470969711	-11.0749980926223
-9.84206912336919	-10.8705271992065	-7.69359884031434
-7.90417334248875	-10.8949416342412	-6.17685206378271
-7.21141374837873	-10.6721599145495	-4.61738002594034
-6.09750514991989	-9.47890440222782	-4.03753719386587
-4.03143358510719	-7.40672922865644	-1.34279392690929
-3.37834744792859	-6.81467917906462	-0.72632944228275
-4.05584802014191	-7.75768673228046	-3.10063324940871
-3.58281834134432	-4.89814602883955	-2.74662394140536
-4.3274586099031	-4.41290913252461	-2.59708552681773
2.31937132829786	-6.21347371633478	-2.18509193560693
-0.885023270008392	-6.25314717326619	-3.66826886396582
-2.27054245822843	-7.20531013962005	-4.73640039673457
-1.54726482032502	-7.50743877317464	-3.10673685816739
-4.6997787441825	-7.54100862134737	-4.42206454566262
-3.59807736324102	-7.53490501258869	-3.18608377203021
-3.19523918516823	-6.28366521705959	-2.9907682917525
-1.51979858091096	-4.26337071793698	-4.04669260700389
-1.86770428015564	-2.80155642023346	-1.28480964370184
-1.51674677653162	-2.95414663920043	-4.86762798504616
-3.93682764934768	-2.09048599984741	-4.01312275883116
-2.81681544213016	-2.85648889906157	-4.24811169604028
-2.82902265964752	-1.7792019531548	-3.39971007858396
-2.563515678645	-1.99893186846723	-2.69474326695659
-1.31837949187457	-1.79751277943084	-0.7690547035935
-1.08033875028611	-1.30617227435721	0.949111161974517
-1.80361638818952	-1.51369497215228	2.07217517357137
-0.683604180972	-1.12306401159686	1.24513618677043
0.0579842832074464	-0.656137941557946	0.775158312352178
-0.80872816052491	-2.23086900129702	-1.18715190356298
-1.03761348897536	-3.48210879682612	-1.89211871519036
-1.54726482032502	-3.87273975738155	-3.16472114137484
-2.50247959105821	-4.65400167849241	-2.8046082246128
-4.21759365224689	-4.70893415732052	-2.08438239108873
-0.799572747386893	-1.7944609750515	-1.58083466849775
-3.11284046692607	0.854505226215	-2.90836957351034
-3.17387655451286	0.924696726939803	-4.5136186770428
-1.93179217212177	0.970473792629892	-4.97138933394369
-1.64797436484321	0.228885328450446	-2.17288471808957
-2.93278400854505	-1.3519493400473	-3.05790798809796
-1.32143129625391	-2.63675898374914	-4.60517280842298
-0.521858548867018	-4.40985732814527	-2.74357213702602
0.268558785381857	-3.31120775158312	-3.76592660410468
-2.7191577019913	-3.61943999389639	-6.2928206301976
-3.37529564354925	-2.93583581292439	-7.48607614251926
-3.17387655451286	-4.04058899824521	-7.96826123445487
-3.44243533989471	-3.50652323186084	-8.44739452201114
-2.5482566567483	-4.99885557335775	-7.37926298924239
-1.73647669184405	-6.53086137178607	-6.37521934843977
-1.23903257801175	-5.25215533684291	-4.1870756084535
-2.12405584802014	-4.65400167849241	-5.981536583505
0.106813153276875	-3.88799877927825	-4.98359655146105
-1.15663385976959	-4.87678339818418	-3.73540856031128
-0.0579842832074464	-3.51262684061952	-3.98260471503777
0.921644922560464	-0.97962920576791	-2.87174792095827
1.51369497215228	-0.219729915312428	-1.84328984512093
2.99687190051118	1.30617227435721	-3.39665827420462
3.12504768444343	2.3071641107805	-0.927748531319142
3.90020599679561	4.38849469748989	-0.106813153276875
5.40474555580987	4.5838101777676	0.100709544518196
5.31929503318837	4.65400167849241	1.9653620202945
6.19211108567941	6.21347371633478	2.30106050202182
4.73334859235523	5.70687418936446	0.98268101014725
2.82291905088884	3.98870832379644	-0.225833524071107
1.23903257801175	3.61333638513771	0.46997787441825
1.47096971084154	3.02738994430457	-0.0152590218966964
0.860608834973678	1.5533684290837	-0.698863202868696
-0.949111161974517	2.55436026550698	-1.54116121156634
-0.720225833524071	1.51674677653162	-2.77714198519875
0.369268329900053	-0.375371938658732	-4.62958724345769
0.21362630655375	-1.42824444953079	-4.50446326390478
0.714122224765393	-2.87174792095827	-2.24612802319371
0.930800335698482	-0.4272526131075	-0.21362630655375
2.13015945677882	0.881971465629053	1.59304188601511
1.09864957656214	-0.280766002899214	1.82192721446555
0.534065766384375	0.943007553215839	1.98977645532921
2.18814373998627	0.46997787441825	2.25223163195239
3.94598306248569	0.369268329900053	2.31937132829786
1.92874036774243	-0.0854505226215	0.259403372243839
1.879911497673	1.33363851377127	1.19020370794232
0.527962157625696	2.04470893415732	2.63981078812848
0.497444113832303	3.10368505378805	2.16372930495155
2.34988937209125	4.53498130769818	6.10971236743725
1.43434805828946	3.86968795300221	4.98664835584039
0.0885023270008393	2.8900587472343	2.6337071793698
1.27870603494316	2.99992370489052	2.76188296330205
-1.88906691081102	0.994888227664607	-1.44960708018616
-1.42519264515145	1.51369497215228	0.708018616006714
1.03761348897536	2.84428168154421	0.781261921110857
-0.064087891966125	2.61844815747311	0.918593118181125
0.964370183871214	1.56252384222171	0.759899290455482
1.42824444953079	3.52483405813687	0.344853894865339
0.158693827725643	2.42313267719539	-2.31021591515984
0.585946440833143	1.64492256046387	-2.24917982757305
0.604257267109178	3.04570077058061	-0.643930724040589
-0.0396734569314107	5.20027466239414	0.888075074387732
0.839246204318303	5.93881132219425	1.17799649042496
-0.341802090486	5.57259479667353	2.58182650492103
1.62966353856718	7.01609826810101	1.04982070649271
2.75883115892271	6.28061341268025	1.24208438239109
4.10467689021134	4.87983520256352	0.433356221866178
3.73235675593194	3.8452735179675	0.711070420386053
-0.12817578393225	5.2124818799115	0.506599526970321
2.31937132829786	4.78217746242466	1.07118333714809
-0.543221179522393	5.02327000839246	0.613412680247196
-1.24818799114977	5.42610818646525	2.16983291371023
-0.158693827725643	3.04875257495994	1.91653315022507
0.80872816052491	2.49942778667887	3.29594872968643
0.909437705043107	0.625619897764553	2.37125200274662
0.332646677347982	1.13832303349355	2.18204013122759
1.19020370794232	3.66216525520714	1.67544060425727
2.35294117647059	5.17891203173877	2.81071183337148
1.85854886701762	7.46166170748455	3.247119859617
3.36308842603189	9.12184328984512	4.84626535439078
5.14534218356603	8.47791256580453	5.50850690470741
4.13214312962539	8.5999847409781	6.21957732509346
3.83916990920882	6.96116578927291	3.53398947127489
1.55031662470436	5.7251850156405	0.845349813076982
1.70901045243	4.96223392080568	-0.0183108262760357
0.912489509422446	4.50751506828412	0.238040741588464
1.75783932249943	3.89105058365759	-0.259403372243839
2.88090333409628	4.72419317921721	-0.244144350347143
4.43427176317998	4.8554207675288	2.99992370489052
4.86762798504616	5.08125429159991	2.98466468299382
5.39253833829252	4.06195162890059	3.88494697489891
4.88288700694286	3.20439459830625	4.94392309452964
4.24811169604028	0.854505226215	2.2369726100557
3.46379797055009	1.18715190356298	1.94094758525978
3.06401159685664	0.369268329900053	1.17799649042496
1.62661173418784	-0.219729915312428	-0.0854505226215
3.13115129320211	0.955214770733196	2.46890974288548
3.03959716182193	0.204470893415732	2.00503547722591
1.85244525825895	1.66933699549859	2.33768215457389
3.51873044937819	2.34378576333257	0.930800335698482
4.97444113832303	4.45868619821469	3.58281834134432
6.97032120241093	4.16876478217746	5.38643472953384
6.10055695429923	5.85336079957275	5.2826733806363
9.72304875257496	6.95506218051423	8.1879911497673
13.1258106355383	7.10460059510185	7.46471351186389
13.5347524223697	8.8014038300145	7.55321583886473
16.2020294499123	11.450370031281	8.374151216907
16.6903181506065	10.9040970473793	8.90516517891203
17.5906004425116	11.1512932021057	12.3994811932555
19.2538338292515	11.1421377889677	13.0586709391928
15.8327611200122	10.1136797131304	11.4106965743496
18.0544747081712	8.80750743877318	11.953917753872
18.9425497825589	8.24902723735408	11.0353246356909
18.6739909971771	9.25612268253605	10.8613717860685
18.6587319752804	10.7789730678264	13.4187838559548
15.1857785915923	9.34157320515755	11.0811017013809
17.2487983520256	8.06286717021439	10.5470359349966
15.8052948805982	8.31006332494087	11.4930952925917
13.1654840924697	7.16868848706798	9.46059357595178
13.7392233157855	7.75463492790112	11.1024643320363
13.4462500953689	7.26634622720684	10.965133134966
13.2448310063325	8.8563363088426	11.4564736400397
12.4696726939803	8.39551384756237	12.5001907377737
9.53078507667658	5.76180666819257	13.3791103990234
9.5551995117113	3.43633173113603	12.3842221713588
12.8053711757076	2.9907682917525	11.3893339436942
8.61829556725414	2.49942778667887	11.9844357976654
9.47585259784848	0.552376592660411	10.9681849393454
8.3436331731136	1.9806210421912	11.7341878385595
6.95811398489357	-0.183108262760357	11.1299305714504
6.91233691920348	-1.87075608453498	6.38437476157778
4.86152437628748	-2.78019378957809	2.44754711223011
5.36507209887846	0.354009308003357	6.28366521705959
4.52277409018082	1.58083466849775	-0.277714198519875
3.82085908293278	1.33669031815061	6.71702143892576
2.86869611657893	2.68863965819791	15.1338979171435
2.79850461585412	1.09864957656214	4.23590447852293
3.53398947127489	-0.72327763790341	-1.85549706263828
1.6388189517052	-2.46890974288548	-6.21652552071412
-2.6489662012665	-3.73846036469062	-9.58571755550469
13.7727931639582	-2.2369726100557	-7.02525368123903
6.81162737468528	-2.76493476768139	-3.12199588006409
2.35294117647059	-2.3773556115053	4.92866407263294
3.82391088731212	-2.61844815747311	0.534065766384375
15.9151598382544	-0.689707789730678	-8.63660639353017
5.17891203173877	-1.54116121156634	-18.7838559548333
-5.41390096894789	-3.20744640268559	-20.5294880598154
3.68047608148318	-3.04570077058061	-19.4125276569772
-2.96635385671778	-3.3478294041352	-9.72915236133364
-5.31013962005035	-3.48516060120546	-0.72632944228275
21.039139391165	-2.13931486991684	-3.57671473258564
-4.45563439383536	-5.39559014267186	-10.8979934386206
-10.605020218204	-6.81773098344396	-16.0250247959106
-6.74143587396048	-4.5136186770428	-19.2568856336309
-21.2497138933394	-3.44548714427405	-0.482185091935607
-20.9628442816815	-2.65506981002518	-1.20546272983902
-9.01503013656825	-1.06507972838941	-2.28274967574578
0.146486610208286	-1.13221942473487	-11.8562600137331
-7.12901503013657	-4.88288700694286	-23.3218890669108
-14.0352483405814	-7.35484855420767	-33.2799267566949
-19.5956359197375	-8.90516517891203	-32.803845273518
-17.1755550469215	-8.44739452201114	-25.3665980010681
-13.0342565041581	-8.64881361104753	-21.6372930495155
-7.62645914396887	-8.16968032349126	-23.8773174639506
-7.9468986037995	-8.57557030594339	-29.2790112153811
-7.77294575417716	-7.76684214541848	-28.7357900358587
-9.22560463874266	-8.41382467383841	-27.2068360418097
-6.31113145647364	-7.84924086366064	-23.7674525062943
-7.98352025635157	-8.48401617456321	-24.3472953383688
-7.39452201113909	-8.18493934538796	-24.457160296025
-8.09948882276646	-7.45555809872587	-27.4601358052949
-8.67017624170291	-5.73128862439918	-23.413443198291
-8.96620126649882	-3.74151216906996	-22.0523384451057
-7.519645990692	-2.31326771953918	-21.6739147020676
-7.56542305638209	-1.27565423056382	-22.0798046845197
-4.58075837338827	-2.16372930495155	-22.5955596246281
-8.53284504463264	-2.71305409323262	-22.5894560158694
-10.8186465247578	-4.82795452811475	-24.4968337529564
-10.775921263447	-5.61532005798428	-23.1021591515984
-14.9446860456245	-6.07614251926451	-22.9800869764248
-16.0952162966354	-6.44846265354391	-22.9343099107347
-13.4218356603342	-6.02731364919509	-23.5538261997406
-13.1227588311589	-6.323338673991	-23.7766079194324
-11.7219806210422	-6.27756160830091	-23.9566643778134
-8.95399404898146	-5.6244754711223	-22.919050888838
-7.73937590600443	-4.61738002594034	-22.8030823224231
-6.17380025940337	-3.36308842603189	-22.2140840772107
-3.08537422751202	-1.7944609750515	-20.5722133211261
-3.04875257495994	-1.1261158159762	-23.2883192187381
-4.86152437628748	-2.72526131074998	-18.9028763256275
-4.70283054856184	-2.36209658960861	-20.166323338674
-3.247119859617	-2.45975432974746	-19.3942168307012
-11.477836270695	-3.61333638513771	-18.5732814526589
-8.61219195849546	-3.07927061875334	-20.1235980773632
-8.02624551766232	-3.34477759975586	-22.0889600976577
-9.99160753795682	-6.26840619516289	-18.9028763256275
-5.44441901274128	-5.23689631494621	-18.4451056687266
-6.83909361409934	-6.42404821850919	-20.3616388189517
-7.10765239948119	-6.19821469443809	-18.988326848249
-7.69665064469368	-4.64484626535439	-19.9465934233616
-11.6151674677653	-4.36102845807584	-20.6546120393683
-10.2174410620279	-4.67231250476844	-19.2050049591821
-9.1432059205005	-5.31013962005035	-20.004577706569
-8.84107728694591	-6.23483634699016	-20.355535210193
-8.37720302128634	-5.67635614557107	-20.1449607080186
-7.57152666514076	-8.1025406271458	-21.6830701152056
-7.1473258564126	-5.50240329594873	-19.7695887693599
-7.03746089875639	-4.74860761425193	-19.3972686350805
-6.17685206378271	-5.34676127260243	-19.1256580453193
-4.89509422446021	-2.41092545967803	-17.593652246891
-4.22980086976425	-0.439459830624857	-15.7839322499428
-3.4882124055848	-0.643930724040589	-15.0789654383154
-5.35591668574044	-0.506599526970321	-16.2111848630503
-3.8300144960708	-0.186160067139696	-15.5245288776989
-5.15754940108339	-1.86160067139696	-15.6954299229419
-1.03150988021668	-3.14946211947814	-18.5580224307622
1.57167925535973	-3.27153429465171	-19.7604333562219
-4.88899061570153	-2.29495689326314	-16.8337529564355
-5.8655680170901	-3.04264896620127	-17.3983367666133
-7.22667277027543	-1.7242694743267	-17.8530556191348
-9.3842984664683	-1.50759136339361	-17.2365911345083
-9.81460288395514	-0.646982528419928	-17.5326161593042
-7.63866636148623	-0.466926070038911	-15.9334706645304
-1.47707331960021	0.55542839703975	-13.7453269245441
-0.588998245212482	1.16884107728695	-11.9295033188373
-0.717174029144732	0.860608834973678	-10.7545586327916
-1.18410009918364	1.13221942473487	-10.0892652780957
-0.234988937209125	1.8097199969482	-11.3893339436942
-0.994888227664607	3.12199588006409	-9.4544899671931
-1.91042954146639	4.39154650186923	-9.51857785915923
2.32852674143587	5.72213321126116	-7.77294575417716
3.10673685816739	6.6498817425803	-5.39559014267186
4.16876478217746	8.46570534828717	-3.30815594720378
3.99481193255512	9.61623559929808	-4.41596093690394
2.70695048447395	6.82993820096132	-4.37933928435187
1.9806210421912	7.006942854963	-5.05073624780652
0.994888227664607	5.10261692225528	-5.94796673533227
-0.344853894865339	2.95719844357977	-6.0669871061265
-1.31837949187457	1.62050812542916	-5.89303425650416
-1.69680323491264	1.0101472495613	-5.03242542153048
-3.63164721141375	0.952162966353857	-6.07919432364385
-4.14129854276341	1.38857099259937	-8.46265354390784
-3.72625314717327	-0.952162966353857	-9.32631418326085
-1.15053025101091	0.689707789730678	-8.26428625925078
-1.61440451667048	0.12817578393225	-9.90310521095598
-2.52689402609293	-1.21461814297704	-7.24498359655146
-3.81170366979477	-0.463874265659571	-6.00289921416037
-3.46684977492943	-0.064087891966125	-3.8300144960708
-4.94697489890898	-0.543221179522393	-5.15449759670405
-3.57976653696498	-0.9399557488365	-5.86251621271076
-3.76287479972534	-0.4272526131075	-3.91241321431296
-0.964370183871214	0.604257267109178	-3.76897840848402
-1.73647669184405	-1.34279392690929	-4.77912565804532
-3.6591134508278	-1.41298542763409	-3.32646677347982
-1.90432593270771	-1.40383001449607	-2.42618448157473
-2.20035095750362	-0.265506981002518	-1.77004654001678
-2.00808728160525	0.0183108262760357	-0.72632944228275
-1.57778286411841	0.778210116731518	-1.61745632104982
0.0610360875867857	1.23292896925307	-2.82597085526818
-0.921644922560464	2.17898832684825	-4.93476768139162
0.613412680247196	0.671396963454643	-2.91752498664836
0.167849240863661	0.466926070038911	-3.25017166399634
-0.491340505073625	1.85549706263828	-1.2817578393225
2.25528343633173	1.84328984512093	1.0955977721828
0.253299763485161	1.22072175173571	1.95925841153582
-1.58693827725643	3.01823453116655	2.91752498664836
0.372320134279393	3.47905699244678	2.62455176623178
-1.48928053711757	0.543221179522393	2.69169146257725
-1.74563210498207	2.01113908598459	1.40077821011673
-0.863660639353018	1.75173571374075	2.53299763485161
-1.3519493400473	-0.335698481727321	-0.241092545967803
-0.308232242313268	1.15968566414893	1.56862745098039
-0.610360875867857	1.4526588845655	3.51262684061952
0.411993591210803	2.04470893415732	2.7496757457847
0.601205462729839	3.96734569314107	3.79949645227741
0.952162966353857	2.46585793850614	5.02937361715114
1.61745632104982	1.55031662470436	2.75272755016403
-1.34279392690929	0.247196154726482	2.87174792095827
2.24307621881437	1.52895399404898	5.49324788281071
2.03860532539864	2.57267109178302	7.67223620965896
1.01625085831998	2.91142137788968	6.2073701075761
2.57572289616236	2.09658960860609	5.86861982146944
2.18204013122759	2.31021591515984	4.71808957045853
-1.01319905394064	0.332646677347982	3.47295338368811
1.18410009918364	-0.253299763485161	5.34981307698177
1.5533684290837	-0.021362630655375	4.46784161135271
0.860608834973678	-0.170901045243	3.63469901579309
1.95315480277714	0.140383001449607	4.79438467994202
1.29396505683986	-0.335698481727321	3.25627527275502
0.833142595559625	-0.451667048142214	2.94193942168307
-0.549324788281071	-0.424200808728161	3.62249179827573
-1.90737773708705	1.34279392690929	4.09857328145266
-0.317387655451286	-0.0244144350347143	3.12199588006409
-2.52079041733425	0.80872816052491	3.45769436179141
0.332646677347982	-0.906385900663767	1.40993362325475
0.204470893415732	-1.05287251087205	-0.552376592660411
1.32143129625391	-0.833142595559625	2.43228809033341
