2.3224231326772	1.35500114442664	2.16372930495155
3.51262684061952	2.08133058670939	3.36308842603189
4.93781948577096	3.59807736324102	3.3325703822385
3.98565651941711	3.84832532234684	1.50148775463493
3.54924849317159	3.27763790341039	1.13221942473487
2.52994583047227	1.87075608453498	1.48012512397955
2.54520485236896	0.97962920576791	1.84023804074159
4.04974441138323	2.26749065384909	5.7099259937438
3.96734569314107	2.44144350347143	3.93682764934768
3.71099412527657	2.75272755016403	3.81475547417411
1.69985503929198	1.94705119401846	2.4933241779202
-0.433356221866178	-0.210574502174411	1.56252384222171
-4.01312275883116	-0.50965133134966	4.03143358510719
-4.82185091935607	-2.61234454871443	2.85648889906157
-6.99473563744564	-4.14435034714275	0.964370183871214
-6.80857557030594	-3.74151216906996	1.23598077363241
-7.44945448996719	-4.15960936903944	0.207522697795071
-7.06797894254978	-2.41092545967803	-2.61234454871443
-6.21347371633478	-2.4780651560235	-0.5981536583505
-4.8706797894255	-1.29396505683986	-0.906385900663767
-5.95407034409094	-1.31532768749523	-0.708018616006714
-3.31425955596246	-1.50759136339361	-0.814831769283589
-4.0009155413138	-1.36110475318532	-0.326543068589303
-5.23994811932555	-1.9806210421912	-2.3773556115053
-3.09758144502937	0.756847486076142	3.21965362020295
-1.56252384222171	1.68154421301595	3.13725490196078
0.259403372243839	3.89410238803693	5.75875486381323
0.308232242313268	4.29694056610971	7.53185320820935
2.06301976043336	4.20233463035019	6.25619897764553
1.08949416342412	3.35698481727321	6.07919432364385
0.408941786831464	3.44548714427405	5.88693064774548
1.17189288166629	4.22674906538491	8.52674143587396
1.73647669184405	4.14740215152209	6.48203250171664
3.22575722896162	4.99580376897841	7.52574959945068
1.53200579842832	1.90432593270771	3.29289692530709
1.0955977721828	1.05592431525139	3.29289692530709
-1.59914549477379	-1.86770428015564	0.72327763790341
-2.65201800564584	-3.65606164644846	2.23392080567636
-2.31631952391852	-4.21149004348821	1.61135271229114
-1.99588006408789	-4.76386663614862	1.24818799114977
-1.51674677653162	-4.24200808728161	2.56961928740368
-1.31837949187457	-2.2369726100557	-0.277714198519875
-2.1362630655375	-2.52079041733425	-0.131227588311589
-2.34378576333257	-3.51567864499886	-2.77714198519875
-3.91241321431296	-3.36003662165255	-1.53200579842832
-4.38849469748989	-3.45159075303273	-0.0579842832074464
-5.48104066529335	-4.29999237048905	-1.50759136339361
-5.32845044632639	-3.79949645227741	-2.09658960860609
-6.70786602578775	-2.28580148012512	1.31532768749523
-4.70588235294118	-2.16983291371023	0.21362630655375
-5.45967803463798	-0.119020370794232	0.711070420386053
-5.07515068284123	0.653086137178607	3.36003662165255
-4.29083695735103	0.485236896314946	2.92057679102769
-3.24406805523766	0.793469138628214	1.95620660715648
-2.72831311512932	1.52895399404898	3.10978866254673
-1.85854886701762	1.51064316777295	2.92973220416571
-1.61440451667048	1.34889753566796	1.05287251087205
-1.08949416342412	1.00404364080262	0.854505226215
-1.53505760280766	1.53505760280766	1.59609369039445
-1.18410009918364	0.909437705043107	1.09254596780346
-0.695811398489357	0.656137941557946	2.5482566567483
-2.36209658960861	-0.0701915007248035	1.32448310063325
-0.250247959105821	0.119020370794232	3.70183871213855
0.64087891966125	2.74357213702602	5.33150225070573
2.99382009613184	5.11482413977264	8.72510872053101
5.29488059815366	6.50339513237201	7.2327763790341
5.75570305943389	6.92454413672084	6.3782711528191
6.8055237659266	7.75158312352178	5.01716639963378
6.79942015716793	7.73327229724575	5.62142366674296
7.3182269016556	7.50743877317464	5.26436255436027
8.23987182421607	7.21446555275807	3.83306630045014
8.98451209277485	7.72716868848707	5.67940794995041
6.90928511482414	7.59594110017548	3.00297550926986
3.90936140993362	3.92156862745098	-0.674448767833982
-0.430304417486839	0.21362630655375	-2.34378576333257
-3.20134279392691	-2.42008087281605	-3.30205233844511
-4.34882124055848	-3.588921950103	-1.25123979552911
-4.92561226825361	-5.80453192950332	-1.39772640573739
-7.4036774242771	-7.15953307392996	-3.86053253986419
-6.21652552071412	-5.92660410467689	-1.90127412832837
-6.44235904478523	-5.88693064774548	-2.09658960860609
-5.83504997329671	-5.58175020981155	-1.58083466849775
-5.87777523460746	-5.58175020981155	-3.91851682307164
-5.24299992370489	-2.45365072098878	-0.360112916762036
-4.83100633249409	-3.64995803768978	0.915541313801785
-4.13824673838407	-4.06500343327993	-1.01319905394064
-4.77912565804532	-3.41191729610132	0.289921416037232
-2.221713588159	-2.48111696040284	1.48012512397955
-0.790417334248875	-0.390630960555428	2.7191577019913
0.991836423285267	1.89822232394903	3.72930495155261
3.0914778362707	5.20332646677348	3.86358434424353
3.33562218661784	5.15449759670405	5.1117723353933
5.39559014267186	5.79232471198596	5.67330434119173
5.49324788281071	6.65903715571832	6.22873273823148
5.91134508278019	7.39452201113909	8.08117799649042
7.21141374837873	8.75257495994507	10.1075761043717
9.16456855115587	9.16762035553521	9.03944457160296
8.65796902418555	8.26733806363012	8.32227054245823
7.19005111772335	6.77195391775387	5.83504997329671
7.29991607537957	4.56855115587091	4.19317921721218
3.50957503624018	1.16578927290761	2.40482185091936
1.89211871519036	-1.79751277943084	-1.13221942473487
1.91042954146639	-1.62661173418784	-2.42618448157473
0.839246204318303	-3.30205233844511	-4.30609597924773
0.570687418936446	-3.12504768444343	-5.46578164339666
-0.0579842832074464	-2.39871824216068	-5.36507209887846
-0.830090791180285	-1.49538414587625	-2.1362630655375
-1.46181429770352	-1.66628519111925	-0.0183108262760357
-0.411993591210803	-1.08339055466545	2.53299763485161
0.219729915312428	-0.122072175173571	3.50652323186084
2.68558785381857	2.1362630655375	4.0863660639353
4.60822461280232	4.0161745632105	4.05279621576257
3.35088120851453	3.50041962310216	3.7445639734493
4.81269550621805	3.41496910048066	5.79232471198596
5.01411459525444	3.76287479972534	6.71396963454643
5.82894636453803	2.99382009613184	6.5644312199588
7.51659418631266	3.71404592965591	7.71190966659037
8.04455634393835	3.69878690775921	5.89303425650416
6.19516289005875	1.76394293125811	3.04875257495994
3.33867399099718	0.842298008697642	3.91241321431296
1.54421301594568	-2.05691615167468	-0.2563515678645
-0.732433051041428	-4.79438467994202	-2.30106050202182
-1.10170138094148	-4.5838101777676	-1.47096971084154
-0.619516289005875	-4.69367513542382	-2.41702906843671
-0.793469138628214	-4.80354009308003	-3.80560006103609
-0.860608834973678	-3.41802090486	-2.58793011367971
-3.08537422751202	-5.97543297474632	-3.44853894865339
-3.076218814374	-6.4637216754406	-3.62249179827573
-2.71000228885328	-4.89204242008087	-3.58587014572366
-0.292973220416571	-4.32440680552377	-3.85748073548486
1.32448310063325	-1.22072175173571	-3.15556572823682
2.27054245822843	-0.540169375143053	-3.16777294575418
3.6591134508278	1.37026016632334	0.00305180437933928
1.71511406118868	-0.433356221866178	-0.943007553215839
3.66216525520714	1.6388189517052	2.94804303044175
2.58182650492103	2.42618448157473	4.13519493400473
4.0863660639353	4.20843823910887	5.34065766384375
4.82185091935607	5.36507209887846	6.28671702143893
4.15960936903944	5.13008316166934	5.73739223315785
3.89410238803693	3.74151216906996	5.24605172808423
6.10055695429923	4.44037537193866	8.75562676432441
6.06088349736782	4.77302204928664	7.34264133669032
7.33653772793164	4.92866407263294	5.67330434119173
9.92751964599069	6.62241550316625	8.02014190890364
10.7606622415503	7.37315938048371	5.74044403753719
10.6507972838941	6.71091783016709	5.05989166094453
8.59082932784009	4.06195162890059	3.68963149462119
7.85229266803998	3.21965362020295	6.11886778057526
6.53391317616541	1.81887541008621	1.32753490501259
4.91950865949493	-0.0518806744487678	4.81879911497673
4.15960936903944	-2.27359426260777	2.08743419546807
3.97344930189975	-2.050812542916	-1.06813153276875
1.2970168612192	-3.86053253986419	-0.585946440833143
2.81376363775082	-1.63576714732586	0.292973220416571
1.24513618677043	-1.25734340428779	1.39772640573739
2.02334630350195	0.2563515678645	2.89921416037232
2.1362630655375	0.7690547035935	2.45975432974746
1.48012512397955	0.457770656900893	1.95620660715648
1.06202792401007	-0.570687418936446	0.439459830624857
1.02235446707866	-1.67544060425727	-0.933852140077821
1.71511406118868	-0.0122072175173571	0.967421988250553
2.42313267719539	0.271610589761196	3.04570077058061
3.38750286106661	1.03761348897536	3.42717631799802
4.46478980697337	1.70595864805066	0.833142595559625
4.79133287556268	1.40383001449607	2.221713588159
3.06706340123598	-0.756847486076142	-1.8951705195697
3.34477759975586	-1.64187075608453	-0.451667048142214
4.39765011062791	-2.44144350347143	-0.793469138628214
3.43633173113603	-2.17898832684825	1.17189288166629
4.08941786831464	-1.62661173418784	0.561532005798428
3.44853894865339	-0.613412680247196	-0.189211871519036
3.20134279392691	-1.40077821011673	-0.378423743038071
0.988784618905928	-2.67338063630121	-1.73647669184405
-0.210574502174411	-4.09246967269398	-3.55535210193027
-2.51468680857557	-6.42710002288853	-3.90936140993362
-3.03654535744259	-6.14633401998932	-4.22980086976425
-4.24200808728161	-6.48813611047532	-5.67940794995041
-3.76592660410468	-5.63057907988098	-5.45662623025864
-4.37628747997253	-5.92050049591821	-4.91950865949493
-0.219729915312428	-4.64789806973373	-5.30403601129168
0.857557030594339	-4.81574731059739	-3.90020599679561
-1.15358205539025	-6.07614251926451	-3.43022812237736
0.04272526131075	-5.73434042877852	-2.67338063630121
1.68154421301595	-4.41596093690394	2.09048599984741
2.24917982757305	-2.24917982757305	2.31631952391852
2.54520485236896	-0.698863202868696	1.17494468604562
4.70893415732052	1.9806210421912	1.78530556191348
4.39765011062791	3.82696269169146	3.06401159685664
4.08026245517662	3.74151216906996	4.70283054856184
5.56954299229419	5.27962157625696	7.88281071183337
6.73228046082246	5.82284275577935	10.937666895552
5.71297779812314	4.54718852521553	8.50232700083925
4.83405813687343	2.91447318226902	5.61532005798428
4.05889982452125	2.94193942168307	3.51567864499886
2.1515220874342	0.503547722590982	1.31837949187457
0.55542839703975	-0.747692072938125	-2.66117341878386
2.36820019836728	-1.87380788891432	-0.976577401388571
0.839246204318303	-2.83817807278553	-4.11383230334935
2.11490043488212	-3.87273975738155	-5.29488059815366
0.167849240863661	-5.45967803463798	-6.0364690623331
-1.28480964370184	-6.23178454261082	-8.49927519645991
0.183108262760357	-5.02327000839246	-5.05073624780652
-0.686655985351339	-3.57976653696498	-6.50644693675135
-0.2563515678645	-2.06912336919203	-2.13321126115816
2.98466468299382	-1.51064316777295	-0.81177996490425
4.85847257190814	-0.222781719691768	0.494392309452964
6.69565880827039	1.52590218966964	2.01419089036393
7.80956740672923	3.33562218661784	3.80560006103609
6.494239719234	4.21454184786755	4.09857328145266
6.72617685206378	5.06599526970321	6.59494926375219
7.519645990692	5.12397955291066	6.77500572213321
7.33653772793164	5.42305638208591	7.76379034103914
7.55321583886473	5.47493705653468	8.02319371328298
8.02929732204166	5.64583810177768	8.38330663004501
7.08934157320516	5.99679560540169	7.62645914396887
4.90119783321889	4.21454184786755	7.88891432059205
5.15754940108339	5.06904707408255	8.9570458533608
5.82284275577935	3.96734569314107	8.32532234683757
4.5838101777676	2.10879682612345	5.05378805218585
4.51667048142214	1.62966353856718	2.4933241779202
4.23285267414359	2.4078736552987	-0.98268101014725
3.72930495155261	-0.393682764934768	-0.198367284657053
3.65300984206912	-0.866712443732357	-2.78934920271611
3.50957503624018	-0.76600289921416	-1.97451743343252
4.91950865949493	-0.341802090486	-0.112916762035554
5.13618677042802	-0.549324788281071	-2.13321126115816
4.5288776989395	-0.241092545967803	0.531013962005035
4.31219958800641	-0.173952849622339	1.6388189517052
5.47798886091402	1.65407797360189	0.540169375143053
4.77912565804532	1.50148775463493	1.28786144808118
5.31319142442969	3.41191729610132	3.55230029755093
7.56542305638209	5.57259479667353	6.17074845502403
9.1981383993286	7.93469138628214	8.47486076142519
11.3862821393149	10.2510109102007	11.7616540779736
13.7850003814755	12.6344701304646	15.2956435492485
17.0412756542306	15.5245288776989	18.6861982146944
17.2762645914397	16.2844281681544	19.3636987869078
18.5854886701762	16.3698786907759	20.1632715342947
17.2060730907149	17.4807354848554	17.8408484016175
16.3607232776379	16.433966582742	16.2050812542916
16.1165789272908	16.7635614557107	16.8398565651942
13.4676127260243	14.1268024719615	11.3984893568322
12.8786144808118	13.6079957274739	9.95193408102541
11.4564736400397	10.1625085831998	7.62035553521019
8.88380254825666	6.9062333104448	4.46478980697337
7.51659418631266	3.95513847562371	1.74868390936141
6.35385671778439	3.72014953841459	2.61844815747311
5.31319142442969	2.6489662012665	4.15960936903944
4.06805523765927	4.24505989166094	7.44945448996719
1.7242694743267	2.6337071793698	7.42809185931182
1.44045166704814	2.905317769131	8.67627985046158
1.38857099259937	2.07217517357137	9.94277866788739
1.69680323491264	1.51979858091096	6.71396963454643
1.2115663385977	0.753795681696803	6.75669489585718
1.14747844663157	1.52895399404898	8.0872816052491
0.558480201419089	2.0355535210193	7.06492713817044
1.25429159990845	4.28473334859236	9.5551995117113
-0.0946059357595178	3.14946211947814	8.16052491035325
0.741588464179446	3.69268329900053	9.41176470588235
1.08033875028611	4.11383230334935	6.81162737468528
2.36209658960861	6.07919432364385	3.39055466544594
1.538109407187	6.07003891050584	-0.704966811627375
2.35294117647059	6.67734798199435	-3.80560006103609
0.64087891966125	6.09140154116121	-6.4637216754406
2.45059891660945	5.15144579232471	-8.8563363088426
2.03250171663996	2.96635385671778	-9.86648355840391
2.30106050202182	0.503547722590982	-10.9681849393454
2.67643244068055	-0.436408026245518	-10.3517204547189
1.30006866559854	-3.32341496910048	-11.7006179903868
-0.619516289005875	-3.80560006103609	-10.1075761043717
-1.70595864805066	-3.87273975738155	-10.9498741130694
-2.55741206988632	-4.44647898069734	-10.7331960021363
-1.23903257801175	-3.54009308003357	-8.80750743877318
-1.49843595025559	-4.56244754711223	-11.8959334706645
-3.0060273136492	-5.82284275577935	-10.7270923933776
-3.48210879682612	-7.58373388265812	-10.9346150911727
-5.03852903028916	-7.61120012207217	-9.93057145037003
-5.05683985656519	-6.84824902723735	-9.37209124895094
-6.39963378347448	-6.4087891966125	-9.50942244602121
-5.810635538262	-4.99885557335775	-10.4188601510643
-6.21347371633478	-4.59296559090562	-13.2295719844358
-8.82581826504921	-5.79842832074464	-14.4960708018616
-7.93774319066148	-6.19821469443809	-14.2610818646525
-7.36705577172503	-6.28671702143893	-13.9589532310979
-6.65598535133898	-4.86152437628748	-12.637521934844
-3.83916990920882	-1.54421301594568	-10.5012588693065
-2.24002441443503	-0.701915007248035	-9.95803768978408
-0.89723048752575	0.558480201419089	-8.64271000228885
-0.119020370794232	2.49637598229953	-6.2073701075761
2.221713588159	4.41596093690394	-0.473029678797589
3.3173113603418	3.30205233844511	0.186160067139696
2.51468680857557	0.985732814526589	-1.9653620202945
2.06912336919203	-0.50965133134966	-2.33463035019455
1.07118333714809	-2.74662394140536	-6.3935301747158
-0.183108262760357	-4.31525139238575	-11.2764171816587
-2.64286259250782	-6.58579385061418	-12.3811703669795
-1.93789578088045	-7.81872281986725	-9.81765468833448
-2.72526131074998	-9.15541313801785	-11.3527122911421
-2.62149996185245	-12.1919584954604	-11.9478141451133
-1.879911497673	-11.5541313801785	-9.84817273212787
-3.22270542458228	-12.97932402533	-9.98855573357748
-2.19729915312428	-10.6782635233082	-7.07408255130846
0.393682764934768	-7.58068207827878	-5.3681239032578
1.12916762035554	-9.32326237888151	-8.26123445487144
0.119020370794232	-10.605020218204	-10.3974975204089
0.698863202868696	-12.8023193713283	-11.1848630502785
-1.01319905394064	-13.5317006179904	-10.7698176546883
-2.22781719691768	-16.0372320134279	-9.63454642557412
-4.20233463035019	-16.0067139696345	-8.36804760814832
-4.19623102159152	-16.8093385214008	-8.56641489280537
-2.65506981002518	-14.5937285420005	-5.51155870908675
-3.08537422751202	-14.7096971084153	-7.42809185931182
-3.930724040589	-14.715800717174	-8.7861448081178
-4.24505989166094	-14.023041123064	-7.69359884031434
-6.05477988860914	-13.3669031815061	-7.55626764324407
-6.5644312199588	-13.2722972457465	-5.63363088426032
-8.67627985046158	-13.4584573128862	-7.8309300373846
-8.28259708552682	-11.6395819028	-6.03341725795377
-7.006942854963	-9.43617914091707	-7.88281071183337
-4.0863660639353	-5.5542839703975	-5.44136720836194
-3.43022812237736	-4.00396734569314	-4.65094987411307
-1.61745632104982	-0.778210116731518	-5.58480201419089
0.491340505073625	1.73342488746471	-3.89105058365759
0.268558785381857	0.2563515678645	-7.26634622720684
-0.790417334248875	-3.53704127565423	-13.3882658121614
-1.89822232394903	-6.0517280842298	-15.3078507667659
-4.8706797894255	-10.3150988021668	-18.1887541008621
-7.25108720531014	-12.5825894560159	-19.5590142671855
-8.18493934538796	-14.4502937361715	-18.9852750438697
-8.38330663004501	-14.0749217975128	-17.7218280308232
-7.96215762569619	-11.602960250248	-14.9965667200732
-6.91233691920348	-10.4859998474098	-13.186846723125
-7.42504005493248	-8.38330663004501	-11.3038834210727
-7.01304646372168	-6.97337300679026	-8.55115587090867
-7.348744945449	-7.78210116731517	-9.47585259784848
-5.92050049591821	-7.45555809872587	-9.28969253070878
-5.70687418936446	-7.13817044327459	-6.2928206301976
-4.85236896314946	-7.80346379797055	-6.7200732433051
-2.04776073853666	-4.17792019531548	-3.57671473258564
-1.70290684367132	-4.30304417486839	-2.8900587472343
-0.677500572213321	-1.44045166704814	1.07423514152743
0.869764248111696	-0.921644922560464	3.74151216906996
3.28984512092775	0.366216525520714	3.24406805523766
3.89105058365759	2.78629739833677	3.38750286106661
4.57160296025025	3.89105058365759	3.01823453116655
6.03341725795377	5.76485847257191	1.60524910353246
6.23483634699016	5.94491493095293	3.05485618371862
8.53894865339132	9.21950102998398	4.20843823910887
9.06691081101701	9.85732814526589	1.16273746852827
7.22056916151675	10.0709544518196	3.30510414282444
7.67833981841764	10.965133134966	0.601205462729839
8.22156099794003	10.8339055466545	-0.241092545967803
6.97947661554894	9.10048065918975	-1.68764782177462
4.80048828870069	5.62752727550164	-2.48416876478218
5.15754940108339	4.3579766536965	-5.37422751201648
2.74357213702602	-0.0701915007248035	-11.468680857557
0.317387655451286	-4.22674906538491	-12.8908216983291
-0.100709544518196	-5.73739223315785	-12.7565423056382
-1.01930266269932	-7.35484855420767	-11.3160906385901
-2.06301976043336	-9.00282291905089	-8.05065995269703
-1.95315480277714	-7.51659418631266	-3.30815594720378
-2.51773861295491	-8.38025482566568	-2.61234454871443
-2.32547493705653	-5.63668268863966	-1.17799649042496
-3.39971007858396	-7.40978103303578	-1.85854886701762
-2.63065537499046	-7.30601968413825	-0.912489509422446
-4.27557793545434	-6.96726939803159	0.177004654001679
-3.31425955596246	-5.40169375143053	1.23292896925307
-4.90730144197757	-6.10055695429923	-2.9907682917525
-4.00701915007248	-5.48714427405203	-2.91752498664836
-2.26443884946975	-4.59601739528496	-0.836194399938964
-0.662241550316625	-3.15861753261616	-2.72526131074998
-0.198367284657053	-2.49027237354086	0.259403372243839
1.65407797360189	-1.92874036774243	2.41092545967803
1.05592431525139	-2.13931486991684	2.56961928740368
1.30312046997787	0.601205462729839	2.13321126115816
0.970473792629892	1.70901045243	3.97344930189975
-0.570687418936446	2.28274967574578	2.93583581292439
0.97962920576791	4.22064545662623	3.30205233844511
1.8951705195697	6.27450980392157	5.98458838788434
5.52071412222477	9.30800335698482	6.70481422140841
8.886854352636	11.7463950560769	10.0312809948882
10.3456168459602	13.6964980544747	9.43923094529641
10.8796826123445	14.7310597390707	8.70679789425498
12.1766994735637	17.261005569543	8.20630197604333
9.69253070878157	13.7544823376822	7.61425192645151
10.064850843061	14.3007553215839	6.10360875867857
5.84115358205539	10.8735790035859	3.46379797055009
3.14030670634012	7.41283283741512	0.219729915312428
1.86770428015564	4.52277409018082	-2.77409018081941
-0.317387655451286	2.20950637064164	-4.80659189745937
-1.74868390936141	-1.44960708018616	-7.08934157320516
-3.1616693369955	-3.6743724727245	-5.82894636453803
-3.45159075303273	-3.89105058365759	-4.37323567559319
-5.56954299229419	-6.16464484626535	-3.95208667124437
-6.61326009002823	-6.67734798199435	-2.55436026550698
-8.71290150301366	-7.04661631189441	-1.17189288166629
-9.1432059205005	-10.6263828488594	-2.34988937209125
-10.4310673685817	-10.2510109102007	-3.85748073548486
-9.42702372777905	-10.101472495613	-4.48920424200809
-8.40466926070039	-10.0953688868544	-1.89822232394903
-6.17685206378271	-8.06897077897307	-0.381475547417411
-2.78629739833677	-5.25520714122225	0.927748531319142
-2.52384222171359	-3.42412451361868	1.538109407187
-0.558480201419089	-0.839246204318303	6.43625543602655
-1.14747844663157	0.912489509422446	5.80758373388266
1.71816586556802	3.3325703822385	8.72816052491035
3.17692835889219	6.41794460975052	7.43724727244984
6.49118791485466	8.26733806363012	9.17677576867323
8.73731593804837	9.39345387960632	10.8949416342412
10.6630045014115	11.1146715495537	9.08522163729305
12.161440451667	13.3913176165408	12.6588845654994
11.7647058823529	15.0087739375906	12.0698863202869
13.1258106355383	18.3413443198291	15.030136568246
11.8989852750439	18.2711528191043	11.5144579232471
11.0017547875181	17.9201953154803	7.22056916151675
11.0078583962768	16.3790341039139	6.92759594110018
9.3690394445716	14.1329060807202	6.61326009002823
9.70778973067826	13.0769817654688	7.61120012207217
8.23376821545739	11.5999084458686	10.8735790035859
6.26840619516289	9.46669718471046	10.1136797131304
3.64080262455177	6.30197604333562	7.98657206073091
0.421149004348821	3.23796444647898	4.25421530479896
-1.28786144808118	-0.231937132829786	3.02433813992523
-2.02334630350195	-3.80254825665675	0.476081483176928
-3.97039749752041	-8.74341954680705	-1.98672465094987
-5.88387884336614	-11.1696040283818	-4.01922636758984
-7.31212329289693	-12.637521934844	-1.33669031815061
-9.04859998474098	-15.6893263141833	-3.19523918516823
-12.2652018005646	-17.7157244220645	-5.13618677042802
-15.1552605477989	-20.6363012130922	-7.20836194399939
-15.3933012893874	-19.4430457007706	-7.91332875562676
-17.0595864805066	-21.2314030670634	-9.12489509422446
-17.3800259403372	-21.2710765239948	-8.54505226215
-15.7930876630808	-21.5030136568246	-11.2916762035554
-14.5937285420005	-20.3891050583658	-10.3761348897536
-12.0973525597009	-19.7329671168078	-9.02113374532692
-11.5999084458686	-18.6221103227283	-10.8705271992065
-9.4544899671931	-16.1074235141527	-10.0221255817502
-8.81361104753185	-13.1380178530556	-10.6172274357214
-7.92858777752346	-10.6324864576181	-6.70786602578775
-4.92256046387427	-8.45654993514916	-6.6498817425803
-5.05989166094453	-6.26840619516289	-4.37628747997253
-4.40680552376593	-5.70687418936446	-4.55329213397421
-4.59601739528496	-4.98664835584039	-2.84428168154421
-4.03448538948653	-5.26131074998093	-3.97344930189975
-3.3478294041352	-3.59807736324102	-2.75577935454337
-1.78835736629282	-2.67338063630121	-2.905317769131
-0.354009308003357	-1.16884107728695	-5.66720073243305
1.27870603494316	1.15358205539025	-3.5736629282063
0.909437705043107	1.13527122911421	-2.54520485236896
-0.0915541313801785	1.48622873273823	0.418097199969482
0.0518806744487678	2.28580148012512	4.32135500114443
-0.689707789730678	1.79140917067216	5.61837186236362
0.311284046692607	3.36614023041123	7.85534447241932
0.796520943007553	4.66010528725109	9.6559090562295
0.872816052491035	5.16975661860075	7.86755168993667
2.98771648737316	6.98252841992828	8.76173037308309
3.99786373693446	5.9662775616083	7.98046845197223
3.48516060120546	4.43732356755932	5.63363088426032
1.8097199969482	3.56755931944762	4.18097199969482
0.839246204318303	1.72732127870604	2.27359426260777
-1.10475318532082	-1.93789578088045	-2.31021591515984
-3.34172579537652	-4.70283054856184	-3.32341496910048
-5.51766231784543	-7.03440909437705	-2.52384222171359
-6.11581597619593	-8.08422980086976	-2.74052033264668
-6.55527580682078	-8.0018310826276	-2.90226596475166
-8.05065995269703	-9.03028915846494	-0.238040741588464
-9.43923094529641	-9.04554818036164	-0.677500572213321
-8.82276646066987	-9.44533455405509	-1.31532768749523
-8.99366750591287	-10.4737926298924	-0.711070420386053
-10.0343327992676	-10.6477454795148	-1.4526588845655
-8.374151216907	-7.38841840238041	1.66628519111925
-6.59494926375219	-5.42000457770657	3.66216525520714
-5.45662623025864	-4.9408712901503	2.24612802319371
-4.39154650186923	-3.17082475013352	2.80766002899214
-3.54009308003357	-2.9907682917525	0.762951094834821
-4.06500343327993	-3.10368505378805	0.778210116731518
-2.4078736552987	-0.967421988250553	0.5981536583505
-2.70084687571527	0.241092545967803	-0.473029678797589
0.378423743038071	3.7445639734493	3.75371938658732
2.52994583047227	5.52986953536278	2.78629739833677
3.04264896620127	5.97848477912566	4.07721065079728
2.02334630350195	4.45868619821469	0.976577401388571
-0.204470893415732	2.89616235599298	-3.01823453116655
-1.06813153276875	1.58693827725643	-0.521858548867018
-1.67849240863661	1.85549706263828	-3.05180437933928
-3.759822995346	0.708018616006714	-2.17898832684825
-1.2970168612192	1.1108567940795	-1.26955062180514
-0.909437705043107	2.01113908598459	0.439459830624857
-1.65712977798123	1.98672465094987	1.70901045243
-2.90836957351034	1.22377355611505	1.4373998626688
-2.81376363775082	0.448615243762875	2.53604943923095
-1.69985503929198	1.94094758525978	3.20439459830625
-1.41908903639277	3.90630960555428	2.11184863050278
-0.167849240863661	4.06805523765927	4.71808957045853
-0.866712443732357	2.89921416037232	3.75066758220798
0.064087891966125	4.89204242008087	5.45052262149996
0.653086137178607	7.37315938048371	8.83192187380789
0.955214770733196	6.58884565499351	5.3528648813611
0.72632944228275	5.76791027695125	5.30403601129168
1.56862745098039	6.23483634699016	7.91332875562676
