-0.00457770656900893	4.16571297779812	4.06195162890059
-0.685130083161669	2.38040741588464	1.09864957656214
0.0335698481727321	0.944533455405508	-0.221255817502098
1.11543450064851	1.04676890211337	-0.695811398489357
1.47554741741054	1.5533684290837	-1.24208438239109
2.69016556038758	-0.521858548867018	-3.94903486686503
2.31479362172885	-0.886549172198062	-4.67231250476844
2.3071641107805	-0.558480201419089	-4.63569085221637
0.967421988250553	-2.3224231326772	-4.33508812085145
-0.080872816052491	-1.26802471961547	-3.4531166552224
-0.486762798504616	-0.76600289921416	-1.08644235904479
-1.45571068894484	-0.950637064164187	0.0411993591210803
-1.27718013275349	-0.610360875867857	-0.34027618829633
-1.57015335317006	-1.40535591668574	0.205996795605402
0.0823987182421607	-1.8295567254139	-0.0167849240863661
0.34027618829633	-3.82238498512245	-0.0701915007248035
-0.779736018921187	-4.2923628595407	-1.08033875028611
0.494392309452964	-3.40123598077363	-2.39871824216068
0.613412680247196	-5.04463263904784	-3.86968795300221
1.56710154879072	-4.02532997634852	-3.37987335011826
1.9302662699321	-2.9556725413901	-2.43228809033341
3.58281834134432	0.72480354009308	2.0660715648127
5.11482413977264	3.90020599679561	6.71091783016709
6.09750514991989	6.61631189440757	11.1024643320363
7.31975280384527	12.1797512779431	12.4361028458076
6.17380025940337	13.3806363012131	12.2041657129778
6.34622720683604	13.8979171435111	10.3486686503395
5.90829327840085	14.697489890898	7.83703364614328
4.58075837338827	14.9431601434348	6.58121614404517
5.23842221713588	16.6659037155718	4.40222781719692
6.27603570611124	17.0443274586099	3.84679942015717
7.55626764324407	18.8479438467994	2.17441062027924
8.92805371175708	19.7802700846876	1.52437628747997
9.72304875257496	19.0630960555428	1.48012512397955
11.6563668268864	19.2416266117342	2.37582970931563
11.8822003509575	18.7487602044709	4.15960936903944
12.1644922560464	16.8322270542458	3.70031280994888
9.71999694819562	13.8551918822004	3.31883726253147
9.70778973067826	14.2549782558938	5.03852903028916
8.89448386358434	15.3215838864729	6.02883955138476
6.43472953383688	15.3978789959564	6.03799496452277
5.468833447776	12.1904325932708	3.97650110627909
5.03852903028916	9.1126878767071	2.56504158083467
3.33714808880751	3.25169756618601	0.325017166399634
1.7792019531548	-1.82040131227588	-1.80056458381018
0.462348363469902	-5.80148012512398	-2.5482566567483
0.111390859845884	-5.79842832074464	0.0915541313801785
0.773632410162509	-4.17639429312581	2.1362630655375
1.08033875028611	-2.15304798962387	4.55939574273289
3.07011520561532	0.830090791180285	5.22468909742885
4.17029068436713	2.08438239108873	5.83504997329671
5.15907530327306	3.95819028000305	6.32944228274968
7.31670099946593	6.63157091630427	6.63614862287327
7.53490501258869	8.44281681544213	7.20531013962005
7.18852521553368	9.36140993362326	5.96780346379797
7.01762417029068	10.4509040970474	5.11024643320363
6.07461661707485	11.0154879072251	4.5288776989395
4.88136110475319	10.1777676050965	3.48363469901579
2.8198672465095	9.68490119783322	3.11284046692607
2.51621271076524	9.6406500343328	2.38345922026398
1.79140917067216	9.08216983291371	2.69321736476692
2.33005264362554	10.1289387350271	2.95414663920043
3.18760967421988	13.4386205844205	3.05485618371862
4.86762798504616	16.8657969024186	3.96734569314107
5.68093385214008	19.3987945372702	4.03448538948653
6.09140154116121	21.3138017853056	4.2221713588159
6.04715037766079	22.3804074158846	3.26390478370336
6.48050659952697	20.3906309605554	1.49996185244526
4.20538643472953	18.5549706263829	2.93278400854505
3.19829098954757	18.097199969482	4.23590447852293
2.54062714579995	15.8129243915465	6.95811398489357
0.993362325474937	13.7788967727169	7.84771496147097
1.22377355611505	12.8542000457771	8.17883573662928
1.67849240863661	10.429541466392	8.93720912489509
1.61135271229114	8.66407263294423	6.54764629587243
2.97245746547646	8.52368963149462	6.57358663309682
2.41702906843671	9.58571755550469	4.81269550621805
2.49942778667887	9.47890440222782	3.44701304646372
2.75883115892271	9.53383688105592	2.58793011367971
3.45159075303273	9.84969863431754	1.78835736629282
2.13473716334783	8.23682001983673	0.790417334248875
3.48668650339513	6.88181887541009	1.48317692835889
3.72167544060426	7.18394750896468	1.74563210498207
3.93530174715801	8.25055313954376	1.59456778820478
3.83916990920882	9.87258716716259	2.75272755016403
2.9404135194934	9.04859998474098	3.8101777676051
2.42008087281605	8.9723048752575	4.22064545662623
2.6138704509041	7.24956130312047	4.24048218509194
0.756847486076142	3.52941176470588	3.62249179827573
0.984206912336919	2.63065537499046	3.49584191653315
0.888075074387732	3.11436636911574	2.60166323338674
1.11696040283818	2.86869611657893	1.67696650644694
1.59304188601511	3.86968795300221	1.99893186846723
1.81734950789654	1.31837949187457	1.53963530937667
1.92874036774243	-2.07980468451972	-0.506599526970321
1.01472495613031	-4.57312886243992	-0.831616693369955
0.93690394445716	-7.26482032501717	-1.13679713130388
0.0961318379491875	-6.94590676737621	-1.66323338673991
1.34889753566796	-4.31830319676509	-0.581368734264134
2.05539024948501	-0.775158312352178	-0.0869764248111696
1.37331197070268	1.28633554589151	-0.122072175173571
2.16220340276188	3.51415274280919	-1.00862134737163
1.79751277943084	3.76440070191501	-0.903334096284428
0.155642023346304	3.54924849317159	-2.09201190203708
0.173952849622339	3.71709773403525	-2.2064545662623
-0.158693827725643	2.98313878080415	-1.96993972686351
-0.0167849240863661	3.44853894865339	-1.56404974441138
-0.177004654001679	2.33157854581521	-2.50858319981689
-0.158693827725643	2.87785152971695	-1.40535591668574
1.1459525444419	3.88799877927825	-1.41908903639277
0.907911802853437	1.46486610208286	-1.48470283054856
1.6235599298085	2.78171969176776	0.108339055466545
3.92309452964065	5.10261692225528	1.94705119401846
3.03501945525292	6.04867627985046	3.50957503624018
2.77103837644007	6.71091783016709	4.14129854276341
0.993362325474937	6.13260090028229	3.69878690775921
-0.0991836423285267	4.54718852521553	2.44754711223011
-1.67238879987793	1.27565423056382	-0.695811398489357
-3.88189517051957	-3.48516060120546	-3.80254825665675
-5.77706569008927	-6.96726939803159	-6.74753948271916
-7.02830548561837	-8.1727321278706	-7.16716258487831
-6.79789425497826	-9.78255893797208	-7.74700541695277
-7.7256427862974	-10.6218051422904	-5.99679560540169
-7.69512474250401	-8.6305027847715	-3.15709163042649
-5.75265125505455	-4.51209277485313	-0.00762951094834821
-4.78370336461433	-0.270084687571527	0.985732814526589
-3.9505607690547	2.72373540856031	0.924696726939803
-3.59655146105135	3.15556572823682	-0.573739223315785
-3.04264896620127	4.50751506828412	-0.405889982452125
-3.23491264209964	3.63622491798276	-2.51468680857557
-2.48569466697185	1.17036697947662	-3.15251392385748
-2.53604943923095	-1.69832913710231	-4.92408636606394
-2.40482185091936	-3.50957503624018	-6.35996032654307
-1.53658350499733	-3.99633783474479	-6.16617074845502
-2.34683756771191	-5.31166552224002	-5.7251850156405
-0.868238345922026	-4.66315709163043	-3.75371938658732
0.0457770656900893	-2.19577325093462	-0.479133287556268
0.943007553215839	-0.354009308003357	0.265506981002518
1.52132448310063	0.0473029678797589	0.819409475852598
3.7445639734493	0.823987182421607	-0.157167925535973
1.4724956130312	-3.18913557640955	-0.985732814526589
0.337224383916991	-6.54154268711376	-2.8549629968719
-0.648508430609598	-8.92500190737774	-3.95666437781338
-1.21461814297704	-10.1655603875792	-3.81170366979477
-1.80056458381018	-10.6065461203937	-4.43121995880064
-3.09758144502937	-10.6065461203937	-4.101625085832
-3.72930495155261	-8.71137560082399	-2.73899443045701
-3.47447928587778	-8.33142595559625	-1.20393682764935
-3.53398947127489	-7.27397573815518	-1.16578927290761
-2.75272755016403	-4.50141145952544	0.523384451056687
-3.08995193408103	-4.84168764782177	0.399786373693446
-2.24307621881437	-3.16319523918517	-0.189211871519036
-1.66170748455024	-1.87838559548333	0.193789578088045
-0.369268329900053	-1.2970168612192	1.15358205539025
-0.393682764934768	-0.160219729915312	0.485236896314946
1.2664988174258	0.944533455405508	0.227359426260777
2.03860532539864	3.61028458075837	-0.157167925535973
2.10269321736477	5.68856336308843	0.488288700694285
3.15556572823682	7.27855344472419	1.29854276340887
3.52178225375753	9.51857785915923	1.39314869916838
4.78217746242466	8.98756389715419	1.82192721446555
4.00549324788281	7.92095826657511	1.95620660715648
2.94193942168307	5.35133897917143	1.63118944075685
0.926222629129473	1.32906080720226	1.94552529182879
0.477607385366598	-0.943007553215839	1.21461814297704
-1.82345311665522	-2.563515678645	1.00251773861295
-0.80872816052491	-3.0060273136492	-0.431830319676509
-0.517280842298009	-3.93530174715801	-3.03349355306325
-0.97962920576791	-5.43678950179294	-3.94445716029603
-0.523384451056687	-6.88334477759976	-4.86610208285649
0.244144350347143	-8.1528953994049	-4.12298771648737
1.39162279697871	-7.53643091477836	-3.23796444647898
0.21515220874342	-8.42755779354543	-1.93636987869078
0.836194399938964	-8.27954528114748	-0.891126878767071
1.54421301594568	-6.9764248111696	-1.27870603494316
2.28427557793545	-5.82742046234836	-1.07270923933776
3.14793621728847	-3.40123598077363	-1.20088502327001
3.31578545815213	-3.61333638513771	-2.50705729762722
4.71656366826886	-2.55893797207599	-0.830090791180285
3.90325780117494	-2.42618448157473	-0.714122224765393
3.51567864499886	-5.7602807660029	-0.346379797055009
2.98313878080415	-6.08072022583352	0.581368734264134
4.50446326390478	-5.32997634851606	0.367742427710384
4.3076218814374	-4.49530785076677	0.683604180972
4.00396734569314	-1.57473105973907	0.280766002899214
4.58075837338827	0.268558785381857	1.25429159990845
4.0863660639353	-0.189211871519036	-0.125123979552911
2.76188296330205	0.149538414587625	1.47554741741054
2.14389257648585	-1.32600900282292	1.13832303349355
2.34073395895323	0.141908903639277	1.51216906996262
1.37483787289235	-1.54116121156634	0.839246204318303
1.4724956130312	-2.15915159838254	0.625619897764553
1.18410009918364	-4.0863660639353	-0.646982528419928
1.79140917067216	-5.0064850843061	-1.50148775463493
0.903334096284428	-5.11329823758297	-0.378423743038071
-0.109864957656214	-6.25925078202487	-0.17242694743267
-0.750743877317464	-3.49889372091249	1.4679179064622
-0.55390249485008	-0.645456626230259	2.90226596475166
-1.14900434882124	0.210574502174411	4.33661402304112
-0.807202258335241	2.1362630655375	3.82543678950179
-0.419623102159152	2.94804303044175	3.52941176470588
1.90280003051804	5.72671091783017	2.97703517204547
2.27054245822843	5.91287098496986	1.95315480277714
1.96841382467384	5.99679560540169	0.0976577401388571
3.47142748149844	8.09643701838712	-0.405889982452125
3.20286869611658	8.23376821545739	-0.758373388265812
5.1621271076524	10.0205996795605	-0.666819256885634
5.2124818799115	9.70168612191958	-0.489814602883955
4.39002059967956	8.12390325780117	0.274662394140536
4.66163118944076	8.91279468986038	-0.180056458381018
1.81124589913787	5.72823682001984	-1.36568245975433
-0.431830319676509	3.54772259098192	-3.00450141145953
-0.398260471503777	-0.0305180437933928	-4.13824673838407
-2.04623483634699	-1.1810482948043	-4.76844434271763
-1.33058670939193	-2.22781719691768	-3.95208667124437
-0.900282291905089	-3.55077439536126	-4.24811169604028
-0.729381246662089	-5.32234683756771	-5.51308461127642
-0.46845197222858	-6.02273594262608	-4.79591058213169
-1.14747844663157	-9.0074006256199	-4.21911955443656
-1.19783321889067	-10.3059433890288	-3.64843213550011
-3.01976043335622	-11.1467154955367	-1.4679179064622
-3.72014953841459	-9.56130312046998	0.833142595559625
-4.79743648432135	-7.76836804760815	1.41298542763409
-4.86762798504616	-5.33913176165408	2.88548104066529
-4.89967193102922	-4.04058899824521	2.09201190203708
-5.97085526817731	-6.1722743572137	0.0900282291905089
-5.19417105363546	-6.5995269703212	-0.584420538643473
-5.51155870908675	-6.35996032654307	-1.49538414587625
-3.58129243915465	-5.73586633096818	-1.71511406118868
-1.75783932249943	-3.92462043183032	-1.22072175173571
-0.0915541313801785	-2.67490653849088	-2.17593652246891
1.62661173418784	-1.25429159990845	-1.24055848020142
2.09658960860609	-0.080872816052491	0.375371938658732
2.0660715648127	0.729381246662089	0.405889982452125
0.184634164950027	3.08690012970169	2.13931486991684
-0.0610360875867857	2.77409018081941	2.14084077210651
0.00457770656900893	4.67689021133745	2.82291905088884
0.459296559090562	4.74250400549325	2.69474326695659
0.717174029144732	2.905317769131	1.66475928892958
-0.317387655451286	0.675974670023652	0.608834973678187
-0.202944991226062	-2.09506370641642	-0.285343709468223
-1.11696040283818	-2.82291905088884	-0.68055237659266
-1.22529945830472	-1.94705119401846	0.152590218966964
-1.51369497215228	0.497444113832303	2.55588616769665
-1.36568245975433	1.96688792248417	4.91950865949493
-1.67086289768826	2.55588616769665	7.26024261844816
-0.320439459830625	3.27153429465171	7.4891279468986
-1.50759136339361	2.33310444800488	7.24040588998245
-0.900282291905089	0.335698481727321	5.50240329594873
0.885023270008392	1.67238879987793	3.83916990920882
-1.50606546120394	1.76089112687877	2.93278400854505
0.604257267109178	2.15457389181353	2.0157167925536
0.283817807278553	1.89669642175937	0.372320134279393
0.794995040817884	2.92973220416571	1.08949416342412
1.27412832837415	4.31830319676509	-0.119020370794232
1.23750667582208	4.51209277485313	0.161745632104982
2.54978255893797	6.1875333791104	1.09864957656214
3.19981689173724	6.6300450141146	2.07522697795071
3.41344319829099	4.66620889600977	2.77714198519875
5.63515678644999	5.10109102006561	2.69321736476692
5.32082093537804	3.36003662165255	2.37582970931563
5.71602960250248	2.82291905088884	1.90585183489738
5.22468909742885	0.137331197070268	-0.521858548867018
4.32898451209277	-1.49691004806592	-0.63935301747158
3.0960555428397	-1.37941557946136	0.549324788281071
-0.163271534294652	-4.20386053253986	1.01930266269932
-2.26749065384909	-3.79034103913939	3.45464255741207
-2.4933241779202	-3.56603341725795	5.05378805218585
-4.99885557335775	-3.94750896467536	5.31166552224002
-4.19317921721218	-3.54467078660258	4.21606775005722
-3.71557183184558	-4.44495307850767	3.41954680704967
-1.10017547875181	-3.28831921873808	1.54421301594568
-0.892652780956741	-3.93224994277867	0.0579842832074464
0.0625619897764553	-2.50247959105821	-1.24361028458076
1.22224765392538	-2.17441062027924	-2.4628061341268
0.00152590218966964	-3.25780117494469	-3.75524528877699
-0.234988937209125	-3.81475547417411	-3.0609597924773
-0.671396963454643	-5.4337376974136	-2.83817807278553
-1.60524910353246	-4.94392309452964	-0.689707789730678
-1.26802471961547	-4.2374303807126	1.46639200427253
-1.27260242618448	-3.61181048294804	3.48668650339513
0.436408026245518	-1.08491645685512	4.65705348287175
1.97909514000153	1.1306935225452	4.50446326390478
2.23239490348669	1.47707331960021	3.08842603189136
4.16723887998779	1.5533684290837	0.692759594110018
3.39818417639429	-0.268558785381857	-1.36110475318532
1.57930876630808	-1.64034485389487	-2.57267109178302
2.25833524071107	-2.47501335164416	-2.00503547722591
-1.31074998092622	-5.26131074998093	-1.83260852979324
-1.08949416342412	-4.28625925078202	-1.14290074006256
-2.16830701152056	-3.43480582894636	0.485236896314946
0.0503547722590982	0.134279392690929	2.2415503166247
-0.251773861295491	0.230411230640116	3.35698481727321
-0.619516289005875	-0.282291905088884	4.42969405661097
-1.84939345387961	-3.17082475013352	3.10978866254673
-2.31174181734951	-5.23994811932555	3.05485618371862
-2.29800869764248	-4.8355840390631	1.54421301594568
-3.47753109025711	-5.14991989013504	-0.109864957656214
-1.47707331960021	-3.07164110780499	-0.72632944228275
-0.51117723353933	1.50606546120394	-1.63271534294652
-1.08033875028611	3.40428778515297	-0.230411230640116
1.10475318532082	6.55069810025177	0.305180437933928
1.63271534294652	9.73525597009232	-0.160219729915312
0.775158312352178	8.79224841687648	0.527962157625696
1.09102006561379	7.89196612497139	-0.570687418936446
-0.807202258335241	3.3524071107042	0.288395513847562
-2.37582970931563	-2.49485008010986	-0.845349813076982
-4.20233463035019	-8.24139772640574	-1.98672465094987
-2.64744029907683	-8.99061570153353	0.466926070038911
-2.58182650492103	-8.57709620813306	1.10627908751049
-2.53757534142061	-8.78004119935912	1.66628519111925
-3.67742427710384	-8.36499580376898	1.29396505683986
-4.79591058213169	-8.82429236285954	1.12153810940719
-7.1122301060502	-10.6340123598077	0.448615243762875
-5.88235294117647	-9.80697337300679	-1.15205615320058
-4.88136110475319	-7.27092393377584	-1.41908903639277
-3.7949187457084	-4.78828107118334	-1.24361028458076
-2.7847714961471	-4.04058899824521	-1.66628519111925
-1.68917372396429	-3.59044785229267	-2.80155642023346
-2.98008697642481	-5.05073624780652	-4.36865796902419
-2.95872434576944	-6.22873273823148	-5.38185702296483
-4.29999237048905	-8.3390554665446	-6.81315327687495
-3.99786373693446	-10.078583962768	-6.86045624475471
-4.01159685664149	-10.2250705729763	-6.1020828564889
-4.16113527122911	-9.81002517738613	-5.79690241855497
-4.0360112916762	-9.89394979781796	-5.42915999084459
-4.16418707560845	-9.93972686350805	-5.74349584191653
-6.07309071488518	-11.2581063553826	-6.71244373235676
-7.82330052643626	-12.3216601815824	-7.98809796292058
-8.27496757457847	-11.5220874341955	-7.5394827191577
-8.38483253223468	-12.1843289845121	-5.90524147402152
-6.23178454261082	-10.5653467612726	-4.60059510185397
-3.4378576333257	-6.49881742580301	-1.45418478675517
-0.823987182421607	-4.76386663614862	-0.0747692072938125
1.05592431525139	-3.31578545815213	-0.883497367818723
2.24307621881437	-3.99938963912413	-1.19935912108034
2.87937743190661	-4.75623712520027	-3.26848249027237
2.79545281147478	-3.74914168001831	-3.0106050202182
1.65560387579156	-4.33813992523079	-3.59807736324102
1.879911497673	-4.66620889600977	-2.90989547570001
0.314335851071946	-4.73334859235523	-1.19783321889067
-0.0839246204318303	-4.3427176317998	-0.160219729915312
-2.22476539253834	-6.51102464332036	1.00404364080262
-3.34935530632486	-5.79842832074464	3.15556572823682
-5.6946669718471	-5.78774700541695	4.03295948729686
-6.61936369878691	-6.74601358052949	3.35088120851453
-5.23842221713588	-4.60669871061265	3.50957503624018
-4.07263294422827	-4.71046005951019	2.43533989471275
-1.62966353856718	-4.51972228580148	0.560006103608759
-0.495918211642634	-4.72877088578622	-1.95162890058747
-0.0228885328450446	-5.79995422293431	-3.65758754863813
0.29755092698558	-4.96833752956436	-4.91950865949493
1.87380788891432	-3.32036316472114	-3.80254825665675
2.53452353704128	-0.361638818951705	-2.68863965819791
2.46738384069581	1.65407797360189	-2.50705729762722
2.31174181734951	2.6138704509041	-1.025406271458
3.58739604791333	6.28213931486992	0.961318379491875
4.27557793545434	7.6752880140383	1.40077821011673
3.54467078660258	6.45304036011292	1.58236057068742
3.36003662165255	7.26176852063783	3.1616693369955
2.83817807278553	3.98870832379644	3.87121385519188
1.21766994735637	1.18257419699397	2.16220340276188
-0.666819256885634	-2.49485008010986	1.15510795757992
-1.82192721446555	-4.65552758068208	1.24055848020142
-1.94247348744945	-4.82948043030442	1.08186465247578
-2.68558785381857	-5.32692454413672	1.34584573128862
-3.28526741435874	-4.48157473105974	1.0605020218204
-3.59502555886168	-5.34218356603342	0.0198367284657053
-4.16113527122911	-6.10055695429923	-0.421149004348821
-4.14587624933242	-5.66872663462272	-1.78225375753414
-4.43884946974899	-6.76737621118486	-3.83764400701915
-3.89868009460594	-6.16464484626535	-4.48004882887007
-3.77050431067369	-6.59800106813153	-3.70183871213855
-4.23590447852293	-7.20531013962005	-3.59197375448234
-2.95872434576944	-7.43877317463951	-1.53047989623865
-2.16067750057221	-8.69459067673762	-0.854505226215
-3.07469291218433	-6.55527580682078	1.29549095902953
-0.849927519645991	-4.85694666971847	2.17441062027924
-1.34584573128862	-2.95719844357977	2.02487220569162
-0.180056458381018	-0.558480201419089	0.695811398489357
-1.4526588845655	-1.12153810940719	-0.0259403372243839
-1.14747844663157	-1.44197756923781	-2.16830701152056
-2.09658960860609	-3.47142748149844	-3.02738994430457
-3.18760967421988	-5.44289311055161	-4.31372549019608
-4.70283054856184	-4.90119783321889	-4.40222781719692
-5.26131074998093	-4.48310063324941	-3.96124208438239
-5.6595712214847	-3.38139925230793	-3.87884336614023
-5.99832150759136	-3.34935530632486	-3.94140535591669
-4.46631570916304	-2.29343099107347	-3.03807125963226
-4.68146791790646	-1.65560387579156	-2.02029449912261
-5.0614175631342	-0.917067215991455	1.0406652933547
-3.62249179827573	0.120546272983902	1.01625085831998
-4.05279621576257	-2.41855497062638	0.518806744487678
-5.31624322880903	-5.01716639963378	0.183108262760357
-6.90165560387579	-5.66109712367437	-1.21004043640803
-6.23941405355917	-7.25108720531014	-2.44602121004044
-6.24246585793851	-9.89242389562829	-5.38185702296483
-6.31418326085298	-12.803845273518	-8.55573357747768
-5.87624933241779	-14.526588845655	-10.2906843671321
-4.72571908140688	-15.2025635156786	-13.2265201800565
-5.60769054703593	-18.1322957198444	-14.535744258793
-6.63309681849393	-20.4455634393835	-15.4116121156634
-7.88586251621271	-21.2527656977188	-14.5342183566033
-9.88326848249027	-22.58640421149	-13.7941557946136
-12.5139238574807	-23.8284885938811	-12.7306019684138
-12.9732204165713	-25.7541771572442	-11.6044861524376
-12.7107652399481	-22.1667811093309	-9.47737850003815
-12.1736476691844	-19.2797741664759	-6.80857557030594
-11.1024643320363	-16.8490119783322	-6.93675135423819
-7.10154879072251	-11.2626840619516	-6.08529793240253
-6.4789806973373	-9.97787441824979	-5.85183489738308
-4.3076218814374	-5.31929503318837	-5.07209887846189
-3.05180437933928	-3.08384832532235	-3.73846036469062
-3.26390478370336	-1.34279392690929	-3.30815594720378
-4.7196154726482	0.12970168612192	-2.2415503166247
-4.82795452811475	2.02029449912261	-1.40383001449607
-6.02731364919509	3.71099412527657	-1.60067139696345
-6.66819256885634	6.80704966811627	1.02693217364767
-5.3833829251545	9.47585259784848	2.84885938811322
-5.65041580834669	10.766765850309	3.39360646982528
-5.25520714122225	11.3282978561074	4.93171587701228
-4.5288776989395	13.0373083085374	4.16876478217746
-4.34424353398947	12.1583886472877	2.79850461585412
-3.0411230640116	11.8608377203021	1.76089112687877
0.779736018921187	13.006790264744	0.930800335698482
0.697337300679026	12.6222629129473	1.00099183642329
2.65964751659419	13.8918135347524	2.11795223926146
5.10566872663462	16.217288471809	2.75883115892271
5.6900892652781	19.1531242847333	4.31677729457542
5.21858548867018	20.2594033722438	4.05584802014191
4.14129854276341	20.6958113984894	4.09246967269398
3.63469901579309	20.2197299153124	2.40177004654002
0.941481651026169	16.406500343328	1.70290684367132
1.05134660868238	13.9787899595636	1.10933089188983
0.547798886091402	12.1904325932708	0.225833524071107
0.68207827878233	8.79682612344549	-0.265506981002518
1.39772640573739	6.61631189440757	-1.38857099259937
0.933852140077821	7.35332265201801	-0.904859998474098
2.26901655603876	5.67177843900206	-0.440985732814527
2.79545281147478	6.34775310902571	0.372320134279393
1.92111085679408	6.04562447547112	2.5787747005417
3.46684977492943	7.33958953231098	3.27153429465171
4.09704737926299	8.64728770885786	4.05889982452125
3.41039139391165	8.91737239642939	5.37117570763714
3.0960555428397	8.79072251468681	5.21858548867018
2.05996795605402	7.76684214541848	5.49172198062104
1.09712367437247	6.77653162432288	4.85999847409781
0.885023270008392	4.66620889600977	3.41191729610132
0.749217975127794	2.36514839398795	1.94399938963912
1.41451132982376	2.07217517357137	-0.999465934233616
2.24307621881437	0.946059357595178	-2.1713588158999
2.74357213702602	0.653086137178607	-3.32036316472114
2.19424734874495	-0.871290150301366	-3.05180437933928
3.29900053406577	-0.347905699244678	-1.61440451667048
2.11184863050278	0.63935301747158	-2.06301976043336
3.50804913405051	1.77462424658579	-0.543221179522393
2.63065537499046	2.51468680857557	-0.950637064164187
2.64744029907683	3.17235065232319	-0.218204013122759
2.92210269321736	2.75730525673304	0.318913557640955
3.73235675593194	4.04974441138323	1.76241702906844
4.70130464637217	3.87884336614023	2.89921416037232
4.55939574273289	5.34218356603342	3.50804913405051
3.73693446250095	4.66926070038911	3.0914778362707
5.73586633096818	6.23178454261082	2.31631952391852
5.0110627908751	8.04455634393835	2.81071183337148
3.50957503624018	7.84924086366064	3.15861753261616
3.68810559243153	8.55268177309834	2.20950637064164
4.08178835736629	9.03028915846494	2.48416876478218
3.32188906691081	8.91889829861906	2.39566643778134
3.30052643625544	9.27901121538109	1.879911497673
3.62096589608606	8.26581216144045	1.71053635461967
5.54665445944915	7.95147631036851	1.40993362325475
3.14030670634012	5.12703135729	0.668345159075303
3.67589837491417	2.66117341878386	-0.0823987182421607
3.98718242160678	1.29396505683986	-1.50148775463493
3.6087586785687	-1.37331197070268	-2.09353780422675
3.930724040589	-1.99130235751888	-2.18051422903792
4.17029068436713	-2.54978255893797	-1.31074998092622
4.11993591210803	-2.47348744945449	0.834668497749294
3.64080262455177	-2.60318913557641	2.02182040131228
2.9404135194934	-2.85191119249256	2.28885328450446
3.23491264209964	-3.00297550926986	2.17288471808957
1.51827267872129	-4.36102845807584	0.473029678797589
0.718699931334401	-4.50293736171511	0.112916762035554
-0.523384451056687	-4.42511635004196	-0.590524147402152
-1.07423514152743	-5.24299992370489	-1.16578927290761
-1.59456778820478	-5.13160906385901	0.259403372243839
-2.13321126115816	-5.52224002441443	0.471503776607919
-0.439459830624857	-4.67383840695811	1.69069962615396
1.1108567940795	-3.14946211947814	1.31227588311589
0.671396963454643	-2.80308232242313	1.04371709773404
1.2466620889601	-0.997940032043946	0.988784618905928
1.78072785534447	0.976577401388571	2.92820630197604
1.99130235751888	2.04165712977798	3.00297550926986
1.04829480430304	3.88647287708858	4.36865796902419
1.90737773708705	3.80254825665675	4.30609597924773
2.46585793850614	7.177843900206	5.47188525215534
2.83665217059586	8.47486076142519	4.84473945220111
2.00350957503624	7.99420157167926	4.65552758068208
2.37277790493629	7.87060349431601	4.08331425955596
2.41702906843671	7.15800717174029	4.02990768291752
2.41855497062638	6.0013733119707	2.8397039749752
2.42618448157473	3.67895017929351	1.86312657358663
0.300602731364919	-1.03608758678569	0.694285496299687
0.859082932784008	-3.46684977492943	-0.154116121156634
1.02845807583734	-7.05271992065309	-1.77004654001678
0.744640268558785	-7.10460059510185	-2.50705729762722
0.665293354695964	-8.16815442130159	-3.83306630045014
0.628671702143893	-9.10963607232776	-4.27405203326467
-0.798046845197223	-9.41634241245136	-4.82185091935607
-1.79293507286183	-9.69863431754024	-4.27405203326467
-1.88906691081102	-7.63103685053788	-3.42870222018769
-1.9501029983978	-7.78515297169451	-4.00854505226215
-1.02693217364767	-7.66613260090028	-4.16113527122911
-0.00915541313801785	-7.95147631036851	-3.48973830777447
-0.880445563439384	-8.97993438620584	-2.43228809033341
0.0274662394140536	-9.21950102998398	-1.59761959258412
2.35446707866026	-5.54818036163882	0.309758144502937
3.6942092011902	-0.132753490501259	1.60219729915312
4.90272373540856	4.45105668726635	2.61234454871443
4.79133287556268	6.21194781414511	3.79339284351873
5.33150225070573	5.32997634851606	2.99992370489052
4.4281681544213	3.05485618371862	2.98771648737316
2.63675898374914	-0.00457770656900893	2.43381399252308
1.68154421301595	-2.31784542610819	2.40482185091936
1.42671854734112	-1.31990539406424	5.52071412222477
2.37430380712596	0.457770656900893	7.23582818341344
0.521858548867018	-0.63782711528191	7.80346379797055
-0.312809948882277	-2.5787747005417	7.01152056153201
1.30922407873655	-2.84885938811322	5.78164339665827
-0.512703135729	-5.30861371786068	4.12298771648737
-1.23445487144274	-6.10055695429923	1.27565423056382
-1.52590218966964	-6.77347981994354	0.619516289005875
-2.24917982757305	-8.2383459220264	1.3321126115816
-3.19829098954757	-9.33089188982986	2.04165712977798
-4.44190127412833	-11.459525444419	1.69069962615396
-4.42206454566262	-9.93514915693904	2.45975432974746
-3.0609597924773	-8.58319981689174	2.98313878080415
-3.69573510337987	-7.10154879072251	1.2817578393225
-2.56046387426566	-4.71808957045853	0.0167849240863661
-4.11230640115969	-6.2577248798352	-2.19119554436561
-5.74044403753719	-8.203250171664	-5.30403601129168
-7.60814831769284	-12.0393682764935	-7.56694895857176
-7.64782177462425	-12.7428091859312	-8.42145418478676
-8.62134737163348	-13.8689250019074	-9.06385900663767
-8.09033340962844	-13.9375906004425	-8.81361104753185
-5.75417715724422	-12.4742504005493	-7.16411078049897
-4.35492484931716	-9.33089188982986	-4.69062333104448
-2.29953459983215	-6.8055237659266	-2.03097581445029
-0.495918211642634	-3.75677119096666	-0.837720302128634
0.529488059815366	-1.7792019531548	2.05996795605402
-0.190737773708705	-2.53147173266194	1.70595864805066
-1.74563210498207	-4.00244144350347	1.50148775463493
-3.30663004501411	-7.8461890592813	0.151064316777295
-4.90272373540856	-8.56336308842603	-0.424200808728161
-5.32234683756771	-9.2484931715877	-0.901808194094759
-3.94293125810636	-9.68947890440223	-2.4429694056611
-3.77660791943236	-9.61776150148775	-2.11032272831312
-1.90432593270771	-6.79179064621958	-1.15358205539025
-0.706492713817044	-6.18448157473106	0.0457770656900893
-1.29549095902953	-7.47844663157092	0.108339055466545
-2.04013122758831	-7.54558632791638	2.44907301441978
-2.90226596475166	-5.57717250324254	5.74807354848554
-3.80407415884642	-4.62500953688868	6.85130083161669
-3.52178225375753	-3.58434424353399	7.78362706950484
-3.98413061722744	-3.6942092011902	6.86350804913405
-5.39253833829252	-3.94903486686503	3.51720454718853
-3.36614023041123	-5.468833447776	1.39314869916838
-2.78324559395743	-4.40375371938659	-1.49691004806592
-0.840772106507973	-3.97497520408942	-4.51056687266346
0.231937132829786	-4.88441290913253	-6.75822079804685
1.95315480277714	-2.59250782024872	-7.61120012207217
3.80712596322576	-1.04829480430304	-8.67780575265125
3.77203021286336	0.155642023346304	-9.59639887083238
3.38902876325628	0.729381246662089	-7.37468528267338
2.67643244068055	-0.180056458381018	-6.52323186083772
2.21866178377966	-1.19935912108034	-5.58785381857023
0.508125429159991	-3.30968184939345	-4.97291523613336
1.92416266117342	-3.41802090486	-5.36202029449912
1.24971389333944	-1.0757610437171	-4.04364080262455
1.7441062027924	1.23598077363241	-2.58640421149004
4.12909132524605	5.06294346532387	-1.39162279697871
3.66826886396582	4.94850080109865	0.430304417486839
3.06401159685664	2.02487220569162	0.448615243762875
1.75173571374075	0.181582360570687	0.55390249485008
1.4526588845655	-1.82040131227588	-0.605783169298848
0.68055237659266	-2.10269321736477	-1.4877546349279
1.10780498970016	-2.27359426260777	-1.4679179064622
1.39467460135805	-2.33463035019455	-0.965896086060884
1.95620660715648	-2.16678110933089	-1.13221942473487
2.45212481879912	-3.50194552529183	-0.819409475852598
1.97146562905318	-3.34935530632486	0.199893186846723
1.40840772106508	-2.28274967574578	2.87479972533761
2.72983901731899	-0.89723048752575	6.5796902418555
2.55741206988632	0.463874265659571	7.64934767681392
3.01823453116655	1.61440451667048	8.81818875410086
3.61791409170672	4.26794842450599	8.7708857862211
3.588921950103	4.94392309452964	6.02578774700542
2.7191577019913	4.3579766536965	4.39002059967956
3.07011520561532	3.75677119096666	1.92416266117342
1.30312046997787	0.944533455405508	-1.12764171816587
0.720225833524071	-0.912489509422446	-3.18913557640955
-0.0244144350347143	-1.70901045243	-4.68757152666514
0.221255817502098	-1.22529945830472	-5.92202639810788
-0.218204013122759	-1.45113298237583	-6.04104676890211
-0.549324788281071	-1.97299153124285	-4.83253223468376
-1.21309224078737	-3.81322957198444	-5.33913176165408
-1.97756923781186	-5.95254444190127	-5.36507209887846
-2.47959105821317	-6.04867627985046	-5.32997634851606
-2.90074006256199	-3.82543678950179	-5.16060120546273
-0.386053253986419	-1.52895399404898	-4.43427176317998
0.350957503624018	-0.614938582436866	-4.69672693980316
0.633249408712901	-1.30769817654688	-3.54314488441291
0.506599526970321	-3.38902876325628	-3.24864576180667
-0.285343709468223	-5.23537041275654	-4.15503166247044
-1.23292896925307	-6.67124437323568	-2.79087510490578
-2.24307621881437	-4.60212100404364	-0.660715648126955
-1.37178606851301	-2.87937743190661	1.21766994735637
-0.636301213092241	-0.131227588311589	3.25932707713436
2.04776073853666	2.36362249179828	4.89204242008087
1.93789578088045	3.31273365377279	4.7699702449073
2.47043564507515	3.0960555428397	4.32135500114443
3.1616693369955	2.92362859540703	3.16472114137484
2.03860532539864	1.1459525444419	1.2466620889601
0.868238345922026	0.0961318379491875	-0.80872816052491
1.8142977035172	0.578316929884794	-1.62203402761883
0.874341954680705	0.819409475852598	-3.97955291065843
0.602731364919509	0.947585259784848	-5.63210498207065
1.34584573128862	1.99588006408789	-6.57511253528649
-0.889600976577401	1.80209048599985	-7.87975890745403
-2.72373540856031	1.79140917067216	-8.60914015411612
-4.33966582742046	0.608834973678187	-10.0572213321126
-5.82284275577935	1.38857099259937	-8.91584649423972
-5.32234683756771	2.97093156328679	-7.37468528267338
-4.89967193102922	5.67635614557107	-5.43678950179294
-3.15709163042649	7.57152666514076	-2.5833524071107
-1.78072785534447	10.0633249408713	-1.30464637216754
-0.76752880140383	11.5632867933165	0.021362630655375
-0.906385900663767	11.6624704356451	-0.0854505226215
-0.332646677347982	11.7097734035248	-0.360112916762036
-0.624093995574884	9.77950713359274	-1.11238269626917
-0.267032883192187	5.75112535286488	-2.98619058518349
-1.12153810940719	3.25932707713436	-3.09758144502937
-2.19424734874495	-0.955214770733196	-3.2120241092546
-0.616464484626535	-1.89669642175937	-0.743114366369116
-0.285343709468223	0.762951094834821	4.58991378652628
0.619516289005875	4.51819638361181	9.15236133363851
0.573739223315785	6.39658197909514	12.4116884107729
0.868238345922026	6.79789425497826	12.0119020370794
-0.898756389715419	6.30197604333562	9.33852140077821
-1.03608758678569	3.75677119096666	4.80048828870069
-0.563057907988098	2.04318303196765	-0.239566643778134
0.100709544518196	2.07217517357137	-2.48416876478218
0.740062561989776	0.480659189745937	-3.58281834134432
0.534065766384375	-2.0706492713817	-5.94491493095293
-1.38551918822004	-5.47035934996567	-7.55168993667506
-1.96383611810483	-5.22163729304952	-7.37621118486305
-2.53757534142061	-5.34523537041276	-7.49675745784695
-2.26901655603876	-3.18913557640955	-7.24193179217212
-0.695811398489357	2.03707942320897	-4.94544899671931
-0.534065766384375	3.07469291218433	-3.3676661326009
0.474555580987259	4.1870756084535	-3.0609597924773
0.72480354009308	3.84832532234684	-2.37430380712596
0.286869611657893	4.40527962157626	-1.70901045243
-0.854505226215	3.46379797055009	-2.80308232242313
0.866712443732357	2.79087510490578	-2.70237277790494
1.97909514000153	5.23842221713588	-1.29091325246052
2.05386434729534	7.00083924620432	-0.288395513847562
3.02433813992523	8.89448386358434	1.11848630502785
4.67841611352712	10.3990234225986	2.3224231326772
4.04974441138323	11.6823071641108	3.28068970778973
3.91241321431296	11.9111924925612	3.61943999389639
4.89967193102922	11.3206683451591	5.83352407110704
5.23689631494621	10.0633249408713	6.92454413672084
3.94445716029603	8.69916838330663	7.37315938048371
2.82139314869917	8.1025406271458	7.46776531624323
4.11383230334935	7.04509040970474	6.38895246814679
2.71457999542229	5.51766231784543	4.65552758068208
1.73800259403372	5.45510032806897	3.95208667124437
1.39467460135805	6.60410467689021	2.88548104066529
1.41908903639277	7.01762417029068	1.29549095902953
2.29495689326314	9.15693904020752	1.46028839551385
2.64438849469749	10.0007629510948	1.08644235904479
3.26390478370336	10.4417486839094	0.529488059815366
4.24811169604028	10.8339055466545	0.836194399938964
4.4785229266804	9.78866254673076	0.164797436484321
4.49073014419776	9.42092011902037	0.497444113832303
2.84580758373388	9.88937209124895	0.175478751812009
3.39360646982528	11.6594186312657	0.460822461280232
4.25268940260929	12.6634622720684	0.688181887541009
3.83611810482948	13.694972152285	2.5986114290074
4.15350576028077	15.3917753871977	3.21812771801328
4.49225604638743	15.5992980849928	4.19165331502251
4.40070191500725	14.207675288014	4.22064545662623
3.25322346837568	12.2056916151675	2.18204013122759
2.29800869764248	8.88075074387732	1.3168535896849
2.69474326695659	7.62798504615854	0.482185091935607
1.51522087434195	5.17891203173877	0.915541313801785
1.58541237506676	1.89059281300069	2.30258640421149
1.95620660715648	0.42572671091783	5.24605172808423
-1.39925230792706	-2.87174792095827	6.91538872358282
-2.20340276188296	-3.3676661326009	7.11680781261921
-2.98161287861448	-4.73029678797589	7.03288319218738
-2.93278400854505	-1.94247348744945	6.51255054551003
-2.79392690928511	0.727855344472419	4.55786984054322
-2.10269321736477	1.31837949187457	3.18913557640955
-1.48470283054856	0.00457770656900893	1.48928053711757
-1.41603723201343	-3.24101625085832	-1.13527122911421
-1.41908903639277	-4.34729533836881	-3.0106050202182
0.381475547417411	-2.96940566109712	-3.16472114137484
1.84023804074159	-0.364690623331044	-3.20897230487526
3.95666437781338	3.99633783474479	-1.22377355611505
5.14381628137636	7.85076676585031	-0.277714198519875
6.52475776302739	10.9697108415351	2.02792401007095
5.26131074998093	11.7769130998703	3.91393911650263
4.02380407415885	11.3008316166934	4.81422140840772
4.04058899824521	11.2291142137789	6.52018005645838
3.90478370336461	11.6945143816281	8.02929732204166
3.20286869611658	10.6340123598077	8.01251239795529
2.94956893263142	9.0074006256199	7.05424582284276
3.12809948882277	9.16151674677653	7.09086747539483
2.68863965819791	9.68490119783322	6.09903105210956
2.84428168154421	8.36194399938964	3.93835355153735
3.27000839246204	7.13359273670558	3.1464103150988
2.91294728007935	5.87014572365911	3.28831921873808
1.98367284657053	3.80712596322576	3.89715419241627
0.991836423285267	2.00198367284657	6.68955519951171
-0.370794232089723	0.718699931334401	9.37361715114061
-0.837720302128634	0.515754940108339	10.9742885481041
-1.66323338673991	-2.11337453269245	9.74135957885099
-3.37529564354925	-5.34981307698177	5.90981918059052
-0.486762798504616	-5.13923857480736	2.0706492713817
-1.84634164950027	-5.7450217441062	-0.514229037918669
-2.39719233997101	-4.93171587701228	-2.27054245822843
-2.15915159838254	-5.24452582589456	-4.12298771648737
-4.14282444495308	-6.49118791485466	-4.9408712901503
-5.39559014267186	-7.28923476005188	-6.10360875867857
-5.94949263752194	-8.66254673075456	-7.45555809872587
-5.2826733806363	-8.10711833371481	-8.31769283588922
-3.99176012817578	-8.07507438773175	-6.49881742580301
-2.87785152971695	-8.032349126421	-6.7200732433051
-1.6388189517052	-8.01556420233463	-5.7755397878996
-1.92874036774243	-9.61013199053941	-5.10109102006561
-1.41145952544442	-10.7240405889982	-5.25673304341192
-2.41397726405737	-9.18440527962158	-5.1972228580148
-3.59807736324102	-7.68444342717632	-3.60112916762036
-4.54718852521553	-7.38841840238041	-3.71709773403525
-6.07309071488518	-9.22713054093233	-5.16517891203174
-6.12039368276493	-10.1731898985275	-6.23941405355917
-6.9916838330663	-11.9203479056992	-7.24650949874113
-6.93675135423819	-11.8913557640955	-5.61532005798428
-5.85793850614176	-10.6843671320668	-3.076218814374
-5.01564049744411	-7.90417334248875	0.755321583886473
-3.09910734721904	-3.86205844205386	3.99633783474479
-0.424200808728161	-0.202944991226062	4.85694666971847
0.730907148851759	1.19020370794232	5.36049439230945
0.486762798504616	2.10421911955444	3.588921950103
0.370794232089723	3.58129243915465	4.11841000991836
0.349431601434348	6.43015182726787	4.08178835736629
-0.0152590218966964	7.60204470893416	2.46890974288548
-0.125123979552911	8.02777141985199	1.1108567940795
1.58999008163577	10.1136797131304	-2.12863355458915
2.54673075455863	10.4737926298924	-4.25574120698863
3.46990157930877	9.80239566643778	-5.54665445944915
3.80712596322576	10.5104142824445	-5.27046616311894
3.46227206836042	11.0429541466392	-3.85442893110552
3.17692835889219	11.3771267261769	-2.59250782024872
1.95620660715648	10.1853971160449	-2.68558785381857
3.26848249027237	10.074006256199	-1.19935912108034
3.92614633401999	12.7687495231556	0.654612039368276
4.63263904783703	13.0174715800717	1.35805294880598
5.75417715724422	14.0978103303578	1.84939345387961
4.35187304493782	13.0189974822614	0.556954299229419
1.31380178530556	8.4290836957351	-1.11543450064851
-0.828564888990616	6.86350804913405	-2.96330205233845
-2.14847028305486	1.26955062180514	-5.06599526970321
-2.77409018081941	-1.01777676050965	-5.56496528572518
-4.05432211795224	-4.21301594567788	-3.9810788128481
-2.50247959105821	-5.37575341420615	-0.106813153276875
-2.81681544213016	-6.2882429236286	3.93530174715801
-1.44960708018616	-5.42000457770657	8.47180895704585
-1.25123979552911	-3.5233081559472	11.8715190356298
-0.149538414587625	-3.13878080415045	12.8755626764324
-0.0900282291905089	-3.18303196765087	11.3725490196078
0.833142595559625	-4.11993591210803	7.47081712062257
-0.268558785381857	-7.18089570458534	3.60723277637903
-0.720225833524071	-8.31769283588922	0.343327992675669
-0.924696726939803	-10.3028915846494	-2.33463035019455
-2.01876859693294	-10.3120469977874	-4.3076218814374
-2.98466468299382	-9.75814450293736	-4.82642862592508
-4.64179446097505	-11.6533150225071	-5.35133897917143
-3.0106050202182	-9.29121843289845	-5.35591668574044
-2.63675898374914	-7.80193789578088	-3.48973830777447
-1.77462424658579	-5.7801174944686	-3.96124208438239
0.0793469138628214	-1.99588006408789	-1.9851987487602
1.2970168612192	0.122072175173571	-1.78683146410315
1.93942168307012	2.87174792095827	-0.158693827725643
1.36568245975433	3.29900053406577	1.78835736629282
1.75326161593042	4.99427786678874	4.13061722743572
1.60067139696345	4.89509422446021	5.65194171053635
0.701915007248035	3.30663004501411	4.83253223468376
0.524910353246357	3.69268329900053	2.63675898374914
-0.0747692072938125	4.3076218814374	2.90836957351034
-0.590524147402152	4.97749294270237	2.79087510490578
-0.89570458533608	6.14175631342031	5.13771267261769
-1.16884107728695	5.98916609445335	6.0364690623331
-1.29396505683986	6.7856870374609	8.00793469138628
-0.375371938658732	5.72823682001984	8.3390554665446
0.720225833524071	2.82291905088884	6.79789425497826
2.21560997940032	1.86770428015564	5.57106889448386
4.67078660257877	0.840772106507973	5.48256656748302
6.42710002288853	3.6240177004654	5.87930113679713
6.61936369878691	3.54772259098192	5.00953688868544
6.61936369878691	2.94651712825208	2.81223773556115
4.02990768291752	1.82803082322423	-0.321965362020295
1.35042343785763	-0.854505226215	-3.09910734721904
-0.503547722590982	-1.80819409475853	-4.31525139238575
-1.83413443198291	-2.54215304798962	-3.92462043183032
-1.23445487144274	-1.47402151522087	-3.68505378805219
-1.21309224078737	0.0228885328450446	-1.84786755168994
-0.434882124055848	0.495918211642634	-1.30617227435721
-0.341802090486	0.149538414587625	0.262455176623178
-0.952162966353857	-3.07774471656367	-0.198367284657053
0.242618448157473	-2.76646066987106	0.357061112382696
1.05592431525139	-1.65712977798123	0.825513084611276
0.259403372243839	-2.53299763485161	1.41451132982376
0.76600289921416	-2.74814984359503	0.0457770656900893
-0.883497367818723	-2.4277103837644	0.106813153276875
-0.17242694743267	-2.79087510490578	-0.358587014572366
-0.55542839703975	-3.81780727855344	-0.259403372243839
-1.2664988174258	-4.50293736171511	2.03707942320897
-0.253299763485161	-5.7953765163653	1.81582360570687
0.192263675898375	-7.10460059510185	3.9810788128481
0.0198367284657053	-7.42961776150149	4.15503166247044
-1.08644235904479	-6.04104676890211	4.8706797894255
-0.827038986800946	-4.82795452811475	4.33966582742046
-0.959792477302205	-2.6337071793698	2.45059891660945
-1.55489433127337	-0.848401617456321	2.45212481879912
0.341802090486	1.05745021744106	0.503547722590982
-0.0961318379491875	-0.109864957656214	-1.14290074006256
0.76752880140383	-1.31380178530556	-2.24765392538338
1.20393682764935	-0.0381475547417411	-3.06706340123598
0.616464484626535	-0.636301213092241	-2.31174181734951
0.830090791180285	-0.717174029144732	-3.0106050202182
0.34027618829633	0.459296559090562	-2.13168535896849
-0.00152590218966964	0.903334096284428	-0.5981536583505
-0.89570458533608	2.82291905088884	0.228885328450446
-1.17799649042496	3.85290302891585	2.47959105821317
-1.09712367437247	4.76691844052796	2.61539635309377
-0.741588464179446	5.19569695582513	3.52025635156786
0.367742427710384	5.24299992370489	2.06759746700237
2.51163500419623	5.88540474555581	1.09407186999313
4.10009918364233	3.55687800411994	0.593575951781491
3.56908522163729	3.28679331654841	-0.21362630655375
3.72014953841459	2.64438849469749	-0.00915541313801785
3.35545891508354	-0.181582360570687	-0.999465934233616
3.59960326543069	-2.65049210345617	-1.18562600137331
2.19119554436561	-4.77454795147631	0.372320134279393
0.283817807278553	-5.3833829251545	1.33669031815061
-0.291447318226902	-6.37064164187076	3.17082475013352
-1.41145952544442	-7.32127870603494	6.47135118638895
-2.74814984359503	-8.5145342183566	5.9510185397116
-3.24559395742733	-11.4442664225223	4.08178835736629
-3.61486228732738	-13.2249942778668	2.38193331807431
-3.13267719539178	-14.3236438544289	-0.112916762035554
-3.31273365377279	-15.0225070572976	-3.16014343480583
-2.85038529030289	-13.5515373464561	-5.42458228427558
-2.20035095750362	-10.7072556649119	-6.44083314259556
-0.81025406271458	-6.01358052948806	-7.19310292210269
-0.161745632104982	-4.35950255588617	-8.54352635996033
-0.350957503624018	-3.48516060120546	-8.81055924315251
-1.3015945677882	-3.82543678950179	-7.52422369726101
-3.34172579537652	-4.79896238651102	-6.0013733119707
-3.32799267566949	-3.38750286106661	-4.67689021133745
-3.82391088731212	-2.34378576333257	-2.83360036621653
-4.25268940260929	-1.00862134737163	-2.40024414435035
