2.8198672465095	2.50858319981689	0.476081483176928
1.50759136339361	2.61234454871443	-1.23903257801175
0.320439459830625	1.87075608453498	2.221713588159
0.671396963454643	0.692759594110018	0.741588464179446
-0.604257267109178	1.15663385976959	-3.88799877927825
-5.65804531929503	1.4679179064622	4.76386663614862
1.66933699549859	2.75272755016403	1.82803082322423
1.6388189517052	2.62455176623178	2.04165712977798
-2.27054245822843	3.90020599679561	2.5787747005417
2.79545281147478	3.56145571068894	2.91142137788968
0.772106507972839	3.1464103150988	3.57671473258564
0.552376592660411	2.84733348592355	-2.65506981002518
-1.0955977721828	1.89211871519036	-2.57267109178302
-1.14747844663157	0.927748531319142	-0.561532005798428
3.46074616617075	0.0183108262760357	-3.01823453116655
0.00915541313801785	0.0366216525520714	4.12298771648737
-0.38452735179675	0.698863202868696	-0.320439459830625
-5.58480201419089	1.99282825970855	2.88395513847562
-1.80666819256886	3.44853894865339	5.20943007553216
0.924696726939803	1.35500114442664	3.43327992675669
-1.14137483787289	3.11284046692607	3.47905699244678
1.8097199969482	0.878919661249714	1.82192721446555
2.68863965819791	-0.109864957656214	0.283817807278553
-0.216678110933089	0.747692072938125	3.05180437933928
1.27260242618448	0.134279392690929	-1.03761348897536
-2.36514839398795	1.0406652933547	-4.38544289311055
-4.3274586099031	1.0101472495613	2.72831311512932
3.52483405813687	0.866712443732357	-0.482185091935607
-3.96734569314107	-0.283817807278553	-3.59502555886168
-2.44449530785077	0.173952849622339	-6.46982528419928
0.283817807278553	-0.543221179522393	6.17685206378271
-2.8351262684062	-0.885023270008392	-2.98466468299382
-10.7789730678264	0.259403372243839	-0.314335851071946
5.27046616311894	-0.915541313801785	0.286869611657893
-2.16983291371023	-0.280766002899214	0.72327763790341
1.21461814297704	-1.10780498970016	-0.552376592660411
4.31830319676509	0.0915541313801785	-4.65094987411307
1.66323338673991	-0.585946440833143	-7.45250629434653
-0.747692072938125	-0.711070420386053	2.88090333409628
1.36415655756466	-0.466926070038911	-0.650034332799268
-1.32448310063325	-1.10170138094148	-1.01930266269932
0.616464484626535	-0.521858548867018	0.753795681696803
2.15762569619287	-1.01319905394064	-0.854505226215
0.2563515678645	-1.11696040283818	-13.2967116807813
0.280766002899214	1.01625085831998	2.66117341878386
2.1515220874342	1.91348134584573	2.26749065384909
-6.93369954985885	2.70389868009461	1.5228503852903
7.70580605783169	3.0609597924773	8.27954528114748
0.68055237659266	3.28068970778973	4.75471122301061
3.21660181582361	4.14435034714275	4.95307850766766
4.58686198214694	3.40886549172198	-1.19020370794232
2.19119554436561	2.27664606698711	-4.72419317921721
1.20241092545968	3.12809948882277	6.61631189440757
-0.540169375143053	1.32448310063325	3.42412451361868
0.558480201419089	0.442511635004196	1.16273746852827
5.38643472953384	0.988784618905928	0.482185091935607
4.4281681544213	0.512703135729	-2.8351262684062
-2.41092545967803	-0.0305180437933928	-0.341802090486
5.14229037918669	1.53200579842832	-3.28984512092775
0.524910353246357	0.714122224765393	2.41397726405737
-8.88075074387732	-0.143434805828946	-3.75677119096666
9.87258716716259	0.265506981002518	-7.05271992065309
0.985732814526589	0.402838178072786	3.76287479972534
-2.10574502174411	2.16067750057221	-1.06813153276875
0.314335851071946	2.41092545967803	-0.558480201419089
3.10368505378805	2.30106050202182	2.14541847867552
0.827038986800946	3.27153429465171	5.33455405508507
-2.59403372243839	3.72625314717327	1.95315480277714
-0.503547722590982	2.58487830930037	0.9399557488365
2.49027237354086	3.23491264209964	2.71610589761196
1.44960708018616	2.95109483482109	5.34676127260243
-0.0518806744487678	4.0009155413138	-1.42519264515145
-3.43327992675669	3.28374151216907	2.8900587472343
-12.5185015640497	2.8900587472343	-8.27954528114748
9.27443350881209	2.41702906843671	5.08125429159991
-2.76798657206073	2.392614633402	2.53604943923095
2.44144350347143	1.57167925535973	-1.56862745098039
6.38132295719844	0.930800335698482	6.0517280842298
2.11490043488212	0.588998245212482	-0.866712443732357
1.14137483787289	1.39772640573739	0.12817578393225
-0.402838178072786	0.402838178072786	-2.75883115892271
0.393682764934768	0.576791027695125	-0.732433051041428
5.70382238498512	0.814831769283589	-0.830090791180285
2.01419089036393	1.06507972838941	-2.34683756771191
1.57473105973907	0.344853894865339	0.466926070038911
1.47707331960021	1.05287251087205	2.43839169909209
-9.64370183871214	1.50759136339361	-4.00701915007248
4.10467689021134	1.15358205539025	2.02029449912261
5.00801098649577	2.60318913557641	6.30502784771496
2.84733348592355	2.63675898374914	-0.0396734569314107
4.90424963759823	1.78225375753414	-3.64690623331044
6.55832761120012	1.69680323491264	5.1117723353933
2.4078736552987	2.14541847867552	3.40886549172198
-1.8097199969482	1.01625085831998	-1.39772640573739
0.827038986800946	1.92263675898375	-3.63775082017243
1.78530556191348	2.09964141298543	4.05584802014191
1.50759136339361	3.09758144502937	3.20134279392691
0.347905699244678	1.85549706263828	0.842298008697642
0.161745632104982	1.93789578088045	1.32753490501259
-5.61837186236362	0.372320134279393	3.01213092240787
-5.3681239032578	-0.283817807278553	2.50247959105821
3.69878690775921	-1.20241092545968	-1.19325551232166
-0.198367284657053	-1.15968566414893	-2.31021591515984
0.677500572213321	-0.909437705043107	-3.39055466544594
4.08941786831464	-0.476081483176928	-9.14930952925917
4.33661402304112	-1.00099183642329	0.677500572213321
2.45975432974746	-0.0274662394140536	-2.27359426260777
-0.836194399938964	-1.38857099259937	-2.52689402609293
4.101625085832	-0.0915541313801785	0.68055237659266
4.97138933394369	0.842298008697642	0.778210116731518
2.76188296330205	1.28480964370184	-2.62455176623178
1.57778286411841	1.88601510643168	-4.46784161135271
-1.19020370794232	1.56862745098039	2.98466468299382
-9.4850080109865	2.10879682612345	2.38345922026398
10.7087815671015	2.85648889906157	7.43724727244984
-1.73342488746471	1.26039520866712	1.89822232394903
1.5533684290837	1.80666819256886	0.534065766384375
6.84519722285801	0.885023270008392	-7.99572747386893
-0.885023270008392	0.305180437933928	0.454718852521553
-8.55420767528801	-0.0610360875867857	-3.37224383916991
1.4526588845655	-1.75173571374075	-1.35500114442664
-0.0335698481727321	-1.33363851377127	2.92362859540703
3.33867399099718	-2.31326771953918	0.952162966353857
3.04264896620127	-3.70489051651789	-3.29900053406577
2.73746852826734	-2.97856107423514	-5.39864194705119
-2.15457389181353	-2.10574502174411	-2.18814373998627
-12.6955062180514	-2.67032883192187	-2.70084687571527
5.38948653391318	-1.59609369039445	-3.61943999389639
-0.207522697795071	-0.262455176623178	-3.55230029755093
-1.25429159990845	0.396734569314107	-6.29587243457694
3.17998016327153	1.13221942473487	-7.83398184176394
3.93987945372702	0.0183108262760357	-10.5836575875486
-1.02845807583734	0.543221179522393	-2.13015945677882
2.93278400854505	2.18509193560693	3.87273975738155
-1.16884107728695	1.02235446707866	3.79949645227741
-2.68558785381857	0.924696726939803	2.67948424505989
0.100709544518196	1.47096971084154	7.36095216296635
0.274662394140536	2.56961928740368	2.20950637064164
0.0305180437933928	1.59304188601511	-1.22682536049439
-3.63775082017243	1.90432593270771	-2.23086900129702
-3.5034714274815	3.247119859617	1.66628519111925
3.83611810482948	3.92156862745098	3.36919203479057
-2.08133058670939	2.74662394140536	-0.283817807278553
0.610360875867857	1.40993362325475	4.29083695735103
2.55130846112764	0.494392309452964	0.915541313801785
-0.347905699244678	-0.210574502174411	0.943007553215839
-6.07003891050584	-1.23292896925307	-0.177004654001679
-8.05371175707637	-1.30006866559854	-10.8552681773098
-5.18806744487678	-3.38445105668727	-3.07011520561532
-1.9806210421912	-4.08941786831464	-5.55123216601816
-4.57160296025025	-3.96429388876173	-8.0170901045243
-6.90318150606546	-4.81574731059739	4.52277409018082
-9.19203479056992	-4.54413672083619	3.44243533989471
1.69680323491264	-3.21965362020295	-1.56862745098039
2.35904478522927	-0.515754940108339	0.103761348897536
-0.451667048142214	-0.0518806744487678	-0.476081483176928
3.64080262455177	-0.350957503624018	-0.970473792629892
1.61745632104982	-0.167849240863661	0.473029678797589
-0.704966811627375	0.524910353246357	0.89723048752575
-2.79850461585412	-0.7690547035935	1.42214084077211
-2.95109483482109	-1.30006866559854	-0.732433051041428
-0.750743877317464	-0.415045395590143	-15.4421301594568
-0.0518806744487678	-0.653086137178607	6.83299000534066
-2.88090333409628	-1.75478751812009	-1.97756923781186
-0.451667048142214	-2.0355535210193	-1.8097199969482
-2.86564431219959	-2.19119554436561	2.24307621881437
-2.66727702754253	-1.73037308308537	0.756847486076142
-1.18410009918364	-1.39162279697871	-3.62554360265507
-8.84107728694591	-1.6235599298085	-5.85336079957275
5.65804531929503	-1.69680323491264	-0.0335698481727321
0.576791027695125	-1.64492256046387	-4.7699702449073
3.75677119096666	-4.12298771648737	-7.75158312352178
1.76394293125811	-3.61943999389639	-1.34889753566796
-0.689707789730678	-4.12909132524605	-4.64484626535439
-2.88090333409628	-5.57869840543221	-5.70687418936446
-2.50858319981689	-4.29388876173037	1.21766994735637
-0.903334096284428	-3.82696269169146	-1.6388189517052
2.23086900129702	-1.77615014877546	-6.12802319371328
0.778210116731518	-1.61135271229114	0.0518806744487678
-4.58686198214694	1.22682536049439	-1.98367284657053
-8.38025482566568	2.00503547722591	0.885023270008392
5.15754940108339	2.45975432974746	3.97344930189975
0.836194399938964	3.61638818951705	5.15144579232471
1.99893186846723	3.02433813992523	3.47905699244678
3.25322346837568	3.63469901579309	1.7944609750515
3.73846036469062	3.247119859617	0.619516289005875
-0.296025024795911	3.42107270923934	-3.62554360265507
-1.23903257801175	2.52384222171359	2.13931486991684
0.0244144350347143	3.21355001144427	-1.69985503929198
2.38345922026398	2.57572289616236	0.0793469138628214
-0.918593118181125	2.08743419546807	2.27359426260777
-3.33867399099718	0.604257267109178	-2.96330205233845
-3.64385442893111	-1.34279392690929	-5.20332646677348
-11.4015411612116	-3.55230029755093	-2.37125200274662
-11.7097734035248	-4.74555580987259	-1.83718623636225
0.170901045243	-6.90928511482414	-7.97131303883421
-9.42702372777905	-6.33859769588769	-2.97245746547646
-6.17685206378271	-5.51461051346609	-1.43129625391012
5.12092774853132	-5.2674143587396	-4.22980086976425
-1.42519264515145	-4.17792019531548	-5.65804531929503
-3.64995803768978	-3.50041962310216	-3.48516060120546
-0.378423743038071	-1.30922407873655	-2.34683756771191
-0.0762951094834821	-0.729381246662089	-4.10772869459068
2.64591439688716	1.80666819256886	0.866712443732357
-2.33463035019455	1.44045166704814	-1.29396505683986
-0.527962157625696	2.75272755016403	1.75173571374075
1.90737773708705	3.4882124055848	1.86770428015564
0.622568093385214	2.22781719691768	4.13214312962539
-7.04051270313573	2.59708552681773	-7.89806973373007
0.622568093385214	3.59807736324102	-2.43533989471275
3.49736781872282	1.60219729915312	-3.24406805523766
0.4272526131075	1.81277180132753	4.38544289311055
1.42519264515145	2.99382009613184	3.53704127565423
2.18509193560693	2.38651102464332	2.45365072098878
-1.40993362325475	0.552376592660411	0.582894636453803
-3.24101625085832	-0.0976577401388571	-0.817883573662928
-4.06500343327993	-1.83413443198291	-8.69764248111696
0.0366216525520714	-2.11490043488212	-0.80872816052491
2.0660715648127	-3.24406805523766	0.372320134279393
-0.393682764934768	-2.49942778667887	0.784313725490196
0.823987182421607	-1.22072175173571	3.27153429465171
3.21355001144427	-0.0946059357595178	2.11490043488212
-7.23887998779278	1.30922407873655	-1.5228503852903
12.1034561684596	2.24307621881437	-6.37521934843977
3.44548714427405	3.09758144502937	4.36408026245518
5.42305638208591	2.26749065384909	-4.68146791790646
5.73434042877852	2.95719844357977	3.55230029755093
4.84321355001144	3.28984512092775	4.02227817196918
-3.21355001144427	2.36514839398795	4.31830319676509
2.26443884946975	0.802624551766232	2.19729915312428
-3.03349355306325	0.393682764934768	-1.99588006408789
-1.62661173418784	-0.280766002899214	-4.66926070038911
1.78225375753414	-1.06507972838941	2.82902265964752
-3.98565651941711	-2.07827878233005	-1.00404364080262
-4.11688410772869	-2.38345922026398	-0.866712443732357
-3.99786373693446	-3.58587014572366	0.488288700694285
-11.6975661860075	-2.6337071793698	1.54726482032502
4.45868619821469	-4.03753719386587	-10.8583199816892
-2.08743419546807	-4.26031891355764	-7.15342946517128
0.186160067139696	-4.24811169604028	-2.79850461585412
2.35904478522927	-4.15960936903944	-5.06904707408255
3.26237888151369	-4.95307850766766	-2.64591439688716
1.40993362325475	-3.92156862745098	2.33463035019455
-4.77607385366598	-2.12710765239948	2.4078736552987
0.354009308003357	-1.37636377508202	-3.70794232089723
0.460822461280232	-1.33058670939193	-3.97344930189975
2.26443884946975	1.01319905394064	3.45159075303273
-0.958266575112535	1.51064316777295	2.28580148012512
1.44350347142748	2.00808728160525	3.94293125810636
1.4679179064622	2.26749065384909	3.78118562600137
-10.2113374532692	2.71305409323262	4.51972228580148
10.757610437171	0.756847486076142	0.949111161974517
-0.885023270008392	-0.994888227664607	-13.9375906004425
1.7944609750515	-1.18410009918364	-1.73342488746471
2.07522697795071	-1.90737773708705	3.46684977492943
1.80361638818952	-2.1210040436408	-0.323491264209964
-1.20851453421836	-2.563515678645	3.68657969024186
-2.12710765239948	-1.20241092545968	7.51049057755398
1.47096971084154	-0.497444113832303	4.02227817196918
-1.3519493400473	-2.38651102464332	-0.482185091935607
4.86762798504616	-1.17189288166629	1.16273746852827
3.04264896620127	-0.650034332799268	7.21141374837873
4.28168154421302	-0.573739223315785	6.31113145647364
6.17990386816205	-0.857557030594339	-0.0976577401388571
5.17586022735943	-0.064087891966125	5.08430609597925
0.314335851071946	0.402838178072786	-1.4373998626688
-5.32845044632639	0.695811398489357	1.34584573128862
6.44541084916457	0.909437705043107	5.14534218356603
-0.387579156176089	-0.421149004348821	-7.92858777752346
3.82085908293278	0.854505226215	4.78828107118334
3.8452735179675	-0.134279392690929	-1.53200579842832
1.01930266269932	-0.302128633554589	-2.58793011367971
-2.68863965819791	-0.756847486076142	1.10475318532082
-2.2919050888838	0.00915541313801785	1.97146562905318
0.784313725490196	0.0244144350347143	-0.210574502174411
-4.272526131075	-0.625619897764553	-2.1362630655375
-0.665293354695964	-1.58693827725643	-3.28984512092775
2.01724269474327	-2.28580148012512	-1.86770428015564
-1.47402151522087	-3.77203021286336	-3.95513847562371
-1.53505760280766	-5.15449759670405	-13.4767681391623
-6.50339513237201	-3.58587014572366	1.62050812542916
7.65392538338293	-2.22476539253834	0
-2.74052033264668	-2.28580148012512	5.26131074998093
2.29495689326314	-1.40077821011673	4.25421530479896
5.18196383611811	-0.0976577401388571	4.18402380407416
6.07614251926451	0.0671396963454643	-10.57755397879
4.23590447852293	-0.326543068589303	5.64278629739834
2.84733348592355	2.1515220874342	-1.07728694590677
3.92767223620966	1.48012512397955	3.07011520561532
6.46982528419928	2.95109483482109	5.80453192950332
2.39871824216068	4.03143358510719	3.98565651941711
6.31113145647364	5.04768444342718	2.44449530785077
3.0060273136492	4.01922636758984	-3.57976653696498
4.09857328145266	6.03036545357443	3.31425955596246
-5.21553368429084	3.83916990920882	2.85343709468223
10.272373540856	2.34988937209125	2.96025024795911
-3.80560006103609	0.161745632104982	0.491340505073625
-1.38551918822004	-1.22377355611505	-0.683604180972
-1.09864957656214	-2.31326771953918	2.2369726100557
-1.25429159990845	-2.70084687571527	0.497444113832303
-3.39665827420462	-0.177004654001679	2.98771648737316
-0.274662394140536	1.15663385976959	-4.80964370183871
0.98268101014725	0.833142595559625	5.06294346532387
3.86663614862287	1.28786144808118	-0.0396734569314107
4.86762798504616	1.67544060425727	0.460822461280232
3.92462043183032	-0.463874265659571	-4.36102845807584
-2.67338063630121	-0.372320134279393	-7.00083924620432
-4.06195162890059	-0.692759594110018	-2.7191577019913
3.59807736324102	-0.534065766384375	-7.62645914396887
-1.68459601739528	0.369268329900053	-1.25734340428779
-0.259403372243839	1.24208438239109	2.44449530785077
2.43228809033341	1.44655527580682	4.8401617456321
1.22987716487373	2.6337071793698	1.29396505683986
-0.943007553215839	2.8351262684062	1.71816586556802
-2.58182650492103	2.44449530785077	0.103761348897536
-2.32547493705653	2.8198672465095	2.50553139543755
1.9806210421912	1.34279392690929	-0.418097199969482
-0.0915541313801785	1.81582360570687	-5.16365300984207
-0.588998245212482	0.314335851071946	-6.88181887541009
-1.67238879987793	-0.415045395590143	4.2572671091783
-1.97146562905318	-0.518806744487678	-2.00808728160525
-3.98565651941711	-0.875867856870375	1.93179217212177
-10.4371709773404	-1.01625085831998	5.64583810177768
7.37315938048371	-0.537117570763714	5.22163729304952
-0.949111161974517	1.22377355611505	-1.38857099259937
4.33356221866178	2.62149996185245	-1.65407797360189
5.65804531929503	1.85244525825895	-7.07408255130846
3.44243533989471	3.10978866254673	1.09864957656214
-1.17189288166629	2.07827878233005	0.720225833524071
-1.91653315022507	2.10574502174411	0.430304417486839
0.872816052491035	2.29495689326314	1.73647669184405
-0.4272526131075	1.37331197070268	-3.38750286106661
1.31227588311589	2.49637598229953	0.967421988250553
0.732433051041428	3.98260471503777	-1.86770428015564
1.88296330205234	4.3579766536965	-9.34157320515755
-3.55230029755093	5.10872053101396	7.05577172503243
-0.503547722590982	5.05989166094453	3.46074616617075
-0.973525597009232	5.21858548867018	3.57976653696498
-1.68459601739528	2.47196154726482	3.88494697489891
-0.305180437933928	1.99893186846723	4.83405813687343
0.625619897764553	-0.296025024795911	2.79545281147478
1.13832303349355	-1.10780498970016	2.48722056916152
1.03761348897536	-2.08438239108873	0.378423743038071
-1.93484397650111	-2.37430380712596	-0.04272526131075
1.92568856336309	-3.57671473258564	-2.67032883192187
2.04470893415732	-0.961318379491875	1.68154421301595
2.1362630655375	-1.65712977798123	-6.83909361409934
1.1261158159762	-1.4679179064622	-8.39246204318303
1.15968566414893	-0.369268329900053	-3.72014953841459
-10.4829480430304	-0.396734569314107	-9.90005340657664
5.99984740978103	-1.19020370794232	-0.231937132829786
-5.34981307698177	-0.183108262760357	2.84733348592355
1.28480964370184	0.63782711528191	3.10978866254673
2.94499122606241	1.51064316777295	3.95819028000305
2.29800869764248	1.59304188601511	2.05996795605402
1.8646524757763	0.494392309452964	-3.21049820706493
-1.55031662470436	-0.134279392690929	-1.90127412832837
0.784313725490196	-0.421149004348821	-0.122072175173571
0.63782711528191	0.216678110933089	1.4679179064622
1.55947203784237	-1.50148775463493	0.277714198519875
-0.872816052491035	-0.924696726939803	-0.0305180437933928
-3.11589227130541	-1.64492256046387	-1.76699473563745
-9.63149462119478	-1.77309834439612	-1.84939345387961
0.0793469138628214	-1.64492256046387	0.784313725490196
-2.1210040436408	-3.55230029755093	-0.0366216525520714
-3.55840390630961	-2.68253604943923	-13.8735027084764
-0.805676356145571	-4.48920424200809	3.17692835889219
3.98565651941711	-2.16372930495155	-4.90119783321889
-1.73647669184405	-2.5787747005417	-1.31837949187457
-0.280766002899214	0.021362630655375	2.86564431219959
4.43732356755932	1.01319905394064	-0.747692072938125
2.27359426260777	1.58999008163577	2.53910124361028
2.86564431219959	1.62050812542916	-1.46181429770352
0.0701915007248035	1.41298542763409	-1.86770428015564
-3.25932707713436	0.296025024795911	-0.885023270008392
-3.67742427710384	3.04875257495994	6.21042191195544
-10.5683985656519	2.82902265964752	2.30106050202182
4.10467689021134	1.71206225680934	2.56046387426566
-4.21454184786755	2.60624093995575	3.55535210193027
-4.38544289311055	2.69779507133593	1.14137483787289
-1.60524910353246	0.506599526970321	-0.692759594110018
1.52895399404898	-0.0610360875867857	-5.93270771343557
-3.90936140993362	0.354009308003357	-0.601205462729839
-1.88906691081102	-1.2970168612192	1.76394293125811
1.00099183642329	-1.60524910353246	-1.34584573128862
-0.268558785381857	-3.06401159685664	6.49729152361334
-2.1210040436408	-1.63576714732586	1.81277180132753
-3.10063324940871	-3.20439459830625	-2.905317769131
-4.07415884641794	-3.74151216906996	-5.43221179522393
-11.3588158999008	-3.45769436179141	-6.60715648126955
-2.44449530785077	-5.82589456015869	-4.25116350041962
-8.39551384756237	-5.52071412222477	-6.1219195849546
-5.34065766384375	-5.810635538262	-5.55123216601816
-5.23994811932555	-4.40985732814527	-3.29289692530709
-2.09964141298543	-2.88700694285496	0.720225833524071
-2.75272755016403	-2.68863965819791	-0.436408026245518
-3.47600518806744	-2.81071183337148	-3.80865186541543
0.875867856870375	-2.84733348592355	-7.59288929579614
1.05897611963073	-1.15968566414893	4.71808957045853
5.44441901274128	0.0793469138628214	-0.338750286106661
0.912489509422446	0.494392309452964	0.564583810177768
-8.54505226215	2.31326771953918	4.64179446097505
6.21652552071412	1.45571068894484	2.31631952391852
-1.81582360570687	0.820935378042267	-0.656137941557946
-3.21660181582361	-0.405889982452125	-3.32646677347982
-2.14847028305486	-2.90226596475166	-2.89921416037232
-0.238040741588464	-2.27969787136645	5.07515068284123
-3.28068970778973	-3.17998016327153	1.48622873273823
-7.54711223010605	-3.54009308003357	0.167849240863661
-8.73426413366903	-2.9907682917525	3.93987945372702
-0.781261921110857	-3.68352788586252	4.88593881132219
-3.73846036469062	-3.85442893110552	3.03044174868391
1.86770428015564	-3.93377584496834	-8.37720302128634
-1.40383001449607	-5.16975661860075	-0.930800335698482
0.430304417486839	-5.09040970473793	-1.33974212252995
-5.16060120546273	-4.60212100404364	-4.97749294270237
-4.11993591210803	-4.38544289311055	-1.64187075608453
3.49431601434348	-3.99786373693446	-5.77401388570993
-1.57778286411841	-4.66315709163043	-12.6497291523613
2.79850461585412	-3.46990157930877	-0.582894636453803
2.11795223926146	-2.74662394140536	-5.26131074998093
-1.25123979552911	-2.40177004654002	0.863660639353018
-2.81681544213016	-1.78835736629282	3.71709773403525
-3.29289692530709	-0.314335851071946	3.28984512092775
-4.21149004348821	0.451667048142214	0.961318379491875
-3.86968795300221	1.32448310063325	0.268558785381857
-0.747692072938125	1.87075608453498	3.06401159685664
-4.46173800259403	1.69069962615396	1.39162279697871
-7.14122224765393	-0.741588464179446	-13.4889753566796
-8.09033340962844	-0.424200808728161	6.84824902723735
1.99282825970855	-3.14946211947814	-3.14946211947814
-5.58480201419089	-4.08941786831464	-6.70481422140841
-1.78530556191348	-4.29694056610971	2.11184863050278
1.94705119401846	-4.34882124055848	0.59510185397116
3.65300984206912	-3.50041962310216	-2.59708552681773
0.524910353246357	-2.77103837644007	-2.94499122606241
0.0549324788281071	-2.84122987716487	-1.04982070649271
0.567635614557107	-2.10269321736477	1.84939345387961
2.89921416037232	-0.836194399938964	1.70595864805066
-0.201419089036393	-0.772106507972839	0.888075074387732
1.95315480277714	0.915541313801785	0.436408026245518
3.70489051651789	0.878919661249714	2.97856107423514
-0.457770656900893	0.234988937209125	-2.92668039978637
-8.84412909132525	0.631723506523232	-1.24513618677043
7.53185320820935	-0.689707789730678	5.13313496604868
-1.538109407187	1.25123979552911	-8.38941023880369
-2.97856107423514	1.13832303349355	4.0161745632105
2.9755092698558	2.96635385671778	1.93179217212177
0.411993591210803	0.72327763790341	-4.32135500114443
-2.86869611657893	0.399786373693446	3.47295338368811
-5.14229037918669	-1.24208438239109	-1.18715190356298
-2.67643244068055	-1.08339055466545	-0.80872816052491
-1.75783932249943	-2.6337071793698	-0.81177996490425
-2.42923628595407	-3.588921950103	-3.59197375448234
-5.49324788281071	-3.87579156176089	-8.23071641107805
-1.61440451667048	-5.20943007553216	-7.51354238193332
-14.679179064622	-5.90218966964218	-6.37216754406043
4.16876478217746	-5.12092774853132	-5.42305638208591
-3.28984512092775	-5.02327000839246	-3.41496910048066
0.512703135729	-4.77912565804532	-2.93278400854505
0.656137941557946	-4.39459830624857	-1.22072175173571
-2.38651102464332	-4.04669260700389	-10.6721599145495
-4.05889982452125	-2.71305409323262	2.42618448157473
-4.26947432669566	-2.7496757457847	0.946059357595178
-2.74662394140536	-1.99588006408789	-0.265506981002518
-1.1261158159762	-1.99893186846723	-4.3274586099031
-3.48210879682612	-2.27664606698711	0.628671702143893
-5.40474555580987	-2.33157854581521	-4.55939574273289
-16.2722209506371	-0.9399557488365	-4.20538643472953
-0.167849240863661	-1.66933699549859	-0.134279392690929
-7.9163805600061	-0.573739223315785	3.85137712672618
-0.396734569314107	1.63576714732586	2.84428168154421
3.57976653696498	1.99282825970855	-1.68459601739528
3.52483405813687	1.70290684367132	0.137331197070268
3.51873044937819	1.57473105973907	-3.18303196765087
2.50858319981689	0.59510185397116	-1.59304188601511
1.76089112687877	-0.170901045243	-8.41077286945907
2.17593652246891	-2.1515220874342	1.81582360570687
3.07011520561532	-2.70695048447395	-4.26947432669566
1.48622873273823	-1.64492256046387	-1.73647669184405
-1.82803082322423	-1.73342488746471	-0.0701915007248035
-3.29900053406577	-1.78835736629282	-1.89822232394903
-8.83192187380789	-0.473029678797589	-1.01930266269932
-0.164797436484321	1.06813153276875	-0.360112916762036
-2.55436026550698	0.463874265659571	-2.09658960860609
-0.671396963454643	-1.37026016632334	-4.81269550621805
3.01213092240787	-2.36209658960861	-9.26527809567407
-1.18410009918364	-0.924696726939803	5.51461051346609
-0.842298008697642	-1.72121766994736	-2.28274967574578
-1.32753490501259	-0.366216525520714	-0.802624551766232
0.415045395590143	1.41603723201343	5.31929503318837
0.906385900663767	1.08644235904479	0.836194399938964
0.63782711528191	1.22682536049439	-3.23796444647898
-0.454718852521553	0.814831769283589	-8.96009765774014
-0.21362630655375	0.204470893415732	2.87479972533761
-7.45250629434653	-0.0274662394140536	-1.61745632104982
8.49927519645991	-0.0549324788281071	0.277714198519875
-2.82902265964752	-1.42214084077211	-1.30312046997787
3.4027618829633	-0.885023270008392	-4.04669260700389
3.72320134279393	-0.848401617456321	-4.71808957045853
2.6337071793698	-0.823987182421607	-3.21355001144427
