1.66056166056166	0.952380952380952	2.002442002442
1.88034188034188	0.170940170940171	2.63736263736264
2.85714285714286	1.46520146520147	3.56532356532357
1.51404151404151	2.05128205128205	1.02564102564103
4.61538461538461	1.001221001221	-1.63614163614164
2.68620268620269	1.22100122100122	-0.903540903540904
4.05372405372405	0.537240537240537	-5.56776556776557
3.68742368742369	-0.0976800976800977	-1.12332112332112
1.92918192918193	-0.512820512820513	-0.293040293040293
3.24786324786325	-1.1965811965812	-1.29426129426129
1.22100122100122	0.244200244200244	-0.634920634920635
2.58852258852259	0.683760683760684	-1.36752136752137
0.976800976800977	0.170940170940171	-2.66178266178266
0.683760683760684	0.146520146520147	-3.85836385836386
2.2954822954823	-0.0244200244200244	-2.44200244200244
0.781440781440781	1.05006105006105	-0.195360195360195
2.78388278388278	0.244200244200244	0.512820512820513
1.78266178266178	0.415140415140415	1.63614163614164
0.268620268620269	0.879120879120879	-1.58730158730159
3.22344322344322	0.659340659340659	3.36996336996337
0.83028083028083	0.390720390720391	0.83028083028083
2.93040293040293	-0.146520146520147	3.54090354090354
1.22100122100122	-0.390720390720391	2.90598290598291
0.952380952380952	0.195360195360195	1.70940170940171
0.708180708180708	-1.12332112332112	-1.05006105006105
0.415140415140415	-0.341880341880342	-2.17338217338217
0.610500610500611	-1.31868131868132	-3.1990231990232
0.732600732600733	-0.854700854700855	-2.51526251526252
-0.0732600732600733	-0.366300366300366	-2.31990231990232
0.341880341880342	-0.854700854700855	-1.46520146520147
0.879120879120879	1.17216117216117	-3.2967032967033
-1.39194139194139	0.366300366300366	-0.512820512820513
-1.0989010989011	0.586080586080586	0.708180708180708
-2.34432234432234	1.34310134310134	1.1965811965812
0.781440781440781	-0.0732600732600733	0.805860805860806
-1.68498168498168	0.366300366300366	-0.903540903540904
0.903540903540904	-0.0488400488400488	-4.76190476190476
-1.41636141636142	-1.22100122100122	-4.44444444444444
-2.71062271062271	-1.36752136752137	-5.64102564102564
-2.73504273504274	-2.34432234432234	-3.56532356532357
-4.37118437118437	-1.07448107448107	-1.1965811965812
-1.24542124542125	-1.22100122100122	-1.22100122100122
-2.90598290598291	-0.21978021978022	-0.366300366300366
-2.73504273504274	0.43956043956044	-1.70940170940171
-0.683760683760684	0.0732600732600733	-1.36752136752137
-2.44200244200244	1.22100122100122	-4.1025641025641
-0.512820512820513	1.85592185592186	2.90598290598291
-0.83028083028083	1.001221001221	1.88034188034188
-0.0732600732600733	1.22100122100122	1.75824175824176
1.26984126984127	1.14774114774115	5.00610500610501
-0.854700854700855	1.29426129426129	4.27350427350427
-1.68498168498168	0.683760683760684	1.31868131868132
1.83150183150183	0.757020757020757	-1.22100122100122
-0.757020757020757	0.83028083028083	0.927960927960928
-0.732600732600733	0.610500610500611	1.12332112332112
-0.903540903540904	1.36752136752137	1.39194139194139
-1.05006105006105	0.463980463980464	2.41758241758242
-1.0989010989011	0.0732600732600733	0.366300366300366
-2.61294261294261	-0.732600732600733	0
0.195360195360195	-1.56288156288156	-4.05372405372405
1.48962148962149	-0.0732600732600733	-2.34432234432234
2.22222222222222	-0.537240537240537	-0.757020757020757
0.83028083028083	0.0732600732600733	-1.70940170940171
3.003663003663	1.22100122100122	-0.83028083028083
3.58974358974359	1.14774114774115	0.83028083028083
1.22100122100122	1.53846153846154	0.610500610500611
1.73382173382173	1.05006105006105	-1.12332112332112
-0.0488400488400488	0.952380952380952	-0.293040293040293
-1.41636141636142	1.001221001221	1.36752136752137
1.9047619047619	0.0976800976800977	2.24664224664225
-0.195360195360195	0.512820512820513	0.854700854700855
1.48962148962149	0.122100122100122	-0.170940170940171
1.73382173382173	0.561660561660562	-0.195360195360195
1.001221001221	1.29426129426129	-2.07570207570208
1.36752136752137	1.05006105006105	-4.85958485958486
0.43956043956044	1.53846153846154	0.146520146520147
2.36874236874237	1.39194139194139	-0.634920634920635
0.781440781440781	1.46520146520147	-0.390720390720391
1.95360195360195	1.75824175824176	0.781440781440781
1.46520146520147	1.83150183150183	2.78388278388278
1.51404151404151	3.88278388278388	1.31868131868132
2.53968253968254	3.46764346764347	-0.0244200244200244
2.02686202686203	3.39438339438339	2.24664224664225
2.02686202686203	3.85836385836386	1.97802197802198
0.634920634920635	1.78266178266178	2.07570207570208
-0.341880341880342	2.44200244200244	2.12454212454212
-0.244200244200244	1.44078144078144	-0.390720390720391
-3.83394383394383	0.43956043956044	-6.22710622710623
-3.05250305250305	1.26984126984127	0
0.268620268620269	0.659340659340659	0.708180708180708
1.80708180708181	2.78388278388278	1.58730158730159
1.68498168498168	1.85592185592186	4.78632478632479
1.68498168498168	1.39194139194139	3.22344322344322
1.14774114774115	2.51526251526252	1.34310134310134
1.80708180708181	1.73382173382173	-1.12332112332112
0.0976800976800977	2.24664224664225	-1.26984126984127
1.73382173382173	2.66178266178266	-0.195360195360195
4.83516483516483	3.56532356532357	3.49206349206349
3.58974358974359	3.76068376068376	3.63858363858364
3.78510378510378	3.2967032967033	2.61294261294261
4.88400488400488	4.95726495726496	-0.708180708180708
5.3968253968254	4.32234432234432	3.49206349206349
4.02930402930403	3.51648351648352	4.05372405372405
3.49206349206349	4.17582417582418	3.24786324786325
3.56532356532357	1.85592185592186	2.75946275946276
1.34310134310134	2.73504273504274	4.83516483516483
0.0488400488400488	1.07448107448107	2.41758241758242
1.44078144078144	0.122100122100122	-0.146520146520147
2.63736263736264	1.07448107448107	-1.14774114774115
2.1001221001221	-0.463980463980464	-0.781440781440781
1.66056166056166	1.22100122100122	-1.24542124542125
5.59218559218559	2.44200244200244	-0.634920634920635
4.24908424908425	1.39194139194139	0.0732600732600733
5.25030525030525	2.49084249084249	1.44078144078144
6.4957264957265	1.39194139194139	1.58730158730159
6.27594627594628	2.56410256410256	-2.49084249084249
6.73992673992674	2.78388278388278	1.1965811965812
3.49206349206349	2.56410256410256	1.02564102564103
4.81074481074481	4.37118437118437	1.56288156288156
4.66422466422466	3.88278388278388	2.83272283272283
2.56410256410256	3.71184371184371	3.51648351648352
4.12698412698413	3.49206349206349	2.85714285714286
3.12576312576313	3.15018315018315	1.26984126984127
3.32112332112332	2.90598290598291	0.537240537240537
3.78510378510378	1.92918192918193	2.27106227106227
-0.683760683760684	1.73382173382173	0.0976800976800977
3.78510378510378	1.14774114774115	0.415140415140415
3.05250305250305	0.244200244200244	-1.1965811965812
2.17338217338217	0.805860805860806	-0.610500610500611
4.2002442002442	0.561660561660562	-3.17460317460317
4.54212454212454	1.80708180708181	-1.34310134310134
5.93406593406593	1.56288156288156	1.07448107448107
4.93284493284493	1.53846153846154	-0.317460317460317
4.22466422466422	2.36874236874237	1.92918192918193
6.56898656898657	3.12576312576313	2.36874236874237
6.2026862026862	4.98168498168498	3.003663003663
7.10622710622711	4.1025641025641	0.146520146520147
4.88400488400488	3.36996336996337	-0.122100122100122
4.3956043956044	4.51770451770452	2.002442002442
4.68864468864469	1.80708180708181	-0.0732600732600733
2.61294261294261	1.68498168498168	0.659340659340659
2.53968253968254	0.903540903540904	-0.43956043956044
1.97802197802198	0.317460317460317	-1.80708180708181
0.21978021978022	0.366300366300366	-4.32234432234432
-0.512820512820513	-1.48962148962149	-0.43956043956044
0.537240537240537	-0.21978021978022	-1.14774114774115
1.001221001221	-1.48962148962149	-1.0989010989011
0.512820512820513	-2.02686202686203	-0.43956043956044
1.83150183150183	-2.44200244200244	-1.46520146520147
2.02686202686203	-3.95604395604396	-3.22344322344322
0.708180708180708	-2.80830280830281	-2.49084249084249
3.71184371184371	-2.41758241758242	-3.78510378510378
3.07692307692308	-2.56410256410256	-6.08058608058608
2.93040293040293	-2.22222222222222	-4.1025641025641
4.68864468864469	-1.56288156288156	-3.39438339438339
3.49206349206349	0.341880341880342	-3.27228327228327
4.22466422466422	0.781440781440781	0.195360195360195
2.97924297924298	0.415140415140415	0.390720390720391
1.66056166056166	1.34310134310134	-0.390720390720391
0.805860805860806	0.952380952380952	0.732600732600733
-0.122100122100122	1.34310134310134	-1.75824175824176
-1.26984126984127	0.21978021978022	-0.952380952380952
0.83028083028083	0.757020757020757	0.21978021978022
1.07448107448107	0.854700854700855	-2.002442002442
1.92918192918193	-0.879120879120879	-3.54090354090354
1.58730158730159	1.26984126984127	-3.36996336996337
2.56410256410256	0.488400488400488	-2.39316239316239
0.537240537240537	1.1965811965812	-5.34798534798535
2.02686202686203	1.22100122100122	-3.02808302808303
1.41636141636142	0.805860805860806	-2.17338217338217
-0.0488400488400488	1.85592185592186	-1.58730158730159
0.586080586080586	0.146520146520147	-2.66178266178266
0.879120879120879	0.244200244200244	-1.12332112332112
-0.170940170940171	1.34310134310134	0.366300366300366
1.001221001221	0.21978021978022	-1.63614163614164
-0.0732600732600733	0.976800976800977	-1.92918192918193
1.95360195360195	0.708180708180708	-1.22100122100122
1.05006105006105	0.903540903540904	-2.17338217338217
0.122100122100122	0.854700854700855	0.366300366300366
1.31868131868132	0.122100122100122	-2.22222222222222
0.537240537240537	1.26984126984127	-2.002442002442
0.610500610500611	0	-3.93162393162393
-0.879120879120879	-0.83028083028083	-6.42246642246642
-2.05128205128205	0.244200244200244	-2.73504273504274
-4.22466422466422	-1.95360195360195	-3.51648351648352
-1.56288156288156	-0.610500610500611	-2.46642246642247
-2.12454212454212	-0.634920634920635	-0.317460317460317
-2.22222222222222	-0.708180708180708	-1.29426129426129
-2.1001221001221	0.463980463980464	-2.05128205128205
-0.537240537240537	0	-1.92918192918193
-0.195360195360195	2.90598290598291	0.512820512820513
-0.0732600732600733	2.31990231990232	-0.927960927960928
-1.36752136752137	2.2954822954823	0.976800976800977
-1.63614163614164	2.27106227106227	-1.83150183150183
-0.659340659340659	1.83150183150183	-5.3968253968254
-3.003663003663	1.17216117216117	-0.854700854700855
0.903540903540904	1.36752136752137	1.92918192918193
0.0732600732600733	1.56288156288156	0.976800976800977
-0.122100122100122	1.29426129426129	1.51404151404151
-0.0244200244200244	0.732600732600733	1.0989010989011
-0.854700854700855	1.51404151404151	-1.0989010989011
1.58730158730159	0.83028083028083	-0.708180708180708
0.293040293040293	0.415140415140415	-1.001221001221
0	0.170940170940171	-0.122100122100122
0.952380952380952	-1.39194139194139	-0.488400488400488
0.170940170940171	-0.341880341880342	-1.63614163614164
3.17460317460317	-0.195360195360195	-1.36752136752137
1.48962148962149	-0.586080586080586	-1.24542124542125
2.002442002442	0.805860805860806	-4.12698412698413
1.75824175824176	-0.341880341880342	0.415140415140415
0.21978021978022	0.244200244200244	1.24542124542125
-1.34310134310134	-1.58730158730159	-0.146520146520147
-3.24786324786325	-2.95482295482295	0.952380952380952
-0.927960927960928	-2.1978021978022	1.44078144078144
-0.195360195360195	-3.80952380952381	-0.0732600732600733
-1.95360195360195	-2.34432234432234	0.683760683760684
-1.78266178266178	-2.73504273504274	-2.002442002442
-1.68498168498168	-2.61294261294261	-0.732600732600733
-2.34432234432234	-1.83150183150183	-0.43956043956044
-1.97802197802198	-2.44200244200244	-1.95360195360195
-1.24542124542125	-0.927960927960928	-2.78388278388278
-0.122100122100122	-1.48962148962149	-2.51526251526252
-0.512820512820513	-0.927960927960928	-1.63614163614164
-0.268620268620269	-0.43956043956044	-3.22344322344322
0.390720390720391	-1.85592185592186	-5.2014652014652
0.390720390720391	1.001221001221	0.390720390720391
1.39194139194139	0.854700854700855	0.854700854700855
3.27228327228327	1.22100122100122	2.46642246642247
2.41758241758242	2.34432234432234	3.07692307692308
2.002442002442	1.48962148962149	3.41880341880342
0.976800976800977	1.34310134310134	1.02564102564103
2.36874236874237	0.0732600732600733	-0.586080586080586
-0.83028083028083	-0.537240537240537	2.53968253968254
-0.854700854700855	-1.80708180708181	2.1978021978022
-1.9047619047619	-3.93162393162393	1.1965811965812
-1.07448107448107	-3.1990231990232	-0.21978021978022
-1.39194139194139	-3.90720390720391	-5.07936507936508
-2.49084249084249	-3.61416361416361	-2.14896214896215
-2.002442002442	-2.49084249084249	-2.36874236874237
-0.952380952380952	-3.41880341880342	-1.63614163614164
-3.58974358974359	-1.24542124542125	-0.0488400488400488
-4.81074481074481	-2.41758241758242	-0.21978021978022
-4.2002442002442	-1.95360195360195	-3.003663003663
-3.54090354090354	-0.488400488400488	-1.46520146520147
-2.22222222222222	-1.56288156288156	-2.34432234432234
-3.05250305250305	-0.390720390720391	-1.14774114774115
-0.512820512820513	0.244200244200244	0.732600732600733
-1.51404151404151	0.0488400488400488	0.341880341880342
-1.48962148962149	0.268620268620269	0.146520146520147
1.83150183150183	0.293040293040293	-3.73626373626374
2.02686202686203	1.9047619047619	2.36874236874237
2.61294261294261	0.708180708180708	3.41880341880342
0.854700854700855	1.02564102564103	3.27228327228327
0.610500610500611	2.12454212454212	2.27106227106227
-1.41636141636142	0.366300366300366	1.53846153846154
-3.41880341880342	0.512820512820513	-1.1965811965812
-1.51404151404151	0.0976800976800977	-3.15018315018315
-1.44078144078144	-0.0244200244200244	-3.85836385836386
0.122100122100122	1.05006105006105	-2.36874236874237
-0.0732600732600733	0.463980463980464	-1.24542124542125
-0.732600732600733	1.05006105006105	-1.78266178266178
-0.805860805860806	0.83028083028083	-0.0976800976800977
-3.27228327228327	-0.0488400488400488	-1.29426129426129
-3.78510378510378	0.390720390720391	-3.90720390720391
-1.48962148962149	0.122100122100122	2.61294261294261
-0.122100122100122	1.58730158730159	1.66056166056166
2.63736263736264	0.586080586080586	1.51404151404151
2.002442002442	0.122100122100122	3.80952380952381
3.44322344322344	0.0976800976800977	4.42002442002442
2.95482295482295	-1.61172161172161	3.63858363858364
1.51404151404151	-0.390720390720391	2.73504273504274
2.1001221001221	-0.805860805860806	0.244200244200244
1.88034188034188	0.0976800976800977	0.21978021978022
0.21978021978022	-0.195360195360195	-3.56532356532357
0.903540903540904	-0.244200244200244	-4.46886446886447
-1.46520146520147	1.36752136752137	-2.51526251526252
-1.24542124542125	-0.0244200244200244	-4.42002442002442
-3.93162393162393	-1.05006105006105	-5.32356532356532
-0.537240537240537	0.610500610500611	-4.49328449328449
0.0244200244200244	-1.12332112332112	-4.54212454212454
-1.56288156288156	-0.122100122100122	-4.32234432234432
-0.268620268620269	-1.22100122100122	-2.58852258852259
-0.805860805860806	-1.41636141636142	-1.05006105006105
0.952380952380952	-0.805860805860806	0.659340659340659
1.51404151404151	-2.1978021978022	-0.0976800976800977
0.879120879120879	-1.88034188034188	-1.12332112332112
3.34554334554335	-2.46642246642247	0.317460317460317
1.58730158730159	-3.2967032967033	2.41758241758242
0.366300366300366	-2.05128205128205	2.83272283272283
0.293040293040293	-1.17216117216117	3.68742368742369
-0.927960927960928	0.341880341880342	0.708180708180708
-1.83150183150183	1.12332112332112	-3.58974358974359
-2.71062271062271	1.44078144078144	-0.903540903540904
-0.927960927960928	1.83150183150183	1.02564102564103
-1.31868131868132	-0.879120879120879	-1.51404151404151
-1.36752136752137	0.170940170940171	-1.1965811965812
-0.122100122100122	0.146520146520147	-0.317460317460317
-1.61172161172161	-0.390720390720391	-2.95482295482295
-3.76068376068376	-0.244200244200244	-4.12698412698413
-3.63858363858364	-0.634920634920635	-4.71306471306471
-2.41758241758242	1.53846153846154	-0.537240537240537
1.73382173382173	0.561660561660562	0.0732600732600733
4.07814407814408	0.781440781440781	1.29426129426129
4.24908424908425	-0.146520146520147	-1.70940170940171
4.27350427350427	-2.53968253968254	-3.93162393162393
1.02564102564103	-2.46642246642247	2.44200244200244
0.317460317460317	-3.76068376068376	3.36996336996337
-1.44078144078144	-3.68742368742369	2.80830280830281
-3.61416361416361	-3.39438339438339	3.51648351648352
-1.61172161172161	-2.85714285714286	1.97802197802198
-2.83272283272283	-0.903540903540904	-3.85836385836386
-2.31990231990232	-1.07448107448107	-2.73504273504274
-2.22222222222222	-0.488400488400488	-3.44322344322344
-1.31868131868132	1.12332112332112	-1.56288156288156
0.757020757020757	1.05006105006105	-1.22100122100122
0.610500610500611	2.41758241758242	-2.71062271062271
5.12820512820513	2.83272283272283	-1.48962148962149
3.24786324786325	3.63858363858364	0.732600732600733
3.24786324786325	4.61538461538461	0.537240537240537
4.71306471306471	3.05250305250305	2.14896214896215
3.22344322344322	3.56532356532357	1.92918192918193
3.39438339438339	0.634920634920635	0.659340659340659
-0.781440781440781	-1.53846153846154	-1.22100122100122
-0.757020757020757	-2.46642246642247	-0.927960927960928
-1.29426129426129	-5.00610500610501	-0.170940170940171
-4.44444444444444	-4.59096459096459	0
-1.34310134310134	-4.34676434676435	1.51404151404151
-2.39316239316239	-4.07814407814408	0.586080586080586
-2.17338217338217	-2.83272283272283	-0.805860805860806
-1.0989010989011	-2.49084249084249	-2.27106227106227
-1.97802197802198	0.146520146520147	-2.75946275946276
-0.805860805860806	0.952380952380952	1.75824175824176
-2.22222222222222	0.268620268620269	2.46642246642247
-3.05250305250305	0.390720390720391	1.97802197802198
0.146520146520147	-0.976800976800977	2.44200244200244
-1.85592185592186	-0.170940170940171	2.53968253968254
2.61294261294261	-0.390720390720391	0.634920634920635
2.88156288156288	-1.05006105006105	-0.976800976800977
3.46764346764347	-0.415140415140415	0.879120879120879
5.05494505494505	-1.68498168498168	1.39194139194139
4.12698412698413	-0.561660561660562	2.56410256410256
0.43956043956044	-1.34310134310134	-0.244200244200244
3.22344322344322	-0.659340659340659	2.63736263736264
2.85714285714286	0.927960927960928	3.32112332112332
0.146520146520147	0.317460317460317	1.14774114774115
-1.83150183150183	1.78266178266178	1.75824175824176
-0.854700854700855	0.21978021978022	0.268620268620269
-3.85836385836386	-1.80708180708181	-2.88156288156288
-4.51770451770452	-2.97924297924298	-1.97802197802198
-3.39438339438339	-4.54212454212454	-2.80830280830281
-6.25152625152625	-4.44444444444444	-2.73504273504274
-2.02686202686203	-3.78510378510378	-1.73382173382173
-4.02930402930403	-2.63736263736264	-0.561660561660562
-3.003663003663	-0.805860805860806	-0.879120879120879
0.903540903540904	0.610500610500611	1.66056166056166
3.17460317460317	3.17460317460317	2.24664224664225
6.3980463980464	2.46642246642247	0.195360195360195
4.61538461538461	2.49084249084249	4.95726495726496
6.59340659340659	3.36996336996337	4.22466422466422
5.51892551892552	1.26984126984127	2.05128205128205
2.17338217338217	1.41636141636142	3.41880341880342
1.44078144078144	-0.927960927960928	0.927960927960928
0.244200244200244	-0.195360195360195	-0.757020757020757
-0.341880341880342	-0.146520146520147	-0.0976800976800977
-1.1965811965812	-2.80830280830281	-3.63858363858364
-1.44078144078144	-1.44078144078144	-1.05006105006105
1.51404151404151	-1.97802197802198	1.88034188034188
0.390720390720391	-1.78266178266178	1.14774114774115
-1.17216117216117	-1.24542124542125	0.659340659340659
-2.61294261294261	-2.73504273504274	0.561660561660562
-2.34432234432234	-0.732600732600733	-1.34310134310134
-0.805860805860806	-2.1978021978022	-5.37240537240537
-2.46642246642247	-2.1001221001221	-0.512820512820513
-0.0488400488400488	-1.88034188034188	-0.0244200244200244
1.001221001221	-1.78266178266178	1.41636141636142
2.17338217338217	-0.561660561660562	1.75824175824176
1.17216117216117	-1.92918192918193	2.46642246642247
0.781440781440781	-1.39194139194139	1.80708180708181
-0.0488400488400488	-1.68498168498168	-0.732600732600733
-1.26984126984127	-2.36874236874237	0.268620268620269
-1.95360195360195	0.122100122100122	1.34310134310134
-0.244200244200244	0.927960927960928	1.12332112332112
-1.78266178266178	1.92918192918193	-0.561660561660562
-0.170940170940171	4.07814407814408	1.001221001221
1.63614163614164	2.73504273504274	-2.1001221001221
0.586080586080586	3.24786324786325	-2.63736263736264
0.0976800976800977	1.9047619047619	0.903540903540904
-0.903540903540904	0.43956043956044	-2.85714285714286
1.39194139194139	0.537240537240537	-1.75824175824176
-0.610500610500611	-1.63614163614164	-1.83150183150183
-0.21978021978022	-0.415140415140415	-1.53846153846154
3.1013431013431	-1.85592185592186	-1.9047619047619
2.2954822954823	-2.2954822954823	-1.97802197802198
3.2967032967033	-0.927960927960928	0.268620268620269
3.24786324786325	-2.51526251526252	1.56288156288156
1.07448107448107	-0.781440781440781	2.46642246642247
1.26984126984127	-1.001221001221	2.22222222222222
-2.24664224664225	-1.51404151404151	1.51404151404151
-1.83150183150183	-0.0976800976800977	0.561660561660562
-3.1013431013431	-1.85592185592186	-3.61416361416361
-4.73748473748474	-0.854700854700855	-5.00610500610501
-3.15018315018315	-0.879120879120879	0.293040293040293
-4.81074481074481	-0.854700854700855	-0.805860805860806
-4.15140415140415	0.268620268620269	-0.170940170940171
-1.51404151404151	-0.0244200244200244	2.46642246642247
-2.49084249084249	1.17216117216117	1.58730158730159
0.415140415140415	0.952380952380952	-0.122100122100122
0.0244200244200244	1.51404151404151	-1.63614163614164
0.976800976800977	1.70940170940171	0.0732600732600733
2.1978021978022	1.07448107448107	1.07448107448107
2.41758241758242	2.05128205128205	-0.0488400488400488
5.59218559218559	-0.0244200244200244	-1.36752136752137
3.36996336996337	-0.366300366300366	-3.93162393162393
1.53846153846154	-0.708180708180708	-2.85714285714286
0.463980463980464	-1.97802197802198	-0.927960927960928
-0.415140415140415	-0.586080586080586	-0.952380952380952
-0.976800976800977	-2.14896214896215	-0.781440781440781
-3.80952380952381	-2.22222222222222	-1.36752136752137
-3.05250305250305	-1.22100122100122	-0.0244200244200244
-0.244200244200244	-1.78266178266178	-0.757020757020757
-1.0989010989011	1.17216117216117	-0.83028083028083
-0.708180708180708	0.537240537240537	-0.781440781440781
-0.537240537240537	-0.0488400488400488	0.854700854700855
0.146520146520147	0.0488400488400488	-0.927960927960928
-1.24542124542125	-2.66178266178266	-6.1050061050061
-3.56532356532357	-2.002442002442	-5.15262515262515
-1.07448107448107	-1.44078144078144	-1.44078144078144
0.463980463980464	0.366300366300366	-2.17338217338217
3.51648351648352	0.732600732600733	-0.561660561660562
3.51648351648352	0.732600732600733	1.78266178266178
3.85836385836386	1.26984126984127	1.9047619047619
4.27350427350427	-0.122100122100122	2.83272283272283
-3.22344322344322	-2.02686202686203	-1.001221001221
-1.83150183150183	-2.002442002442	-0.195360195360195
-4.76190476190476	-3.80952380952381	-0.805860805860806
-4.2979242979243	-1.61172161172161	-1.78266178266178
-2.49084249084249	-1.63614163614164	-1.12332112332112
-2.39316239316239	-1.85592185592186	-1.56288156288156
-1.53846153846154	-0.341880341880342	-2.83272283272283
-3.003663003663	-0.244200244200244	1.39194139194139
-3.2967032967033	0.244200244200244	0.463980463980464
-2.97924297924298	-0.341880341880342	-0.43956043956044
-3.41880341880342	0.146520146520147	1.07448107448107
-1.53846153846154	1.12332112332112	1.92918192918193
-1.53846153846154	-0.952380952380952	0.708180708180708
-1.66056166056166	0.634920634920635	0.21978021978022
-1.44078144078144	-1.46520146520147	-0.659340659340659
-2.80830280830281	-2.12454212454212	0.366300366300366
-0.512820512820513	-2.1001221001221	-0.317460317460317
0.83028083028083	-4.15140415140415	-3.15018315018315
-2.73504273504274	-2.63736263736264	-0.927960927960928
-1.36752136752137	-3.15018315018315	-3.61416361416361
-1.41636141636142	-2.73504273504274	-5.76312576312576
-3.68742368742369	-1.70940170940171	0.976800976800977
-3.78510378510378	-2.41758241758242	-0.634920634920635
-3.95604395604396	-0.0488400488400488	-1.41636141636142
-2.78388278388278	-0.561660561660562	0
-3.17460317460317	-0.610500610500611	-0.195360195360195
-2.66178266178266	0.561660561660562	-1.56288156288156
-3.32112332112332	-1.0989010989011	-2.56410256410256
-3.51648351648352	0.122100122100122	-0.854700854700855
-1.12332112332112	-0.390720390720391	0.268620268620269
-1.07448107448107	0.927960927960928	-0.561660561660562
-4.51770451770452	0.293040293040293	-2.02686202686203
1.80708180708181	0.0244200244200244	-1.26984126984127
0.317460317460317	1.05006105006105	0.170940170940171
1.80708180708181	0.293040293040293	2.85714285714286
-0.879120879120879	-1.46520146520147	0.927960927960928
-1.53846153846154	-1.51404151404151	2.80830280830281
-0.879120879120879	-3.22344322344322	0.805860805860806
-4.85958485958486	-2.44200244200244	-2.44200244200244
-2.95482295482295	-2.83272283272283	-2.46642246642247
-2.88156288156288	-1.83150183150183	-2.27106227106227
-1.26984126984127	0.634920634920635	0.634920634920635
-2.63736263736264	-0.341880341880342	-1.63614163614164
-2.53968253968254	2.002442002442	-2.07570207570208
-0.83028083028083	1.73382173382173	-3.05250305250305
-1.001221001221	1.95360195360195	1.14774114774115
-0.952380952380952	2.27106227106227	-0.341880341880342
-1.95360195360195	1.48962148962149	0.952380952380952
-3.73626373626374	2.97924297924298	0.952380952380952
1.63614163614164	2.97924297924298	-0.757020757020757
0.366300366300366	3.1013431013431	0.732600732600733
1.78266178266178	4.07814407814408	1.02564102564103
4.71306471306471	3.46764346764347	3.15018315018315
4.42002442002442	3.34554334554335	5.1037851037851
5.44566544566545	0.586080586080586	3.24786324786325
2.93040293040293	-1.70940170940171	0.586080586080586
3.22344322344322	-1.24542124542125	0.586080586080586
3.54090354090354	-1.24542124542125	-0.488400488400488
0.952380952380952	0.976800976800977	-0.415140415140415
0.146520146520147	1.44078144078144	-4.76190476190476
-1.92918192918193	2.1001221001221	-0.781440781440781
-2.53968253968254	1.92918192918193	-0.146520146520147
-4.37118437118437	-0.757020757020757	-2.88156288156288
-5.59218559218559	-0.903540903540904	-1.78266178266178
-4.63980463980464	-2.83272283272283	-1.14774114774115
-5.90964590964591	-2.34432234432234	-2.14896214896215
-3.54090354090354	-1.92918192918193	-3.54090354090354
-0.927960927960928	-1.31868131868132	-1.83150183150183
0.488400488400488	1.85592185592186	-0.0244200244200244
2.78388278388278	2.78388278388278	1.02564102564103
1.80708180708181	2.34432234432234	0.927960927960928
3.003663003663	2.61294261294261	1.26984126984127
1.51404151404151	0.463980463980464	-0.512820512820513
-0.195360195360195	0.708180708180708	1.02564102564103
0.879120879120879	0.781440781440781	1.1965811965812
-2.53968253968254	0.488400488400488	-0.0732600732600733
-0.561660561660562	1.46520146520147	-3.76068376068376
0.341880341880342	1.73382173382173	0.854700854700855
-2.85714285714286	3.71184371184371	2.41758241758242
1.95360195360195	2.58852258852259	1.39194139194139
0.0976800976800977	3.41880341880342	1.61172161172161
3.12576312576313	4.98168498168498	2.44200244200244
4.02930402930403	3.68742368742369	1.51404151404151
1.1965811965812	3.73626373626374	-1.36752136752137
2.1001221001221	2.61294261294261	-1.83150183150183
0.21978021978022	1.97802197802198	-0.659340659340659
-1.24542124542125	1.07448107448107	0.659340659340659
-0.708180708180708	-0.0488400488400488	-1.53846153846154
0.0488400488400488	1.44078144078144	-3.39438339438339
3.2967032967033	1.31868131868132	2.22222222222222
2.14896214896215	0	1.63614163614164
0.586080586080586	0.512820512820513	1.68498168498168
4.78632478632479	0.146520146520147	1.75824175824176
2.71062271062271	0.976800976800977	1.46520146520147
3.85836385836386	0.610500610500611	0.683760683760684
3.76068376068376	1.92918192918193	-0.659340659340659
3.68742368742369	3.66300366300366	-1.66056166056166
1.31868131868132	1.61172161172161	-5.49450549450549
-1.24542124542125	3.12576312576313	-1.36752136752137
-1.58730158730159	1.80708180708181	0.732600732600733
-4.59096459096459	0.415140415140415	-0.244200244200244
-1.63614163614164	0.0488400488400488	-0.415140415140415
-1.53846153846154	-1.46520146520147	1.63614163614164
0.317460317460317	0.537240537240537	1.29426129426129
1.70940170940171	-0.732600732600733	-2.07570207570208
1.001221001221	-0.488400488400488	-0.317460317460317
2.78388278388278	1.26984126984127	1.46520146520147
3.27228327228327	-0.0976800976800977	1.14774114774115
1.80708180708181	-0.244200244200244	-2.1978021978022
4.73748473748474	-1.14774114774115	0.366300366300366
1.12332112332112	-1.75824175824176	-0.659340659340659
-0.43956043956044	-1.83150183150183	-1.12332112332112
-2.83272283272283	-2.68620268620269	2.71062271062271
-1.9047619047619	-0.463980463980464	0.488400488400488
-1.68498168498168	0.195360195360195	1.53846153846154
-2.78388278388278	0.390720390720391	-2.66178266178266
-0.683760683760684	0.708180708180708	-5.98290598290598
-0.195360195360195	1.05006105006105	0.781440781440781
-1.83150183150183	2.17338217338217	-0.317460317460317
0.634920634920635	1.31868131868132	0.0244200244200244
-1.75824175824176	0.268620268620269	0.0976800976800977
-1.1965811965812	1.12332112332112	1.29426129426129
-2.68620268620269	0.0976800976800977	-1.07448107448107
-5.68986568986569	1.26984126984127	-1.07448107448107
-0.0488400488400488	0.83028083028083	-0.146520146520147
-1.001221001221	0.659340659340659	1.51404151404151
0.634920634920635	-0.0488400488400488	2.39316239316239
2.97924297924298	-2.39316239316239	0.463980463980464
2.71062271062271	-0.805860805860806	-2.85714285714286
2.63736263736264	-1.14774114774115	2.95482295482295
-0.83028083028083	-1.48962148962149	2.49084249084249
-2.1978021978022	-0.268620268620269	1.07448107448107
-2.07570207570208	-0.512820512820513	1.39194139194139
-3.17460317460317	1.02564102564103	0.659340659340659
-3.2967032967033	1.02564102564103	-0.927960927960928
-4.83516483516483	0.366300366300366	-2.85714285714286
-4.44444444444444	0.610500610500611	-0.903540903540904
-4.85958485958486	-0.683760683760684	-0.659340659340659
-5.68986568986569	-0.170940170940171	-3.51648351648352
-1.66056166056166	-0.317460317460317	-7.81440781440781
-1.63614163614164	1.36752136752137	3.003663003663
-0.757020757020757	1.66056166056166	0.0244200244200244
2.78388278388278	1.12332112332112	2.51526251526252
2.78388278388278	2.41758241758242	4.88400488400488
3.66300366300366	0.195360195360195	3.56532356532357
1.05006105006105	-1.63614163614164	0.732600732600733
0.195360195360195	-1.80708180708181	-1.63614163614164
-0.561660561660562	-3.39438339438339	-0.21978021978022
-3.46764346764347	-3.32112332112332	-0.708180708180708
-2.68620268620269	-2.66178266178266	1.85592185592186
-4.02930402930403	-1.85592185592186	-1.51404151404151
-2.83272283272283	-1.12332112332112	-5.34798534798535
-1.73382173382173	-0.561660561660562	1.22100122100122
-3.44322344322344	1.12332112332112	2.93040293040293
0.293040293040293	0.390720390720391	-0.757020757020757
-0.122100122100122	0.122100122100122	1.17216117216117
-0.732600732600733	1.001221001221	3.88278388278388
1.24542124542125	0.903540903540904	2.002442002442
-1.14774114774115	1.12332112332112	0.0488400488400488
-2.2954822954823	-0.122100122100122	1.78266178266178
-3.71184371184371	0.0976800976800977	1.92918192918193
-1.31868131868132	0.976800976800977	2.44200244200244
-0.610500610500611	0.390720390720391	2.58852258852259
0.0976800976800977	0.146520146520147	2.02686202686203
4.37118437118437	0.0976800976800977	3.39438339438339
3.24786324786325	-1.73382173382173	1.56288156288156
3.22344322344322	-1.85592185592186	-2.90598290598291
1.58730158730159	-3.71184371184371	1.07448107448107
-0.0244200244200244	-1.1965811965812	0.293040293040293
-0.293040293040293	-0.317460317460317	0.659340659340659
-3.1013431013431	-0.317460317460317	3.07692307692308
-3.44322344322344	0.512820512820513	2.002442002442
-1.70940170940171	0.268620268620269	0.537240537240537
-2.80830280830281	1.14774114774115	2.14896214896215
-0.488400488400488	0.122100122100122	0.659340659340659
-0.390720390720391	0.390720390720391	1.95360195360195
1.29426129426129	1.17216117216117	3.73626373626374
1.68498168498168	0.146520146520147	0.146520146520147
0.708180708180708	1.53846153846154	-1.001221001221
2.51526251526252	1.97802197802198	2.83272283272283
3.54090354090354	2.51526251526252	3.56532356532357
3.56532356532357	2.34432234432234	4.004884004884
5.73870573870574	0.317460317460317	4.61538461538461
3.07692307692308	0.512820512820513	3.46764346764347
2.05128205128205	-1.14774114774115	2.34432234432234
-1.05006105006105	-1.75824175824176	-0.561660561660562
-1.73382173382173	-1.41636141636142	-1.83150183150183
2.07570207570208	-1.12332112332112	1.80708180708181
-0.683760683760684	0.0488400488400488	2.12454212454212
2.07570207570208	-0.390720390720391	0.683760683760684
0.43956043956044	-0.0488400488400488	-2.31990231990232
1.12332112332112	0.195360195360195	-0.537240537240537
2.002442002442	0.708180708180708	1.80708180708181
2.31990231990232	2.41758241758242	2.56410256410256
4.76190476190476	1.1965811965812	4.46886446886447
3.46764346764347	1.1965811965812	5.22588522588523
3.71184371184371	1.26984126984127	4.59096459096459
2.002442002442	-0.561660561660562	2.46642246642247
1.17216117216117	0.781440781440781	0.0732600732600733
3.32112332112332	-0.537240537240537	0.586080586080586
2.49084249084249	-0.659340659340659	1.34310134310134
5.2014652014652	-1.05006105006105	-2.17338217338217
6.34920634920635	-3.12576312576313	-4.59096459096459
4.17582417582418	-1.44078144078144	0.879120879120879
5.71428571428571	-1.61172161172161	0.537240537240537
2.85714285714286	-0.561660561660562	0.293040293040293
1.05006105006105	0.561660561660562	2.85714285714286
1.78266178266178	-0.0244200244200244	0.781440781440781
-0.610500610500611	0.83028083028083	-1.1965811965812
-0.634920634920635	-0.0976800976800977	-1.78266178266178
-1.83150183150183	-0.341880341880342	-1.26984126984127
-1.66056166056166	-0.683760683760684	-1.95360195360195
-1.46520146520147	-2.05128205128205	-1.63614163614164
-1.36752136752137	0.317460317460317	-1.26984126984127
1.70940170940171	0.146520146520147	-2.66178266178266
3.39438339438339	0.83028083028083	-5.12820512820513
3.24786324786325	1.88034188034188	3.15018315018315
4.98168498168498	0.683760683760684	2.27106227106227
5.05494505494505	1.56288156288156	0.244200244200244
6.12942612942613	-1.46520146520147	1.56288156288156
5.1037851037851	-1.73382173382173	2.73504273504274
3.85836385836386	-2.14896214896215	-0.0732600732600733
3.34554334554335	-2.75946275946276	-2.44200244200244
0.805860805860806	-1.75824175824176	-2.75946275946276
1.31868131868132	-1.58730158730159	-2.53968253968254
-0.732600732600733	-0.903540903540904	-2.83272283272283
0.170940170940171	0.659340659340659	-2.1978021978022
1.14774114774115	-0.683760683760684	-2.51526251526252
-1.58730158730159	0.683760683760684	-2.05128205128205
3.34554334554335	1.46520146520147	-6.69108669108669
1.85592185592186	1.1965811965812	-0.0976800976800977
0.683760683760684	0	-0.586080586080586
2.78388278388278	0.537240537240537	-0.683760683760684
1.66056166056166	2.1978021978022	2.97924297924298
2.85714285714286	0.757020757020757	1.05006105006105
0.537240537240537	1.17216117216117	2.83272283272283
-0.537240537240537	1.31868131868132	1.17216117216117
0.0488400488400488	1.02564102564103	1.80708180708181
1.85592185592186	2.27106227106227	2.68620268620269
5.2014652014652	0.805860805860806	0.952380952380952
6.47130647130647	1.1965811965812	-0.708180708180708
7.4969474969475	0.122100122100122	-5.56776556776557
7.64346764346764	-1.56288156288156	-1.17216117216117
4.32234432234432	-0.341880341880342	0.732600732600733
3.02808302808303	-1.1965811965812	0.0976800976800977
2.39316239316239	-0.293040293040293	1.80708180708181
1.46520146520147	1.12332112332112	1.07448107448107
0.927960927960928	0.170940170940171	1.05006105006105
-1.75824175824176	1.51404151404151	0.0732600732600733
-0.341880341880342	1.70940170940171	-0.0244200244200244
-2.34432234432234	2.02686202686203	1.17216117216117
-1.61172161172161	2.1978021978022	2.51526251526252
0.293040293040293	1.58730158730159	0
0.952380952380952	2.90598290598291	1.66056166056166
0.683760683760684	2.07570207570208	-1.22100122100122
0.659340659340659	2.36874236874237	-0.195360195360195
1.39194139194139	3.68742368742369	3.2967032967033
-0.512820512820513	1.88034188034188	2.17338217338217
-0.463980463980464	3.44322344322344	1.85592185592186
2.66178266178266	2.61294261294261	3.36996336996337
0.0732600732600733	2.17338217338217	1.68498168498168
-0.122100122100122	1.75824175824176	-0.146520146520147
0.0976800976800977	-0.268620268620269	-0.561660561660562
0.0732600732600733	1.001221001221	-2.1001221001221
0.122100122100122	-0.683760683760684	-0.0488400488400488
0.512820512820513	0.170940170940171	-0.976800976800977
2.02686202686203	0.512820512820513	-3.17460317460317
5.12820512820513	1.46520146520147	-1.80708180708181
2.27106227106227	2.80830280830281	2.83272283272283
2.36874236874237	2.68620268620269	4.51770451770452
1.31868131868132	2.66178266178266	5.56776556776557
0.805860805860806	3.76068376068376	6.86202686202686
1.07448107448107	3.68742368742369	6.3003663003663
-0.903540903540904	4.54212454212454	6.1050061050061
-0.390720390720391	4.22466422466422	4.15140415140415
0.903540903540904	4.24908424908425	4.73748473748474
0.757020757020757	4.88400488400488	4.68864468864469
2.51526251526252	2.93040293040293	2.75946275946276
3.71184371184371	4.2002442002442	1.58730158730159
5.51892551892552	2.85714285714286	-2.07570207570208
3.61416361416361	2.97924297924298	-1.05006105006105
3.56532356532357	3.27228327228327	1.0989010989011
2.71062271062271	1.56288156288156	0.317460317460317
0.122100122100122	3.46764346764347	4.2002442002442
0.170940170940171	2.44200244200244	3.49206349206349
-2.14896214896215	2.58852258852259	3.003663003663
-1.61172161172161	1.07448107448107	1.48962148962149
-1.9047619047619	0.268620268620269	0.610500610500611
-1.1965811965812	2.14896214896215	3.34554334554335
1.41636141636142	2.34432234432234	3.24786324786325
0.512820512820513	2.90598290598291	4.78632478632479
3.2967032967033	3.61416361416361	5.73870573870574
2.97924297924298	2.71062271062271	3.51648351648352
0.708180708180708	2.93040293040293	3.54090354090354
3.49206349206349	1.58730158730159	2.93040293040293
-0.512820512820513	1.001221001221	-0.610500610500611
-0.488400488400488	1.26984126984127	-4.3956043956044
-1.001221001221	1.24542124542125	0.244200244200244
-1.61172161172161	3.39438339438339	-0.805860805860806
0.341880341880342	1.70940170940171	-0.170940170940171
-1.83150183150183	2.41758241758242	1.22100122100122
-0.390720390720391	2.97924297924298	0.21978021978022
-0.83028083028083	2.27106227106227	2.56410256410256
-3.1990231990232	3.61416361416361	1.46520146520147
0.903540903540904	3.90720390720391	2.75946275946276
-1.56288156288156	4.24908424908425	3.93162393162393
-0.83028083028083	4.49328449328449	3.88278388278388
0.781440781440781	3.58974358974359	2.58852258852259
0.463980463980464	5.2991452991453	2.1978021978022
0.390720390720391	3.68742368742369	1.22100122100122
-1.14774114774115	3.12576312576313	1.80708180708181
-1.92918192918193	2.75946275946276	0.610500610500611
-1.53846153846154	1.83150183150183	2.58852258852259
-0.415140415140415	2.51526251526252	3.003663003663
1.12332112332112	1.92918192918193	2.34432234432234
0.122100122100122	1.66056166056166	2.46642246642247
2.24664224664225	2.12454212454212	3.24786324786325
1.9047619047619	0.317460317460317	0.83028083028083
-1.92918192918193	0.708180708180708	-1.66056166056166
-1.24542124542125	-0.170940170940171	-1.9047619047619
-2.39316239316239	0.488400488400488	-1.75824175824176
-3.85836385836386	-0.195360195360195	-2.2954822954823
-4.63980463980464	-1.24542124542125	-2.02686202686203
-4.85958485958486	-0.415140415140415	-1.44078144078144
-2.80830280830281	-2.05128205128205	-1.41636141636142
-4.2979242979243	-2.46642246642247	-0.683760683760684
-2.24664224664225	-2.002442002442	-0.366300366300366
-1.97802197802198	-3.05250305250305	-1.26984126984127
-2.02686202686203	-0.561660561660562	-0.683760683760684
-1.78266178266178	-0.293040293040293	-2.05128205128205
-4.27350427350427	-0.586080586080586	1.95360195360195
-2.39316239316239	-0.244200244200244	2.88156288156288
-4.42002442002442	-2.1001221001221	2.83272283272283
-1.48962148962149	-0.586080586080586	2.68620268620269
-0.879120879120879	-1.66056166056166	2.63736263736264
-0.317460317460317	-0.586080586080586	1.73382173382173
0.586080586080586	-0.122100122100122	-1.70940170940171
0.708180708180708	-0.146520146520147	-1.1965811965812
0.244200244200244	0.927960927960928	0.586080586080586
0.463980463980464	-0.366300366300366	-0.146520146520147
-1.05006105006105	0.0488400488400488	-0.805860805860806
-0.659340659340659	0.293040293040293	0.317460317460317
-2.05128205128205	-1.31868131868132	-0.390720390720391
-3.02808302808303	0.122100122100122	-2.36874236874237
-3.68742368742369	-0.390720390720391	0.463980463980464
-4.85958485958486	-0.512820512820513	1.12332112332112
-4.81074481074481	-0.170940170940171	1.46520146520147
-3.88278388278388	-2.17338217338217	0.415140415140415
-5.95848595848596	-1.41636141636142	0.610500610500611
-2.53968253968254	-1.29426129426129	0.903540903540904
-4.2979242979243	-2.31990231990232	0.586080586080586
-3.2967032967033	-1.88034188034188	0.634920634920635
-2.12454212454212	-1.44078144078144	1.24542124542125
-2.63736263736264	-0.366300366300366	2.58852258852259
-0.976800976800977	-1.58730158730159	1.53846153846154
-1.78266178266178	-0.879120879120879	0.244200244200244
0.43956043956044	-0.195360195360195	-0.805860805860806
1.34310134310134	0	-1.001221001221
0.488400488400488	0.903540903540904	-2.17338217338217
2.07570207570208	1.001221001221	-2.68620268620269
0.561660561660562	1.97802197802198	-0.170940170940171
0.0244200244200244	2.58852258852259	2.27106227106227
-0.781440781440781	0.659340659340659	1.78266178266178
-1.58730158730159	2.73504273504274	4.76190476190476
-1.05006105006105	1.97802197802198	5.2991452991453
-1.61172161172161	2.58852258852259	3.58974358974359
-1.78266178266178	2.53968253968254	2.75946275946276
-0.708180708180708	1.36752136752137	3.02808302808303
-4.56654456654457	0.976800976800977	2.22222222222222
-0.512820512820513	-1.14774114774115	1.63614163614164
-1.14774114774115	-2.75946275946276	0.879120879120879
-0.488400488400488	-4.02930402930403	-0.781440781440781
-1.63614163614164	-6.47130647130647	-4.98168498168498
-2.1978021978022	-6.00732600732601	-4.59096459096459
-1.05006105006105	-6.42246642246642	-1.53846153846154
-3.39438339438339	-6.22710622710623	-3.22344322344322
-3.36996336996337	-5.05494505494505	-1.31868131868132
-1.63614163614164	-4.98168498168498	-1.26984126984127
-2.02686202686203	-2.97924297924298	-2.75946275946276
-1.53846153846154	-3.32112332112332	-0.488400488400488
-3.27228327228327	-2.71062271062271	-3.93162393162393
-3.61416361416361	-1.63614163614164	-2.1978021978022
-0.903540903540904	-2.53968253968254	-1.61172161172161
-1.63614163614164	-0.366300366300366	-1.001221001221
-0.781440781440781	0.781440781440781	-0.854700854700855
-3.58974358974359	0.757020757020757	0.512820512820513
0.341880341880342	2.2954822954823	2.63736263736264
-0.0732600732600733	1.73382173382173	2.49084249084249
0.317460317460317	2.88156288156288	0.0244200244200244
3.95604395604396	1.78266178266178	1.26984126984127
4.22466422466422	0.561660561660562	3.56532356532357
1.68498168498168	-1.80708180708181	3.32112332112332
2.05128205128205	-3.27228327228327	1.56288156288156
0.0244200244200244	-3.51648351648352	1.70940170940171
0.317460317460317	-4.93284493284493	-1.66056166056166
-1.66056166056166	-4.59096459096459	-5.88522588522589
-2.1978021978022	-5.15262515262515	-7.98534798534799
-2.56410256410256	-4.83516483516483	-4.3956043956044
-3.76068376068376	-3.58974358974359	-3.78510378510378
-1.0989010989011	-3.34554334554335	-2.51526251526252
-2.66178266178266	-2.41758241758242	-2.63736263736264
-0.0244200244200244	-1.17216117216117	-3.12576312576313
1.12332112332112	-0.561660561660562	-5.73870573870574
1.31868131868132	1.29426129426129	1.46520146520147
2.73504273504274	1.53846153846154	1.44078144078144
1.75824175824176	2.34432234432234	3.51648351648352
2.05128205128205	2.1978021978022	5.15262515262515
2.34432234432234	1.58730158730159	5.88522588522589
-0.146520146520147	1.51404151404151	4.76190476190476
4.24908424908425	0.0732600732600733	3.1990231990232
2.44200244200244	-0.708180708180708	2.34432234432234
0.244200244200244	-1.0989010989011	0.341880341880342
-1.14774114774115	-2.02686202686203	0.0244200244200244
-1.36752136752137	-0.463980463980464	-1.46520146520147
-3.68742368742369	-1.83150183150183	-1.75824175824176
-4.73748473748474	-1.70940170940171	-4.73748473748474
-2.75946275946276	-1.1965811965812	-2.17338217338217
-2.75946275946276	-3.41880341880342	-1.34310134310134
-2.95482295482295	-3.1990231990232	-1.61172161172161
-0.561660561660562	-3.05250305250305	-0.659340659340659
-1.56288156288156	-2.85714285714286	1.05006105006105
-0.488400488400488	-2.002442002442	1.07448107448107
-0.21978021978022	-2.07570207570208	0
-0.268620268620269	-0.195360195360195	0.757020757020757
1.29426129426129	-0.757020757020757	1.36752136752137
0.268620268620269	-0.268620268620269	3.34554334554335
1.66056166056166	0.757020757020757	4.44444444444444
7.05738705738706	0.781440781440781	6.2026862026862
5.54334554334554	1.07448107448107	6.61782661782662
5.42124542124542	0.659340659340659	5.64102564102564
3.32112332112332	0.170940170940171	3.73626373626374
1.24542124542125	-0.463980463980464	2.56410256410256
0.146520146520147	-0.879120879120879	-0.0732600732600733
-4.71306471306471	0.415140415140415	-0.976800976800977
-3.61416361416361	-0.293040293040293	-0.952380952380952
-5.59218559218559	-0.195360195360195	-2.31990231990232
-4.81074481074481	-1.31868131868132	-3.27228327228327
-5.07936507936508	-2.41758241758242	-3.95604395604396
-5.44566544566545	-1.17216117216117	-3.83394383394383
-3.85836385836386	-2.53968253968254	-2.80830280830281
-4.46886446886447	-1.75824175824176	-2.02686202686203
-1.95360195360195	-1.61172161172161	-1.70940170940171
-0.561660561660562	-3.61416361416361	-1.92918192918193
-2.68620268620269	-2.75946275946276	-2.34432234432234
