-5.59090562294957	-1.8097199969482	4.44037537193866
-5.98458838788434	0.283817807278553	6.99778744182498
-5.34981307698177	1.7792019531548	9.85427634088655
-5.60311284046693	2.16067750057221	8.92652780956741
-5.17891203173877	-0.0579842832074464	6.56748302433814
-5.30403601129168	-2.45975432974746	3.55535210193027
-4.39154650186923	-1.91042954146639	-0.0183108262760357
-2.39871824216068	-1.80056458381018	-3.02128633554589
-1.54726482032502	-1.95620660715648	-4.86457618066682
1.08339055466545	-0.0823987182421607	-3.05485618371862
2.17288471808957	0.558480201419089	-2.07827878233005
2.59403372243839	1.43434805828946	-2.29800869764248
2.46585793850614	0.918593118181125	-1.1108567940795
4.30914778362707	-0.344853894865339	-3.11894407568475
4.26337071793698	-0.802624551766232	-6.79636835278859
7.83703364614328	-1.24513618677043	-7.56237125200275
8.72510872053101	1.34279392690929	-4.91340505073625
9.46364538033112	1.4526588845655	-1.51064316777295
8.01403830014496	3.05790798809796	2.20950637064164
5.91134508278019	2.45975432974746	6.19516289005875
2.67032883192187	2.38956282902266	7.72716868848707
-0.750743877317464	0.326543068589303	5.90524147402152
-3.39360646982528	-1.02235446707866	3.58587014572366
-5.1972228580148	-1.30922407873655	2.08133058670939
-6.47287708857862	-0.842298008697642	3.05485618371862
-6.05477988860914	0.280766002899214	3.95819028000305
-3.93987945372702	1.24818799114977	7.22362096589609
-2.17288471808957	1.17189288166629	10.2876325627527
-0.335698481727321	1.58083466849775	12.8999771114672
-1.14442664225223	0.994888227664607	11.7128252079042
-1.30922407873655	0.98268101014725	9.60097657740139
-3.05790798809796	-0.735484855420768	6.65903715571832
-2.18509193560693	-1.17189288166629	2.89616235599298
-1.15053025101091	0.833142595559625	0.265506981002518
1.44350347142748	0.93690394445716	0.653086137178607
0.146486610208286	0.552376592660411	1.10170138094148
2.41092545967803	1.94094758525978	1.00709544518196
2.43228809033341	1.22072175173571	-0.958266575112535
4.02838178072786	0.747692072938125	-1.06507972838941
2.27054245822843	0.253299763485161	-2.33768215457389
4.31525139238575	0.0457770656900893	-1.03150988021668
4.31525139238575	0.515754940108339	-0.161745632104982
2.60318913557641	-1.05287251087205	0.518806744487678
1.69680323491264	-1.14137483787289	0.787365529869535
-1.04371709773404	-0.064087891966125	1.37941557946136
-2.4078736552987	0.167849240863661	2.16067750057221
-2.3773556115053	0.531013962005035	2.76493476768139
-1.66323338673991	-0.842298008697642	3.04264896620127
-1.21461814297704	-0.0610360875867857	5.0415808346685
-0.543221179522393	-0.225833524071107	6.26230258640421
-1.538109407187	0.0823987182421607	5.51461051346609
-1.68764782177462	0.567635614557107	4.83405813687343
-3.21355001144427	0.628671702143893	3.87884336614023
-3.25627527275502	0.491340505073625	0.485236896314946
-3.36919203479057	-0.500495918211643	-1.30617227435721
-2.17288471808957	-0.762951094834821	-1.04982070649271
-0.985732814526589	-0.0732433051041428	-2.15457389181353
-0.762951094834821	-1.76089112687877	-2.1515220874342
-0.122072175173571	-0.582894636453803	-2.70695048447395
2.02029449912261	-1.15358205539025	-2.14847028305486
1.44655527580682	-0.433356221866178	-2.81071183337148
3.62554360265507	0.930800335698482	-2.48722056916152
6.5796902418555	2.50553139543755	-2.15457389181353
7.19920653086137	4.85847257190814	-1.30922407873655
8.48706797894255	5.09040970473793	1.04371709773404
6.57053482871748	2.46585793850614	-1.73647669184405
2.82597085526818	0.485236896314946	-2.16678110933089
-1.35500114442664	-2.00198367284657	-3.67742427710384
-2.2064545662623	-2.44449530785077	-3.26237888151369
-4.63263904783703	-4.36408026245518	-4.80659189745937
-2.72220950637064	-3.9154650186923	-4.64179446097505
-1.61440451667048	-2.49942778667887	-3.32951857785916
-0.619516289005875	-3.11589227130541	-1.20546272983902
-1.20241092545968	-2.1362630655375	0.485236896314946
-2.46585793850614	-3.39971007858396	-0.332646677347982
-4.0161745632105	-3.2318608377203	-0.192263675898375
-5.88387884336614	-4.60517280842298	-1.99588006408789
-5.82894636453803	-4.22064545662623	-2.66727702754253
-4.87983520256352	-3.76592660410468	-3.78118562600137
-4.42511635004196	-2.12710765239948	-4.8401617456321
-3.0609597924773	-2.1210040436408	-5.89303425650416
-2.74662394140536	-1.76699473563745	-6.2073701075761
-2.34073395895323	-1.13832303349355	-5.6244754711223
-0.570687418936446	0.0579842832074464	-5.58785381857023
-0.021362630655375	-0.341802090486	-4.27862973983368
1.88296330205234	1.6388189517052	-3.36614023041123
2.69474326695659	2.14847028305486	-2.09048599984741
4.19317921721218	2.8351262684062	-2.08133058670939
4.17792019531548	4.03143358510719	-0.326543068589303
4.45868619821469	1.9806210421912	-0.634775310902571
2.27969787136645	1.12306401159686	-1.04676890211337
1.07423514152743	1.00709544518196	-0.588998245212482
-0.292973220416571	0.360112916762036	-1.3519493400473
-3.38139925230793	-1.7944609750515	-2.58793011367971
-5.29488059815366	-2.00808728160525	-2.8198672465095
-5.23689631494621	-1.58693827725643	0.720225833524071
-5.21553368429084	-1.39162279697871	1.63271534294652
-5.03852903028916	-1.43129625391012	4.95918211642634
-4.37628747997253	-0.994888227664607	5.3833829251545
-3.08842603189136	-1.92568856336309	5.14534218356603
-3.76287479972534	-1.90127412832837	4.76081483176928
-2.81376363775082	-3.56450751506828	0.906385900663767
-2.09658960860609	-3.85442893110552	-1.50148775463493
-2.1210040436408	-2.90836957351034	-3.97650110627909
-1.5228503852903	-1.14442664225223	-2.23086900129702
0.396734569314107	0.326543068589303	-3.43633173113603
2.07217517357137	0.659189745937285	-1.40077821011673
2.99382009613184	0.772106507972839	-0.335698481727321
3.66521705958648	-0.506599526970321	-1.01930266269932
4.33356221866178	-2.392614633402	-1.25429159990845
1.48622873273823	-4.41901274128328	-4.01922636758984
1.56557564660105	-5.19417105363546	-5.15144579232471
1.08033875028611	-6.2928206301976	-3.92767223620966
-0.701915007248035	-4.956130312047	-5.67940794995041
-0.378423743038071	-2.95719844357977	-4.58075837338827
0.59510185397116	-0.72632944228275	-3.27763790341039
0.216678110933089	1.03150988021668	-2.81681544213016
1.25429159990845	3.55535210193027	0.875867856870375
0.653086137178607	4.54108491645685	5.64888990615702
1.12916762035554	2.22781719691768	7.55626764324407
0.122072175173571	0.799572747386893	8.12390325780117
0.234988937209125	-0.308232242313268	7.21446555275807
0.350957503624018	-2.49942778667887	5.48104066529335
-2.17288471808957	-3.56450751506828	1.79751277943084
-1.44045166704814	-2.81071183337148	0.103761348897536
-2.78019378957809	-2.62455176623178	1.10780498970016
-2.53910124361028	-0.869764248111696	-1.65102616922255
-1.32143129625391	-3.17998016327153	-3.65606164644846
0.842298008697642	-1.74258030060273	-5.32234683756771
0.0305180437933928	-2.16983291371023	-4.38849469748989
1.05287251087205	-2.22781719691768	-6.24093995574884
-0.0457770656900893	-2.05386434729534	-4.97138933394369
-0.109864957656214	-1.92568856336309	-4.67536430914778
0.106813153276875	-1.11390859845884	-4.41901274128328
-1.92568856336309	-2.81681544213016	-6.23483634699016
-1.00709544518196	-1.66323338673991	-7.30907148851759
-0.326543068589303	-2.75272755016403	-7.77904936293584
-2.00198367284657	-3.0609597924773	-7.55321583886473
-2.94499122606241	-4.20843823910887	-8.29480430304418
-2.08743419546807	-4.15350576028077	-6.51560234988937
-4.57465476462959	-3.21049820706493	-5.49019607843137
-5.45967803463798	-3.57671473258564	-2.44449530785077
-4.65094987411307	-1.55031662470436	2.71610589761196
-5.53292133974212	-0.393682764934768	6.80857557030594
-3.88799877927825	-0.0610360875867857	9.84206912336919
-3.86053253986419	-1.90432593270771	8.85023270008393
-3.21049820706493	-1.70595864805066	7.74853131914244
-2.98466468299382	-2.33768215457389	4.03143358510719
-4.35187304493782	-2.20950637064164	0.381475547417411
-4.29388876173037	-2.39566643778134	-2.28274967574578
-4.09552147707332	-2.76188296330205	-2.59403372243839
-3.60723277637903	-3.62249179827573	-4.34576943617914
-1.21461814297704	-3.78118562600137	-4.41290913252461
0.234988937209125	-4.22369726100557	-3.86663614862287
2.60013733119707	-5.48409246967269	-4.3274586099031
2.55741206988632	-6.04867627985046	-4.30914778362707
2.3224231326772	-5.54512855725948	-5.93270771343557
0.817883573662928	-4.80659189745937	-7.03746089875639
0.0183108262760357	-4.27557793545434	-5.54818036163882
-1.15968566414893	-3.10368505378805	-6.8055237659266
-1.6388189517052	-1.46181429770352	-4.09857328145266
-2.62760357061112	-2.41397726405737	-4.12603952086671
-2.60318913557641	-3.7445639734493	-4.30304417486839
-4.92866407263294	-4.02532997634852	-3.50957503624018
-4.80964370183871	-2.88395513847562	-2.50858319981689
-3.4882124055848	-2.07217517357137	-0.225833524071107
-1.15663385976959	-0.314335851071946	1.98977645532921
1.88906691081102	2.24307621881437	5.6946669718471
1.84634164950027	3.57976653696498	8.42603189135576
2.4933241779202	4.13214312962539	9.03334096284428
0.793469138628214	4.19623102159152	8.68848706797894
-0.350957503624018	2.72831311512932	6.98558022430762
-1.88601510643168	0.476081483176928	2.18204013122759
-0.418097199969482	0.866712443732357	0.177004654001679
-0.0549324788281071	-1.01319905394064	-1.09864957656214
2.3071641107805	-0.927748531319142	-2.91752498664836
3.62554360265507	0.552376592660411	-1.62966353856718
3.74151216906996	0.00610360875867857	-0.735484855420768
4.19928282597086	-0.671396963454643	-2.47196154726482
3.21049820706493	-1.93484397650111	-4.44037537193866
2.67643244068055	-2.4933241779202	-4.81574731059739
2.16983291371023	-2.31021591515984	-6.27450980392157
1.58388647287709	-3.18303196765087	-7.56237125200275
0.973525597009232	-2.84122987716487	-8.91432059205005
0.399786373693446	-3.49126420996414	-10.2601663233387
-0.955214770733196	-4.7699702449073	-8.81666285191119
-2.99992370489052	-4.14740215152209	-7.7607385366598
-5.49019607843137	-4.29999237048905	-7.61730373083085
-4.89509422446021	-3.28374151216907	-2.62760357061112
-5.5542839703975	-2.73136491950866	-1.54726482032502
-4.60822461280232	-2.13015945677882	0.717174029144732
-3.92462043183032	-0.708018616006714	2.8046082246128
-3.14946211947814	0.0885023270008393	3.69268329900053
-2.79240100709545	1.75478751812009	3.12504768444343
-2.15457389181353	2.96635385671778	4.69672693980316
-1.85549706263828	4.57160296025025	4.22674906538491
-1.90432593270771	4.88288700694286	4.33966582742046
-1.18715190356298	4.05889982452125	4.74555580987259
-0.817883573662928	2.91142137788968	3.5736629282063
-0.662241550316625	1.13221942473487	2.12710765239948
-0.335698481727321	0.271610589761196	-1.6388189517052
-0.320439459830625	-0.369268329900053	-4.60822461280232
-0.2563515678645	-2.31631952391852	-7.48607614251926
0.378423743038071	0.277714198519875	-9.16456855115587
-0.994888227664607	0.262455176623178	-10.3761348897536
-1.07118333714809	-0.799572747386893	-9.66506446936751
-1.30617227435721	-1.08033875028611	-7.85534447241932
-2.74052033264668	-2.221713588159	-7.6600289921416
-1.49538414587625	-1.63271534294652	-6.83299000534066
-3.0609597924773	-1.26039520866712	-5.72823682001984
-2.11795223926146	-1.04676890211337	-4.61127641718166
-0.155642023346304	0.222781719691768	-4.03143358510719
0.9399557488365	0.164797436484321	-3.88189517051957
0.473029678797589	0.0549324788281071	-2.76188296330205
1.12916762035554	0.576791027695125	-2.42313267719539
1.90432593270771	0.961318379491875	0.155642023346304
1.00099183642329	2.9907682917525	2.36820019836728
0.711070420386053	4.61738002594034	6.52475776302739
3.5736629282063	4.41596093690394	8.34058136873426
4.11993591210803	5.18196383611811	10.8186465247578
5.20943007553216	5.8960860608835	9.12489509422446
5.9510185397116	5.82589456015869	8.71900511177233
3.759822995346	4.70588235294118	4.25116350041962
4.26642252231632	5.639734493019	3.47600518806744
3.21660181582361	5.54512855725948	-0.988784618905928
2.10879682612345	3.57061112382696	-3.41191729610132
-0.244144350347143	2.29495689326314	-4.91035324635691
-3.22270542458228	0.967421988250553	-6.35385671778439
-4.54718852521553	-0.115968566414893	-6.53696498054475
-5.92660410467689	-3.72625314717327	-7.85229266803998
-6.50949874113069	-4.63569085221637	-9.77187762264439
-6.88792248416877	-6.16464484626535	-10.6599526970321
-6.81467917906462	-8.67322804608225	-10.8583199816892
-7.3334859235523	-8.30701152056153	-10.9346150911727
-7.46166170748455	-7.72106507972839	-8.01403830014496
-7.4036774242771	-4.98970016021973	-5.84115358205539
-5.34676127260243	-2.30106050202182	-1.68459601739528
-4.28168154421302	-0.80872816052491	-2.10574502174411
-2.10574502174411	1.66933699549859	-0.482185091935607
-2.16067750057221	1.32448310063325	0.665293354695964
0.38452735179675	2.53604943923095	1.33058670939193
1.89822232394903	2.60624093995575	4.91340505073625
3.68352788586252	3.49431601434348	5.51155870908675
5.39864194705119	1.98367284657053	5.99679560540169
8.62439917601282	2.32852674143587	6.97337300679026
8.4443427176318	2.25223163195239	4.97444113832303
6.47592889295796	2.93583581292439	3.18608377203021
4.01007095445182	2.52079041733425	1.4373998626688
2.79240100709545	2.62760357061112	1.05592431525139
-1.53200579842832	1.56557564660105	-0.674448767833982
-2.4933241779202	-0.494392309452964	-1.37331197070268
-2.7496757457847	-3.46074616617075	-1.72121766994736
-2.8198672465095	-6.39047837033646	-4.39459830624857
-4.56549935149157	-7.26024261844816	-4.19623102159152
-4.96833752956436	-8.23987182421607	-5.23384451056687
-6.16769665064469	-6.29892423895628	-6.08834973678187
-5.27046616311894	-5.40474555580987	-6.57663843747616
-6.03341725795377	-5.21858548867018	-7.25108720531014
-4.45868619821469	-1.83108262760357	-5.34981307698177
-5.78316929884794	-3.26237888151369	-4.18402380407416
-2.905317769131	-2.01724269474327	-3.82085908293278
-4.71198596169986	-1.31227588311589	-2.02029449912261
-3.25322346837568	0.976577401388571	-2.15762569619287
-0.588998245212482	3.64995803768978	0.512703135729
1.75783932249943	5.32234683756771	0.366216525520714
3.92462043183032	6.16159304188602	2.20340276188296
4.18402380407416	7.04661631189441	5.91134508278019
4.5136186770428	6.54306858930343	8.96620126649882
3.55535210193027	3.17387655451286	8.99977111467155
1.87380788891432	1.25734340428779	7.4341954680705
-1.54116121156634	-1.62661173418784	4.82795452811475
-2.31937132829786	-3.72320134279393	0.228885328450446
-5.07820248722057	-4.62958724345769	-2.42313267719539
-5.98458838788434	-4.72419317921721	-6.72312504768444
-5.24605172808423	-5.21553368429084	-7.78820477607385
-6.43015182726787	-4.04364080262455	-8.30395971618219
-5.59700923170825	-3.62859540703441	-7.1473258564126
-6.69260700389105	-3.25322346837568	-6.98863202868696
-8.58167391470207	-3.90936140993362	-6.9916838330663
-8.99061570153353	-4.1870756084535	-6.35080491340505
-9.51247425040055	-4.44037537193866	-6.35080491340505
-9.05470359349966	-3.70794232089723	-5.93270771343557
-5.64583810177768	-2.61539635309377	-4.62348363469902
-5.7953765163653	-3.48516060120546	-4.31830319676509
-4.80048828870069	-2.96025024795911	-5.63668268863966
-3.04875257495994	-1.87380788891432	-4.80659189745937
-0.207522697795071	-1.33058670939193	-1.35500114442664
1.24818799114977	-0.418097199969482	-4.02227817196918
3.32036316472114	2.10574502174411	-1.4373998626688
5.62752727550164	4.101625085832	1.5228503852903
7.18089570458534	5.40474555580987	3.12199588006409
8.89295796139467	7.87670710307469	7.35790035858701
9.87869077592126	9.02113374532692	10.2296482795453
11.8776226443885	9.7962920576791	15.1033798733501
11.0688944838636	8.30701152056153	16.2325474937057
7.57763027389944	7.58678568703746	13.6598764019226
2.4078736552987	4.16571297779812	8.57557030594339
-0.396734569314107	0.891126878767071	4.91340505073625
-2.45670252536812	0.668345159075303	1.92874036774243
-3.54314488441291	-0.732433051041428	-0.5981536583505
-3.41191729610132	-1.58083466849775	-2.89616235599298
-4.15960936903944	-3.55840390630961	-4.17792019531548
-3.46074616617075	-2.35294117647059	-3.32341496910048
-3.36919203479057	-3.05790798809796	-5.14229037918669
-4.07110704203861	-1.72732127870604	-6.79331654840925
-3.97039749752041	-2.53910124361028	-7.11680781261921
-5.91744869153887	-2.10879682612345	-5.47188525215534
-5.2826733806363	-2.63065537499046	-8.94483863584344
-5.06294346532387	-3.44853894865339	-5.58480201419089
-2.24917982757305	-2.13931486991684	-4.50141145952544
-0.0671396963454643	-1.54421301594568	-2.93583581292439
3.54314488441291	-1.32753490501259	-2.16983291371023
3.9154650186923	-3.50957503624018	-3.52483405813687
4.76691844052796	-1.44350347142748	-3.35698481727321
6.11886778057526	-0.781261921110857	-0.949111161974517
7.95605401693751	1.60524910353246	-0.85145342183566
9.61318379491875	4.74250400549325	3.86358434424353
10.4371709773404	7.348744945449	8.30701152056153
9.66201266498817	6.78721293965057	7.55321583886473
8.0170901045243	2.53299763485161	6.63767452506294
3.95208667124437	1.30312046997787	3.18608377203021
1.01930266269932	-2.76188296330205	0.839246204318303
-1.58693827725643	-4.1870756084535	-2.20035095750362
-5.30098420691234	-3.19218738078889	-3.81780727855344
-5.52986953536278	-2.50858319981689	-4.22980086976425
-5.7251850156405	-0.198367284657053	-3.00907911802853
-4.38849469748989	0.534065766384375	-2.68253604943923
-4.96833752956436	0.399786373693446	-3.25932707713436
-1.62050812542916	1.51369497215228	-2.63675898374914
-1.48317692835889	0.466926070038911	-2.01419089036393
-0.784313725490196	-0.784313725490196	-2.47501335164416
-0.949111161974517	0.527962157625696	-2.45670252536812
-0.332646677347982	0.228885328450446	-3.61943999389639
-0.869764248111696	0.122072175173571	-4.87983520256352
0.415045395590143	-1.04676890211337	-4.82490272373541
0.81177996490425	-3.13420309758144	-4.5838101777676
-0.183108262760357	-4.98664835584039	-5.42610818646525
2.92668039978637	-4.50751506828412	-5.07209887846189
2.78019378957809	-3.57976653696498	-2.98771648737316
5.61226825360494	-1.63271534294652	-0.732433051041428
6.9764248111696	1.00404364080262	2.06912336919203
8.52368963149462	2.61539635309377	5.08430609597925
7.6752880140383	0.888075074387732	7.45250629434653
7.11680781261921	2.38040741588464	6.12497138933394
4.04974441138323	0.927748531319142	4.27862973983368
2.82597085526818	-0.0488288700694285	1.46181429770352
1.20851453421836	-0.76600289921416	-2.28885328450446
-0.0946059357595178	-3.37529564354925	-4.65094987411307
0.366216525520714	-3.57061112382696	-6.73838406958114
-2.14236667429618	-3.98565651941711	-4.6845197222858
-3.72625314717327	-3.99481193255512	-4.13214312962539
-3.26543068589303	-2.49637598229953	-3.98260471503777
-4.40985732814527	-1.37636377508202	-4.14435034714275
-2.57267109178302	-0.433356221866178	-4.9408712901503
-0.915541313801785	0.112916762035554	-4.46173800259403
-2.03860532539864	-0.784313725490196	-5.23079270618753
-1.51979858091096	-1.79751277943084	-6.21652552071412
-0.149538414587625	-2.04776073853666	-8.92957961394675
0.695811398489357	-3.10063324940871	-9.37209124895094
3.25017166399634	-4.44037537193866	-9.02418554970626
4.96528572518502	-4.14435034714275	-8.31006332494087
5.57869840543221	-4.01922636758984	-7.78820477607385
6.86655985351339	-4.04669260700389	-5.76485847257191
7.94995040817884	-2.11795223926146	-2.65506981002518
5.93270771343557	-1.63576714732586	-1.52590218966964
4.84321355001144	0.436408026245518	-0.274662394140536
3.80865186541543	1.83108262760357	1.27870603494316
4.93781948577096	1.66018158236057	5.44747081712062
1.8097199969482	2.26443884946975	6.69260700389105
1.2970168612192	1.94399938963912	5.37422751201648
2.28580148012512	1.82497901884489	3.28068970778973
1.50148775463493	0.134279392690929	0.790417334248875
1.03761348897536	-0.296025024795911	-1.88601510643168
-0.573739223315785	-1.66933699549859	-3.55535210193027
-0.80872816052491	-1.44350347142748	-3.67132066834516
-1.39467460135805	-0.433356221866178	-4.37018387121385
-2.16372930495155	0.717174029144732	-4.94697489890898
-3.90936140993362	-0.714122224765393	-4.91340505073625
-2.70695048447395	-0.732433051041428	-6.04562447547112
-3.28374151216907	-1.2970168612192	-7.20225833524071
-1.50453955901427	-4.13519493400473	-8.13000686655985
0.112916762035554	-2.85038529030289	-8.04760814831769
2.05386434729534	-3.54314488441291	-8.1727321278706
2.81071183337148	-4.21759365224689	-7.34264133669032
2.91447318226902	-3.73846036469062	-6.85435263599603
2.67643244068055	-3.13115129320211	-6.28061341268025
2.51773861295491	-2.8046082246128	-3.93377584496834
2.78324559395743	-1.8951705195697	-2.66727702754253
1.45876249332418	-2.39871824216068	-2.40482185091936
0.817883573662928	-1.92263675898375	-2.16372930495155
0.848401617456321	-1.75173571374075	-2.31021591515984
-0.210574502174411	-2.59403372243839	-0.576791027695125
-2.01419089036393	-1.67544060425727	0.952162966353857
-1.81887541008621	-0.387579156176089	1.8646524757763
-1.73952849622339	1.21461814297704	1.92263675898375
-2.22781719691768	3.46684977492943	1.75478751812009
-3.3325703822385	4.90424963759823	0.7690547035935
-4.24811169604028	4.956130312047	0.946059357595178
-4.56244754711223	4.39154650186923	0.677500572213321
-3.61333638513771	2.58182650492103	1.538109407187
-3.17998016327153	1.86160067139696	0.866712443732357
-2.40482185091936	-0.0885023270008393	-2.4780651560235
-1.07728694590677	-0.704966811627375	-4.13519493400473
-2.67338063630121	-1.75783932249943	-4.72114137483787
-1.72732127870604	-1.84328984512093	-6.27756160830091
-2.18509193560693	-1.75783932249943	-6.97947661554894
-0.543221179522393	-1.31227588311589	-6.94895857175555
1.29396505683986	-0.00305180437933928	-7.62645914396887
2.73136491950866	0.72327763790341	-6.88181887541009
5.20332646677348	1.49538414587625	-5.87777523460746
6.15548943312734	1.196307316701	-4.98970016021973
5.60006103608759	1.44960708018616	-2.81376363775082
4.69062333104448	1.47096971084154	-1.08033875028611
1.2664988174258	1.67849240863661	1.28786144808118
0.0762951094834821	2.45670252536812	2.9907682917525
-1.13221942473487	3.27763790341039	4.81879911497673
-3.0609597924773	5.04463263904784	5.981536583505
-2.69474326695659	5.22163729304952	5.8655680170901
-2.38345922026398	6.59800106813153	4.77607385366598
-2.48416876478218	5.10566872663462	1.61745632104982
-3.92156862745098	2.97856107423514	-1.10170138094148
-5.92660410467689	1.98977645532921	-2.80766002899214
-5.58175020981155	-1.22987716487373	-4.84321355001144
-6.10666056305791	-2.62455176623178	-4.43121995880064
-5.90829327840085	-3.47295338368811	-6.76585030899519
-5.83199816891737	-4.22980086976425	-8.49622339208057
-3.63775082017243	-4.19317921721218	-5.71602960250248
-3.5034714274815	-4.8401617456321	-8.23987182421607
-2.38040741588464	-4.66315709163043	-8.56641489280537
-2.33463035019455	-4.66926070038911	-6.33554589150835
-0.222781719691768	-3.89715419241627	-4.16876478217746
3.4027618829633	-1.57778286411841	-2.02334630350195
6.01510643167773	-0.04272526131075	0.973525597009232
8.24292362859541	1.08033875028611	3.69878690775921
8.40466926070039	-1.41298542763409	5.73739223315785
5.66414892805371	-1.24208438239109	6.12802319371328
3.57061112382696	-0.885023270008392	4.15350576028077
0.59510185397116	-2.22476539253834	0.686655985351339
-1.94094758525978	-1.45571068894484	-2.392614633402
-3.99786373693446	0.0823987182421607	-2.97245746547646
-4.78828107118334	1.77615014877546	-4.08941786831464
-5.09040970473793	1.24818799114977	-2.98771648737316
-5.42915999084459	0.485236896314946	-1.19020370794232
-4.00396734569314	0.271610589761196	0.357061112382696
-3.0914778362707	0.143434805828946	-0.112916762035554
-2.18509193560693	-0.0915541313801785	-0.604257267109178
-3.32036316472114	-1.12001220721752	-1.42519264515145
-5.84115358205539	-2.4933241779202	-2.67338063630121
-5.3681239032578	-4.19317921721218	-2.24612802319371
-6.42099641412985	-4.62043183031968	-1.77615014877546
-5.71602960250248	-3.14030670634012	-1.68154421301595
-3.80254825665675	-2.52994583047227	-1.76089112687877
-3.28984512092775	-0.820935378042267	-1.81277180132753
-0.805676356145571	0.833142595559625	-2.49942778667887
1.30006866559854	-0.390630960555428	-2.00808728160525
1.90432593270771	-0.210574502174411	-2.43228809033341
3.08842603189136	1.08949416342412	-0.436408026245518
5.11787594415198	1.90737773708705	2.12710765239948
5.01716639963378	2.71610589761196	3.97650110627909
5.31013962005035	3.04264896620127	6.21347371633478
4.28473334859236	1.91653315022507	5.810635538262
2.42008087281605	-0.177004654001679	4.98970016021973
0.839246204318303	-1.8951705195697	3.02433813992523
-2.09048599984741	-2.96025024795911	4.69672693980316
-4.44953078507668	-3.3478294041352	4.79133287556268
-5.97543297474632	-4.27557793545434	4.83405813687343
-6.6346227206836	-4.30609597924773	4.24505989166094
-7.6752880140383	-5.09956511787594	3.61333638513771
-7.93469138628214	-5.24299992370489	0.653086137178607
-7.67223620965896	-7.19005111772335	-2.27054245822843
-7.54711223010605	-6.8055237659266	-3.70183871213855
-6.30197604333562	-6.26535439078355	-4.90424963759823
-5.58785381857023	-4.75776302738994	-4.48615243762875
-3.5736629282063	-1.40688181887541	-4.09857328145266
-1.2115663385977	-0.274662394140536	-2.75577935454337
1.15053025101091	1.45571068894484	-0.97962920576791
3.36003662165255	3.07316700999466	0.0946059357595178
4.76691844052796	3.99786373693446	-0.643930724040589
5.86861982146944	3.96734569314107	-2.563515678645
6.76585030899519	2.36514839398795	-5.37422751201648
3.94903486686503	1.1261158159762	-5.18806744487678
4.71198596169986	0.665293354695964	-6.53086137178607
4.33966582742046	-0.601205462729839	-5.37727931639582
2.03860532539864	-0.521858548867018	-2.96940566109712
1.49538414587625	-0.89723048752575	-1.538109407187
-0.964370183871214	-2.3773556115053	0.253299763485161
-0.506599526970321	-2.77714198519875	2.15762569619287
-3.92462043183032	-3.97650110627909	3.07927061875334
-2.47501335164416	-4.97138933394369	4.55939574273289
-2.77103837644007	-3.86358434424353	6.53391317616541
-1.61745632104982	-3.93682764934768	6.10360875867857
0.0946059357595178	-4.68757152666514	4.87678339818418
-0.848401617456321	-5.22774090180819	1.12001220721752
-1.58999008163577	-6.40268558785382	-0.561532005798428
-2.13321126115816	-7.03440909437705	-2.77409018081941
-3.70794232089723	-5.85336079957275	-4.45258258945602
-3.30510414282444	-4.51056687266346	-3.95208667124437
-2.92362859540703	-4.05584802014191	-4.5136186770428
-0.00915541313801785	-2.51773861295491	-1.71816586556802
0.72632944228275	-0.891126878767071	-0.735484855420768
2.4780651560235	-0.946059357595178	-0.674448767833982
