-1.26984126984127	-1.61172161172161	-1.73382173382173
-0.512820512820513	-1.92918192918193	0.0488400488400488
-0.0976800976800977	-1.80708180708181	-2.61294261294261
0.122100122100122	-0.317460317460317	1.51404151404151
1.12332112332112	0.757020757020757	6.00732600732601
1.85592185592186	2.22222222222222	6.05616605616606
6.37362637362637	4.51770451770452	5.47008547008547
7.25274725274725	4.93284493284493	4.59096459096459
9.05982905982906	4.85958485958486	5.44566544566545
9.3040293040293	5.07936507936508	3.51648351648352
8.10744810744811	4.42002442002442	1.24542124542125
5.68986568986569	5.49450549450549	2.31990231990232
5.22588522588523	5.51892551892552	2.1001221001221
3.36996336996337	4.93284493284493	3.39438339438339
0.122100122100122	3.63858363858364	3.05250305250305
-0.488400488400488	1.02564102564103	-2.2954822954823
-0.659340659340659	-1.17216117216117	-0.488400488400488
-3.80952380952381	-3.22344322344322	1.83150183150183
-3.98046398046398	-4.17582417582418	-2.002442002442
-3.003663003663	-3.02808302808303	-3.76068376068376
1.26984126984127	-2.36874236874237	0.390720390720391
-0.244200244200244	-0.341880341880342	-0.366300366300366
1.97802197802198	0.561660561660562	-0.561660561660562
2.41758241758242	1.95360195360195	-0.488400488400488
1.39194139194139	1.001221001221	0.976800976800977
0.610500610500611	1.9047619047619	4.51770451770452
1.44078144078144	3.24786324786325	8.4004884004884
-0.244200244200244	3.05250305250305	6.42246642246642
-1.31868131868132	3.78510378510378	7.13064713064713
1.53846153846154	5.88522588522589	6.3980463980464
0.586080586080586	5.78754578754579	9.79242979242979
1.97802197802198	5.68986568986569	5.88522588522589
3.90720390720391	4.2979242979243	5.83638583638584
0.293040293040293	2.93040293040293	2.58852258852259
1.02564102564103	2.46642246642247	-0.488400488400488
-1.48962148962149	1.78266178266178	-5.22588522588523
-2.95482295482295	1.0989010989011	-7.81440781440781
-1.46520146520147	1.44078144078144	-5.59218559218559
-3.95604395604396	2.2954822954823	-1.66056166056166
-1.68498168498168	2.12454212454212	4.81074481074481
-2.41758241758242	0.390720390720391	2.78388278388278
-1.61172161172161	0.293040293040293	2.24664224664225
-1.88034188034188	0.463980463980464	-0.415140415140415
0.317460317460317	1.68498168498168	-1.31868131868132
0.244200244200244	2.34432234432234	3.15018315018315
1.83150183150183	2.97924297924298	2.90598290598291
1.73382173382173	3.88278388278388	3.68742368742369
2.12454212454212	4.93284493284493	4.78632478632479
2.90598290598291	4.68864468864469	4.54212454212454
3.41880341880342	4.93284493284493	3.56532356532357
4.76190476190476	5.66544566544567	4.004884004884
3.98046398046398	5.47008547008547	9.18192918192918
1.22100122100122	5.88522588522589	14.993894993895
1.70940170940171	5.78754578754579	13.040293040293
0.146520146520147	5.27472527472527	10.6715506715507
-0.0732600732600733	4.32234432234432	8.93772893772894
-1.9047619047619	3.36996336996337	3.73626373626374
-1.68498168498168	0.781440781440781	-2.68620268620269
-2.71062271062271	-0.341880341880342	-3.61416361416361
-4.46886446886447	-0.0732600732600733	-3.39438339438339
-4.2002442002442	-0.732600732600733	-3.76068376068376
-2.14896214896215	-0.952380952380952	-4.05372405372405
-2.36874236874237	-1.61172161172161	-4.05372405372405
0.0244200244200244	-0.879120879120879	-4.90842490842491
-0.757020757020757	-0.43956043956044	-4.46886446886447
1.48962148962149	-0.43956043956044	-4.66422466422466
-1.1965811965812	0.341880341880342	-3.36996336996337
-1.48962148962149	0.366300366300366	-3.51648351648352
-3.85836385836386	1.85592185592186	4.05372405372405
-4.59096459096459	1.41636141636142	3.34554334554335
-1.34310134310134	0.561660561660562	-0.708180708180708
-1.73382173382173	2.95482295482295	1.61172161172161
-2.1978021978022	2.78388278388278	-0.0976800976800977
-0.0732600732600733	4.3956043956044	-1.85592185592186
0.390720390720391	6.37362637362637	-0.854700854700855
-1.63614163614164	5.95848595848596	5.88522588522589
0.390720390720391	6.66666666666667	11.2332112332112
2.27106227106227	6.15384615384615	10.2808302808303
3.1990231990232	5.86080586080586	9.13308913308913
2.31990231990232	5.12820512820513	8.10744810744811
4.2002442002442	4.98168498168498	3.49206349206349
2.1001221001221	3.58974358974359	1.1965811965812
1.41636141636142	2.34432234432234	2.85714285714286
-0.341880341880342	0.537240537240537	-0.268620268620269
-0.244200244200244	-0.634920634920635	-0.0732600732600733
-1.78266178266178	-2.36874236874237	-3.76068376068376
-1.22100122100122	-2.24664224664225	-6.81318681318681
-0.341880341880342	-1.48962148962149	-5.59218559218559
0.43956043956044	-0.195360195360195	-4.71306471306471
2.1001221001221	0.390720390720391	-2.73504273504274
1.44078144078144	0.952380952380952	-1.92918192918193
1.85592185592186	0.927960927960928	-4.12698412698413
2.73504273504274	0.463980463980464	-3.51648351648352
1.44078144078144	-0.488400488400488	-0.927960927960928
-1.34310134310134	-1.07448107448107	-2.41758241758242
0	-1.0989010989011	1.26984126984127
-1.001221001221	-1.70940170940171	0.146520146520147
-1.05006105006105	-1.80708180708181	-2.49084249084249
-1.22100122100122	-0.390720390720391	-0.708180708180708
-0.976800976800977	-1.29426129426129	-1.63614163614164
-0.390720390720391	-0.927960927960928	-2.27106227106227
-0.43956043956044	-1.83150183150183	-1.31868131868132
-2.22222222222222	-3.76068376068376	-0.732600732600733
1.9047619047619	-3.003663003663	2.58852258852259
-0.146520146520147	-3.95604395604396	-1.29426129426129
0.976800976800977	-3.90720390720391	2.73504273504274
1.36752136752137	-3.44322344322344	1.56288156288156
1.51404151404151	-0.976800976800977	2.68620268620269
1.17216117216117	-1.68498168498168	2.44200244200244
0.781440781440781	-3.17460317460317	2.2954822954823
-3.85836385836386	-4.83516483516483	-2.05128205128205
-1.36752136752137	-4.56654456654457	-2.34432234432234
-0.0976800976800977	-5.83638583638584	-3.90720390720391
-0.732600732600733	-3.63858363858364	-3.71184371184371
1.75824175824176	-1.07448107448107	1.22100122100122
4.2979242979243	0.512820512820513	1.68498168498168
2.88156288156288	1.24542124542125	1.92918192918193
0.0732600732600733	0.0732600732600733	0.268620268620269
0.586080586080586	-0.43956043956044	0.122100122100122
-2.05128205128205	-1.12332112332112	0.854700854700855
-1.68498168498168	-3.54090354090354	0.854700854700855
-2.44200244200244	-4.93284493284493	-1.05006105006105
-2.78388278388278	-5.27472527472527	-4.05372405372405
-3.22344322344322	-5.59218559218559	-3.36996336996337
-2.31990231990232	-6.42246642246642	-5.90964590964591
-1.9047619047619	-6.00732600732601	-5.90964590964591
-0.415140415140415	-4.66422466422466	-3.1990231990232
-0.537240537240537	-3.88278388278388	-1.56288156288156
1.39194139194139	-1.58730158730159	-0.586080586080586
0.366300366300366	-0.0732600732600733	-0.170940170940171
-0.0976800976800977	-0.805860805860806	-1.41636141636142
0.757020757020757	-0.586080586080586	-1.48962148962149
-1.14774114774115	-1.88034188034188	-0.146520146520147
-3.73626373626374	-2.07570207570208	-0.83028083028083
-6.95970695970696	-4.24908424908425	-2.41758241758242
-5.37240537240537	-3.98046398046398	-3.27228327228327
-4.37118437118437	-3.49206349206349	-2.51526251526252
-3.54090354090354	-3.12576312576313	-3.32112332112332
-4.54212454212454	-3.93162393162393	-3.22344322344322
-3.73626373626374	-3.71184371184371	1.12332112332112
-2.75946275946276	-3.80952380952381	-0.390720390720391
-5.2991452991453	-4.59096459096459	-2.46642246642247
-5.2014652014652	-4.44444444444444	-3.2967032967033
-6.1050061050061	-4.27350427350427	-2.63736263736264
-3.71184371184371	-4.66422466422466	-2.34432234432234
-4.15140415140415	-4.76190476190476	1.92918192918193
-4.15140415140415	-5.83638583638584	-1.22100122100122
-2.002442002442	-5.17704517704518	-1.56288156288156
-1.41636141636142	-5.59218559218559	-2.58852258852259
-4.32234432234432	-4.78632478632479	-3.02808302808303
-3.58974358974359	-5.3968253968254	-4.46886446886447
-3.61416361416361	-4.83516483516483	-3.85836385836386
-1.83150183150183	-4.66422466422466	-4.61538461538461
-1.05006105006105	-4.76190476190476	-4.68864468864469
-0.244200244200244	-4.71306471306471	-4.83516483516483
-0.586080586080586	-3.71184371184371	-5.78754578754579
-0.586080586080586	-3.32112332112332	-2.95482295482295
-4.32234432234432	-3.32112332112332	0.952380952380952
-3.41880341880342	-2.1001221001221	1.9047619047619
-2.80830280830281	-2.12454212454212	0.146520146520147
-3.85836385836386	-3.39438339438339	-1.12332112332112
-3.80952380952381	-2.46642246642247	-1.56288156288156
-1.68498168498168	-1.39194139194139	-3.93162393162393
0.659340659340659	-0.341880341880342	-3.02808302808303
-2.39316239316239	-1.1965811965812	-3.93162393162393
-0.952380952380952	-1.95360195360195	-2.63736263736264
-1.31868131868132	-3.68742368742369	-4.66422466422466
-3.34554334554335	-4.2979242979243	-3.51648351648352
-2.63736263736264	-4.2979242979243	-2.63736263736264
1.39194139194139	-3.46764346764347	-4.76190476190476
-0.317460317460317	-3.41880341880342	-0.854700854700855
-0.170940170940171	-2.34432234432234	-0.463980463980464
0.537240537240537	-4.46886446886447	-0.390720390720391
0.366300366300366	-4.59096459096459	-2.17338217338217
-1.001221001221	-4.42002442002442	-0.805860805860806
0.146520146520147	-4.004884004884	-2.36874236874237
0.610500610500611	-2.85714285714286	-3.85836385836386
-1.31868131868132	-1.68498168498168	-4.88400488400488
0.317460317460317	-0.390720390720391	-3.71184371184371
0.268620268620269	0.732600732600733	-0.854700854700855
1.05006105006105	1.48962148962149	-1.05006105006105
3.39438339438339	1.41636141636142	1.22100122100122
2.73504273504274	1.80708180708181	6.17826617826618
1.63614163614164	1.85592185592186	5.59218559218559
3.36996336996337	2.80830280830281	5.54334554334554
3.73626373626374	2.80830280830281	3.24786324786325
1.02564102564103	2.14896214896215	0.0976800976800977
0.805860805860806	0.610500610500611	-1.92918192918193
-1.36752136752137	-2.78388278388278	-5.95848595848596
-1.46520146520147	-2.83272283272283	-5.93406593406593
-2.44200244200244	-3.27228327228327	-6.56898656898657
-4.68864468864469	-4.68864468864469	-6.2026862026862
-2.49084249084249	-3.24786324786325	-3.46764346764347
-2.36874236874237	-3.44322344322344	-5.95848595848596
-3.95604395604396	-2.88156288156288	-0.610500610500611
-2.002442002442	-1.88034188034188	1.80708180708181
0.293040293040293	-1.78266178266178	-3.83394383394383
-0.708180708180708	-1.0989010989011	-5.66544566544567
-1.0989010989011	-0.268620268620269	-2.07570207570208
-2.51526251526252	0.341880341880342	-4.51770451770452
-3.003663003663	-1.58730158730159	-5.90964590964591
-2.07570207570208	-1.51404151404151	-1.68498168498168
-4.2979242979243	-2.17338217338217	0.0244200244200244
-4.63980463980464	-1.36752136752137	-1.07448107448107
-1.68498168498168	-1.58730158730159	-2.12454212454212
-1.88034188034188	-1.14774114774115	-5.61660561660562
-2.05128205128205	-0.854700854700855	-4.34676434676435
-1.61172161172161	0.0488400488400488	-3.80952380952381
-3.07692307692308	-0.732600732600733	-7.57020757020757
-2.27106227106227	-0.854700854700855	-1.78266178266178
-0.732600732600733	-1.14774114774115	-0.195360195360195
0.976800976800977	-0.21978021978022	-2.27106227106227
-0.244200244200244	-0.0732600732600733	-0.0488400488400488
1.92918192918193	0.195360195360195	-2.36874236874237
-0.0244200244200244	0.683760683760684	-4.24908424908425
0.512820512820513	1.78266178266178	-3.73626373626374
0.0488400488400488	2.63736263736264	-0.805860805860806
4.2979242979243	3.66300366300366	-1.53846153846154
3.95604395604396	3.61416361416361	-0.927960927960928
1.88034188034188	2.49084249084249	2.78388278388278
3.07692307692308	1.34310134310134	-0.268620268620269
2.44200244200244	0.537240537240537	2.34432234432234
1.46520146520147	1.07448107448107	5.37240537240537
-0.0732600732600733	1.92918192918193	2.71062271062271
1.80708180708181	3.02808302808303	2.80830280830281
0.683760683760684	2.51526251526252	2.2954822954823
1.58730158730159	2.34432234432234	-0.976800976800977
1.70940170940171	0.268620268620269	-2.66178266178266
1.12332112332112	-1.36752136752137	-0.634920634920635
-1.29426129426129	-2.1001221001221	3.83394383394383
-1.46520146520147	-3.46764346764347	1.63614163614164
-1.78266178266178	-4.32234432234432	-1.39194139194139
-1.83150183150183	-4.63980463980464	-0.561660561660562
-2.36874236874237	-4.15140415140415	-2.75946275946276
-0.952380952380952	-3.85836385836386	-1.95360195360195
-1.80708180708181	-3.66300366300366	-2.95482295482295
-4.2979242979243	-3.54090354090354	-1.97802197802198
-5.73870573870574	-3.1013431013431	-3.1990231990232
-3.73626373626374	-2.36874236874237	-3.49206349206349
-2.80830280830281	-2.24664224664225	-1.85592185592186
-3.58974358974359	-3.12576312576313	-3.41880341880342
-3.61416361416361	-3.46764346764347	-4.24908424908425
-3.54090354090354	-2.95482295482295	-4.24908424908425
-2.90598290598291	-1.61172161172161	-4.90842490842491
-4.78632478632479	-1.70940170940171	-3.1990231990232
-3.07692307692308	-2.12454212454212	-4.34676434676435
-2.22222222222222	-0.21978021978022	0.415140415140415
-3.34554334554335	-0.805860805860806	1.12332112332112
-3.07692307692308	-1.75824175824176	1.46520146520147
-4.81074481074481	-2.49084249084249	0.170940170940171
-3.78510378510378	-1.92918192918193	1.05006105006105
-2.85714285714286	-2.39316239316239	-4.37118437118437
-2.39316239316239	-2.95482295482295	-7.17948717948718
-2.44200244200244	-3.05250305250305	-6.05616605616606
-3.003663003663	-2.14896214896215	-7.17948717948718
-2.39316239316239	-1.9047619047619	-5.93406593406593
-2.68620268620269	-1.61172161172161	-3.24786324786325
-2.2954822954823	-1.31868131868132	-0.757020757020757
-1.85592185592186	-0.195360195360195	3.51648351648352
-1.63614163614164	0.781440781440781	2.44200244200244
0.83028083028083	1.75824175824176	7.22832722832723
-0.708180708180708	1.53846153846154	8.5958485958486
-0.659340659340659	0.366300366300366	5.03052503052503
1.17216117216117	0.488400488400488	1.26984126984127
0.366300366300366	-0.634920634920635	-0.0976800976800977
1.1965811965812	-0.634920634920635	-1.41636141636142
2.83272283272283	0.683760683760684	-2.83272283272283
1.17216117216117	0.683760683760684	-2.24664224664225
1.56288156288156	1.63614163614164	-1.53846153846154
1.80708180708181	0.781440781440781	1.24542124542125
-2.17338217338217	-0.586080586080586	1.12332112332112
-0.952380952380952	-0.903540903540904	0.488400488400488
-0.488400488400488	-1.1965811965812	0.195360195360195
0.0244200244200244	0.268620268620269	1.58730158730159
-0.805860805860806	0.757020757020757	5.32356532356532
3.2967032967033	2.41758241758242	2.44200244200244
0.43956043956044	3.90720390720391	1.80708180708181
0.366300366300366	3.98046398046398	0.244200244200244
1.46520146520147	4.22466422466422	0.537240537240537
2.27106227106227	4.2002442002442	1.14774114774115
0.854700854700855	2.53968253968254	-1.17216117216117
-0.0976800976800977	1.31868131868132	-1.24542124542125
-1.68498168498168	-0.293040293040293	-0.488400488400488
-2.34432234432234	-2.41758241758242	-4.81074481074481
-2.83272283272283	-1.53846153846154	-6.27594627594628
-2.53968253968254	-1.34310134310134	-4.54212454212454
-0.732600732600733	-0.561660561660562	-2.02686202686203
1.1965811965812	0.0488400488400488	4.37118437118437
0.0732600732600733	-0.21978021978022	5.64102564102564
1.61172161172161	-0.561660561660562	3.93162393162393
-0.146520146520147	-1.29426129426129	5.44566544566545
0.170940170940171	-3.54090354090354	5.54334554334554
-0.805860805860806	-5.2014652014652	0.293040293040293
-0.634920634920635	-5.66544566544567	-2.68620268620269
-1.05006105006105	-6.44688644688645	-5.64102564102564
-2.61294261294261	-7.66788766788767	-7.54578754578755
-2.68620268620269	-6.73992673992674	-7.42368742368742
-2.85714285714286	-5.81196581196581	-8.5958485958486
-4.66422466422466	-4.76190476190476	-4.95726495726496
-5.2014652014652	-4.02930402930403	-1.95360195360195
-4.44444444444444	-2.66178266178266	2.24664224664225
-3.1990231990232	-1.48962148962149	2.80830280830281
-1.0989010989011	0.537240537240537	4.17582417582418
1.14774114774115	3.46764346764347	6.91086691086691
4.63980463980464	3.93162393162393	4.83516483516483
4.12698412698413	4.34676434676435	1.85592185592186
5.49450549450549	4.27350427350427	-1.66056166056166
2.88156288156288	1.70940170940171	-2.27106227106227
2.27106227106227	-0.293040293040293	-0.634920634920635
0.683760683760684	-1.83150183150183	-1.1965811965812
-0.170940170940171	-3.27228327228327	-3.24786324786325
-0.976800976800977	-3.78510378510378	-2.22222222222222
-2.22222222222222	-3.39438339438339	-2.95482295482295
-1.92918192918193	-3.95604395604396	-5.37240537240537
-2.71062271062271	-2.49084249084249	-2.95482295482295
-0.732600732600733	-2.80830280830281	-4.61538461538461
-0.805860805860806	-2.80830280830281	-1.46520146520147
-0.586080586080586	-4.42002442002442	-2.44200244200244
-2.002442002442	-4.2002442002442	-3.17460317460317
-1.51404151404151	-4.81074481074481	-2.68620268620269
-1.80708180708181	-5.05494505494505	-3.58974358974359
-0.366300366300366	-4.07814407814408	-4.2979242979243
0.537240537240537	-1.17216117216117	-1.26984126984127
1.44078144078144	-0.463980463980464	1.53846153846154
-1.41636141636142	-0.0732600732600733	-1.29426129426129
0.43956043956044	1.31868131868132	-2.53968253968254
0.293040293040293	1.95360195360195	-2.56410256410256
0.268620268620269	2.63736263736264	-1.36752136752137
1.31868131868132	2.83272283272283	-2.2954822954823
0.43956043956044	2.27106227106227	-0.415140415140415
0.268620268620269	1.46520146520147	-0.390720390720391
-3.54090354090354	1.001221001221	1.70940170940171
-5.25030525030525	-0.781440781440781	-1.58730158730159
-3.15018315018315	-1.26984126984127	-1.83150183150183
-0.976800976800977	-1.48962148962149	-4.46886446886447
-1.51404151404151	-3.71184371184371	-2.66178266178266
-0.390720390720391	-6.00732600732601	-4.17582417582418
-1.29426129426129	-5.3968253968254	-1.73382173382173
-2.49084249084249	-5.98290598290598	-0.146520146520147
-3.61416361416361	-5.88522588522589	-1.46520146520147
-2.24664224664225	-5.73870573870574	-0.146520146520147
-1.31868131868132	-3.68742368742369	-2.71062271062271
-0.561660561660562	-0.927960927960928	-2.97924297924298
0.488400488400488	-0.708180708180708	-0.781440781440781
1.51404151404151	0.488400488400488	1.31868131868132
2.63736263736264	2.12454212454212	2.27106227106227
0.683760683760684	4.63980463980464	1.68498168498168
3.05250305250305	6.1050061050061	1.0989010989011
4.56654456654457	8.05860805860806	-0.0244200244200244
3.34554334554335	8.62026862026862	1.48962148962149
4.63980463980464	8.35164835164835	1.53846153846154
4.88400488400488	6.25152625152625	1.66056166056166
1.48962148962149	5.83638583638584	2.73504273504274
4.2002442002442	5.61660561660562	4.85958485958486
2.27106227106227	4.71306471306471	3.2967032967033
1.73382173382173	3.68742368742369	1.41636141636142
0.781440781440781	1.83150183150183	2.66178266178266
1.31868131868132	0.366300366300366	0.0488400488400488
0.659340659340659	-1.56288156288156	-3.98046398046398
-1.07448107448107	-1.78266178266178	-1.44078144078144
-0.390720390720391	-1.53846153846154	-1.97802197802198
-1.22100122100122	-0.732600732600733	-0.854700854700855
0.561660561660562	-0.21978021978022	2.05128205128205
1.02564102564103	1.66056166056166	4.22466422466422
4.27350427350427	2.88156288156288	5.2991452991453
1.07448107448107	2.53968253968254	2.85714285714286
2.56410256410256	3.61416361416361	-0.0732600732600733
1.70940170940171	3.56532356532357	-1.17216117216117
3.39438339438339	3.85836385836386	-0.757020757020757
2.1001221001221	4.2002442002442	1.68498168498168
4.42002442002442	3.51648351648352	1.1965811965812
4.51770451770452	1.83150183150183	3.51648351648352
4.93284493284493	0.293040293040293	0.610500610500611
1.73382173382173	-0.195360195360195	1.39194139194139
2.14896214896215	-0.683760683760684	0.561660561660562
3.95604395604396	0.879120879120879	2.71062271062271
4.15140415140415	1.53846153846154	4.61538461538461
4.004884004884	3.07692307692308	5.90964590964591
2.88156288156288	2.63736263736264	3.15018315018315
1.63614163614164	2.66178266178266	1.9047619047619
0.341880341880342	1.31868131868132	2.05128205128205
1.48962148962149	0.195360195360195	1.92918192918193
0.488400488400488	-0.512820512820513	-0.610500610500611
1.39194139194139	-0.805860805860806	1.9047619047619
1.36752136752137	-2.61294261294261	5.71428571428571
1.0989010989011	-2.1001221001221	4.42002442002442
0.610500610500611	-3.27228327228327	3.05250305250305
-0.0732600732600733	-3.85836385836386	2.46642246642247
0.390720390720391	-4.05372405372405	3.12576312576313
0.146520146520147	-3.71184371184371	2.34432234432234
2.12454212454212	-1.78266178266178	3.56532356532357
2.41758241758242	-0.512820512820513	2.27106227106227
1.85592185592186	0.903540903540904	3.32112332112332
1.78266178266178	1.41636141636142	1.02564102564103
1.85592185592186	1.9047619047619	-2.68620268620269
1.31868131868132	0.561660561660562	-2.56410256410256
0.537240537240537	-1.05006105006105	-2.66178266178266
0.146520146520147	-1.39194139194139	-3.85836385836386
-0.537240537240537	-1.88034188034188	-2.27106227106227
0.244200244200244	-1.95360195360195	0.293040293040293
-0.366300366300366	-3.2967032967033	0.659340659340659
-0.610500610500611	-4.24908424908425	-3.78510378510378
-0.463980463980464	-3.66300366300366	-1.22100122100122
-0.854700854700855	-3.12576312576313	-2.05128205128205
-1.44078144078144	-3.05250305250305	0.0976800976800977
-0.341880341880342	-1.73382173382173	-0.634920634920635
-3.1990231990232	-1.001221001221	5.3968253968254
-1.92918192918193	-1.68498168498168	4.93284493284493
-1.83150183150183	-2.73504273504274	0.293040293040293
-1.85592185592186	-3.68742368742369	1.88034188034188
0.244200244200244	-5.3968253968254	-3.88278388278388
0.879120879120879	-5.22588522588523	-1.97802197802198
1.41636141636142	-4.42002442002442	0.805860805860806
1.17216117216117	-3.22344322344322	-0.366300366300366
2.49084249084249	-1.58730158730159	-0.170940170940171
1.14774114774115	-0.0488400488400488	0.170940170940171
1.53846153846154	0.463980463980464	0.43956043956044
1.22100122100122	0.83028083028083	0.634920634920635
1.92918192918193	0.732600732600733	0.415140415140415
-1.63614163614164	-0.146520146520147	-2.05128205128205
-1.51404151404151	-1.83150183150183	-4.02930402930403
0.43956043956044	-2.24664224664225	-6.34920634920635
-2.36874236874237	-1.66056166056166	-1.85592185592186
-1.34310134310134	-2.1978021978022	-0.879120879120879
-0.43956043956044	-2.71062271062271	2.63736263736264
-0.195360195360195	-2.14896214896215	4.004884004884
-1.85592185592186	-3.12576312576313	4.61538461538461
-1.9047619047619	-3.46764346764347	2.88156288156288
-1.56288156288156	-3.003663003663	0
-3.61416361416361	-2.58852258852259	1.1965811965812
-0.732600732600733	-1.63614163614164	2.17338217338217
-5.25030525030525	-0.537240537240537	1.58730158730159
0.122100122100122	0.537240537240537	0.415140415140415
-1.24542124542125	2.75946275946276	1.26984126984127
1.1965811965812	2.49084249084249	3.68742368742369
3.61416361416361	2.71062271062271	2.56410256410256
6.32478632478632	2.002442002442	-1.17216117216117
3.58974358974359	0.244200244200244	-0.146520146520147
4.2979242979243	0.463980463980464	2.95482295482295
4.42002442002442	0.43956043956044	0.805860805860806
2.61294261294261	0.781440781440781	1.24542124542125
0.927960927960928	2.27106227106227	0.463980463980464
-0.0732600732600733	2.41758241758242	-0.122100122100122
1.1965811965812	1.97802197802198	-1.12332112332112
-1.001221001221	1.88034188034188	-2.66178266178266
-1.56288156288156	2.56410256410256	-1.66056166056166
0.122100122100122	2.90598290598291	-0.83028083028083
0.879120879120879	2.63736263736264	-0.854700854700855
0.781440781440781	3.51648351648352	0.341880341880342
2.24664224664225	2.93040293040293	0.659340659340659
0.634920634920635	2.27106227106227	1.73382173382173
1.05006105006105	2.83272283272283	-0.122100122100122
0.317460317460317	2.56410256410256	-0.463980463980464
1.02564102564103	3.36996336996337	3.41880341880342
-0.195360195360195	3.1990231990232	0.879120879120879
0.293040293040293	2.05128205128205	1.22100122100122
0.512820512820513	1.02564102564103	3.93162393162393
2.66178266178266	1.95360195360195	4.32234432234432
2.80830280830281	2.78388278388278	2.1001221001221
-0.708180708180708	0.488400488400488	-0.122100122100122
-0.0244200244200244	0.634920634920635	-0.415140415140415
-0.341880341880342	-1.73382173382173	-1.56288156288156
-3.46764346764347	-3.1990231990232	-2.80830280830281
-0.708180708180708	-2.1001221001221	0.586080586080586
1.92918192918193	-2.88156288156288	0
2.02686202686203	-2.44200244200244	0
2.68620268620269	-2.24664224664225	0.708180708180708
2.93040293040293	-1.1965811965812	-1.88034188034188
3.63858363858364	-1.58730158730159	-1.92918192918193
1.46520146520147	-2.83272283272283	-0.390720390720391
1.58730158730159	-2.44200244200244	0.0244200244200244
0.854700854700855	-2.36874236874237	1.31868131868132
-0.683760683760684	-2.41758241758242	1.41636141636142
-2.07570207570208	-2.53968253968254	2.80830280830281
-2.56410256410256	-1.9047619047619	2.83272283272283
-1.58730158730159	-1.41636141636142	-0.170940170940171
-3.1990231990232	0.170940170940171	-2.85714285714286
-4.54212454212454	-0.244200244200244	-0.195360195360195
-0.83028083028083	-0.195360195360195	-1.61172161172161
-1.73382173382173	0.21978021978022	1.05006105006105
-1.58730158730159	-0.341880341880342	-1.92918192918193
1.48962148962149	-0.341880341880342	-1.63614163614164
1.0989010989011	-0.341880341880342	-7.59462759462759
1.53846153846154	1.70940170940171	-6.4957264957265
2.22222222222222	4.004884004884	-5.86080586080586
0.390720390720391	4.3956043956044	-3.27228327228327
2.51526251526252	3.63858363858364	0.0488400488400488
3.36996336996337	4.88400488400488	5.93406593406593
2.75946275946276	5.90964590964591	6.98412698412698
1.24542124542125	4.05372405372405	6.54456654456654
0.805860805860806	1.9047619047619	9.69474969474969
-1.70940170940171	-0.43956043956044	3.32112332112332
-5.98290598290598	-4.56654456654457	-2.75946275946276
-3.51648351648352	-6.61782661782662	-3.73626373626374
-4.71306471306471	-8.4004884004884	-4.59096459096459
-3.27228327228327	-8.05860805860806	-5.81196581196581
-2.1001221001221	-6.54456654456654	-5.64102564102564
-4.2002442002442	-5.49450549450549	-1.68498168498168
-2.39316239316239	-4.05372405372405	1.22100122100122
-3.36996336996337	-3.22344322344322	2.002442002442
-2.02686202686203	-0.366300366300366	5.27472527472527
-3.68742368742369	0.879120879120879	5.05494505494505
-2.14896214896215	4.24908424908425	3.95604395604396
-1.61172161172161	5.03052503052503	-3.1013431013431
-3.39438339438339	6.88644688644689	-2.24664224664225
-1.75824175824176	6.32478632478632	-5.47008547008547
0.952380952380952	5.81196581196581	-4.46886446886447
0.415140415140415	4.83516483516483	-3.1990231990232
-0.317460317460317	1.9047619047619	0.366300366300366
2.39316239316239	0.708180708180708	0
-2.05128205128205	-1.88034188034188	-0.952380952380952
-2.75946275946276	-2.63736263736264	-2.14896214896215
-3.51648351648352	-4.90842490842491	-6.2026862026862
-3.27228327228327	-6.3003663003663	-5.15262515262515
-5.47008547008547	-8.62026862026862	-1.66056166056166
-3.85836385836386	-9.20634920634921	1.17216117216117
-3.05250305250305	-9.93894993894994	-0.366300366300366
-5.17704517704518	-9.71916971916972	1.22100122100122
-2.31990231990232	-8.4004884004884	1.34310134310134
-3.39438339438339	-7.03296703296703	0.683760683760684
-2.39316239316239	-6.61782661782662	-0.43956043956044
-4.63980463980464	-6.27594627594628	0.293040293040293
-5.27472527472527	-4.73748473748474	5.05494505494505
-2.58852258852259	-3.61416361416361	3.07692307692308
-3.73626373626374	-3.63858363858364	1.97802197802198
-0.512820512820513	-1.61172161172161	0.586080586080586
-0.634920634920635	0.537240537240537	3.1990231990232
-0.366300366300366	1.78266178266178	2.07570207570208
0.366300366300366	2.49084249084249	-0.732600732600733
0.757020757020757	4.59096459096459	-0.0976800976800977
-0.366300366300366	5.17704517704518	-3.73626373626374
-0.43956043956044	4.85958485958486	-6.03174603174603
-3.02808302808303	4.51770451770452	-5.71428571428571
-2.17338217338217	3.07692307692308	-6.61782661782662
-4.68864468864469	1.78266178266178	-9.89010989010989
-4.95726495726496	-2.12454212454212	-8.74236874236874
-3.49206349206349	-4.88400488400488	-10.0610500610501
-1.70940170940171	-6.47130647130647	-4.54212454212454
-0.952380952380952	-6.56898656898657	1.92918192918193
-2.66178266178266	-7.08180708180708	2.2954822954823
-1.51404151404151	-5.81196581196581	2.17338217338217
-1.75824175824176	-4.27350427350427	1.31868131868132
-0.952380952380952	-1.53846153846154	2.24664224664225
-0.390720390720391	-0.268620268620269	0.757020757020757
-0.170940170940171	0.195360195360195	-0.341880341880342
-0.903540903540904	1.36752136752137	3.003663003663
-1.41636141636142	2.49084249084249	1.80708180708181
1.05006105006105	1.61172161172161	-0.732600732600733
0.683760683760684	1.46520146520147	1.24542124542125
0.0488400488400488	1.44078144078144	1.12332112332112
0.268620268620269	-0.903540903540904	3.07692307692308
-0.732600732600733	-3.1013431013431	-0.683760683760684
-0.610500610500611	-3.07692307692308	0.317460317460317
-0.83028083028083	-4.27350427350427	-3.12576312576313
-2.56410256410256	-5.03052503052503	-3.85836385836386
-3.12576312576313	-5.66544566544567	-3.63858363858364
-3.39438339438339	-6.05616605616606	-4.07814407814408
-4.05372405372405	-6.12942612942613	-7.13064713064713
-3.80952380952381	-7.44810744810745	-7.69230769230769
-3.66300366300366	-6.69108669108669	-7.35042735042735
-1.88034188034188	-5.22588522588523	-5.44566544566545
-2.22222222222222	-6.03174603174603	-3.41880341880342
-5.54334554334554	-4.68864468864469	0.21978021978022
-4.34676434676435	-3.34554334554335	2.41758241758242
-2.56410256410256	-2.14896214896215	2.22222222222222
-3.39438339438339	-1.78266178266178	0.561660561660562
-0.317460317460317	-3.17460317460317	-1.9047619047619
-0.757020757020757	-2.88156288156288	-1.95360195360195
-1.78266178266178	-1.41636141636142	1.51404151404151
-0.927960927960928	-0.488400488400488	0.659340659340659
0.122100122100122	0	1.26984126984127
0.390720390720391	2.07570207570208	0.43956043956044
3.58974358974359	3.22344322344322	1.85592185592186
2.27106227106227	2.14896214896215	-2.73504273504274
1.73382173382173	1.001221001221	-0.903540903540904
0.195360195360195	0.586080586080586	-0.586080586080586
1.001221001221	0	-1.73382173382173
-1.83150183150183	-2.05128205128205	-4.49328449328449
-2.34432234432234	-2.90598290598291	-6.1050061050061
-3.95604395604396	-4.3956043956044	-4.2979242979243
-3.61416361416361	-5.90964590964591	-5.37240537240537
-5.61660561660562	-6.52014652014652	-7.93650793650794
-4.88400488400488	-6.47130647130647	-3.2967032967033
-0.805860805860806	-6.1050061050061	-3.98046398046398
-0.683760683760684	-5.17704517704518	-2.39316239316239
0.146520146520147	-3.15018315018315	0.879120879120879
0.122100122100122	-1.53846153846154	-0.21978021978022
0.341880341880342	-0.146520146520147	-0.43956043956044
1.22100122100122	2.63736263736264	3.49206349206349
0.512820512820513	3.39438339438339	3.56532356532357
2.1001221001221	3.54090354090354	1.17216117216117
-0.415140415140415	2.85714285714286	1.31868131868132
1.70940170940171	3.39438339438339	1.26984126984127
0.805860805860806	3.95604395604396	1.1965811965812
0.757020757020757	5.83638583638584	2.53968253968254
1.66056166056166	6.47130647130647	4.51770451770452
2.78388278388278	5.51892551892552	3.27228327228327
1.44078144078144	3.71184371184371	1.9047619047619
0.708180708180708	2.36874236874237	-0.512820512820513
-1.34310134310134	0.293040293040293	1.36752136752137
-2.07570207570208	-2.1978021978022	-3.1990231990232
-4.90842490842491	-4.42002442002442	-4.88400488400488
-3.34554334554335	-4.78632478632479	-3.1990231990232
-3.68742368742369	-6.91086691086691	-3.71184371184371
-6.56898656898657	-9.25518925518926	-6.3003663003663
-4.49328449328449	-8.76678876678877	-4.1025641025641
-3.66300366300366	-7.08180708180708	-1.88034188034188
-3.90720390720391	-4.90842490842491	0.43956043956044
-5.22588522588523	-4.12698412698413	0.0244200244200244
-3.93162393162393	-3.68742368742369	1.36752136752137
-1.73382173382173	-3.49206349206349	2.002442002442
-0.659340659340659	-2.88156288156288	1.0989010989011
-0.634920634920635	-1.07448107448107	4.32234432234432
-0.732600732600733	0.0732600732600733	4.004884004884
-0.659340659340659	0.561660561660562	-0.317460317460317
1.17216117216117	2.97924297924298	0.952380952380952
1.36752136752137	4.22466422466422	-2.07570207570208
0.512820512820513	4.83516483516483	-4.95726495726496
2.80830280830281	5.93406593406593	-4.27350427350427
3.34554334554335	5.90964590964591	-2.78388278388278
4.66422466422466	5.93406593406593	-1.12332112332112
3.24786324786325	5.90964590964591	-1.22100122100122
2.63736263736264	5.2014652014652	-0.805860805860806
3.83394383394383	5.25030525030525	1.17216117216117
0.0244200244200244	3.95604395604396	-1.22100122100122
0.0732600732600733	3.61416361416361	-1.80708180708181
-0.854700854700855	1.61172161172161	-4.46886446886447
-0.21978021978022	1.1965811965812	-4.12698412698413
1.34310134310134	0.903540903540904	-1.44078144078144
-0.195360195360195	0.879120879120879	-7.71672771672772
-0.683760683760684	0.341880341880342	-1.88034188034188
-1.0989010989011	-1.61172161172161	-1.44078144078144
-1.68498168498168	-1.001221001221	-2.46642246642247
0.83028083028083	-0.43956043956044	-2.90598290598291
0.610500610500611	-0.927960927960928	0.293040293040293
0.268620268620269	-0.341880341880342	-2.58852258852259
-0.0732600732600733	0.488400488400488	-3.22344322344322
0.195360195360195	1.12332112332112	-1.29426129426129
-1.56288156288156	2.78388278388278	1.80708180708181
1.29426129426129	3.56532356532357	2.88156288156288
3.63858363858364	5.00610500610501	7.66788766788767
2.66178266178266	6.08058608058608	4.66422466422466
2.85714285714286	5.90964590964591	0.170940170940171
2.02686202686203	6.15384615384615	0.537240537240537
0.537240537240537	5.93406593406593	-1.66056166056166
0.146520146520147	3.54090354090354	-5.54334554334554
1.22100122100122	2.17338217338217	-6.00732600732601
0.854700854700855	0.415140415140415	-2.71062271062271
-0.195360195360195	-0.537240537240537	-4.81074481074481
-2.31990231990232	-2.44200244200244	-7.47252747252747
-3.76068376068376	-2.24664224664225	-3.76068376068376
-2.95482295482295	-1.41636141636142	-3.51648351648352
-3.41880341880342	-1.66056166056166	-2.1978021978022
-4.37118437118437	-1.92918192918193	-0.683760683760684
-2.85714285714286	-2.1001221001221	-0.561660561660562
-2.31990231990232	-1.88034188034188	-1.85592185592186
-2.83272283272283	-2.53968253968254	-1.14774114774115
-1.97802197802198	-2.56410256410256	-3.36996336996337
0.390720390720391	-1.24542124542125	-2.27106227106227
0.805860805860806	-0.463980463980464	-1.05006105006105
1.66056166056166	-0.293040293040293	-0.170940170940171
3.12576312576313	-0.21978021978022	-1.58730158730159
3.36996336996337	0.976800976800977	-1.31868131868132
3.24786324786325	2.61294261294261	-0.170940170940171
2.85714285714286	2.83272283272283	0.0732600732600733
4.3956043956044	4.46886446886447	2.31990231990232
2.46642246642247	6.03174603174603	4.44444444444444
3.1990231990232	7.03296703296703	2.36874236874237
2.73504273504274	6.88644688644689	3.98046398046398
1.83150183150183	5.1037851037851	-3.32112332112332
2.66178266178266	2.88156288156288	-7.05738705738706
0.781440781440781	0.366300366300366	-8.64468864468864
-0.879120879120879	-1.12332112332112	-7.76556776556777
1.63614163614164	-1.51404151404151	-3.76068376068376
0.927960927960928	-1.83150183150183	-4.98168498168498
-0.732600732600733	-1.75824175824176	-2.41758241758242
0.488400488400488	-1.05006105006105	0.903540903540904
1.61172161172161	-1.001221001221	-1.70940170940171
2.002442002442	0.0976800976800977	-5.86080586080586
-0.463980463980464	-0.390720390720391	-4.22466422466422
-2.002442002442	-0.854700854700855	-3.07692307692308
2.02686202686203	-0.561660561660562	-4.44444444444444
2.24664224664225	0.0244200244200244	-0.805860805860806
3.98046398046398	1.0989010989011	1.44078144078144
4.46886446886447	3.17460317460317	-0.561660561660562
7.96092796092796	5.12820512820513	-1.48962148962149
5.98290598290598	6.32478632478632	-2.27106227106227
2.68620268620269	6.32478632478632	-4.71306471306471
3.44322344322344	7.08180708180708	-2.71062271062271
1.44078144078144	7.3015873015873	0.927960927960928
2.36874236874237	7.47252747252747	4.71306471306471
3.22344322344322	7.35042735042735	4.68864468864469
0.781440781440781	7.37484737484737	4.42002442002442
0.268620268620269	6.95970695970696	0.586080586080586
0.610500610500611	6.37362637362637	-0.0976800976800977
-0.341880341880342	6.03174603174603	-0.854700854700855
0.708180708180708	4.22466422466422	-4.12698412698413
-0.366300366300366	3.22344322344322	-1.34310134310134
-2.34432234432234	0.732600732600733	0.146520146520147
-1.46520146520147	-0.0732600732600733	3.41880341880342
-0.293040293040293	-0.0976800976800977	1.9047619047619
-0.390720390720391	-0.952380952380952	0.488400488400488
0.0488400488400488	-1.78266178266178	-2.05128205128205
2.2954822954823	-1.68498168498168	-0.976800976800977
-0.757020757020757	-3.68742368742369	-3.73626373626374
-2.44200244200244	-3.85836385836386	-5.17704517704518
-2.68620268620269	-3.83394383394383	-7.98534798534799
-0.683760683760684	-1.61172161172161	-8.08302808302808
-1.46520146520147	-0.610500610500611	-5.95848595848596
-2.68620268620269	-0.122100122100122	-8.5958485958486
0.488400488400488	0.0244200244200244	-5.73870573870574
0	0.732600732600733	-0.757020757020757
1.07448107448107	0.195360195360195	2.44200244200244
0.195360195360195	0.659340659340659	1.9047619047619
0.268620268620269	0.512820512820513	6.56898656898657
0.21978021978022	0.0732600732600733	5.59218559218559
-0.952380952380952	1.63614163614164	6.91086691086691
-0.634920634920635	1.14774114774115	1.51404151404151
-0.341880341880342	1.001221001221	2.58852258852259
-1.0989010989011	2.14896214896215	1.29426129426129
1.41636141636142	1.36752136752137	-0.0976800976800977
-0.0244200244200244	-0.488400488400488	-0.610500610500611
-2.27106227106227	-1.78266178266178	0.854700854700855
-4.56654456654457	-3.49206349206349	-1.29426129426129
-3.003663003663	-3.83394383394383	-0.0488400488400488
-0.732600732600733	-2.83272283272283	1.51404151404151
-1.0989010989011	-1.31868131868132	2.44200244200244
1.1965811965812	0.415140415140415	1.92918192918193
3.95604395604396	1.46520146520147	4.61538461538461
3.51648351648352	2.17338217338217	2.17338217338217
1.46520146520147	1.92918192918193	3.73626373626374
1.46520146520147	2.02686202686203	2.75946275946276
0.415140415140415	2.24664224664225	4.63980463980464
0.415140415140415	2.36874236874237	3.85836385836386
-0.879120879120879	2.1001221001221	3.51648351648352
-1.9047619047619	1.88034188034188	4.95726495726496
-1.12332112332112	0.683760683760684	1.70940170940171
-1.17216117216117	1.29426129426129	3.15018315018315
3.1990231990232	2.36874236874237	3.17460317460317
0.805860805860806	3.51648351648352	4.63980463980464
4.2002442002442	3.41880341880342	6.27594627594628
1.29426129426129	2.39316239316239	6.12942612942613
1.44078144078144	1.61172161172161	5.44566544566545
2.66178266178266	1.17216117216117	6.25152625152625
2.66178266178266	1.80708180708181	4.61538461538461
1.88034188034188	0.708180708180708	-0.43956043956044
1.58730158730159	0.805860805860806	0.903540903540904
-0.293040293040293	-0.0488400488400488	-1.78266178266178
-0.586080586080586	0.146520146520147	-1.53846153846154
-1.17216117216117	-1.58730158730159	1.85592185592186
-1.14774114774115	-2.05128205128205	2.36874236874237
-1.29426129426129	-2.75946275946276	-1.78266178266178
-1.83150183150183	-2.83272283272283	-1.9047619047619
-0.537240537240537	-3.46764346764347	-1.24542124542125
-1.78266178266178	-4.2002442002442	-2.61294261294261
-1.22100122100122	-4.34676434676435	-4.02930402930403
-0.463980463980464	-4.78632478632479	-2.36874236874237
-1.97802197802198	-5.03052503052503	-1.63614163614164
-3.1990231990232	-4.15140415140415	2.34432234432234
-1.78266178266178	-2.31990231990232	-1.61172161172161
-2.78388278388278	-0.537240537240537	-0.170940170940171
-0.757020757020757	2.12454212454212	5.00610500610501
0.0976800976800977	3.1990231990232	4.76190476190476
-0.195360195360195	4.22466422466422	4.49328449328449
0.366300366300366	2.66178266178266	2.22222222222222
-1.83150183150183	1.1965811965812	-0.586080586080586
-0.146520146520147	0.146520146520147	-5.05494505494505
-1.29426129426129	-1.0989010989011	-7.10622710622711
-1.44078144078144	0.0488400488400488	-5.51892551892552
-1.17216117216117	0.146520146520147	-6.42246642246642
0.854700854700855	0.561660561660562	-3.88278388278388
-0.0244200244200244	2.31990231990232	-1.66056166056166
-0.976800976800977	2.02686202686203	-3.32112332112332
1.22100122100122	1.78266178266178	-1.97802197802198
0.927960927960928	0.903540903540904	-3.85836385836386
-0.463980463980464	-0.83028083028083	-1.29426129426129
-0.268620268620269	-2.90598290598291	0.879120879120879
-2.39316239316239	-3.36996336996337	0.268620268620269
-0.463980463980464	-2.85714285714286	2.27106227106227
-1.46520146520147	-1.41636141636142	1.14774114774115
-3.36996336996337	-1.34310134310134	0.879120879120879
1.48962148962149	0.170940170940171	0.0976800976800977
0.610500610500611	0.903540903540904	-0.879120879120879
0.659340659340659	1.1965811965812	0.732600732600733
1.34310134310134	1.66056166056166	2.51526251526252
0.83028083028083	1.24542124542125	4.44444444444444
1.73382173382173	2.05128205128205	5.17704517704518
1.29426129426129	1.85592185592186	3.44322344322344
-0.195360195360195	0.708180708180708	1.75824175824176
-0.927960927960928	1.02564102564103	0.21978021978022
-1.83150183150183	1.46520146520147	-1.85592185592186
-1.80708180708181	2.1001221001221	-0.512820512820513
-0.732600732600733	2.02686202686203	1.24542124542125
0.561660561660562	2.36874236874237	1.9047619047619
1.63614163614164	1.63614163614164	2.02686202686203
1.48962148962149	1.0989010989011	1.07448107448107
0.537240537240537	-0.21978021978022	-3.73626373626374
-0.0488400488400488	0.341880341880342	-2.95482295482295
2.12454212454212	0.903540903540904	-0.976800976800977
1.39194139194139	-0.268620268620269	-0.415140415140415
2.63736263736264	-1.83150183150183	-1.95360195360195
2.68620268620269	-1.88034188034188	1.88034188034188
0.854700854700855	-2.05128205128205	0.512820512820513
0.488400488400488	-0.195360195360195	1.68498168498168
-1.001221001221	1.70940170940171	5.05494505494505
-1.24542124542125	3.41880341880342	4.15140415140415
0.708180708180708	5.47008547008547	4.73748473748474
1.9047619047619	6.3003663003663	6.22710622710623
3.90720390720391	6.42246642246642	6.76434676434676
6.66666666666667	7.47252747252747	8.86446886446886
7.57020757020757	7.35042735042735	10.1587301587302
6.66666666666667	8.64468864468864	8.81562881562882
6.78876678876679	8.05860805860806	8.03418803418803
7.54578754578755	6.61782661782662	6.56898656898657
6.08058608058608	4.51770451770452	6.34920634920635
6.42246642246642	2.95482295482295	5.42124542124542
7.05738705738706	1.88034188034188	7.81440781440781
5.78754578754579	1.29426129426129	8.35164835164835
6.83760683760684	2.36874236874237	8.35164835164835
4.34676434676435	2.68620268620269	8.25396825396825
5.2014652014652	2.46642246642247	7.2039072039072
6.15384615384615	2.73504273504274	8.15628815628816
6.44688644688645	1.39194139194139	7.86324786324786
7.03296703296703	0.83028083028083	7.13064713064713
9.32844932844933	0.0976800976800977	8.4004884004884
10.7448107448107	1.12332112332112	7.27716727716728
10.5982905982906	1.63614163614164	6.73992673992674
11.965811965812	3.54090354090354	6.81318681318681
11.2087912087912	5.07936507936508	7.83882783882784
9.89010989010989	6.08058608058608	9.93894993894994
10.2808302808303	6.93528693528694	11.2332112332112
6.83760683760684	8.03418803418803	12.2100122100122
9.4017094017094	8.96214896214896	15.5311355311355
11.1111111111111	9.64590964590965	15.3113553113553
9.98778998778999	9.64590964590965	15.0915750915751
11.8681318681319	8.88888888888889	13.968253968254
13.6019536019536	8.42490842490843	11.9169719169719
12.4786324786325	7.44810744810745	12.3565323565324
13.4310134310134	6.22710622710623	12.1367521367521
12.6251526251526	8.76678876678877	12.1611721611722
14.017094017094	9.84126984126984	13.8949938949939
14.8717948717949	10.5494505494505	17.5579975579976
14.5054945054945	10.8913308913309	18.3638583638584
16.043956043956	10.3785103785104	19.4871794871795
17.4358974358974	10.8424908424908	21.3675213675214
18.1196581196581	9.5970695970696	21.7338217338217
15.1892551892552	7.3992673992674	17.9487179487179
14.1880341880342	5.83638583638584	12.4542124542125
11.4041514041514	4.27350427350427	10.989010989011
9.08424908424908	1.17216117216117	7.00854700854701
5.51892551892552	0.293040293040293	5.3968253968254
5.37240537240537	2.14896214896215	4.56654456654457
4.22466422466422	1.9047619047619	6.42246642246642
3.66300366300366	1.29426129426129	5.90964590964591
3.07692307692308	0.854700854700855	5.51892551892552
1.0989010989011	0.805860805860806	7.54578754578755
5.56776556776557	0.659340659340659	6.88644688644689
3.02808302808303	-0.146520146520147	6.4957264957265
2.85714285714286	-0.610500610500611	5.76312576312576
2.85714285714286	-1.66056166056166	5.03052503052503
3.05250305250305	-1.51404151404151	6.17826617826618
1.88034188034188	-1.46520146520147	4.63980463980464
3.07692307692308	1.31868131868132	4.63980463980464
6.08058608058608	3.80952380952381	8.15628815628816
7.74114774114774	5.22588522588523	8.2051282051282
4.07814407814408	4.83516483516483	5.27472527472527
5.93406593406593	3.41880341880342	4.59096459096459
7.05738705738706	3.46764346764347	6.73992673992674
6.71550671550672	2.78388278388278	7.22832722832723
7.22832722832723	3.27228327228327	7.83882783882784
9.3040293040293	4.34676434676435	8.91330891330891
9.05982905982906	5.32356532356532	10.03663003663
7.42368742368742	7.27716727716728	10.1587301587302
4.32234432234432	6.76434676434676	8.5958485958486
3.02808302808303	6.3003663003663	9.01098901098901
2.24664224664225	4.44444444444444	5.78754578754579
