-0.143434805828946	-4.48615243762875	-2.50858319981689
0.628671702143893	-3.48210879682612	-2.9907682917525
-0.885023270008392	-1.93179217212177	-1.61745632104982
0.900282291905089	-0.375371938658732	-1.61440451667048
1.73647669184405	0.140383001449607	-1.08339055466545
2.81071183337148	0.448615243762875	-0.192263675898375
3.01213092240787	0.674448767833982	0.534065766384375
2.36514839398795	1.64797436484321	0.50965133134966
2.1362630655375	2.95719844357977	0.231937132829786
0.662241550316625	3.60112916762036	0.430304417486839
-0.100709544518196	4.29083695735103	0.341802090486
0.125123979552911	2.9907682917525	-0.836194399938964
0.268558785381857	1.88601510643168	-0.650034332799268
0.149538414587625	1.40383001449607	-1.15358205539025
2.76493476768139	1.07728694590677	-1.49538414587625
5.21553368429084	0.988784618905928	-1.71816586556802
5.00495918211643	1.0406652933547	-1.97146562905318
4.48920424200809	1.56557564660105	-0.613412680247196
3.93377584496834	1.22987716487373	0.4272526131075
2.0355535210193	0.997940032043946	0.662241550316625
1.32753490501259	1.05897611963073	1.87685969329366
0.988784618905928	1.70901045243	1.27565423056382
0.323491264209964	2.221713588159	1.30006866559854
0.280766002899214	1.42214084077211	-0.473029678797589
0.704966811627375	0.994888227664607	-0.671396963454643
-0.369268329900053	-0.933852140077821	-2.07522697795071
-0.491340505073625	-1.17799649042496	-2.3773556115053
-0.442511635004196	-1.37026016632334	-2.95719844357977
-0.415045395590143	-1.7242694743267	-1.4373998626688
-1.2817578393225	-0.967421988250553	-1.38551918822004
-4.03753719386587	-1.45876249332418	-1.22682536049439
-5.07820248722057	-2.38956282902266	0.756847486076142
-5.38643472953384	-2.2064545662623	0.405889982452125
-5.39864194705119	-3.76897840848402	-1.35805294880598
-2.27664606698711	-1.74868390936141	-0.537117570763714
1.20546272983902	0.0793469138628214	-2.02944991226062
3.81780727855344	1.13527122911421	-4.30609597924773
6.88487067978943	2.44449530785077	-3.14946211947814
7.15953307392996	4.09857328145266	-3.70794232089723
4.73640039673457	4.11688410772869	-5.33150225070573
3.759822995346	2.78629739833677	-5.88998245212482
3.08537422751202	2.52384222171359	-4.73029678797589
0.549324788281071	2.61234454871443	-5.14534218356603
0.0152590218966964	3.49431601434348	-4.68757152666514
0.021362630655375	2.4078736552987	-5.57259479667353
0.50965133134966	3.84832532234684	-4.52582589456016
0.0518806744487678	2.92973220416571	-2.66117341878386
-0.524910353246357	2.63675898374914	-2.37125200274662
-0.607309071488518	1.59304188601511	-3.81780727855344
-0.747692072938125	1.33974212252995	-2.221713588159
-2.00808728160525	0.402838178072786	-2.61234454871443
-3.588921950103	-0.109864957656214	-2.50858319981689
-6.24704356450752	-1.68154421301595	-3.4027618829633
-9.10048065918975	-3.57976653696498	-3.36003662165255
-9.23781185626001	-4.54108491645685	-3.49431601434348
-5.87777523460746	-3.57061112382696	-2.76798657206073
1.33974212252995	-1.05897611963073	-3.20439459830625
6.12802319371328	2.62455176623178	-4.23590447852293
8.60608834973678	4.0009155413138	-4.64179446097505
9.38735027084764	5.42915999084459	-5.56343938353552
6.79026474402991	5.85030899519341	-6.18295567254139
3.3173113603418	5.74349584191653	-4.41901274128328
0.0183108262760357	4.89814602883955	-2.99382009613184
-1.50148775463493	3.73235675593194	-3.14946211947814
-1.82803082322423	3.77508201724269	-2.99687190051118
0.021362630655375	3.63775082017243	-2.67643244068055
-0.308232242313268	4.21454184786755	-2.75883115892271
-0.173952849622339	3.80865186541543	-4.38544289311055
-0.283817807278553	2.26443884946975	-3.0060273136492
-1.52590218966964	0.845349813076982	-4.19012741283284
-2.60013733119707	-0.460822461280232	-4.22674906538491
-4.51667048142214	-2.50858319981689	-3.86663614862287
-6.65293354695964	-4.00701915007248	-4.90424963759823
-7.77904936293584	-3.79644464789807	-3.45464255741207
-8.25513084611277	-4.03753719386587	-2.96025024795911
-8.14831769283589	-4.92866407263294	-3.58281834134432
-5.50545510032807	-2.69474326695659	-2.2064545662623
-1.40077821011673	-0.781261921110857	-1.75783932249943
5.4383154039826	2.02029449912261	-0.717174029144732
8.55420767528801	3.0609597924773	-2.16372930495155
10.2327000839246	3.39665827420462	-2.84428168154421
8.2581826504921	3.21355001144427	-2.89616235599298
5.468833447776	3.01213092240787	-2.68863965819791
1.90432593270771	2.1210040436408	-2.05386434729534
0.567635614557107	3.80254825665675	-2.14847028305486
0.796520943007553	3.64690623331044	-1.14137483787289
1.33974212252995	4.09246967269398	-1.40077821011673
2.03250171663996	5.04463263904784	-1.37331197070268
1.82803082322423	4.15045395590143	-1.83718623636225
0.372320134279393	3.26848249027237	-2.99382009613184
-0.5981536583505	2.86259250782025	-2.92668039978637
-0.59510185397116	1.24818799114977	-3.65606164644846
-2.38345922026398	0.131227588311589	-3.43938353551537
-5.81673914702068	-0.393682764934768	-4.03143358510719
-6.16464484626535	-0.683604180972	-3.41191729610132
-6.03036545357443	-0.582894636453803	-2.13015945677882
-5.02021820401312	-1.08949416342412	-2.69779507133593
-3.36919203479057	-1.44350347142748	-3.55230029755093
0	-1.80361638818952	-2.96330205233845
4.77607385366598	-1.33974212252995	-2.050812542916
7.55626764324407	0.198367284657053	-3.51567864499886
7.5898374914168	1.83413443198291	-4.40985732814527
7.0923933775845	2.31326771953918	-5.12703135729
4.51667048142214	2.29495689326314	-5.57564660105287
2.69474326695659	2.50858319981689	-5.33150225070573
0.80872816052491	2.34683756771191	-2.38345922026398
0.662241550316625	3.58587014572366	-0.875867856870375
1.4373998626688	3.54924849317159	-0.0488288700694285
1.42824444953079	4.99275196459907	0.125123979552911
1.01625085831998	6.52475776302739	-1.15053025101091
1.91958495460441	7.32127870603494	-2.92973220416571
0.900282291905089	7.75158312352178	-3.06706340123598
-0.415045395590143	6.33249408712901	-4.56244754711223
-1.74563210498207	6.0364690623331	-2.82902265964752
-1.87380788891432	4.44647898069734	-4.37933928435187
-3.31425955596246	1.72732127870604	-5.31013962005035
-2.09048599984741	0.903334096284428	-4.97749294270237
-0.988784618905928	-0.0152590218966964	-4.44953078507668
-1.35805294880598	-1.23903257801175	-3.97344930189975
-0.0122072175173571	-1.58083466849775	-3.89410238803693
3.73235675593194	-0.503547722590982	-2.905317769131
6.91233691920348	0.411993591210803	-4.05279621576257
8.3588921950103	1.32143129625391	-6.25009536888685
9.50942244602121	0.448615243762875	-7.30907148851759
6.5491721980621	-1.26955062180514	-8.56031128404669
3.25627527275502	-1.21766994735637	-7.10460059510185
0.106813153276875	-1.64797436484321	-4.53192950331884
0.177004654001679	-0.314335851071946	-1.03761348897536
1.01625085831998	2.40177004654002	2.2919050888838
0.833142595559625	3.47600518806744	1.08949416342412
1.61745632104982	2.82902265964752	-0.271610589761196
-0.775158312352178	0.946059357595178	-3.76287479972534
-2.88700694285496	-0.0793469138628214	-6.74448767833982
-3.26543068589303	0.524910353246357	-6.53391317616541
-1.99282825970855	1.50759136339361	-8.63660639353017
-0.134279392690929	2.92668039978637	-7.14427405203327
1.51674677653162	3.00297550926986	-6.51560234988937
1.89211871519036	3.94293125810636	-5.08125429159991
1.50759136339361	1.40993362325475	-5.36202029449912
-0.250247959105821	-0.125123979552911	-5.13618677042802
-0.0244144350347143	-1.04676890211337	-5.53292133974212
1.08644235904479	-0.219729915312428	-5.53292133974212
3.09758144502937	-0.12817578393225	-5.30708781567102
8.43518730449378	2.27054245822843	-5.49629968719005
9.01808194094759	0.888075074387732	-2.82902265964752
9.24696726939803	0.747692072938125	-1.09254596780346
5.58175020981155	0.738536659800107	0.393682764934768
1.98672465094987	-0.668345159075303	0.195315480277714
1.54116121156634	-0.125123979552911	0.311284046692607
-0.463874265659571	-0.329594872968643	-1.59304188601511
-0.4272526131075	0.912489509422446	-2.54520485236896
-0.860608834973678	1.025406271458	-1.42214084077211
-1.8646524757763	1.49538414587625	-1.08949416342412
-3.02433813992523	-0.332646677347982	-1.69680323491264
-2.99382009613184	-0.582894636453803	-2.84428168154421
-3.8452735179675	-1.23903257801175	-6.25009536888685
-2.51163500419623	-0.888075074387732	-7.98962386511025
-4.31525139238575	-0.830090791180285	-8.30395971618219
-6.41489280537118	0.268558785381857	-8.67933165484092
-7.29076066224155	0.744640268558785	-5.07515068284123
-7.70885786221103	0.704966811627375	-2.4780651560235
-6.61631189440757	0.198367284657053	-2.44144350347143
-3.65606164644846	-0.296025024795911	-0.375371938658732
-1.40077821011673	-1.34889753566796	-2.60318913557641
0.582894636453803	-2.59403372243839	-4.785229266804
4.19012741283284	-2.67032883192187	-5.04463263904784
6.96726939803159	-2.70389868009461	-4.3427176317998
6.94590676737621	-1.54116121156634	-1.91958495460441
6.16464484626535	-0.0396734569314107	2.17898832684825
5.37727931639582	0.753795681696803	5.45967803463798
2.18814373998627	1.04371709773404	6.49729152361334
0.485236896314946	0.210574502174411	5.69161516746777
0.375371938658732	0	3.1616693369955
-1.48317692835889	-1.36415655756466	0.109864957656214
-2.20340276188296	-1.19935912108034	-2.71000228885328
-0.921644922560464	-0.921644922560464	-4.05584802014191
-1.77004654001678	-0.173952849622339	-5.26131074998093
-1.34889753566796	1.98367284657053	-4.16876478217746
-2.65506981002518	2.44144350347143	-4.89814602883955
-2.62149996185245	2.91752498664836	-5.48104066529335
-3.35088120851453	3.37834744792859	-6.23178454261082
-3.81475547417411	3.25627527275502	-4.15350576028077
-4.63569085221637	1.92874036774243	-3.28374151216907
-6.59189745937285	0.949111161974517	-1.54726482032502
-4.71808957045853	0.943007553215839	-1.82497901884489
-2.09048599984741	1.42214084077211	-2.68863965819791
0.866712443732357	2.18509193560693	-5.01411459525444
4.08941786831464	1.25123979552911	-6.03952086671244
5.51461051346609	1.16578927290761	-6.79942015716793
6.665140764477	1.54116121156634	-4.20843823910887
7.04051270313573	2.07522697795071	-0.799572747386893
4.87983520256352	2.97245746547646	2.734416723888
3.02738994430457	3.19218738078889	4.66315709163043
1.47096971084154	3.77813382162203	7.90112153810941
-0.0610360875867857	3.6743724727245	7.25719081406882
-0.628671702143893	3.35088120851453	6.68039978637369
-1.24513618677043	2.20035095750362	5.45662623025864
1.39772640573739	2.75577935454337	3.84222171358816
1.44960708018616	2.31631952391852	1.91348134584573
4.75471122301061	2.69779507133593	1.74868390936141
4.55634393835355	1.82497901884489	1.26039520866712
1.96841382467384	1.92568856336309	1.00404364080262
-1.48928053711757	1.58999008163577	1.26344701304646
-5.2826733806363	1.12001220721752	0.173952849622339
-4.92561226825361	-0.277714198519875	-0.250247959105821
-5.87167162584878	-0.4272526131075	-2.70084687571527
-3.36308842603189	-1.1261158159762	-3.72014953841459
0.292973220416571	0.396734569314107	-2.78019378957809
2.59098191805905	-0.0885023270008393	-5.40779736018921
4.40070191500725	0.378423743038071	-7.44335088120851
5.17586022735943	0.845349813076982	-6.71702143892576
3.02738994430457	0.131227588311589	-5.27351796749828
1.73037308308537	-0.0518806744487678	-3.26543068589303
1.33363851377127	-1.0955977721828	-0.0946059357595178
0.753795681696803	-0.762951094834821	2.68558785381857
1.08033875028611	-0.210574502174411	3.75371938658732
3.10673685816739	0.955214770733196	4.84626535439078
3.71404592965591	2.14541847867552	4.92256046387427
4.22674906538491	3.82391088731212	5.01716639963378
4.27862973983368	4.09246967269398	4.15655756466011
3.20134279392691	4.39765011062791	4.98359655146105
4.28168154421302	5.40779736018921	5.69771877622644
4.64484626535439	6.10666056305791	6.01205462729839
4.12298771648737	5.94186312657359	6.77805752651255
2.85954070344091	3.90630960555428	6.58579385061418
1.32143129625391	3.03654535744259	5.0415808346685
0.784313725490196	2.19119554436561	4.64484626535439
0.222781719691768	1.025406271458	2.77409018081941
1.82192721446555	1.33363851377127	2.00808728160525
3.32341496910048	1.08949416342412	-2.02029449912261
8.15747310597391	2.2064545662623	-1.44045166704814
8.92652780956741	1.98672465094987	-3.17692835889219
9.60402838178073	0.72327763790341	-2.00808728160525
7.98962386511025	-0.259403372243839	-0.85145342183566
5.96017395284962	-0.189211871519036	1.879911497673
2.93888761730373	0.753795681696803	3.01823453116655
1.15663385976959	1.8097199969482	3.78118562600137
-0.0549324788281071	2.03860532539864	4.11688410772869
-0.314335851071946	3.22575722896162	3.68047608148318
1.66628519111925	2.78019378957809	2.81376363775082
3.49126420996414	1.42824444953079	2.91752498664836
4.61127641718166	2.82291905088884	3.51262684061952
4.59296559090562	2.49942778667887	2.76798657206073
4.72114137483787	3.32646677347982	3.23491264209964
4.24811169604028	3.14335851071946	2.24917982757305
1.51674677653162	2.00198367284657	3.32951857785916
0.0549324788281071	2.1210040436408	4.73640039673457
-2.10574502174411	0.756847486076142	3.93987945372702
-2.72220950637064	-0.296025024795911	3.40886549172198
-2.07217517357137	-0.750743877317464	3.07316700999466
-0.238040741588464	-0.0457770656900893	1.17799649042496
1.94705119401846	0.357061112382696	1.56252384222171
5.45662623025864	0.872816052491035	1.5228503852903
5.64583810177768	0.534065766384375	-0.323491264209964
6.71396963454643	0.793469138628214	-1.19325551232166
6.25619897764553	0.906385900663767	-1.9501029983978
4.3579766536965	-0.570687418936446	-1.91653315022507
3.72625314717327	-0.570687418936446	0.683604180972
3.16472114137484	0.848401617456321	3.68352788586252
2.50858319981689	1.57167925535973	3.55535210193027
3.38139925230793	3.17692835889219	6.06088349736782
3.14335851071946	2.47196154726482	3.97344930189975
3.14946211947814	3.66521705958648	4.88593881132219
2.84122987716487	2.67948424505989	2.63675898374914
2.50553139543755	2.36209658960861	2.4933241779202
2.18814373998627	1.93789578088045	1.64797436484321
1.37941557946136	1.7792019531548	0.848401617456321
-0.646982528419928	1.2970168612192	1.21461814297704
-2.2369726100557	0.592050049591821	2.48111696040284
-4.49225604638743	-1.06202792401007	3.08537422751202
-4.51667048142214	-2.18814373998627	1.99282825970855
-2.71000228885328	-2.70695048447395	0.63782711528191
0.946059357595178	-2.68863965819791	-0.357061112382696
3.26848249027237	-0.881971465629053	-0.0701915007248035
5.63057907988098	-0.283817807278553	0.518806744487678
5.38948653391318	-1.43129625391012	-0.714122224765393
3.69573510337987	-2.17898832684825	-1.20851453421836
1.3519493400473	-3.42717631799802	-1.2970168612192
-0.64087891966125	-4.32440680552377	-2.37125200274662
2.14236667429618	-3.76592660410468	0.134279392690929
4.96528572518502	-1.95620660715648	2.35904478522927
3.32036316472114	-0.790417334248875	4.77302204928664
4.1870756084535	0.973525597009232	3.97955291065843
2.52079041733425	-0.561532005798428	3.19218738078889
0.552376592660411	-1.60219729915312	1.40077821011673
-0.686655985351339	-1.95620660715648	0.347905699244678
-2.38345922026398	-3.12504768444343	-0.729381246662089
-0.0732433051041428	-2.50553139543755	0.158693827725643
-1.33058670939193	-2.92973220416571	0.601205462729839
-1.56557564660105	-1.53505760280766	1.71511406118868
-2.55741206988632	-1.87685969329366	0.0183108262760357
-3.16777294575418	-2.35599298084993	-1.34584573128862
-2.37125200274662	-3.05485618371862	-2.79240100709545
-1.75173571374075	-3.52178225375753	-5.92050049591821
0.616464484626535	-1.63271534294652	-7.88281071183337
3.06401159685664	-1.55031662470436	-7.13206683451591
4.68146791790646	-0.0122072175173571	-4.87983520256352
4.37628747997253	0.289921416037232	-3.70183871213855
4.34576943617914	0.271610589761196	-1.21766994735637
3.11284046692607	-2.18814373998627	-0.802624551766232
2.15457389181353	-3.57976653696498	0.89723048752575
1.35805294880598	-3.11284046692607	1.34584573128862
1.10170138094148	-2.85038529030289	1.80056458381018
2.33157854581521	-0.784313725490196	3.88799877927825
2.95414663920043	-0.80872816052491	4.01007095445182
3.61638818951705	0.131227588311589	3.90936140993362
2.21255817502098	-0.585946440833143	1.89211871519036
2.26749065384909	0.81177996490425	2.11490043488212
0.317387655451286	0.93690394445716	1.40383001449607
-0.354009308003357	2.17593652246891	2.49942778667887
-1.12916762035554	3.37224383916991	3.07927061875334
-0.997940032043946	3.11894407568475	2.86869611657893
-0.500495918211643	2.37125200274662	2.050812542916
-0.363164721141375	1.34584573128862	0.604257267109178
1.0406652933547	1.5228503852903	-0.81177996490425
2.48111696040284	0.430304417486839	-1.53505760280766
2.24917982757305	-0.292973220416571	-2.77103837644007
1.89211871519036	-0.280766002899214	-2.95719844357977
-0.521858548867018	-2.02639810788128	-3.88189517051957
-2.69474326695659	-2.4078736552987	-3.97650110627909
-1.41298542763409	-3.08232242313268	-3.75677119096666
-1.17494468604562	-2.95109483482109	-1.09254596780346
-0.756847486076142	-1.25429159990845	1.27565423056382
1.64187075608453	-1.11696040283818	3.13725490196078
-0.29907682917525	-2.32547493705653	0.97962920576791
-0.650034332799268	-3.65606164644846	-0.683604180972
-1.84023804074159	-4.56549935149157	-2.5482566567483
-2.62455176623178	-4.83100633249409	-2.83817807278553
-3.60723277637903	-4.71503776607919	-2.67948424505989
-4.06500343327993	-4.78217746242466	-3.65606164644846
-2.19424734874495	-2.8046082246128	-2.5482566567483
-2.93888761730373	-1.68459601739528	-2.02029449912261
-1.9806210421912	-2.50858319981689	-2.49637598229953
-2.38651102464332	-3.0060273136492	-3.23491264209964
0.592050049591821	-2.99382009613184	-2.84428168154421
2.47501335164416	-1.99588006408789	-2.29800869764248
3.22270542458228	-1.49233234149691	-3.66826886396582
4.80048828870069	-0.131227588311589	-3.46074616617075
4.73029678797589	0.00610360875867857	-2.82597085526818
2.9755092698558	-2.35904478522927	-3.56145571068894
1.44655527580682	-2.50858319981689	-3.90936140993362
1.2970168612192	-2.1210040436408	-1.39772640573739
-0.271610589761196	-2.25223163195239	-1.38551918822004
-0.344853894865339	-2.08743419546807	-0.109864957656214
-1.54421301594568	0.68055237659266	1.09864957656214
-0.863660639353018	1.81277180132753	1.66933699549859
0.317387655451286	0.445563439383536	2.88700694285496
-0.906385900663767	-0.570687418936446	1.98977645532921
-1.60219729915312	-2.26443884946975	1.03456168459602
-2.58487830930037	-1.44960708018616	-0.604257267109178
-3.69878690775921	-2.21866178377966	-1.59304188601511
-5.51766231784543	-2.85343709468223	-1.85854886701762
-5.61837186236362	-1.92263675898375	-3.12199588006409
-5.1117723353933	-1.24208438239109	-2.22781719691768
-4.00701915007248	-0.97962920576791	-2.45670252536812
-2.59098191805905	-0.192263675898375	-2.26138704509041
-0.93690394445716	0.747692072938125	-2.96025024795911
1.33974212252995	1.74563210498207	-3.11589227130541
1.76089112687877	1.2115663385977	-4.42206454566262
2.04165712977798	-0.967421988250553	-5.20027466239414
0.430304417486839	-3.90020599679561	-7.45250629434653
-1.16578927290761	-5.75265125505455	-7.49828336003662
-2.14847028305486	-4.31525139238575	-5.639734493019
-1.51674677653162	-4.11688410772869	-2.70084687571527
-1.47096971084154	-2.79545281147478	-0.234988937209125
0.781261921110857	-0.286869611657893	3.53398947127489
2.63675898374914	0.405889982452125	5.45052262149996
2.34683756771191	0.473029678797589	6.27450980392157
0.433356221866178	-0.59510185397116	4.57465476462959
1.66628519111925	-0.686655985351339	4.88288700694286
0.683604180972	-0.167849240863661	4.48920424200809
-0.662241550316625	0.665293354695964	5.31013962005035
1.05287251087205	1.87380788891432	4.24811169604028
0.0305180437933928	1.15053025101091	2.08133058670939
-0.735484855420768	-0.289921416037232	0.534065766384375
-0.0701915007248035	0.125123979552911	-1.48317692835889
0.802624551766232	-0.918593118181125	-3.61333638513771
2.82902265964752	-1.025406271458	-3.57061112382696
4.27557793545434	0.207522697795071	-3.73235675593194
5.45662623025864	0.152590218966964	-3.88189517051957
4.29083695735103	-0.619516289005875	-4.83405813687343
3.14335851071946	-1.04371709773404	-6.26840619516289
2.36514839398795	-2.34073395895323	-6.5491721980621
1.78530556191348	-3.55230029755093	-6.75669489585718
1.62966353856718	-2.63065537499046	-5.93270771343557
3.25627527275502	-1.18715190356298	-2.1362630655375
3.68657969024186	0.98268101014725	2.54215304798962
4.19623102159152	4.26031891355764	7.19920653086137
3.27458609903105	4.11993591210803	7.90112153810941
2.15762569619287	4.33051041428244	9.0424963759823
1.27870603494316	2.99992370489052	6.90012970168612
0.439459830624857	1.66933699549859	5.29182879377432
-0.155642023346304	0.741588464179446	3.71404592965591
-0.656137941557946	0.64087891966125	2.55130846112764
0.286869611657893	0.216678110933089	1.41603723201343
0.863660639353018	1.01625085831998	0.0793469138628214
1.61745632104982	1.31532768749523	-0.164797436484321
1.40993362325475	-0.137331197070268	0.952162966353857
1.98672465094987	0.921644922560464	-0.320439459830625
3.41802090486	1.36110475318532	-1.75173571374075
5.06599526970321	2.1515220874342	-2.00808728160525
4.83710994125277	3.19829098954757	-3.14335851071946
2.563515678645	1.59609369039445	-7.18394750896468
2.71610589761196	2.08133058670939	-8.31921873807889
1.01319905394064	-0.552376592660411	-9.50637064164187
-0.0885023270008393	-3.07927061875334	-10.6691081101701
0.00610360875867857	-3.88189517051957	-8.62439917601282
-0.360112916762036	-3.52483405813687	-5.67330434119173
0.381475547417411	-1.8951705195697	-0.564583810177768
1.33669031815061	-1.61135271229114	3.86053253986419
1.65712977798123	-1.46181429770352	6.24704356450752
-0.607309071488518	-1.03150988021668	5.34065766384375
-1.38857099259937	-1.27870603494316	5.56343938353552
-3.68963149462119	-1.32753490501259	4.95918211642634
-2.77714198519875	-1.68764782177462	4.88593881132219
-1.25123979552911	1.17189288166629	3.19523918516823
1.55642023346304	1.12306401159686	0.915541313801785
2.94804303044175	1.27565423056382	-0.665293354695964
5.3528648813611	1.4526588845655	-2.70695048447395
5.87777523460746	0.393682764934768	-4.101625085832
5.67940794995041	0.552376592660411	-3.39360646982528
4.86152437628748	1.70901045243	-0.756847486076142
3.90020599679561	1.80056458381018	-0.762951094834821
3.19218738078889	3.80254825665675	-1.51369497215228
2.21866178377966	3.99481193255512	-2.39566643778134
1.39467460135805	2.16067750057221	-4.26031891355764
1.85549706263828	0.860608834973678	-5.34065766384375
1.82497901884489	-0.311284046692607	-4.5288776989395
0.866712443732357	-2.2369726100557	-2.33768215457389
0.845349813076982	-3.34172579537652	-0.5981536583505
-0.119020370794232	-2.92057679102769	1.41908903639277
-0.109864957656214	-2.21255817502098	3.73235675593194
0.192263675898375	-2.31326771953918	4.82490272373541
0.476081483176928	-1.8951705195697	6.29892423895628
1.42824444953079	-1.81582360570687	5.30098420691234
2.33157854581521	-0.195315480277714	5.07515068284123
3.45464255741207	2.07827878233005	4.5136186770428
4.04058899824521	2.0660715648127	2.3071641107805
4.40985732814527	2.92057679102769	1.75783932249943
5.65194171053635	2.68863965819791	1.30617227435721
6.3080796520943	0.521858548867018	0.457770656900893
7.86755168993667	0.534065766384375	-1.01930266269932
7.65087357900359	0.924696726939803	-0.943007553215839
6.2928206301976	1.07423514152743	-2.32852674143587
5.64583810177768	1.0406652933547	-4.39154650186923
3.49431601434348	0.836194399938964	-3.97344930189975
1.83108262760357	0.399786373693446	-5.42305638208591
0.482185091935607	-0.695811398489357	-6.20431830319677
0.00305180437933928	-2.29800869764248	-5.04768444342718
-0.85145342183566	-3.26848249027237	-3.94293125810636
-0.38452735179675	-3.75066758220798	-2.42923628595407
-0.930800335698482	-4.62348363469902	-0.604257267109178
-1.75783932249943	-4.15960936903944	1.32448310063325
-0.744640268558785	-3.72930495155261	1.64492256046387
-1.16884107728695	-3.35698481727321	1.87380788891432
-0.173952849622339	-1.92874036774243	2.5787747005417
0.579842832074464	-1.16273746852827	3.18608377203021
0.399786373693446	-1.90127412832837	3.75371938658732
3.10368505378805	-0.573739223315785	3.53398947127489
4.37628747997253	1.49843595025559	4.75776302738994
6.25925078202487	2.35904478522927	5.10261692225528
9.53078507667658	4.63263904783703	4.98054474708171
11.0872053101396	6.17990386816205	6.21652552071412
9.61318379491875	5.82589456015869	4.90119783321889
8.56336308842603	5.6946669718471	2.05691615167468
6.42710002288853	2.30106050202182	-0.253299763485161
4.92866407263294	2.20340276188296	-0.906385900663767
3.08842603189136	1.97756923781186	-0.0732433051041428
2.65201800564584	2.05996795605402	-0.891126878767071
1.54726482032502	2.99992370489052	0.836194399938964
3.58587014572366	3.78423743038071	3.68047608148318
3.49126420996414	6.13107499809262	4.26337071793698
2.563515678645	4.63263904783703	4.67536430914778
-0.21362630655375	1.8646524757763	5.00801098649577
-0.89723048752575	0.482185091935607	3.85748073548486
-2.71000228885328	-1.54421301594568	2.89921416037232
-3.4882124055848	-2.79545281147478	1.22987716487373
-4.33661402304112	-3.01823453116655	2.08743419546807
-2.59098191805905	-1.51369497215228	3.01518272678721
-1.8951705195697	-1.83718623636225	3.35698481727321
0.357061112382696	-1.32753490501259	2.48111696040284
2.91752498664836	-2.42008087281605	3.64080262455177
4.70588235294118	-1.78835736629282	1.8097199969482
5.04463263904784	-1.26955062180514	-0.0671396963454643
4.14435034714275	-1.60524910353246	-1.74258030060273
2.28885328450446	-0.55542839703975	-3.01823453116655
3.28984512092775	1.18715190356298	-3.43327992675669
2.77409018081941	2.49942778667887	-2.38040741588464
1.48317692835889	2.68863965819791	-0.869764248111696
1.37636377508202	2.88700694285496	0.753795681696803
2.44754711223011	2.29800869764248	0.738536659800107
0.634775310902571	1.52895399404898	1.1810482948043
-0.625619897764553	1.30617227435721	0.4272526131075
-2.61539635309377	-0.259403372243839	-1.73647669184405
-3.95208667124437	-0.888075074387732	-1.538109407187
-3.35698481727321	-1.05592431525139	-2.95109483482109
-3.6591134508278	-2.24612802319371	-2.72526131074998
-4.2572671091783	-2.00503547722591	-2.47501335164416
-5.32539864194705	-2.82291905088884	-2.09048599984741
-5.87472343022812	-3.75066758220798	-3.28984512092775
-6.58884565499351	-4.54413672083619	-4.49530785076677
