0.561660561660562	0.634920634920635	4.68864468864469
0.268620268620269	1.58730158730159	4.56654456654457
0.21978021978022	1.48962148962149	4.63980463980464
0.268620268620269	2.07570207570208	3.78510378510378
1.29426129426129	2.63736263736264	3.51648351648352
0.757020757020757	2.36874236874237	4.1025641025641
1.85592185592186	3.1990231990232	3.17460317460317
1.63614163614164	2.22222222222222	2.17338217338217
1.17216117216117	2.78388278388278	2.34432234432234
-0.341880341880342	2.56410256410256	0.317460317460317
-0.805860805860806	0.561660561660562	-1.9047619047619
-1.34310134310134	0.976800976800977	-3.1013431013431
-2.66178266178266	0.21978021978022	-2.75946275946276
-2.27106227106227	-0.952380952380952	-2.34432234432234
-3.07692307692308	-1.39194139194139	-2.66178266178266
-3.66300366300366	-1.61172161172161	-2.1001221001221
-2.49084249084249	-0.122100122100122	-1.39194139194139
-3.32112332112332	-0.0976800976800977	-1.70940170940171
-3.54090354090354	0.366300366300366	-0.586080586080586
-1.48962148962149	1.56288156288156	0.43956043956044
-1.1965811965812	1.61172161172161	1.80708180708181
-0.122100122100122	2.22222222222222	2.1001221001221
-1.17216117216117	1.46520146520147	1.24542124542125
-1.05006105006105	1.29426129426129	1.22100122100122
0.415140415140415	1.48962148962149	0.952380952380952
-1.36752136752137	1.1965811965812	-0.21978021978022
-1.53846153846154	2.24664224664225	0.366300366300366
-1.9047619047619	1.24542124542125	0.781440781440781
-3.07692307692308	-0.268620268620269	-0.366300366300366
-3.78510378510378	-0.463980463980464	-2.75946275946276
-3.80952380952381	-1.56288156288156	-2.07570207570208
-2.46642246642247	-1.14774114774115	-2.51526251526252
-2.68620268620269	-1.31868131868132	-2.88156288156288
-0.781440781440781	0.488400488400488	-1.56288156288156
0.268620268620269	1.78266178266178	0.610500610500611
1.24542124542125	2.1978021978022	1.14774114774115
1.73382173382173	2.53968253968254	0.488400488400488
2.1978021978022	1.88034188034188	0.415140415140415
1.85592185592186	1.68498168498168	0.854700854700855
1.56288156288156	1.58730158730159	2.07570207570208
0.488400488400488	0.463980463980464	1.63614163614164
0.781440781440781	1.80708180708181	2.41758241758242
1.34310134310134	2.34432234432234	3.34554334554335
0.903540903540904	2.02686202686203	2.68620268620269
0.927960927960928	1.80708180708181	2.17338217338217
0.805860805860806	0.927960927960928	0.854700854700855
-0.341880341880342	0.512820512820513	-0.195360195360195
-1.34310134310134	-0.586080586080586	-1.92918192918193
-2.24664224664225	-1.83150183150183	-1.24542124542125
-3.17460317460317	-2.002442002442	-2.12454212454212
-3.12576312576313	-2.39316239316239	-0.854700854700855
-1.58730158730159	-1.83150183150183	-0.341880341880342
-2.14896214896215	-2.34432234432234	-0.634920634920635
-1.73382173382173	-2.22222222222222	-0.952380952380952
-1.0989010989011	-0.757020757020757	-1.88034188034188
-0.952380952380952	-1.41636141636142	-1.51404151404151
-0.293040293040293	-0.293040293040293	-0.976800976800977
-0.0244200244200244	-0.879120879120879	-0.488400488400488
-0.244200244200244	0	0.195360195360195
1.02564102564103	1.70940170940171	2.24664224664225
0.463980463980464	1.58730158730159	1.53846153846154
1.39194139194139	3.24786324786325	2.90598290598291
0	1.83150183150183	1.44078144078144
-0.537240537240537	1.63614163614164	1.41636141636142
-0.805860805860806	1.05006105006105	1.92918192918193
-1.12332112332112	-0.708180708180708	1.75824175824176
-1.29426129426129	-0.122100122100122	-0.293040293040293
-1.63614163614164	-2.07570207570208	-1.51404151404151
-1.83150183150183	-1.9047619047619	-1.24542124542125
-0.683760683760684	-1.97802197802198	-1.95360195360195
-0.927960927960928	-2.66178266178266	-1.75824175824176
-0.463980463980464	-1.1965811965812	0.195360195360195
0.366300366300366	-0.268620268620269	3.12576312576313
1.36752136752137	0.0976800976800977	3.17460317460317
2.22222222222222	0.488400488400488	2.63736263736264
1.39194139194139	0	3.02808302808303
1.97802197802198	0.927960927960928	1.26984126984127
1.31868131868132	-0.610500610500611	0.0244200244200244
0.0244200244200244	-0.366300366300366	-0.415140415140415
-1.92918192918193	0	-0.21978021978022
-2.56410256410256	-0.708180708180708	1.56288156288156
-1.56288156288156	1.39194139194139	4.15140415140415
-2.36874236874237	0.683760683760684	1.92918192918193
-2.12454212454212	0.732600732600733	2.36874236874237
-1.1965811965812	1.34310134310134	-0.805860805860806
-1.97802197802198	-0.0976800976800977	-2.49084249084249
-2.63736263736264	-0.341880341880342	-3.56532356532357
-2.56410256410256	-0.586080586080586	-3.34554334554335
-1.17216117216117	-0.659340659340659	-1.75824175824176
-0.732600732600733	-1.001221001221	-3.41880341880342
-1.26984126984127	-1.78266178266178	-2.75946275946276
-1.34310134310134	-1.29426129426129	-4.46886446886447
-1.92918192918193	-1.78266178266178	-4.2979242979243
-1.61172161172161	-1.31868131868132	-3.07692307692308
-0.976800976800977	-0.683760683760684	-2.75946275946276
-0.659340659340659	-0.927960927960928	-1.39194139194139
-0.659340659340659	-0.317460317460317	-1.61172161172161
-2.17338217338217	-0.781440781440781	-1.48962148962149
-3.80952380952381	-0.390720390720391	-0.952380952380952
-3.12576312576313	0.561660561660562	-1.17216117216117
-4.004884004884	-0.83028083028083	-1.44078144078144
-3.05250305250305	1.14774114774115	-0.390720390720391
-2.53968253968254	0.195360195360195	-1.41636141636142
-1.70940170940171	0.659340659340659	-1.92918192918193
-3.15018315018315	-1.58730158730159	-2.80830280830281
-1.63614163614164	-1.73382173382173	-2.95482295482295
-1.56288156288156	-0.708180708180708	-4.34676434676435
-1.24542124542125	-2.07570207570208	-3.73626373626374
-2.12454212454212	-2.53968253968254	-5.34798534798535
-2.24664224664225	-1.80708180708181	-4.44444444444444
-2.90598290598291	-1.83150183150183	-3.39438339438339
-2.71062271062271	-1.29426129426129	-3.1990231990232
-2.51526251526252	-0.757020757020757	-1.53846153846154
-2.36874236874237	-0.561660561660562	-1.17216117216117
-2.80830280830281	0.195360195360195	-1.1965811965812
-1.97802197802198	0.0732600732600733	-0.610500610500611
-1.53846153846154	0.488400488400488	-0.268620268620269
-2.58852258852259	-1.75824175824176	-0.244200244200244
-2.49084249084249	-3.22344322344322	-1.44078144078144
-3.24786324786325	-3.15018315018315	0.512820512820513
-4.88400488400488	-4.27350427350427	-0.683760683760684
-3.71184371184371	-3.66300366300366	0.317460317460317
-3.93162393162393	-3.24786324786325	0.757020757020757
-3.39438339438339	-2.07570207570208	-0.415140415140415
-0.781440781440781	0.170940170940171	2.02686202686203
-0.341880341880342	0.21978021978022	0.757020757020757
0.927960927960928	1.39194139194139	-0.268620268620269
2.17338217338217	2.66178266178266	1.80708180708181
2.78388278388278	4.27350427350427	1.68498168498168
3.36996336996337	3.49206349206349	0.854700854700855
2.75946275946276	4.51770451770452	1.61172161172161
3.66300366300366	6.17826617826618	1.41636141636142
2.58852258852259	4.98168498168498	2.51526251526252
2.39316239316239	5.05494505494505	2.36874236874237
2.41758241758242	4.56654456654457	2.39316239316239
2.12454212454212	3.58974358974359	4.44444444444444
0.463980463980464	2.73504273504274	0.244200244200244
-0.366300366300366	2.24664224664225	0.488400488400488
-0.708180708180708	1.68498168498168	-0.537240537240537
-0.903540903540904	1.9047619047619	1.12332112332112
-0.586080586080586	1.0989010989011	0
-1.41636141636142	0.781440781440781	-1.56288156288156
-1.63614163614164	0.415140415140415	-1.39194139194139
-2.39316239316239	-0.293040293040293	-1.70940170940171
-2.78388278388278	-0.43956043956044	-3.66300366300366
-3.41880341880342	-1.46520146520147	-3.71184371184371
-2.90598290598291	-0.586080586080586	-4.2002442002442
-3.88278388278388	-1.39194139194139	-3.66300366300366
-3.71184371184371	-1.22100122100122	-4.27350427350427
-4.07814407814408	-0.659340659340659	-6.00732600732601
-4.3956043956044	-1.26984126984127	-5.98290598290598
-4.27350427350427	-0.317460317460317	-5.25030525030525
-4.59096459096459	-1.36752136752137	-4.66422466422466
-5.05494505494505	-2.71062271062271	-5.95848595848596
-5.17704517704518	-1.44078144078144	-2.95482295482295
-5.76312576312576	-1.58730158730159	-3.34554334554335
-4.17582417582418	-0.268620268620269	-3.66300366300366
-3.24786324786325	0.659340659340659	-3.24786324786325
-2.31990231990232	1.44078144078144	-3.003663003663
-1.46520146520147	2.17338217338217	-2.34432234432234
-1.83150183150183	1.05006105006105	-1.58730158730159
-1.85592185592186	0.463980463980464	-2.71062271062271
-2.02686202686203	0.0976800976800977	-2.66178266178266
-3.83394383394383	-0.463980463980464	-2.95482295482295
-2.36874236874237	0.268620268620269	-3.1013431013431
-2.02686202686203	0.390720390720391	-2.1978021978022
-2.39316239316239	1.41636141636142	-2.46642246642247
-1.26984126984127	1.70940170940171	-2.36874236874237
-1.88034188034188	1.58730158730159	-2.27106227106227
-1.95360195360195	1.92918192918193	-4.05372405372405
-0.805860805860806	3.1013431013431	-0.83028083028083
-1.68498168498168	3.05250305250305	-4.1025641025641
-2.44200244200244	2.1978021978022	-3.22344322344322
-3.05250305250305	2.41758241758242	-2.02686202686203
-2.1001221001221	2.2954822954823	-1.22100122100122
-2.90598290598291	0.610500610500611	-2.53968253968254
-3.22344322344322	1.53846153846154	-2.56410256410256
-1.75824175824176	1.58730158730159	-1.31868131868132
-1.85592185592186	0.512820512820513	-3.27228327228327
-1.68498168498168	0.146520146520147	-4.17582417582418
-1.68498168498168	-0.488400488400488	-3.98046398046398
-1.26984126984127	-0.537240537240537	-3.66300366300366
-1.75824175824176	-1.9047619047619	-5.17704517704518
-2.1978021978022	-1.63614163614164	-3.78510378510378
-0.903540903540904	-0.879120879120879	-3.80952380952381
-0.708180708180708	-1.48962148962149	-3.05250305250305
-0.512820512820513	-0.586080586080586	-2.63736263736264
-0.146520146520147	-0.170940170940171	-1.46520146520147
-0.21978021978022	0.341880341880342	-2.75946275946276
-0.195360195360195	0.586080586080586	-3.27228327228327
0.0732600732600733	1.05006105006105	-1.78266178266178
0.195360195360195	1.53846153846154	-2.002442002442
-0.293040293040293	1.61172161172161	-0.854700854700855
-0.83028083028083	2.12454212454212	-0.854700854700855
-1.29426129426129	2.97924297924298	-0.683760683760684
0.341880341880342	2.90598290598291	0.488400488400488
-0.0976800976800977	2.90598290598291	-1.83150183150183
-0.293040293040293	1.83150183150183	-0.781440781440781
2.05128205128205	2.22222222222222	0.293040293040293
1.68498168498168	0.854700854700855	-1.05006105006105
-0.293040293040293	-0.390720390720391	-1.78266178266178
-0.0976800976800977	-0.390720390720391	-1.51404151404151
-0.0244200244200244	-1.80708180708181	-1.73382173382173
0.366300366300366	-1.56288156288156	-0.537240537240537
0.390720390720391	-2.07570207570208	-4.12698412698413
0.415140415140415	-3.12576312576313	-4.02930402930403
1.44078144078144	-1.75824175824176	-4.68864468864469
0.268620268620269	-2.41758241758242	-5.2014652014652
0.244200244200244	-2.34432234432234	-4.66422466422466
1.001221001221	-0.488400488400488	-2.71062271062271
0.317460317460317	0.415140415140415	-1.1965811965812
2.07570207570208	2.90598290598291	0.0732600732600733
2.22222222222222	3.51648351648352	0.952380952380952
3.66300366300366	4.66422466422466	0.0976800976800977
2.58852258852259	4.76190476190476	0.610500610500611
2.68620268620269	5.49450549450549	1.61172161172161
2.39316239316239	5.32356532356532	1.83150183150183
1.001221001221	4.22466422466422	1.68498168498168
0.659340659340659	4.1025641025641	1.22100122100122
1.78266178266178	3.95604395604396	0.415140415140415
1.75824175824176	3.41880341880342	-0.708180708180708
2.12454212454212	3.22344322344322	-3.15018315018315
1.41636141636142	1.97802197802198	-3.02808302808303
2.34432234432234	2.27106227106227	-1.0989010989011
2.41758241758242	1.02564102564103	-3.05250305250305
1.83150183150183	0.0976800976800977	-2.71062271062271
3.51648351648352	0.634920634920635	-2.63736263736264
1.26984126984127	-0.415140415140415	-3.98046398046398
0.390720390720391	-0.537240537240537	-3.44322344322344
0.952380952380952	0.146520146520147	-2.73504273504274
1.78266178266178	0.170940170940171	-1.0989010989011
2.34432234432234	1.44078144078144	0.0976800976800977
2.1978021978022	1.07448107448107	1.17216117216117
4.32234432234432	2.83272283272283	2.39316239316239
4.02930402930403	2.75946275946276	0.854700854700855
4.17582417582418	2.78388278388278	2.78388278388278
3.98046398046398	2.88156288156288	2.66178266178266
4.59096459096459	2.90598290598291	2.05128205128205
3.78510378510378	2.1978021978022	0.683760683760684
4.71306471306471	2.83272283272283	1.48962148962149
3.1990231990232	1.83150183150183	1.02564102564103
2.97924297924298	1.68498168498168	-0.781440781440781
2.002442002442	0.0488400488400488	-2.39316239316239
1.22100122100122	-0.610500610500611	-1.85592185592186
-1.22100122100122	-1.39194139194139	-4.24908424908425
-2.2954822954823	-2.51526251526252	-4.32234432234432
-2.90598290598291	-2.14896214896215	-4.88400488400488
-3.32112332112332	-2.75946275946276	-2.80830280830281
-2.24664224664225	-1.97802197802198	-1.17216117216117
-2.39316239316239	-2.1978021978022	-1.97802197802198
-1.46520146520147	-2.80830280830281	0.43956043956044
-0.854700854700855	-2.02686202686203	-1.07448107448107
-0.268620268620269	-2.39316239316239	-1.41636141636142
-0.708180708180708	-2.07570207570208	-1.51404151404151
-0.781440781440781	-1.83150183150183	-1.22100122100122
-0.537240537240537	-1.53846153846154	1.66056166056166
-0.43956043956044	-0.634920634920635	1.22100122100122
-0.0732600732600733	-1.14774114774115	1.85592185592186
-0.293040293040293	-1.36752136752137	1.12332112332112
0.122100122100122	-1.66056166056166	-0.488400488400488
1.0989010989011	-2.34432234432234	0.122100122100122
0.341880341880342	-2.75946275946276	-2.49084249084249
0.83028083028083	-2.07570207570208	-1.85592185592186
-0.952380952380952	-2.31990231990232	-2.1001221001221
0.683760683760684	-1.26984126984127	-1.9047619047619
1.02564102564103	-1.41636141636142	-1.22100122100122
0.390720390720391	-1.97802197802198	-2.49084249084249
-0.195360195360195	-2.61294261294261	-2.58852258852259
0.903540903540904	-2.17338217338217	-2.85714285714286
-0.244200244200244	-2.53968253968254	-4.34676434676435
0.122100122100122	-0.854700854700855	-4.32234432234432
0.610500610500611	0.21978021978022	-3.71184371184371
-0.927960927960928	-0.21978021978022	-2.61294261294261
0.781440781440781	0.586080586080586	-1.44078144078144
0.195360195360195	-0.0976800976800977	-1.53846153846154
-0.952380952380952	-0.488400488400488	0.146520146520147
0.122100122100122	-0.293040293040293	-1.51404151404151
-0.0732600732600733	-0.708180708180708	-0.195360195360195
-1.36752136752137	-1.66056166056166	-1.58730158730159
0	-1.22100122100122	-1.97802197802198
-1.1965811965812	-2.24664224664225	-1.75824175824176
-1.29426129426129	-2.14896214896215	-3.32112332112332
-0.390720390720391	-2.24664224664225	-2.80830280830281
-1.17216117216117	-1.61172161172161	-2.41758241758242
-0.512820512820513	-1.001221001221	-3.07692307692308
-0.732600732600733	-1.41636141636142	-1.31868131868132
0.659340659340659	0.463980463980464	-0.561660561660562
0.0488400488400488	-0.781440781440781	-0.0244200244200244
1.001221001221	-0.463980463980464	-1.07448107448107
1.001221001221	-0.708180708180708	0.0244200244200244
-0.463980463980464	-2.68620268620269	-2.24664224664225
-1.63614163614164	-2.80830280830281	-3.34554334554335
-2.22222222222222	-3.36996336996337	-2.75946275946276
-2.41758241758242	-3.44322344322344	-2.002442002442
-3.15018315018315	-3.88278388278388	-3.41880341880342
-1.41636141636142	-3.51648351648352	-3.05250305250305
-0.83028083028083	-3.61416361416361	-2.1001221001221
-2.58852258852259	-4.34676434676435	-1.70940170940171
-0.927960927960928	-3.54090354090354	-1.92918192918193
-2.56410256410256	-4.004884004884	-2.36874236874237
-2.49084249084249	-3.78510378510378	-1.22100122100122
-3.36996336996337	-2.75946275946276	-2.41758241758242
-2.36874236874237	-2.27106227106227	-2.27106227106227
-1.58730158730159	-3.003663003663	-0.366300366300366
-1.63614163614164	-1.73382173382173	-0.0976800976800977
-1.07448107448107	-1.36752136752137	1.22100122100122
0.43956043956044	0.0732600732600733	1.0989010989011
-0.366300366300366	-0.390720390720391	1.001221001221
0.0488400488400488	0.634920634920635	0.537240537240537
1.07448107448107	1.12332112332112	-0.390720390720391
1.14774114774115	-0.0488400488400488	-0.122100122100122
1.36752136752137	0.488400488400488	1.001221001221
0.463980463980464	-0.879120879120879	0.146520146520147
0.463980463980464	-1.95360195360195	-1.58730158730159
0.195360195360195	-2.31990231990232	-1.97802197802198
0.83028083028083	-3.05250305250305	-1.36752136752137
0.43956043956044	-2.73504273504274	-1.17216117216117
-0.170940170940171	-2.31990231990232	-0.390720390720391
-0.341880341880342	-3.003663003663	-2.78388278388278
-0.781440781440781	-2.95482295482295	-1.61172161172161
-1.80708180708181	-3.34554334554335	-2.1978021978022
-0.293040293040293	-2.56410256410256	-3.63858363858364
0.341880341880342	-2.34432234432234	-1.9047619047619
0.268620268620269	-2.1978021978022	0.43956043956044
0.757020757020757	-1.48962148962149	-0.952380952380952
0.122100122100122	-1.44078144078144	0.0976800976800977
2.41758241758242	0.293040293040293	0.488400488400488
1.12332112332112	0.293040293040293	1.14774114774115
-0.341880341880342	0.244200244200244	1.02564102564103
1.92918192918193	1.41636141636142	1.31868131868132
2.34432234432234	1.36752136752137	2.44200244200244
2.17338217338217	1.51404151404151	1.1965811965812
1.97802197802198	0.0732600732600733	0.0732600732600733
2.51526251526252	-0.317460317460317	-0.659340659340659
1.97802197802198	-1.61172161172161	-1.95360195360195
-0.634920634920635	-3.02808302808303	-1.63614163614164
0.268620268620269	-3.24786324786325	-0.561660561660562
-0.708180708180708	-3.39438339438339	-0.366300366300366
-0.586080586080586	-2.61294261294261	0.586080586080586
-0.0732600732600733	-2.1001221001221	0.390720390720391
-0.0732600732600733	-2.63736263736264	-1.36752136752137
1.07448107448107	-1.53846153846154	-2.44200244200244
0.610500610500611	-1.44078144078144	-3.27228327228327
1.66056166056166	-0.659340659340659	-0.683760683760684
2.75946275946276	1.14774114774115	0.757020757020757
2.63736263736264	0.512820512820513	2.17338217338217
3.49206349206349	1.05006105006105	2.75946275946276
2.14896214896215	-0.0488400488400488	3.003663003663
2.2954822954823	-0.122100122100122	3.1013431013431
1.9047619047619	1.0989010989011	4.61538461538461
3.1990231990232	1.83150183150183	5.86080586080586
3.61416361416361	3.07692307692308	5.2991452991453
3.22344322344322	2.02686202686203	4.2979242979243
2.63736263736264	0.537240537240537	3.73626373626374
1.66056166056166	-0.83028083028083	1.9047619047619
1.31868131868132	-1.92918192918193	1.9047619047619
1.48962148962149	-1.58730158730159	0.244200244200244
-0.170940170940171	-3.36996336996337	0.170940170940171
-0.83028083028083	-3.63858363858364	-1.24542124542125
-1.14774114774115	-4.46886446886447	-3.73626373626374
-2.07570207570208	-4.34676434676435	-2.80830280830281
-1.66056166056166	-3.39438339438339	-1.85592185592186
-0.708180708180708	-3.44322344322344	-0.83028083028083
-0.708180708180708	-2.56410256410256	-1.24542124542125
0.927960927960928	-0.976800976800977	0.317460317460317
1.29426129426129	-0.415140415140415	0.512820512820513
0.146520146520147	0.561660561660562	0.293040293040293
1.17216117216117	1.22100122100122	1.05006105006105
1.88034188034188	1.63614163614164	2.02686202686203
0.293040293040293	1.05006105006105	0.122100122100122
0.561660561660562	0	0.293040293040293
0.610500610500611	0.122100122100122	-2.07570207570208
0.0976800976800977	0.0732600732600733	-1.001221001221
-0.976800976800977	0.170940170940171	-0.854700854700855
-0.170940170940171	1.39194139194139	-0.659340659340659
-0.268620268620269	1.41636141636142	0.317460317460317
-0.268620268620269	3.1013431013431	2.05128205128205
-0.683760683760684	1.78266178266178	1.53846153846154
-0.879120879120879	1.48962148962149	0.341880341880342
-1.46520146520147	0.683760683760684	-1.39194139194139
-2.95482295482295	0.0976800976800977	-1.31868131868132
-1.83150183150183	0.146520146520147	-2.51526251526252
-2.44200244200244	-0.512820512820513	-1.83150183150183
-1.29426129426129	0.0976800976800977	-1.63614163614164
-0.268620268620269	0.708180708180708	-0.21978021978022
-1.36752136752137	-1.29426129426129	-0.293040293040293
-0.293040293040293	0.390720390720391	-0.244200244200244
0.0244200244200244	-0.390720390720391	-0.170940170940171
-1.12332112332112	-1.70940170940171	-1.46520146520147
0.586080586080586	-1.17216117216117	-1.75824175824176
0.390720390720391	-1.51404151404151	-2.51526251526252
0.781440781440781	-1.17216117216117	-2.83272283272283
0.390720390720391	-1.22100122100122	-1.63614163614164
-0.122100122100122	-0.634920634920635	1.61172161172161
-1.53846153846154	-0.122100122100122	2.17338217338217
-1.001221001221	0.0244200244200244	4.1025641025641
-0.757020757020757	1.73382173382173	2.14896214896215
-1.56288156288156	1.39194139194139	2.36874236874237
-0.903540903540904	1.1965811965812	0.146520146520147
-0.390720390720391	1.92918192918193	-0.927960927960928
-0.390720390720391	2.07570207570208	-0.43956043956044
0.610500610500611	2.44200244200244	0.708180708180708
-0.146520146520147	1.56288156288156	-0.195360195360195
0.512820512820513	2.12454212454212	0.415140415140415
-1.22100122100122	1.80708180708181	0.390720390720391
-2.14896214896215	0.83028083028083	2.1001221001221
-1.34310134310134	2.12454212454212	1.75824175824176
-2.75946275946276	0.805860805860806	0
-1.95360195360195	1.75824175824176	1.24542124542125
-2.07570207570208	0.952380952380952	-2.24664224664225
-1.83150183150183	0.83028083028083	-2.61294261294261
-0.805860805860806	1.02564102564103	-2.53968253968254
-1.17216117216117	0.586080586080586	-2.02686202686203
-1.48962148962149	0.659340659340659	-0.317460317460317
-1.48962148962149	2.17338217338217	0.586080586080586
-1.68498168498168	1.02564102564103	-0.732600732600733
-0.512820512820513	2.34432234432234	0
-1.75824175824176	2.27106227106227	-0.879120879120879
-1.24542124542125	1.80708180708181	-1.51404151404151
-1.07448107448107	0.879120879120879	-2.80830280830281
-2.07570207570208	0.561660561660562	0.683760683760684
-1.24542124542125	1.34310134310134	0.21978021978022
-1.41636141636142	0.463980463980464	0.537240537240537
-0.610500610500611	1.34310134310134	1.9047619047619
1.78266178266178	3.07692307692308	2.34432234432234
1.9047619047619	1.39194139194139	1.001221001221
1.97802197802198	1.36752136752137	0.586080586080586
0.146520146520147	-0.757020757020757	-0.488400488400488
-0.952380952380952	-1.31868131868132	-0.390720390720391
-1.31868131868132	-1.68498168498168	-0.268620268620269
-2.17338217338217	-1.85592185592186	-1.75824175824176
-1.26984126984127	-0.0488400488400488	-2.12454212454212
-1.12332112332112	0.488400488400488	-0.21978021978022
0.366300366300366	0.634920634920635	-0.341880341880342
-1.34310134310134	0.683760683760684	-2.1978021978022
-0.952380952380952	-0.415140415140415	-1.34310134310134
-1.12332112332112	-0.634920634920635	-2.56410256410256
-0.781440781440781	-1.36752136752137	-2.36874236874237
-0.170940170940171	-0.390720390720391	-1.70940170940171
-1.36752136752137	-0.463980463980464	-2.49084249084249
-0.366300366300366	0.537240537240537	0.21978021978022
-0.732600732600733	1.39194139194139	-0.537240537240537
-0.781440781440781	0.610500610500611	-0.463980463980464
0.341880341880342	1.17216117216117	0.0732600732600733
1.73382173382173	1.53846153846154	1.26984126984127
2.17338217338217	1.22100122100122	2.71062271062271
3.2967032967033	2.95482295482295	1.68498168498168
3.98046398046398	3.80952380952381	3.44322344322344
2.61294261294261	3.78510378510378	3.27228327228327
3.61416361416361	4.68864468864469	3.17460317460317
2.24664224664225	3.46764346764347	3.78510378510378
1.07448107448107	3.61416361416361	3.39438339438339
-1.0989010989011	1.41636141636142	2.002442002442
-0.268620268620269	1.22100122100122	0.683760683760684
-0.341880341880342	1.07448107448107	-0.561660561660562
-0.952380952380952	0.463980463980464	-1.22100122100122
-1.46520146520147	0.757020757020757	-0.488400488400488
-0.927960927960928	-0.21978021978022	-1.31868131868132
-2.2954822954823	-0.488400488400488	-0.0976800976800977
-1.97802197802198	-1.17216117216117	-0.805860805860806
-2.05128205128205	-1.51404151404151	-0.0244200244200244
-0.21978021978022	-0.43956043956044	-1.48962148962149
-1.48962148962149	-0.976800976800977	-1.53846153846154
-1.24542124542125	-0.21978021978022	-2.88156288156288
-1.0989010989011	-0.293040293040293	-1.95360195360195
-1.12332112332112	-0.879120879120879	-1.26984126984127
0.43956043956044	-0.293040293040293	-0.732600732600733
-0.21978021978022	0.0488400488400488	0.21978021978022
0.390720390720391	0.561660561660562	0.586080586080586
0.83028083028083	2.58852258852259	0.146520146520147
1.68498168498168	2.68620268620269	-1.41636141636142
1.78266178266178	2.90598290598291	-1.41636141636142
1.97802197802198	1.88034188034188	-0.293040293040293
2.46642246642247	-0.268620268620269	-0.317460317460317
2.53968253968254	0.732600732600733	1.14774114774115
2.1978021978022	-0.659340659340659	3.49206349206349
2.2954822954823	0	1.39194139194139
1.66056166056166	-0.879120879120879	0.634920634920635
1.44078144078144	-0.463980463980464	1.24542124542125
0.683760683760684	-1.61172161172161	-0.83028083028083
0.781440781440781	-2.2954822954823	-0.268620268620269
2.07570207570208	-1.22100122100122	1.48962148962149
1.51404151404151	-2.53968253968254	0.83028083028083
1.17216117216117	-2.95482295482295	-0.903540903540904
1.39194139194139	-2.44200244200244	-1.26984126984127
0.708180708180708	-2.83272283272283	-1.05006105006105
0.488400488400488	-1.75824175824176	-0.0488400488400488
-0.0488400488400488	-2.05128205128205	1.70940170940171
-1.14774114774115	-2.02686202686203	1.41636141636142
-0.268620268620269	-0.976800976800977	1.56288156288156
-1.12332112332112	-2.05128205128205	0.512820512820513
-0.488400488400488	-1.78266178266178	-0.708180708180708
-0.415140415140415	-0.586080586080586	-1.05006105006105
1.05006105006105	0.781440781440781	0.683760683760684
2.71062271062271	1.83150183150183	2.12454212454212
1.24542124542125	1.56288156288156	3.51648351648352
1.05006105006105	2.05128205128205	0.927960927960928
1.75824175824176	1.73382173382173	1.14774114774115
-0.659340659340659	-1.17216117216117	-1.26984126984127
0.537240537240537	-0.293040293040293	-2.12454212454212
0.415140415140415	-0.561660561660562	-1.75824175824176
0.854700854700855	-0.976800976800977	-3.56532356532357
0.757020757020757	-2.002442002442	-1.24542124542125
0.512820512820513	-2.56410256410256	0.390720390720391
0.732600732600733	-2.31990231990232	-0.805860805860806
-1.26984126984127	-2.49084249084249	1.31868131868132
-1.73382173382173	-0.781440781440781	2.39316239316239
-1.26984126984127	-0.43956043956044	1.53846153846154
-1.80708180708181	0.0732600732600733	1.68498168498168
-1.26984126984127	0.122100122100122	0.610500610500611
-1.61172161172161	-0.366300366300366	1.41636141636142
-1.80708180708181	-0.732600732600733	1.29426129426129
-1.53846153846154	-0.293040293040293	1.29426129426129
-0.488400488400488	0.0976800976800977	2.49084249084249
-0.268620268620269	1.12332112332112	2.39316239316239
0.43956043956044	1.70940170940171	1.73382173382173
1.48962148962149	2.68620268620269	1.29426129426129
1.12332112332112	2.1978021978022	1.78266178266178
1.68498168498168	2.27106227106227	2.17338217338217
0.0732600732600733	0.757020757020757	-0.634920634920635
-0.732600732600733	-1.34310134310134	-0.732600732600733
-1.56288156288156	-1.48962148962149	-1.78266178266178
-2.44200244200244	-3.49206349206349	-2.83272283272283
-2.56410256410256	-3.68742368742369	-2.05128205128205
-2.34432234432234	-3.32112332112332	-1.92918192918193
-2.61294261294261	-4.02930402930403	-1.85592185592186
-2.12454212454212	-3.98046398046398	-2.68620268620269
-2.36874236874237	-4.1025641025641	-1.88034188034188
-1.97802197802198	-4.004884004884	-2.53968253968254
-1.34310134310134	-2.56410256410256	-0.879120879120879
0.293040293040293	-1.83150183150183	1.44078144078144
0.537240537240537	-0.0488400488400488	2.14896214896215
-0.0244200244200244	-0.244200244200244	2.68620268620269
0.317460317460317	0.21978021978022	3.07692307692308
0.390720390720391	0	1.61172161172161
0.122100122100122	-1.83150183150183	0.0488400488400488
1.39194139194139	-0.463980463980464	-0.0732600732600733
2.31990231990232	0.0488400488400488	2.07570207570208
2.02686202686203	-0.561660561660562	0.805860805860806
1.44078144078144	-0.708180708180708	1.14774114774115
2.002442002442	-1.0989010989011	1.61172161172161
1.31868131868132	-0.927960927960928	-1.34310134310134
0.415140415140415	-2.68620268620269	-1.73382173382173
0.0732600732600733	-3.12576312576313	-2.73504273504274
0.586080586080586	-2.44200244200244	-3.44322344322344
1.24542124542125	-2.49084249084249	-1.12332112332112
0.43956043956044	-2.24664224664225	-0.976800976800977
-1.44078144078144	-3.12576312576313	-2.05128205128205
-1.85592185592186	-3.54090354090354	-0.586080586080586
-1.58730158730159	-3.73626373626374	-2.46642246642247
-1.63614163614164	-3.07692307692308	-0.0976800976800977
-0.0732600732600733	-1.34310134310134	0.463980463980464
1.22100122100122	-0.0976800976800977	1.39194139194139
2.56410256410256	0.0976800976800977	1.88034188034188
2.73504273504274	0.0976800976800977	2.41758241758242
2.12454212454212	-1.14774114774115	2.46642246642247
1.75824175824176	-1.17216117216117	1.56288156288156
0.390720390720391	-2.41758241758242	1.46520146520147
1.70940170940171	-0.268620268620269	4.83516483516483
2.44200244200244	0.879120879120879	3.02808302808303
3.27228327228327	1.001221001221	3.12576312576313
3.63858363858364	2.1978021978022	2.78388278388278
1.63614163614164	-0.0732600732600733	0.732600732600733
0.463980463980464	-1.75824175824176	-0.244200244200244
-1.51404151404151	-2.66178266178266	-2.58852258852259
-2.58852258852259	-3.93162393162393	-1.85592185592186
-1.66056166056166	-2.75946275946276	-2.41758241758242
-0.83028083028083	-2.83272283272283	-2.002442002442
-0.366300366300366	-2.88156288156288	-2.31990231990232
-0.488400488400488	-1.80708180708181	-3.02808302808303
-1.56288156288156	-2.41758241758242	-1.31868131868132
-1.44078144078144	-1.61172161172161	-1.44078144078144
-0.610500610500611	-1.24542124542125	-0.757020757020757
-0.903540903540904	-1.9047619047619	0
-0.0244200244200244	-1.001221001221	0.952380952380952
1.48962148962149	-1.48962148962149	1.41636141636142
0.927960927960928	-1.17216117216117	1.22100122100122
0.366300366300366	-1.80708180708181	0.805860805860806
0.293040293040293	-2.05128205128205	1.44078144078144
-0.83028083028083	-1.39194139194139	1.36752136752137
-0.781440781440781	-2.22222222222222	2.002442002442
0.488400488400488	-0.341880341880342	2.71062271062271
-0.293040293040293	-0.122100122100122	2.24664224664225
1.34310134310134	1.39194139194139	1.97802197802198
2.27106227106227	2.85714285714286	2.56410256410256
2.07570207570208	2.24664224664225	1.34310134310134
2.34432234432234	2.85714285714286	-0.170940170940171
-0.293040293040293	1.26984126984127	-0.341880341880342
-0.43956043956044	0.683760683760684	0.0488400488400488
0.21978021978022	0.0976800976800977	-1.0989010989011
-1.68498168498168	-0.781440781440781	-0.463980463980464
-0.537240537240537	0.293040293040293	-0.244200244200244
-0.21978021978022	-0.463980463980464	0.488400488400488
-1.0989010989011	-0.366300366300366	-0.21978021978022
-0.903540903540904	-0.0244200244200244	-0.293040293040293
-2.1001221001221	-2.58852258852259	-1.34310134310134
-3.07692307692308	-2.61294261294261	-3.15018315018315
-4.54212454212454	-4.2002442002442	-4.51770451770452
-4.44444444444444	-4.24908424908425	-4.05372405372405
-4.42002442002442	-4.05372405372405	-4.07814407814408
-3.98046398046398	-4.3956043956044	-4.1025641025641
-1.97802197802198	-2.34432234432234	-1.51404151404151
-2.2954822954823	-2.12454212454212	-1.61172161172161
-1.001221001221	-0.805860805860806	0.0732600732600733
-0.244200244200244	0.781440781440781	0.21978021978022
-1.36752136752137	0.757020757020757	1.58730158730159
0.708180708180708	2.17338217338217	2.24664224664225
1.68498168498168	2.80830280830281	2.22222222222222
1.61172161172161	2.97924297924298	1.78266178266178
1.97802197802198	3.76068376068376	2.002442002442
1.56288156288156	3.58974358974359	3.003663003663
1.34310134310134	3.88278388278388	2.12454212454212
-0.293040293040293	2.75946275946276	1.39194139194139
-1.68498168498168	1.63614163614164	0
-1.41636141636142	2.02686202686203	-0.757020757020757
-1.70940170940171	0.561660561660562	-1.39194139194139
-2.02686202686203	0.366300366300366	-2.2954822954823
-2.80830280830281	-1.29426129426129	-3.49206349206349
-3.1990231990232	-2.46642246642247	-2.83272283272283
-3.93162393162393	-2.17338217338217	-3.39438339438339
-4.27350427350427	-3.76068376068376	-3.41880341880342
-3.56532356532357	-2.49084249084249	-3.2967032967033
-3.90720390720391	-3.44322344322344	-1.83150183150183
-2.85714285714286	-3.83394383394383	-1.12332112332112
-0.659340659340659	-2.17338217338217	-1.78266178266178
-0.463980463980464	-3.44322344322344	-1.17216117216117
0.341880341880342	-2.49084249084249	-1.07448107448107
0.683760683760684	-1.56288156288156	0.952380952380952
0	-1.001221001221	0.708180708180708
0.537240537240537	0.732600732600733	0.952380952380952
-0.610500610500611	0.586080586080586	2.63736263736264
0.0244200244200244	1.68498168498168	2.22222222222222
-0.0244200244200244	0.854700854700855	1.46520146520147
0.21978021978022	0.43956043956044	1.44078144078144
0.244200244200244	-0.244200244200244	0.0976800976800977
-0.146520146520147	-2.31990231990232	-2.61294261294261
-1.44078144078144	-1.56288156288156	-3.36996336996337
-2.51526251526252	-2.56410256410256	-3.12576312576313
-3.003663003663	-3.24786324786325	-2.44200244200244
-3.02808302808303	-2.75946275946276	-0.854700854700855
-4.05372405372405	-3.07692307692308	0.537240537240537
-2.31990231990232	-0.952380952380952	1.92918192918193
-2.1001221001221	-1.17216117216117	0.805860805860806
-1.58730158730159	-0.21978021978022	0.976800976800977
0.170940170940171	0.512820512820513	0.854700854700855
0.586080586080586	-0.0976800976800977	1.53846153846154
0.561660561660562	1.34310134310134	1.44078144078144
0.317460317460317	1.12332112332112	1.56288156288156
0.83028083028083	1.58730158730159	2.75946275946276
-0.0732600732600733	1.46520146520147	2.41758241758242
-0.512820512820513	0.415140415140415	3.90720390720391
1.0989010989011	1.29426129426129	3.22344322344322
1.24542124542125	0.732600732600733	3.61416361416361
0.903540903540904	0.463980463980464	2.78388278388278
0.341880341880342	0.952380952380952	3.15018315018315
-0.781440781440781	0.561660561660562	3.49206349206349
-1.78266178266178	0.195360195360195	0.708180708180708
-1.83150183150183	-0.390720390720391	0.854700854700855
-2.36874236874237	-0.317460317460317	0.708180708180708
-0.879120879120879	0.708180708180708	0.244200244200244
-1.85592185592186	-0.586080586080586	0.659340659340659
-0.170940170940171	0.537240537240537	0.927960927960928
-0.586080586080586	-1.17216117216117	1.26984126984127
-1.31868131868132	-2.58852258852259	0.976800976800977
-2.39316239316239	-3.54090354090354	-0.879120879120879
-1.22100122100122	-3.76068376068376	0.634920634920635
-0.976800976800977	-3.27228327228327	0.366300366300366
-0.586080586080586	-2.51526251526252	1.88034188034188
-0.561660561660562	-2.24664224664225	2.85714285714286
0.244200244200244	-0.732600732600733	2.02686202686203
-2.31990231990232	-2.1001221001221	0.317460317460317
-3.27228327228327	-2.002442002442	-1.41636141636142
-4.34676434676435	-3.22344322344322	-1.9047619047619
-4.76190476190476	-3.85836385836386	-0.952380952380952
-3.49206349206349	-2.53968253968254	1.26984126984127
-2.17338217338217	-1.88034188034188	1.88034188034188
0.781440781440781	-0.341880341880342	4.05372405372405
1.73382173382173	0.927960927960928	4.15140415140415
1.58730158730159	0.879120879120879	0.903540903540904
1.63614163614164	1.9047619047619	0.903540903540904
2.85714285714286	1.95360195360195	2.90598290598291
0.43956043956044	1.46520146520147	1.24542124542125
1.12332112332112	1.61172161172161	2.02686202686203
1.26984126984127	1.29426129426129	2.80830280830281
0.390720390720391	0.732600732600733	1.9047619047619
-0.21978021978022	0.0488400488400488	0.317460317460317
0.146520146520147	0.317460317460317	0.0976800976800977
0.244200244200244	-0.757020757020757	-0.634920634920635
1.41636141636142	-0.683760683760684	-0.561660561660562
2.12454212454212	-0.708180708180708	-1.46520146520147
2.83272283272283	-2.02686202686203	-2.44200244200244
2.63736263736264	-2.1001221001221	-4.68864468864469
0.268620268620269	-2.80830280830281	-1.80708180708181
-2.68620268620269	-3.41880341880342	-3.85836385836386
-4.66422466422466	-3.88278388278388	-4.32234432234432
-5.71428571428571	-3.2967032967033	-3.07692307692308
-6.12942612942613	-3.63858363858364	-3.2967032967033
-3.90720390720391	-2.02686202686203	-0.976800976800977
-0.976800976800977	-1.05006105006105	-1.17216117216117
1.51404151404151	0.83028083028083	-0.43956043956044
2.27106227106227	1.48962148962149	2.41758241758242
1.70940170940171	2.51526251526252	2.53968253968254
0.146520146520147	1.92918192918193	2.12454212454212
-0.268620268620269	1.1965811965812	1.95360195360195
0.366300366300366	2.24664224664225	3.61416361416361
1.29426129426129	2.93040293040293	4.59096459096459
1.58730158730159	3.51648351648352	4.49328449328449
1.73382173382173	2.83272283272283	3.12576312576313
2.36874236874237	2.68620268620269	2.17338217338217
2.49084249084249	1.29426129426129	1.05006105006105
2.05128205128205	-0.732600732600733	-0.488400488400488
1.53846153846154	-0.927960927960928	-1.48962148962149
0.0732600732600733	-2.44200244200244	-1.31868131868132
-2.39316239316239	-4.1025641025641	-2.61294261294261
-3.1013431013431	-3.32112332112332	-3.76068376068376
-2.63736263736264	-3.63858363858364	-3.76068376068376
-1.41636141636142	-2.22222222222222	-4.05372405372405
-0.879120879120879	-2.22222222222222	-2.75946275946276
-0.634920634920635	-0.952380952380952	-2.73504273504274
0.512820512820513	-0.317460317460317	-2.34432234432234
2.1978021978022	0.561660561660562	-0.512820512820513
1.85592185592186	1.17216117216117	-1.12332112332112
2.83272283272283	1.73382173382173	-0.463980463980464
3.46764346764347	2.24664224664225	0.122100122100122
2.41758241758242	1.9047619047619	0.610500610500611
1.78266178266178	1.34310134310134	1.02564102564103
1.66056166056166	1.9047619047619	1.83150183150183
1.92918192918193	1.46520146520147	1.07448107448107
2.56410256410256	1.56288156288156	0.537240537240537
2.39316239316239	1.68498168498168	0.879120879120879
1.48962148962149	0.537240537240537	0.488400488400488
-0.146520146520147	-0.317460317460317	-1.80708180708181
-1.80708180708181	-1.1965811965812	-2.41758241758242
-1.29426129426129	-1.14774114774115	-2.36874236874237
-1.29426129426129	-1.34310134310134	-2.31990231990232
-1.63614163614164	-2.46642246642247	-3.39438339438339
0.903540903540904	-1.29426129426129	-3.39438339438339
-0.0244200244200244	-1.80708180708181	-2.71062271062271
0.0244200244200244	-0.732600732600733	-1.70940170940171
0.195360195360195	0.0488400488400488	-2.002442002442
-0.366300366300366	-0.0488400488400488	-0.341880341880342
1.0989010989011	1.75824175824176	0.903540903540904
1.24542124542125	1.26984126984127	1.56288156288156
2.1001221001221	1.17216117216117	1.92918192918193
2.49084249084249	2.22222222222222	1.73382173382173
2.31990231990232	2.02686202686203	0.0244200244200244
1.95360195360195	3.02808302808303	-0.854700854700855
2.80830280830281	3.41880341880342	1.001221001221
2.83272283272283	2.73504273504274	1.1965811965812
3.34554334554335	2.44200244200244	0.634920634920635
2.73504273504274	0.415140415140415	1.56288156288156
3.003663003663	1.31868131868132	1.34310134310134
0.268620268620269	-0.463980463980464	0.195360195360195
-0.952380952380952	-0.512820512820513	-0.903540903540904
-1.80708180708181	-0.0732600732600733	-1.24542124542125
-2.14896214896215	-1.83150183150183	-0.757020757020757
-0.659340659340659	-0.537240537240537	-0.0976800976800977
-0.610500610500611	-1.78266178266178	-0.488400488400488
3.56532356532357	-1.9047619047619	-1.14774114774115
5.54334554334554	-0.781440781440781	-0.732600732600733
6.34920634920635	0.0488400488400488	-0.244200244200244
6.3980463980464	1.34310134310134	-1.07448107448107
4.3956043956044	0.537240537240537	-1.9047619047619
1.46520146520147	-0.0732600732600733	-2.22222222222222
0.634920634920635	0.390720390720391	-2.002442002442
0.488400488400488	-0.43956043956044	-3.12576312576313
1.66056166056166	0.463980463980464	-2.07570207570208
1.39194139194139	0.488400488400488	0.854700854700855
2.71062271062271	1.22100122100122	3.34554334554335
2.58852258852259	2.002442002442	5.42124542124542
1.1965811965812	2.17338217338217	4.66422466422466
1.75824175824176	2.83272283272283	3.83394383394383
0.366300366300366	1.66056166056166	0.537240537240537
0.952380952380952	1.70940170940171	0.976800976800977
-0.366300366300366	2.66178266178266	0.293040293040293
-1.44078144078144	0.634920634920635	1.48962148962149
-2.14896214896215	1.88034188034188	1.53846153846154
-3.83394383394383	0.659340659340659	1.24542124542125
-4.54212454212454	-1.24542124542125	-0.854700854700855
-2.12454212454212	-1.17216117216117	-2.83272283272283
0.146520146520147	-1.39194139194139	-2.2954822954823
2.97924297924298	0.21978021978022	-1.78266178266178
4.05372405372405	2.05128205128205	-2.12454212454212
2.80830280830281	1.85592185592186	-2.1978021978022
2.05128205128205	1.85592185592186	-4.05372405372405
-0.488400488400488	-0.415140415140415	-5.05494505494505
-2.07570207570208	-2.1978021978022	-8.96214896214896
-1.22100122100122	-2.97924297924298	-6.03174603174603
-0.415140415140415	-2.14896214896215	-2.31990231990232
0.415140415140415	-0.488400488400488	0.146520146520147
0.683760683760684	0.757020757020757	2.58852258852259
1.02564102564103	2.73504273504274	3.78510378510378
0	2.02686202686203	4.51770451770452
0.268620268620269	2.36874236874237	2.51526251526252
-0.170940170940171	2.36874236874237	1.63614163614164
-1.78266178266178	0.952380952380952	2.22222222222222
-1.36752136752137	1.97802197802198	0.512820512820513
-0.732600732600733	1.75824175824176	0.854700854700855
0.488400488400488	2.31990231990232	1.88034188034188
0.610500610500611	2.31990231990232	1.70940170940171
1.66056166056166	1.1965811965812	0.952380952380952
1.75824175824176	2.66178266178266	0.146520146520147
1.78266178266178	2.002442002442	1.05006105006105
1.51404151404151	2.24664224664225	-1.31868131868132
0.952380952380952	2.73504273504274	-2.85714285714286
1.80708180708181	2.66178266178266	-2.39316239316239
1.39194139194139	1.9047619047619	-3.15018315018315
0.268620268620269	-0.0732600732600733	-2.53968253968254
0.195360195360195	0.0488400488400488	-1.17216117216117
0.0488400488400488	0.903540903540904	0.683760683760684
-0.390720390720391	0.366300366300366	4.02930402930403
1.70940170940171	3.71184371184371	5.2991452991453
1.73382173382173	2.63736263736264	5.15262515262515
2.31990231990232	2.90598290598291	4.61538461538461
1.001221001221	2.85714285714286	4.59096459096459
-0.0488400488400488	0.879120879120879	4.42002442002442
-0.708180708180708	1.48962148962149	3.12576312576313
-2.90598290598291	1.31868131868132	4.2979242979243
-1.14774114774115	1.92918192918193	3.78510378510378
1.1965811965812	3.56532356532357	3.17460317460317
1.61172161172161	2.24664224664225	3.63858363858364
3.68742368742369	4.004884004884	1.85592185592186
2.78388278388278	3.34554334554335	1.34310134310134
1.68498168498168	3.17460317460317	1.12332112332112
1.02564102564103	3.54090354090354	-0.195360195360195
-1.39194139194139	2.63736263736264	-0.268620268620269
0.512820512820513	4.02930402930403	0.244200244200244
1.29426129426129	3.66300366300366	1.53846153846154
1.83150183150183	3.71184371184371	1.0989010989011
2.14896214896215	4.59096459096459	2.58852258852259
1.95360195360195	3.44322344322344	3.61416361416361
1.56288156288156	4.34676434676435	3.12576312576313
-1.24542124542125	3.12576312576313	2.51526251526252
-2.73504273504274	1.92918192918193	1.70940170940171
-2.78388278388278	1.68498168498168	0.83028083028083
-3.44322344322344	0.0976800976800977	0.146520146520147
-2.63736263736264	0.805860805860806	-0.122100122100122
-3.02808302808303	0.903540903540904	0.854700854700855
-1.26984126984127	2.07570207570208	1.53846153846154
-0.390720390720391	3.15018315018315	2.63736263736264
-0.293040293040293	3.003663003663	3.88278388278388
1.24542124542125	2.83272283272283	1.1965811965812
-1.07448107448107	0.952380952380952	-0.805860805860806
-0.732600732600733	0.927960927960928	-1.34310134310134
1.17216117216117	2.1978021978022	-2.73504273504274
-0.561660561660562	1.1965811965812	-3.2967032967033
-0.879120879120879	2.07570207570208	-2.71062271062271
-1.34310134310134	1.07448107448107	-1.58730158730159
-1.24542124542125	1.001221001221	0.170940170940171
-0.488400488400488	1.24542124542125	2.58852258852259
-0.268620268620269	0.488400488400488	3.12576312576313
-0.0244200244200244	1.53846153846154	4.12698412698413
-1.22100122100122	1.46520146520147	4.61538461538461
-2.24664224664225	0.341880341880342	2.83272283272283
-3.49206349206349	0.879120879120879	1.92918192918193
-2.07570207570208	0.854700854700855	2.66178266178266
-1.83150183150183	2.14896214896215	3.66300366300366
2.002442002442	2.68620268620269	5.61660561660562
4.15140415140415	3.54090354090354	5.95848595848596
3.83394383394383	3.88278388278388	5.37240537240537
3.78510378510378	4.15140415140415	6.22710622710623
3.49206349206349	3.78510378510378	4.73748473748474
2.46642246642247	2.78388278388278	4.3956043956044
3.07692307692308	3.41880341880342	4.1025641025641
2.44200244200244	2.78388278388278	1.26984126984127
2.68620268620269	2.22222222222222	1.05006105006105
3.80952380952381	2.05128205128205	0.952380952380952
4.15140415140415	1.44078144078144	0.122100122100122
4.17582417582418	0.781440781440781	0.927960927960928
4.68864468864469	1.24542124542125	1.66056166056166
4.66422466422466	0.0488400488400488	2.27106227106227
4.37118437118437	0.757020757020757	1.75824175824176
3.02808302808303	0.390720390720391	4.81074481074481
3.22344322344322	1.36752136752137	6.1050061050061
1.56288156288156	0.708180708180708	5.78754578754579
0.952380952380952	0.415140415140415	5.93406593406593
