-1.26984126984127	-1.53846153846154	-0.170940170940171
-1.68498168498168	-2.36874236874237	-0.879120879120879
-2.61294261294261	-2.53968253968254	-1.58730158730159
-2.56410256410256	-3.32112332112332	-1.83150183150183
-4.12698412698413	-4.44444444444444	-3.05250305250305
-5.49450549450549	-4.81074481074481	-2.78388278388278
-5.22588522588523	-4.15140415140415	-0.43956043956044
-4.32234432234432	-3.98046398046398	-1.07448107448107
-4.12698412698413	-2.49084249084249	0.805860805860806
0.0976800976800977	0.805860805860806	4.22466422466422
2.80830280830281	2.95482295482295	4.07814407814408
2.41758241758242	3.51648351648352	5.71428571428571
4.46886446886447	4.02930402930403	5.83638583638584
3.98046398046398	4.54212454212454	5.27472527472527
1.26984126984127	1.61172161172161	2.12454212454212
1.61172161172161	1.12332112332112	0.586080586080586
0.293040293040293	0.21978021978022	-1.83150183150183
2.85714285714286	1.73382173382173	0.927960927960928
2.2954822954823	0.341880341880342	0.463980463980464
3.07692307692308	0.781440781440781	-0.634920634920635
3.34554334554335	1.63614163614164	1.24542124542125
2.39316239316239	0.610500610500611	0.708180708180708
2.49084249084249	-0.390720390720391	-0.537240537240537
3.1990231990232	0.854700854700855	0.512820512820513
2.66178266178266	0.0732600732600733	-0.537240537240537
0.708180708180708	-0.879120879120879	0.781440781440781
-1.53846153846154	-2.22222222222222	0.21978021978022
0.683760683760684	-0.976800976800977	-0.537240537240537
1.68498168498168	0.268620268620269	0.195360195360195
0.903540903540904	0.122100122100122	-0.146520146520147
2.53968253968254	0.610500610500611	0.146520146520147
4.95726495726496	2.41758241758242	0.976800976800977
2.93040293040293	2.80830280830281	2.44200244200244
2.05128205128205	2.44200244200244	3.95604395604396
1.80708180708181	1.63614163614164	3.85836385836386
2.78388278388278	2.78388278388278	6.2026862026862
2.1978021978022	3.41880341880342	5.64102564102564
1.66056166056166	2.71062271062271	4.51770451770452
1.02564102564103	2.2954822954823	3.63858363858364
-0.195360195360195	2.1978021978022	3.98046398046398
1.61172161172161	3.24786324786325	4.68864468864469
1.56288156288156	3.95604395604396	4.83516483516483
1.44078144078144	4.76190476190476	3.46764346764347
2.12454212454212	4.27350427350427	2.46642246642247
1.07448107448107	3.73626373626374	2.1001221001221
-0.21978021978022	2.61294261294261	0.463980463980464
-0.0488400488400488	2.46642246642247	1.24542124542125
0.0488400488400488	1.61172161172161	1.78266178266178
-0.781440781440781	2.39316239316239	1.51404151404151
4.15140415140415	6.17826617826618	4.02930402930403
2.71062271062271	5.3968253968254	2.75946275946276
4.12698412698413	6.12942612942613	2.63736263736264
4.56654456654457	6.86202686202686	2.66178266178266
6.2026862026862	6.69108669108669	3.34554334554335
5.12820512820513	7.3992673992674	4.27350427350427
3.88278388278388	5.86080586080586	2.93040293040293
2.05128205128205	4.73748473748474	3.41880341880342
2.39316239316239	5.03052503052503	3.63858363858364
1.70940170940171	4.51770451770452	2.88156288156288
3.15018315018315	4.17582417582418	1.97802197802198
3.22344322344322	4.2002442002442	1.75824175824176
0.757020757020757	1.07448107448107	-1.92918192918193
0.146520146520147	0.366300366300366	-2.27106227106227
-0.170940170940171	0.21978021978022	-0.708180708180708
-2.83272283272283	-2.27106227106227	-3.90720390720391
-1.17216117216117	-1.0989010989011	-2.1978021978022
-0.708180708180708	-0.927960927960928	-0.927960927960928
-1.05006105006105	-0.732600732600733	-1.36752136752137
-0.146520146520147	0.244200244200244	-0.659340659340659
-1.0989010989011	-0.805860805860806	-1.24542124542125
-1.95360195360195	-0.537240537240537	-0.488400488400488
-2.12454212454212	-0.195360195360195	-0.903540903540904
-1.68498168498168	-0.317460317460317	-1.48962148962149
-2.05128205128205	-1.51404151404151	-1.58730158730159
-1.70940170940171	-1.56288156288156	-1.41636141636142
-0.43956043956044	-1.29426129426129	-1.34310134310134
-1.22100122100122	-2.97924297924298	-3.27228327228327
-2.75946275946276	-4.83516483516483	-3.66300366300366
-5.27472527472527	-5.03052503052503	-2.36874236874237
-6.56898656898657	-6.47130647130647	-3.88278388278388
-5.86080586080586	-5.37240537240537	-1.9047619047619
-2.83272283272283	-2.53968253968254	0.83028083028083
-1.73382173382173	-2.14896214896215	0.659340659340659
-2.24664224664225	-3.66300366300366	-1.97802197802198
2.51526251526252	-0.610500610500611	0.0244200244200244
0.732600732600733	-2.95482295482295	-2.83272283272283
-0.927960927960928	-4.37118437118437	-2.44200244200244
0.757020757020757	-3.17460317460317	-0.463980463980464
0.586080586080586	-2.75946275946276	-0.122100122100122
2.24664224664225	-1.22100122100122	1.31868131868132
-0.195360195360195	-3.003663003663	0.537240537240537
-0.732600732600733	-2.80830280830281	-0.317460317460317
0.854700854700855	-0.927960927960928	0.952380952380952
1.0989010989011	-0.610500610500611	0.927960927960928
-0.512820512820513	-0.488400488400488	1.24542124542125
0.122100122100122	-0.146520146520147	1.0989010989011
0.952380952380952	0.610500610500611	0.683760683760684
0.415140415140415	0.317460317460317	-0.927960927960928
-2.02686202686203	-1.41636141636142	-3.41880341880342
-2.44200244200244	-2.58852258852259	-5.78754578754579
-2.14896214896215	-0.757020757020757	-3.98046398046398
-0.927960927960928	0.43956043956044	-2.75946275946276
-0.683760683760684	1.36752136752137	-2.44200244200244
1.66056166056166	3.73626373626374	0.170940170940171
3.58974358974359	6.08058608058608	3.12576312576313
4.3956043956044	7.03296703296703	2.61294261294261
2.71062271062271	5.98290598290598	2.71062271062271
2.93040293040293	6.64224664224664	2.51526251526252
3.41880341880342	7.17948717948718	3.54090354090354
5.78754578754579	9.74358974358974	5.78754578754579
3.76068376068376	8.66910866910867	4.32234432234432
4.98168498168498	10.1343101343101	5.61660561660562
4.42002442002442	8.54700854700855	4.63980463980464
2.02686202686203	6.52014652014652	2.56410256410256
2.71062271062271	5.68986568986569	2.75946275946276
0.879120879120879	3.1990231990232	-0.21978021978022
1.56288156288156	3.56532356532357	2.1001221001221
2.17338217338217	3.1013431013431	1.36752136752137
2.1001221001221	3.1990231990232	1.66056166056166
1.44078144078144	3.54090354090354	3.05250305250305
2.95482295482295	5.34798534798535	3.90720390720391
3.51648351648352	4.63980463980464	4.34676434676435
4.98168498168498	5.27472527472527	5.2014652014652
6.17826617826618	5.44566544566545	5.12820512820513
3.85836385836386	3.02808302808303	2.85714285714286
2.07570207570208	1.1965811965812	2.24664224664225
-0.659340659340659	-0.0488400488400488	2.49084249084249
-0.0976800976800977	-0.83028083028083	0.781440781440781
-0.244200244200244	0.21978021978022	2.2954822954823
-0.537240537240537	0.512820512820513	3.003663003663
0.317460317460317	0.805860805860806	2.1001221001221
1.97802197802198	1.68498168498168	3.07692307692308
0.610500610500611	0.366300366300366	1.22100122100122
2.05128205128205	1.05006105006105	1.95360195360195
3.56532356532357	1.92918192918193	1.66056166056166
3.95604395604396	2.34432234432234	1.63614163614164
2.73504273504274	2.14896214896215	0.268620268620269
2.44200244200244	2.24664224664225	0.170940170940171
1.17216117216117	0.805860805860806	-0.21978021978022
-0.488400488400488	-0.317460317460317	-1.24542124542125
-0.341880341880342	-0.366300366300366	-1.29426129426129
-1.53846153846154	-0.463980463980464	-1.22100122100122
-0.879120879120879	-1.14774114774115	-2.14896214896215
-2.73504273504274	-0.708180708180708	-1.58730158730159
-0.512820512820513	1.53846153846154	1.14774114774115
0.415140415140415	0.976800976800977	-0.122100122100122
0.0732600732600733	-0.0732600732600733	-0.390720390720391
1.56288156288156	2.1978021978022	0.463980463980464
3.36996336996337	3.95604395604396	1.48962148962149
3.36996336996337	3.05250305250305	0.854700854700855
3.003663003663	3.1013431013431	0.21978021978022
2.41758241758242	3.54090354090354	0.83028083028083
2.53968253968254	4.61538461538461	2.27106227106227
1.68498168498168	3.24786324786325	1.61172161172161
2.46642246642247	3.73626373626374	0.0732600732600733
6.05616605616606	7.52136752136752	4.1025641025641
6.69108669108669	7.88766788766789	4.24908424908425
7.47252747252747	7.54578754578755	2.97924297924298
7.00854700854701	7.69230769230769	2.39316239316239
4.51770451770452	5.42124542124542	0.757020757020757
7.59462759462759	8.05860805860806	3.54090354090354
6.3980463980464	6.69108669108669	2.80830280830281
4.15140415140415	5.2014652014652	3.56532356532357
3.2967032967033	4.1025641025641	2.80830280830281
2.12454212454212	2.22222222222222	1.88034188034188
-1.1965811965812	-0.659340659340659	1.53846153846154
-2.39316239316239	-2.24664224664225	-0.0976800976800977
-1.85592185592186	-2.61294261294261	0.195360195360195
-0.659340659340659	-1.80708180708181	-0.0488400488400488
-2.46642246642247	-3.44322344322344	-3.07692307692308
-3.36996336996337	-5.22588522588523	-5.2014652014652
-2.68620268620269	-3.41880341880342	-3.58974358974359
-2.95482295482295	-4.12698412698413	-4.95726495726496
-4.61538461538461	-6.17826617826618	-4.68864468864469
-2.53968253968254	-4.81074481074481	-4.15140415140415
-3.85836385836386	-5.49450549450549	-5.90964590964591
-5.37240537240537	-7.93650793650794	-7.00854700854701
-5.22588522588523	-7.57020757020757	-5.71428571428571
-2.78388278388278	-5.42124542124542	-4.98168498168498
-3.95604395604396	-6.22710622710623	-5.12820512820513
-2.27106227106227	-4.66422466422466	-2.80830280830281
-1.88034188034188	-4.49328449328449	-3.54090354090354
-3.44322344322344	-5.03052503052503	-4.17582417582418
-0.854700854700855	-2.61294261294261	-2.73504273504274
-0.927960927960928	-2.27106227106227	-3.56532356532357
-0.683760683760684	-0.512820512820513	-2.61294261294261
-0.634920634920635	-0.244200244200244	-3.44322344322344
-0.195360195360195	0.293040293040293	-2.002442002442
0.268620268620269	0.805860805860806	-1.39194139194139
1.12332112332112	0.927960927960928	-0.903540903540904
1.14774114774115	0.0732600732600733	-0.683760683760684
-0.0244200244200244	0.488400488400488	-0.854700854700855
-0.390720390720391	0.634920634920635	-1.1965811965812
-0.244200244200244	0.488400488400488	-1.46520146520147
0.146520146520147	0.488400488400488	-1.88034188034188
0.781440781440781	-0.0976800976800977	-1.73382173382173
2.1001221001221	1.88034188034188	0.879120879120879
3.2967032967033	1.95360195360195	0.634920634920635
0.244200244200244	-0.488400488400488	0
0.805860805860806	0.170940170940171	0.634920634920635
0.512820512820513	-0.927960927960928	-0.512820512820513
1.83150183150183	-0.561660561660562	0.854700854700855
0.903540903540904	-1.66056166056166	-0.879120879120879
-0.781440781440781	-3.58974358974359	-1.31868131868132
-0.0488400488400488	-1.29426129426129	1.48962148962149
-2.85714285714286	-3.2967032967033	-1.44078144078144
-4.34676434676435	-3.85836385836386	-2.90598290598291
-2.31990231990232	-2.39316239316239	-1.41636141636142
-2.63736263736264	-2.27106227106227	-2.83272283272283
-2.90598290598291	-1.63614163614164	-3.78510378510378
-0.610500610500611	-0.488400488400488	-3.85836385836386
-2.36874236874237	-0.341880341880342	-3.54090354090354
-1.29426129426129	-0.122100122100122	-3.61416361416361
-1.68498168498168	-0.83028083028083	-3.1013431013431
-2.31990231990232	0.0244200244200244	-1.66056166056166
-1.24542124542125	-0.170940170940171	-1.78266178266178
-1.14774114774115	0.586080586080586	-2.05128205128205
1.51404151404151	4.15140415140415	0.610500610500611
3.56532356532357	6.83760683760684	2.1978021978022
2.58852258852259	6.00732600732601	0.122100122100122
3.78510378510378	6.69108669108669	1.48962148962149
1.83150183150183	5.22588522588523	0.366300366300366
2.68620268620269	5.98290598290598	1.001221001221
2.1001221001221	4.81074481074481	0.122100122100122
-0.170940170940171	2.71062271062271	-1.34310134310134
2.39316239316239	5.1037851037851	1.12332112332112
2.46642246642247	5.27472527472527	0.952380952380952
2.44200244200244	5.37240537240537	1.31868131868132
2.2954822954823	5.76312576312576	1.39194139194139
3.1990231990232	7.05738705738706	2.39316239316239
2.34432234432234	7.00854700854701	3.1013431013431
2.83272283272283	7.59462759462759	3.32112332112332
2.27106227106227	6.59340659340659	2.75946275946276
-1.56288156288156	3.36996336996337	0.952380952380952
2.27106227106227	6.34920634920635	4.07814407814408
3.73626373626374	6.59340659340659	4.34676434676435
2.83272283272283	5.25030525030525	3.02808302808303
2.1978021978022	4.07814407814408	1.73382173382173
2.46642246642247	4.81074481074481	1.39194139194139
2.95482295482295	4.93284493284493	0.293040293040293
0.805860805860806	2.78388278388278	-0.390720390720391
0.21978021978022	2.02686202686203	-0.195360195360195
-0.903540903540904	1.12332112332112	-1.1965811965812
1.29426129426129	1.56288156288156	-0.390720390720391
-2.78388278388278	-1.0989010989011	-1.07448107448107
-2.39316239316239	-1.46520146520147	-0.976800976800977
-3.80952380952381	-1.95360195360195	-2.71062271062271
-3.63858363858364	-2.85714285714286	-2.44200244200244
-3.98046398046398	-3.46764346764347	-2.24664224664225
-3.32112332112332	-2.97924297924298	-1.66056166056166
-2.12454212454212	-2.17338217338217	1.56288156288156
-2.71062271062271	-3.12576312576313	-0.244200244200244
-2.02686202686203	-3.24786324786325	-0.757020757020757
-3.003663003663	-3.46764346764347	-0.781440781440781
-3.2967032967033	-4.90842490842491	-3.1990231990232
-3.2967032967033	-5.07936507936508	-3.2967032967033
-3.68742368742369	-5.83638583638584	-2.95482295482295
-1.66056166056166	-3.80952380952381	-2.05128205128205
-1.46520146520147	-3.58974358974359	-1.58730158730159
-4.54212454212454	-6.1050061050061	-4.46886446886447
-3.34554334554335	-5.56776556776557	-4.42002442002442
-2.12454212454212	-4.71306471306471	-1.83150183150183
-1.83150183150183	-4.2002442002442	-1.58730158730159
-0.586080586080586	-2.61294261294261	-1.51404151404151
3.49206349206349	1.58730158730159	2.49084249084249
4.12698412698413	2.75946275946276	3.98046398046398
3.73626373626374	2.97924297924298	3.66300366300366
4.24908424908425	3.66300366300366	3.58974358974359
3.41880341880342	2.49084249084249	2.44200244200244
1.58730158730159	1.24542124542125	1.68498168498168
-0.512820512820513	-0.879120879120879	0.561660561660562
-1.53846153846154	-0.927960927960928	-0.195360195360195
-0.463980463980464	-0.195360195360195	0.683760683760684
0	-0.341880341880342	1.97802197802198
0.195360195360195	-0.366300366300366	0.976800976800977
0.268620268620269	-1.63614163614164	-0.879120879120879
-1.36752136752137	-2.34432234432234	-2.49084249084249
-3.71184371184371	-4.49328449328449	-2.46642246642247
-4.22466422466422	-5.37240537240537	-2.24664224664225
-4.76190476190476	-4.3956043956044	-1.9047619047619
-4.63980463980464	-3.2967032967033	-1.1965811965812
-2.90598290598291	-1.36752136752137	2.02686202686203
-0.341880341880342	1.39194139194139	4.12698412698413
-0.659340659340659	0.927960927960928	3.1013431013431
-2.56410256410256	-0.659340659340659	1.63614163614164
-1.66056166056166	-0.0244200244200244	1.95360195360195
-1.07448107448107	-0.293040293040293	0.805860805860806
-2.71062271062271	-3.15018315018315	-1.46520146520147
-3.34554334554335	-3.15018315018315	-1.95360195360195
-4.15140415140415	-2.90598290598291	-2.1001221001221
-4.68864468864469	-3.49206349206349	-1.46520146520147
-3.78510378510378	-2.22222222222222	-0.879120879120879
-5.88522588522589	-2.68620268620269	-1.58730158730159
-4.95726495726496	-2.002442002442	-1.07448107448107
-5.59218559218559	-1.97802197802198	-0.390720390720391
-3.15018315018315	0.146520146520147	0.537240537240537
-3.71184371184371	-0.293040293040293	-0.634920634920635
-3.2967032967033	0.146520146520147	0.659340659340659
-1.78266178266178	1.05006105006105	0.732600732600733
-1.26984126984127	0.879120879120879	1.83150183150183
-0.317460317460317	0.244200244200244	1.88034188034188
0.341880341880342	0	0.170940170940171
-0.586080586080586	-0.561660561660562	-0.561660561660562
1.73382173382173	2.002442002442	1.78266178266178
2.07570207570208	2.07570207570208	2.17338217338217
1.0989010989011	2.05128205128205	2.22222222222222
1.44078144078144	2.36874236874237	3.71184371184371
1.14774114774115	1.92918192918193	3.54090354090354
2.41758241758242	3.12576312576313	5.17704517704518
0.21978021978022	0.708180708180708	2.90598290598291
-0.927960927960928	0	2.58852258852259
2.56410256410256	3.54090354090354	5.51892551892552
2.2954822954823	2.1978021978022	3.95604395604396
0.293040293040293	1.39194139194139	3.17460317460317
0.83028083028083	1.17216117216117	1.12332112332112
0.0732600732600733	0.21978021978022	0.561660561660562
-2.12454212454212	-1.95360195360195	-0.83028083028083
-2.51526251526252	-2.02686202686203	-1.1965811965812
-1.44078144078144	-0.927960927960928	-0.390720390720391
-1.46520146520147	-0.781440781440781	0.0488400488400488
-0.0244200244200244	-0.463980463980464	0.903540903540904
1.12332112332112	0.903540903540904	2.71062271062271
1.29426129426129	1.73382173382173	2.44200244200244
1.46520146520147	2.1001221001221	4.90842490842491
1.46520146520147	1.97802197802198	4.42002442002442
1.66056166056166	2.61294261294261	4.61538461538461
-0.415140415140415	1.46520146520147	3.56532356532357
0.0244200244200244	1.29426129426129	2.34432234432234
-0.0976800976800977	0.805860805860806	1.44078144078144
-0.0732600732600733	0.317460317460317	1.12332112332112
0.43956043956044	0.805860805860806	2.34432234432234
0.976800976800977	1.78266178266178	4.66422466422466
-0.708180708180708	0.488400488400488	4.3956043956044
0.83028083028083	1.61172161172161	4.63980463980464
1.17216117216117	2.07570207570208	4.98168498168498
0.83028083028083	2.36874236874237	4.98168498168498
0.463980463980464	0.903540903540904	2.71062271062271
0.122100122100122	-0.488400488400488	0.610500610500611
0.537240537240537	-0.122100122100122	3.12576312576313
2.66178266178266	2.05128205128205	3.73626373626374
3.98046398046398	3.36996336996337	3.56532356532357
4.15140415140415	3.98046398046398	4.71306471306471
3.07692307692308	3.003663003663	4.56654456654457
2.46642246642247	3.66300366300366	5.17704517704518
2.61294261294261	2.88156288156288	4.27350427350427
1.29426129426129	0.21978021978022	3.1013431013431
0.83028083028083	-0.415140415140415	2.14896214896215
2.83272283272283	1.05006105006105	2.71062271062271
1.34310134310134	-1.34310134310134	0.488400488400488
0.659340659340659	-1.70940170940171	-0.488400488400488
0.537240537240537	-1.73382173382173	-0.683760683760684
-0.268620268620269	-1.46520146520147	0.708180708180708
-3.34554334554335	-3.41880341880342	-0.488400488400488
-1.68498168498168	-3.27228327228327	1.0989010989011
-3.56532356532357	-4.22466422466422	0.415140415140415
-3.05250305250305	-4.2979242979243	1.22100122100122
-2.24664224664225	-2.63736263736264	2.2954822954823
-0.195360195360195	-0.854700854700855	3.39438339438339
-1.17216117216117	-0.927960927960928	2.24664224664225
1.97802197802198	1.22100122100122	4.3956043956044
1.22100122100122	0.586080586080586	3.46764346764347
1.12332112332112	-1.17216117216117	1.26984126984127
1.63614163614164	-0.903540903540904	2.1978021978022
-0.122100122100122	-3.54090354090354	-0.537240537240537
-1.05006105006105	-2.75946275946276	-2.51526251526252
-1.80708180708181	-3.1990231990232	-1.92918192918193
-2.34432234432234	-3.66300366300366	-1.63614163614164
-2.2954822954823	-2.97924297924298	-1.51404151404151
-0.537240537240537	-2.22222222222222	-0.976800976800977
-0.0976800976800977	-0.634920634920635	2.22222222222222
0.83028083028083	-0.244200244200244	2.93040293040293
0.708180708180708	0.317460317460317	3.24786324786325
0.952380952380952	1.56288156288156	4.004884004884
-1.17216117216117	0.390720390720391	3.36996336996337
-1.12332112332112	-0.683760683760684	2.44200244200244
-2.12454212454212	-1.83150183150183	1.95360195360195
-3.05250305250305	-1.41636141636142	2.14896214896215
-2.80830280830281	-2.07570207570208	0.561660561660562
-1.83150183150183	-1.31868131868132	2.95482295482295
-2.27106227106227	-1.39194139194139	1.78266178266178
-4.63980463980464	-3.003663003663	-0.195360195360195
-1.58730158730159	-1.46520146520147	-1.07448107448107
-1.29426129426129	-3.22344322344322	-2.27106227106227
0.268620268620269	-1.53846153846154	-1.31868131868132
1.31868131868132	-0.463980463980464	-0.390720390720391
1.66056166056166	-0.0244200244200244	-0.170940170940171
1.61172161172161	0.0732600732600733	0.122100122100122
-1.48962148962149	-1.88034188034188	-2.2954822954823
-3.49206349206349	-2.12454212454212	-1.61172161172161
-4.22466422466422	-1.83150183150183	-2.22222222222222
-4.81074481074481	-2.14896214896215	-2.44200244200244
-4.81074481074481	-1.92918192918193	-1.85592185592186
-6.25152625152625	-4.61538461538461	-4.49328449328449
-8.35164835164835	-6.3980463980464	-5.27472527472527
-9.20634920634921	-8.13186813186813	-5.76312576312576
-11.1599511599512	-10.3540903540904	-7.13064713064713
-10.03663003663	-9.89010989010989	-6.71550671550672
-8.4004884004884	-8.69352869352869	-4.3956043956044
-8.42490842490843	-8.66910866910867	-5.2991452991453
-6.61782661782662	-6.42246642246642	-5.27472527472527
-4.98168498168498	-5.90964590964591	-4.49328449328449
-4.22466422466422	-5.27472527472527	-5.2014652014652
-3.71184371184371	-4.46886446886447	-5.64102564102564
-1.39194139194139	-2.1978021978022	-4.12698412698413
-0.659340659340659	-1.61172161172161	-3.85836385836386
-0.927960927960928	-0.293040293040293	-3.61416361416361
-1.39194139194139	0.586080586080586	-2.1978021978022
-0.634920634920635	0.708180708180708	-2.63736263736264
1.73382173382173	2.66178266178266	-0.659340659340659
2.02686202686203	3.56532356532357	0.634920634920635
1.29426129426129	2.39316239316239	0.757020757020757
0.317460317460317	1.9047619047619	-0.586080586080586
2.44200244200244	4.05372405372405	2.41758241758242
-1.41636141636142	1.39194139194139	-0.854700854700855
-0.170940170940171	2.71062271062271	2.27106227106227
0.43956043956044	2.1978021978022	1.48962148962149
-1.61172161172161	0.952380952380952	1.29426129426129
-3.46764346764347	-1.0989010989011	-0.659340659340659
-3.34554334554335	-0.903540903540904	-0.146520146520147
-2.46642246642247	0.170940170940171	0.0244200244200244
-3.24786324786325	-1.001221001221	-2.56410256410256
-2.75946275946276	-0.805860805860806	-2.58852258852259
0.781440781440781	1.83150183150183	-0.512820512820513
-0.0732600732600733	2.05128205128205	-0.293040293040293
-1.34310134310134	0.415140415140415	-1.58730158730159
1.001221001221	2.002442002442	-1.56288156288156
0.854700854700855	2.58852258852259	-0.586080586080586
0.43956043956044	2.24664224664225	-1.05006105006105
-1.58730158730159	-1.31868131868132	-3.73626373626374
-1.63614163614164	-0.146520146520147	-1.63614163614164
-0.43956043956044	0.293040293040293	-1.63614163614164
-2.85714285714286	-1.41636141636142	-2.53968253968254
-0.708180708180708	0.317460317460317	-1.14774114774115
-0.537240537240537	0.634920634920635	-1.0989010989011
-0.317460317460317	0.537240537240537	-0.805860805860806
-0.683760683760684	-1.001221001221	-1.17216117216117
-2.14896214896215	-2.24664224664225	-2.002442002442
-0.586080586080586	-1.63614163614164	-1.68498168498168
-0.390720390720391	-0.708180708180708	-0.586080586080586
-0.854700854700855	-1.58730158730159	-1.97802197802198
1.22100122100122	-0.21978021978022	-1.56288156288156
1.07448107448107	0.488400488400488	-1.34310134310134
1.36752136752137	0.561660561660562	-1.48962148962149
-0.732600732600733	-2.24664224664225	-4.93284493284493
1.001221001221	-1.34310134310134	-3.2967032967033
1.48962148962149	-0.341880341880342	-1.14774114774115
3.41880341880342	2.66178266178266	2.34432234432234
2.83272283272283	2.73504273504274	2.2954822954823
3.24786324786325	3.17460317460317	3.68742368742369
1.95360195360195	2.66178266178266	2.85714285714286
1.29426129426129	2.61294261294261	2.41758241758242
-0.610500610500611	0.366300366300366	-0.317460317460317
2.34432234432234	3.1013431013431	0.903540903540904
4.24908424908425	4.88400488400488	3.1013431013431
2.44200244200244	4.42002442002442	1.14774114774115
5.25030525030525	5.3968253968254	2.78388278388278
4.37118437118437	6.22710622710623	3.61416361416361
4.73748473748474	5.59218559218559	3.49206349206349
3.27228327228327	4.54212454212454	3.24786324786325
3.34554334554335	5.03052503052503	3.80952380952381
3.58974358974359	5.07936507936508	3.68742368742369
1.1965811965812	2.41758241758242	0.83028083028083
0.366300366300366	0.463980463980464	-1.07448107448107
0.0244200244200244	0.415140415140415	-1.78266178266178
-0.293040293040293	-0.415140415140415	-1.83150183150183
-1.68498168498168	-2.61294261294261	-3.93162393162393
-0.0976800976800977	-1.0989010989011	-1.53846153846154
2.07570207570208	0.586080586080586	0.43956043956044
2.71062271062271	1.61172161172161	0.976800976800977
2.49084249084249	2.1001221001221	0.757020757020757
4.88400488400488	3.24786324786325	2.02686202686203
2.63736263736264	1.31868131868132	-1.0989010989011
0.341880341880342	-0.488400488400488	-2.95482295482295
-0.732600732600733	-2.39316239316239	-4.37118437118437
0.610500610500611	-2.39316239316239	-4.78632478632479
-1.29426129426129	-3.78510378510378	-5.15262515262515
-1.88034188034188	-3.80952380952381	-5.12820512820513
-3.63858363858364	-5.3968253968254	-5.34798534798535
-3.36996336996337	-5.47008547008547	-4.05372405372405
-1.41636141636142	-4.54212454212454	-2.80830280830281
-1.58730158730159	-3.54090354090354	-2.36874236874237
-0.390720390720391	-2.39316239316239	-1.05006105006105
0.927960927960928	-0.708180708180708	-1.12332112332112
-0.415140415140415	-1.51404151404151	-1.73382173382173
-0.781440781440781	-2.53968253968254	-3.90720390720391
-0.634920634920635	-1.92918192918193	-3.27228327228327
0.463980463980464	-2.17338217338217	-3.39438339438339
0.561660561660562	-1.70940170940171	-3.07692307692308
1.48962148962149	-1.1965811965812	-2.002442002442
0.21978021978022	0.21978021978022	-2.41758241758242
0.781440781440781	0.586080586080586	-2.02686202686203
0.634920634920635	0.122100122100122	-2.31990231990232
0.244200244200244	-0.0488400488400488	-2.61294261294261
-0.903540903540904	-0.952380952380952	-3.49206349206349
-0.610500610500611	-0.976800976800977	-3.07692307692308
-2.07570207570208	-2.2954822954823	-4.42002442002442
-2.63736263736264	-1.68498168498168	-3.1990231990232
-1.80708180708181	-0.195360195360195	-1.51404151404151
1.70940170940171	1.75824175824176	1.12332112332112
1.58730158730159	1.58730158730159	1.68498168498168
0.244200244200244	-0.268620268620269	1.22100122100122
-0.21978021978022	-1.0989010989011	-0.805860805860806
2.34432234432234	0.757020757020757	1.92918192918193
-0.512820512820513	-1.73382173382173	-0.293040293040293
-0.561660561660562	-1.80708180708181	0.415140415140415
0.708180708180708	-1.80708180708181	0.244200244200244
0.43956043956044	-1.88034188034188	-0.732600732600733
1.53846153846154	-1.48962148962149	0.683760683760684
-0.463980463980464	-4.27350427350427	-1.44078144078144
0.879120879120879	-1.85592185592186	0.659340659340659
3.24786324786325	0.390720390720391	1.66056166056166
1.24542124542125	0.21978021978022	2.002442002442
2.02686202686203	-0.512820512820513	0.170940170940171
1.1965811965812	-1.07448107448107	-0.732600732600733
-0.317460317460317	-3.41880341880342	-1.9047619047619
-0.415140415140415	-3.2967032967033	-1.12332112332112
-1.29426129426129	-4.49328449328449	-0.561660561660562
-2.66178266178266	-3.88278388278388	-0.366300366300366
-2.1978021978022	-2.80830280830281	-0.488400488400488
-2.66178266178266	-2.17338217338217	-1.70940170940171
-1.51404151404151	-1.78266178266178	-0.170940170940171
-1.56288156288156	-1.44078144078144	-0.659340659340659
-2.02686202686203	-1.80708180708181	-0.903540903540904
-1.26984126984127	-1.001221001221	-0.0732600732600733
-2.46642246642247	-1.68498168498168	-0.293040293040293
-1.17216117216117	-0.781440781440781	-0.683760683760684
-0.561660561660562	-1.1965811965812	-3.02808302808303
-0.903540903540904	-1.05006105006105	-1.9047619047619
0.561660561660562	-0.561660561660562	-1.29426129426129
1.001221001221	0.463980463980464	-0.293040293040293
0.732600732600733	0.390720390720391	-0.0976800976800977
1.12332112332112	1.46520146520147	0.0732600732600733
2.85714285714286	3.39438339438339	0.170940170940171
3.46764346764347	4.46886446886447	0.903540903540904
4.42002442002442	4.66422466422466	1.97802197802198
3.15018315018315	3.58974358974359	1.001221001221
2.56410256410256	2.90598290598291	1.66056166056166
1.0989010989011	2.05128205128205	3.1013431013431
-0.195360195360195	-0.0732600732600733	1.56288156288156
-1.07448107448107	0.537240537240537	2.61294261294261
0.732600732600733	1.1965811965812	1.9047619047619
-0.512820512820513	0.195360195360195	2.27106227106227
1.53846153846154	1.44078144078144	2.83272283272283
0.463980463980464	-0.805860805860806	0.732600732600733
-0.244200244200244	-1.78266178266178	0.0976800976800977
-0.927960927960928	-1.73382173382173	0.268620268620269
2.12454212454212	0.976800976800977	1.73382173382173
1.83150183150183	0.21978021978022	0.268620268620269
3.1013431013431	1.95360195360195	1.0989010989011
1.63614163614164	2.07570207570208	2.75946275946276
0.122100122100122	0.463980463980464	1.53846153846154
1.22100122100122	0.83028083028083	1.85592185592186
-0.244200244200244	0.0488400488400488	2.31990231990232
0.634920634920635	-0.83028083028083	0.463980463980464
-0.390720390720391	-1.17216117216117	0.512820512820513
1.02564102564103	-0.390720390720391	0.512820512820513
2.44200244200244	0.561660561660562	0.610500610500611
1.51404151404151	0.415140415140415	0.903540903540904
3.85836385836386	3.22344322344322	4.3956043956044
4.73748473748474	3.54090354090354	3.49206349206349
3.003663003663	2.17338217338217	3.41880341880342
2.53968253968254	1.001221001221	1.97802197802198
1.53846153846154	-0.170940170940171	-0.927960927960928
1.07448107448107	-1.17216117216117	-1.46520146520147
-0.976800976800977	-1.66056166056166	-1.1965811965812
-0.976800976800977	-1.88034188034188	-1.44078144078144
0.610500610500611	-0.293040293040293	-0.122100122100122
0.83028083028083	1.22100122100122	2.78388278388278
-0.170940170940171	-0.0244200244200244	1.88034188034188
-1.36752136752137	0.634920634920635	2.58852258852259
3.17460317460317	4.32234432234432	5.25030525030525
0.170940170940171	2.78388278388278	3.90720390720391
0.21978021978022	2.49084249084249	4.17582417582418
1.68498168498168	2.63736263736264	3.93162393162393
3.07692307692308	4.59096459096459	4.98168498168498
2.05128205128205	3.61416361416361	3.85836385836386
1.34310134310134	3.27228327228327	4.24908424908425
-0.195360195360195	1.88034188034188	2.88156288156288
0.0244200244200244	2.71062271062271	3.71184371184371
2.27106227106227	4.004884004884	3.12576312576313
1.9047619047619	2.85714285714286	4.81074481074481
0.976800976800977	2.22222222222222	4.73748473748474
1.001221001221	2.53968253968254	2.80830280830281
0.146520146520147	0.610500610500611	0.293040293040293
-2.44200244200244	-0.586080586080586	1.12332112332112
0	-0.122100122100122	0.805860805860806
0.732600732600733	1.14774114774115	2.1001221001221
0.317460317460317	0.781440781440781	2.80830280830281
2.95482295482295	3.32112332112332	5.37240537240537
2.44200244200244	2.88156288156288	5.98290598290598
1.68498168498168	2.66178266178266	4.54212454212454
0.610500610500611	2.07570207570208	4.34676434676435
2.49084249084249	3.003663003663	4.88400488400488
3.46764346764347	3.49206349206349	5.64102564102564
2.56410256410256	2.1001221001221	3.76068376068376
0.415140415140415	-0.43956043956044	0.83028083028083
1.02564102564103	-0.341880341880342	2.24664224664225
-0.0244200244200244	-2.90598290598291	-0.537240537240537
0.366300366300366	-1.85592185592186	-0.0732600732600733
0.341880341880342	-1.31868131868132	0.512820512820513
1.001221001221	-0.0488400488400488	0.537240537240537
0.634920634920635	0.170940170940171	1.1965811965812
-0.244200244200244	0.634920634920635	1.95360195360195
-0.170940170940171	0.244200244200244	1.001221001221
-1.001221001221	-2.002442002442	-1.22100122100122
-2.61294261294261	-3.07692307692308	-1.22100122100122
-1.48962148962149	-1.29426129426129	-0.21978021978022
-0.268620268620269	-0.488400488400488	0.244200244200244
-0.293040293040293	1.34310134310134	3.36996336996337
-0.83028083028083	0.976800976800977	2.34432234432234
0.341880341880342	2.002442002442	2.63736263736264
-0.732600732600733	1.24542124542125	1.85592185592186
0.0488400488400488	0.586080586080586	0.512820512820513
-1.53846153846154	-0.0732600732600733	0.805860805860806
-2.002442002442	-1.53846153846154	-1.78266178266178
-1.001221001221	-0.879120879120879	-2.05128205128205
-1.05006105006105	0.317460317460317	-0.561660561660562
-2.95482295482295	-3.15018315018315	-3.51648351648352
-3.76068376068376	-3.76068376068376	-4.1025641025641
-2.80830280830281	-2.49084249084249	-4.42002442002442
0.732600732600733	0.293040293040293	-2.05128205128205
1.1965811965812	1.53846153846154	-0.317460317460317
1.48962148962149	1.63614163614164	-1.22100122100122
0.683760683760684	2.02686202686203	-1.24542124542125
0.805860805860806	1.80708180708181	0.463980463980464
-0.390720390720391	-0.366300366300366	0.586080586080586
-2.58852258852259	-1.88034188034188	-2.07570207570208
-2.24664224664225	-1.9047619047619	-0.146520146520147
-3.58974358974359	-3.15018315018315	-0.634920634920635
-5.22588522588523	-4.34676434676435	-2.66178266178266
-4.83516483516483	-5.17704517704518	-2.66178266178266
-4.68864468864469	-5.15262515262515	-4.07814407814408
-4.66422466422466	-4.66422466422466	-3.44322344322344
-2.49084249084249	-3.44322344322344	-3.17460317460317
-2.88156288156288	-4.1025641025641	-2.002442002442
-4.12698412698413	-5.44566544566545	-3.12576312576313
-5.12820512820513	-5.98290598290598	-4.07814407814408
-3.41880341880342	-5.61660561660562	-4.15140415140415
-2.66178266178266	-3.98046398046398	-2.88156288156288
-1.26984126984127	-2.39316239316239	-1.92918192918193
0.170940170940171	-0.634920634920635	0.0244200244200244
-0.976800976800977	-0.854700854700855	0.0244200244200244
-1.9047619047619	-0.610500610500611	1.53846153846154
-2.66178266178266	-1.14774114774115	1.24542124542125
-2.44200244200244	-1.75824175824176	0.244200244200244
-3.27228327228327	-3.83394383394383	-1.12332112332112
-3.98046398046398	-4.78632478632479	-1.24542124542125
-3.76068376068376	-4.78632478632479	-1.9047619047619
-0.0244200244200244	-2.39316239316239	0.0244200244200244
-2.44200244200244	-3.80952380952381	-2.02686202686203
-2.34432234432234	-3.54090354090354	-2.90598290598291
-0.732600732600733	-2.1001221001221	-2.58852258852259
-0.683760683760684	-2.51526251526252	-3.1013431013431
0	-1.22100122100122	-0.879120879120879
0.879120879120879	0.463980463980464	-1.46520146520147
0.268620268620269	-0.122100122100122	-2.63736263736264
0.708180708180708	1.29426129426129	-1.22100122100122
-1.22100122100122	0.317460317460317	-3.61416361416361
-0.708180708180708	-0.805860805860806	-4.61538461538461
-0.317460317460317	-0.634920634920635	-3.68742368742369
-0.268620268620269	-1.17216117216117	-3.88278388278388
-1.34310134310134	-0.976800976800977	-4.22466422466422
-0.634920634920635	-1.24542124542125	-2.31990231990232
-2.17338217338217	-1.36752136752137	-1.9047619047619
-3.41880341880342	-2.46642246642247	-2.58852258852259
-2.002442002442	-2.80830280830281	-2.02686202686203
-0.854700854700855	-2.68620268620269	-2.002442002442
-0.83028083028083	-2.85714285714286	-2.39316239316239
-2.41758241758242	-4.34676434676435	-3.93162393162393
-0.634920634920635	-2.66178266178266	-2.2954822954823
-1.41636141636142	-1.53846153846154	-0.708180708180708
-2.49084249084249	-2.17338217338217	-1.48962148962149
-1.53846153846154	-1.66056166056166	-1.12332112332112
-1.51404151404151	-1.68498168498168	-0.708180708180708
-2.53968253968254	-1.83150183150183	-1.44078144078144
1.001221001221	1.70940170940171	1.41636141636142
0.537240537240537	2.07570207570208	3.12576312576313
1.61172161172161	1.17216117216117	1.88034188034188
2.63736263736264	2.78388278388278	2.1978021978022
1.41636141636142	2.05128205128205	2.14896214896215
1.66056166056166	2.07570207570208	0.659340659340659
3.2967032967033	4.2002442002442	1.63614163614164
2.51526251526252	4.1025641025641	2.002442002442
1.85592185592186	4.17582417582418	1.1965811965812
2.24664224664225	5.37240537240537	3.2967032967033
0.757020757020757	4.54212454212454	1.9047619047619
0.317460317460317	4.61538461538461	2.22222222222222
1.56288156288156	4.71306471306471	2.05128205128205
0.879120879120879	4.02930402930403	1.46520146520147
0.366300366300366	2.97924297924298	1.83150183150183
3.68742368742369	3.95604395604396	3.22344322344322
1.51404151404151	2.17338217338217	2.71062271062271
1.12332112332112	1.9047619047619	2.63736263736264
3.73626373626374	4.3956043956044	2.63736263736264
3.1013431013431	4.02930402930403	3.12576312576313
1.68498168498168	2.31990231990232	2.17338217338217
2.1001221001221	2.71062271062271	1.51404151404151
1.51404151404151	1.83150183150183	0.293040293040293
2.61294261294261	3.003663003663	2.51526251526252
4.004884004884	4.12698412698413	2.71062271062271
5.27472527472527	4.27350427350427	1.78266178266178
5.3968253968254	3.93162393162393	1.0989010989011
2.53968253968254	2.44200244200244	0.390720390720391
4.44444444444444	3.1013431013431	1.31868131868132
2.24664224664225	1.1965811965812	-0.0488400488400488
1.07448107448107	0.122100122100122	-0.244200244200244
0.0732600732600733	0.390720390720391	1.46520146520147
4.27350427350427	3.46764346764347	1.92918192918193
2.75946275946276	2.88156288156288	1.31868131868132
2.34432234432234	1.73382173382173	-0.659340659340659
1.75824175824176	1.41636141636142	-1.75824175824176
0.561660561660562	-0.0488400488400488	-3.56532356532357
0.244200244200244	-1.001221001221	-2.75946275946276
-1.14774114774115	-2.002442002442	-3.46764346764347
-0.366300366300366	-0.854700854700855	-2.12454212454212
0.903540903540904	0.488400488400488	0.634920634920635
2.95482295482295	2.61294261294261	1.001221001221
1.70940170940171	1.92918192918193	0.512820512820513
2.34432234432234	1.61172161172161	0.927960927960928
0.488400488400488	0.561660561660562	-0.757020757020757
0.244200244200244	-0.122100122100122	-0.83028083028083
-0.537240537240537	-2.46642246642247	-3.003663003663
-2.63736263736264	-3.66300366300366	-5.27472527472527
0.0976800976800977	-1.46520146520147	-2.56410256410256
0.952380952380952	-0.488400488400488	-1.17216117216117
-0.268620268620269	-0.561660561660562	-3.003663003663
2.93040293040293	2.61294261294261	1.44078144078144
2.36874236874237	2.17338217338217	1.26984126984127
1.73382173382173	1.75824175824176	0.708180708180708
1.07448107448107	-0.0244200244200244	-1.83150183150183
1.24542124542125	-1.29426129426129	-1.48962148962149
1.36752136752137	-0.903540903540904	-1.85592185592186
-0.0976800976800977	-2.1001221001221	-1.78266178266178
-0.854700854700855	-0.952380952380952	-0.488400488400488
-0.854700854700855	-1.07448107448107	-0.708180708180708
-1.68498168498168	-0.122100122100122	0.610500610500611
-0.0488400488400488	1.53846153846154	2.95482295482295
1.24542124542125	3.05250305250305	2.2954822954823
1.31868131868132	2.93040293040293	2.31990231990232
3.41880341880342	4.2002442002442	4.37118437118437
4.2002442002442	4.22466422466422	4.12698412698413
2.85714285714286	2.88156288156288	2.58852258852259
4.02930402930403	2.31990231990232	3.02808302808303
4.59096459096459	2.22222222222222	3.44322344322344
2.95482295482295	0.561660561660562	1.53846153846154
2.63736263736264	0.488400488400488	2.85714285714286
2.12454212454212	0.415140415140415	1.53846153846154
1.78266178266178	-0.659340659340659	0.317460317460317
1.17216117216117	-1.17216117216117	0.21978021978022
1.41636141636142	-0.341880341880342	0.512820512820513
1.83150183150183	0.683760683760684	1.26984126984127
1.24542124542125	-0.268620268620269	1.41636141636142
0.488400488400488	-0.317460317460317	1.41636141636142
0.537240537240537	1.26984126984127	2.53968253968254
0.244200244200244	0.903540903540904	0.390720390720391
0.0244200244200244	-0.366300366300366	0.21978021978022
0.976800976800977	1.34310134310134	3.02808302808303
-0.927960927960928	-0.293040293040293	1.05006105006105
-0.537240537240537	-0.195360195360195	1.41636141636142
0.366300366300366	1.0989010989011	3.58974358974359
-0.0488400488400488	0.537240537240537	1.88034188034188
-0.0732600732600733	1.46520146520147	2.36874236874237
1.83150183150183	3.12576312576313	3.98046398046398
0.683760683760684	2.66178266178266	3.27228327228327
-0.390720390720391	1.48962148962149	1.56288156288156
0.976800976800977	3.73626373626374	5.81196581196581
1.48962148962149	3.61416361416361	3.95604395604396
2.34432234432234	4.22466422466422	4.004884004884
2.63736263736264	3.56532356532357	3.41880341880342
0.903540903540904	1.68498168498168	1.73382173382173
2.05128205128205	2.14896214896215	2.1001221001221
1.24542124542125	1.34310134310134	1.97802197802198
1.63614163614164	1.66056166056166	2.22222222222222
1.75824175824176	2.73504273504274	2.39316239316239
2.1978021978022	3.02808302808303	2.58852258852259
2.1001221001221	2.49084249084249	2.31990231990232
1.66056166056166	2.53968253968254	1.14774114774115
-1.17216117216117	0.390720390720391	-0.195360195360195
1.44078144078144	0.952380952380952	0.415140415140415
1.41636141636142	0.952380952380952	1.56288156288156
0.952380952380952	1.80708180708181	1.48962148962149
3.22344322344322	4.12698412698413	3.56532356532357
5.32356532356532	6.15384615384615	4.95726495726496
5.12820512820513	6.27594627594628	5.42124542124542
3.39438339438339	3.90720390720391	3.12576312576313
1.29426129426129	0.659340659340659	1.70940170940171
2.34432234432234	0.0732600732600733	0.708180708180708
-0.463980463980464	-2.1978021978022	-0.21978021978022
-0.561660561660562	-1.44078144078144	0.732600732600733
1.70940170940171	-0.21978021978022	1.17216117216117
2.07570207570208	0.586080586080586	1.61172161172161
3.76068376068376	2.39316239316239	2.07570207570208
2.78388278388278	2.14896214896215	1.26984126984127
2.75946275946276	1.88034188034188	1.46520146520147
3.63858363858364	2.14896214896215	1.14774114774115
0.415140415140415	0.0488400488400488	0.586080586080586
-1.46520146520147	-1.39194139194139	-0.757020757020757
-0.757020757020757	-2.63736263736264	-1.58730158730159
-0.757020757020757	-1.70940170940171	-1.05006105006105
0.146520146520147	-0.268620268620269	-0.341880341880342
-0.293040293040293	-1.07448107448107	-1.14774114774115
0.488400488400488	-0.244200244200244	-0.317460317460317
-1.07448107448107	-1.53846153846154	-1.58730158730159
-1.56288156288156	-2.2954822954823	-2.07570207570208
-0.561660561660562	-2.31990231990232	-2.17338217338217
-0.708180708180708	-1.29426129426129	-0.708180708180708
0.976800976800977	0.854700854700855	2.07570207570208
1.02564102564103	0.708180708180708	0.805860805860806
2.1978021978022	1.73382173382173	2.1978021978022
1.9047619047619	1.26984126984127	0.21978021978022
1.75824175824176	0.952380952380952	-0.757020757020757
-0.463980463980464	-0.903540903540904	-2.002442002442
0.732600732600733	0	-0.43956043956044
0.21978021978022	0.146520146520147	1.17216117216117
-0.341880341880342	-0.0976800976800977	0.488400488400488
0.586080586080586	0.512820512820513	2.07570207570208
0.170940170940171	0.293040293040293	1.44078144078144
-0.21978021978022	-0.659340659340659	1.39194139194139
-1.39194139194139	-0.879120879120879	0.757020757020757
-2.39316239316239	-0.537240537240537	1.46520146520147
-0.854700854700855	-0.366300366300366	0.805860805860806
-1.14774114774115	0.146520146520147	0.683760683760684
-1.97802197802198	-0.0488400488400488	0.561660561660562
0.317460317460317	-0.195360195360195	-0.805860805860806
1.02564102564103	1.001221001221	0.757020757020757
-0.732600732600733	-0.488400488400488	-0.0244200244200244
0.757020757020757	-0.244200244200244	0.122100122100122
0.512820512820513	0.0976800976800977	-0.390720390720391
-0.43956043956044	-0.512820512820513	-0.0732600732600733
-0.879120879120879	-0.0732600732600733	-0.0732600732600733
-0.390720390720391	-0.268620268620269	-0.0976800976800977
-0.610500610500611	-1.39194139194139	-2.02686202686203
2.07570207570208	0.586080586080586	-0.610500610500611
1.41636141636142	0.512820512820513	1.07448107448107
0.43956043956044	-0.757020757020757	0.903540903540904
-1.29426129426129	-1.97802197802198	-0.0488400488400488
-2.83272283272283	-2.49084249084249	-0.757020757020757
-1.70940170940171	-2.14896214896215	-1.29426129426129
-1.83150183150183	-1.36752136752137	-0.0244200244200244
-0.854700854700855	-2.02686202686203	-1.78266178266178
-2.71062271062271	-3.05250305250305	-2.51526251526252
0.659340659340659	-1.34310134310134	-1.41636141636142
0.610500610500611	-0.732600732600733	0.21978021978022
-1.70940170940171	-2.71062271062271	-1.75824175824176
-0.170940170940171	-0.488400488400488	-0.976800976800977
2.1001221001221	0.757020757020757	-0.0976800976800977
-2.07570207570208	-3.02808302808303	-3.80952380952381
-2.61294261294261	-3.54090354090354	-2.61294261294261
-3.39438339438339	-4.2979242979243	-3.85836385836386
-3.95604395604396	-5.32356532356532	-4.004884004884
-3.02808302808303	-4.12698412698413	-2.83272283272283
-3.80952380952381	-3.2967032967033	-1.29426129426129
-2.88156288156288	-2.39316239316239	-1.41636141636142
-1.95360195360195	-1.29426129426129	-1.92918192918193
-3.66300366300366	-2.49084249084249	-2.46642246642247
-2.24664224664225	-2.1978021978022	-2.22222222222222
-1.61172161172161	-1.9047619047619	-1.88034188034188
-1.63614163614164	-1.61172161172161	-1.63614163614164
0.586080586080586	0.415140415140415	0.390720390720391
1.56288156288156	1.14774114774115	0.244200244200244
0.781440781440781	1.41636141636142	1.17216117216117
1.88034188034188	3.54090354090354	2.1001221001221
0.927960927960928	2.93040293040293	1.44078144078144
0.903540903540904	3.36996336996337	1.14774114774115
2.51526251526252	4.71306471306471	2.80830280830281
0.610500610500611	3.1013431013431	0.21978021978022
2.22222222222222	3.83394383394383	1.39194139194139
-1.48962148962149	1.66056166056166	0.21978021978022
-3.46764346764347	-0.757020757020757	-1.85592185592186
-0.21978021978022	1.68498168498168	-0.390720390720391
-0.732600732600733	0.268620268620269	-0.512820512820513
-1.12332112332112	0.561660561660562	-2.68620268620269
-0.415140415140415	1.22100122100122	-0.903540903540904
-1.78266178266178	-0.708180708180708	-1.12332112332112
-2.56410256410256	-2.14896214896215	-1.24542124542125
-2.49084249084249	-1.56288156288156	-1.34310134310134
