4.20233463035019	6.42099641412985	-0.164797436484321
3.94903486686503	9.1126878767071	2.43839169909209
2.72831311512932	7.77904936293584	2.36820019836728
6.64072632944228	9.74746318760967	5.20943007553216
8.25513084611277	9.01197833218891	4.71503776607919
7.32127870603494	8.22766460669871	5.35591668574044
7.40062561989776	7.78210116731517	5.22163729304952
5.97543297474632	6.88792248416877	5.59700923170825
6.96116578927291	8.5999847409781	5.63057907988098
6.87571526665141	6.70786602578775	2.47196154726482
6.67124437323568	5.29182879377432	4.85847257190814
0.619516289005875	1.28480964370184	1.07728694590677
4.59601739528496	2.89616235599298	3.55535210193027
1.15053025101091	2.87479972533761	3.930724040589
4.43121995880064	5.51766231784543	4.55024032959487
6.35080491340505	6.47287708857862	2.92668039978637
3.80254825665675	6.77500572213321	2.85954070344091
9.21644922560464	9.63149462119478	6.72617685206378
7.08323796444648	7.43724727244984	2.63981078812848
7.73937590600443	7.73327229724575	4.21759365224689
5.08125429159991	6.88487067978943	2.52079041733425
3.24406805523766	4.00701915007248	0.863660639353018
2.3071641107805	3.74151216906996	0.659189745937285
1.56862745098039	2.72526131074998	-0.866712443732357
0.701915007248035	1.51064316777295	0.549324788281071
-1.8097199969482	1.15663385976959	-1.61745632104982
0.140383001449607	2.49027237354086	-0.411993591210803
-1.02845807583734	2.8900587472343	1.05592431525139
-4.54108491645685	2.96330205233845	-1.40077821011673
-2.50553139543755	3.96124208438239	-1.31837949187457
-1.57473105973907	6.85435263599603	0.643930724040589
-1.2664988174258	5.51766231784543	-0.50965133134966
0.204470893415732	7.12291142137789	0.692759594110018
0.759899290455482	6.87266346227207	-1.60219729915312
1.91958495460441	8.07507438773175	0.701915007248035
3.43327992675669	9.1432059205005	2.60013733119707
1.86770428015564	7.81261921110857	-1.025406271458
4.614328221561	8.07812619211109	1.22987716487373
4.15655756466011	6.78110933089189	3.34477759975586
3.81475547417411	5.21553368429084	2.66117341878386
2.51163500419623	3.17387655451286	2.04470893415732
4.41290913252461	3.25322346837568	1.30312046997787
6.29892423895628	3.91241321431296	2.19729915312428
6.39047837033646	3.759822995346	-0.332646677347982
8.39246204318303	4.30609597924773	1.99282825970855
5.60616464484626	3.42412451361868	0.277714198519875
5.9662775616083	3.61638818951705	3.13115129320211
5.19111924925612	4.03753719386587	2.24002441443503
3.97344930189975	1.26039520866712	1.45571068894484
2.96330205233845	1.51064316777295	0.494392309452964
3.46684977492943	-0.448615243762875	1.10780498970016
2.51468680857557	-0.347905699244678	0.418097199969482
1.05592431525139	0.064087891966125	-1.24818799114977
4.44037537193866	1.59914549477379	2.88700694285496
1.1261158159762	1.11696040283818	-0.021362630655375
1.17494468604562	0.741588464179446	1.25429159990845
-0.262455176623178	-1.15358205539025	-0.81177996490425
-3.6591134508278	-4.30304417486839	-3.52178225375753
-6.70176241702907	-6.31418326085298	-3.90630960555428
-5.0110627908751	-8.47791256580453	-5.84725719081407
-8.52674143587396	-9.20729381246662	-7.54406042572671
-7.43724727244984	-8.40466926070039	-5.70687418936446
-6.46066987106127	-10.1289387350271	-6.60410467689021
-7.6752880140383	-9.42397192339971	-5.32234683756771
-5.15754940108339	-7.44029907682918	-4.92866407263294
-1.32448310063325	-5.33150225070573	-2.27664606698711
0.988784618905928	-2.97245746547646	0.0762951094834821
1.76089112687877	-2.83817807278553	-1.18715190356298
1.84328984512093	-2.89616235599298	-1.87075608453498
3.64690623331044	-3.39055466544594	1.07423514152743
2.68558785381857	-4.91340505073625	0.952162966353857
3.43938353551537	-6.20126649881743	-0.186160067139696
2.99992370489052	-5.08430609597925	2.05386434729534
2.79850461585412	-4.08331425955596	3.51873044937819
2.22476539253834	-4.54413672083619	3.15861753261616
3.17692835889219	-4.82795452811475	1.57167925535973
-1.82803082322423	-5.75570305943389	0.89417868314641
-2.24917982757305	-6.30197604333562	-0.93690394445716
-4.18402380407416	-7.63866636148623	-3.02128633554589
-5.04463263904784	-7.55321583886473	-0.466926070038911
-6.0517280842298	-7.17479209582666	-0.311284046692607
-5.76485847257191	-6.50034332799268	-2.64591439688716
0.924696726939803	-3.86663614862287	0.231937132829786
1.66323338673991	-2.83817807278553	1.23292896925307
0.0793469138628214	-4.3579766536965	-2.02639810788128
2.05386434729534	-3.26848249027237	1.2115663385977
0.192263675898375	-4.40680552376593	1.39162279697871
-0.531013962005035	-5.07820248722057	2.15762569619287
-1.33058670939193	-5.07820248722057	0.225833524071107
-0.81177996490425	-4.12603952086671	1.30312046997787
-0.454718852521553	-3.14030670634012	2.73136491950866
-2.96635385671778	-5.86251621271076	-0.869764248111696
-2.17593652246891	-5.37422751201648	1.92874036774243
-1.00404364080262	-4.53803311207752	-0.393682764934768
-3.17387655451286	-3.0914778362707	-0.927748531319142
-0.369268329900053	-2.31937132829786	-0.689707789730678
0.976577401388571	-0.289921416037232	-1.09254596780346
-0.46997787441825	0.924696726939803	-0.534065766384375
0.714122224765393	0.643930724040589	0.134279392690929
0.186160067139696	1.66933699549859	0.323491264209964
4.20843823910887	3.73540856031128	2.0355535210193
3.49126420996414	4.24811169604028	2.37430380712596
3.70183871213855	4.06195162890059	2.42923628595407
2.10269321736477	3.43938353551537	3.02128633554589
3.24406805523766	2.36514839398795	5.08125429159991
4.4281681544213	1.98672465094987	3.44853894865339
5.21858548867018	0.0579842832074464	4.26337071793698
1.50759136339361	0.00610360875867857	3.30205233844511
2.33157854581521	1.80361638818952	4.101625085832
2.70695048447395	0.738536659800107	5.32234683756771
2.02029449912261	0.76600289921416	5.89913786526284
0.228885328450446	1.0406652933547	5.91439688715953
2.74052033264668	1.13527122911421	7.65392538338293
1.70901045243	-0.704966811627375	7.11985961699855
0.149538414587625	-1.05592431525139	5.78622110322728
-1.85549706263828	-3.03959716182193	5.2826733806363
-2.78324559395743	-4.83710994125277	2.90226596475166
-2.44144350347143	-6.86045624475471	-0.231937132829786
-2.02944991226062	-8.22461280231937	-0.463874265659571
-2.51163500419623	-7.690547035935	-1.69069962615396
-3.17082475013352	-8.1177996490425	-3.81170366979477
-0.750743877317464	-4.93171587701228	0.149538414587625
2.05691615167468	-4.82490272373541	0.234988937209125
-0.0274662394140536	-4.65400167849241	-0.186160067139696
-1.90432593270771	-4.1870756084535	0.805676356145571
0.244144350347143	-3.61333638513771	1.0406652933547
-2.45670252536812	-4.73945220111391	-1.64492256046387
-2.20035095750362	-4.59296559090562	-0.460822461280232
-1.23292896925307	-3.92462043183032	-0.411993591210803
-0.00610360875867857	-3.76897840848402	0.204470893415732
1.97756923781186	-1.03456168459602	2.71305409323262
-0.378423743038071	0.231937132829786	2.92057679102769
2.0355535210193	0.274662394140536	1.86770428015564
2.0660715648127	0.72327763790341	2.26443884946975
0.695811398489357	1.6083009079118	2.7496757457847
2.22476539253834	0.329594872968643	3.15861753261616
0.973525597009232	-0.549324788281071	1.59914549477379
0.439459830624857	0.158693827725643	1.65102616922255
4.48615243762875	2.76493476768139	2.61539635309377
3.63164721141375	1.60524910353246	-0.366216525520714
3.39360646982528	1.29396505683986	1.69680323491264
6.1219195849546	1.02235446707866	0.900282291905089
4.956130312047	1.73037308308537	2.43228809033341
6.95811398489357	2.97245746547646	1.60219729915312
7.68139162279698	1.59304188601511	-1.39162279697871
7.12901503013657	1.36415655756466	1.35805294880598
4.59601739528496	1.05592431525139	-0.0793469138628214
3.02128633554589	0.341802090486	0.473029678797589
1.51674677653162	-0.909437705043107	2.50553139543755
0.650034332799268	0.445563439383536	3.2318608377203
1.12916762035554	1.2115663385977	3.39665827420462
-0.814831769283589	0.244144350347143	0.961318379491875
0.881971465629053	0.708018616006714	4.90424963759823
-2.4780651560235	-3.20744640268559	3.87273975738155
-5.16975661860075	-5.5237659266041	2.734416723888
-3.91241321431296	-6.60410467689021	3.87273975738155
-2.15762569619287	-6.51255054551003	3.60418097199969
-7.61120012207217	-8.53894865339132	-0.122072175173571
-3.63164721141375	-7.44335088120851	-1.66018158236057
-4.73334859235523	-7.40062561989776	-4.73945220111391
-3.930724040589	-8.5297932402533	-4.64789806973373
-4.47394522011139	-7.02525368123903	-6.06393530174716
-4.80354009308003	-7.56237125200275	-7.32738231479362
-4.19317921721218	-6.76890211337453	-6.68955519951171
-6.18600747692073	-5.08125429159991	-6.05783169298848
-6.28366521705959	-4.75776302738994	-5.54818036163882
-4.54718852521553	-4.25421530479896	-4.50141145952544
-3.27153429465171	-4.40680552376593	-2.29495689326314
-3.38445105668727	-2.59708552681773	-3.69878690775921
-2.97245746547646	-1.6388189517052	-3.53398947127489
-1.07728694590677	0.558480201419089	-1.21461814297704
-2.72831311512932	2.43533989471275	-2.88700694285496
-0.863660639353018	5.55123216601816	0.833142595559625
0.817883573662928	8.90211337453269	4.01922636758984
0.421149004348821	9.06080720225834	1.44960708018616
1.94094758525978	10.6691081101701	2.8900587472343
1.51064316777295	10.6904707408255	3.16472114137484
1.68764782177462	11.2336919203479	2.89311055161364
3.20134279392691	10.7301441977569	4.09552147707332
1.94399938963912	8.45349813076982	2.86564431219959
5.59090562294957	8.09643701838712	2.35294117647059
3.69573510337987	6.00595101853971	0.494392309452964
2.33768215457389	2.47501335164416	-2.49942778667887
0.912489509422446	1.05287251087205	-4.32440680552377
-2.71000228885328	-2.00808728160525	-3.96429388876173
-5.0415808346685	-2.18509193560693	-5.84420538643473
-5.3528648813611	-1.08033875028611	-4.41596093690394
-4.86762798504616	-1.2664988174258	-4.5990691996643
-4.67841611352712	-0.494392309452964	-5.31929503318837
-2.02029449912261	0.271610589761196	-4.54108491645685
-0.750743877317464	-0.479133287556268	-5.91439688715953
-3.22270542458228	-0.857557030594339	-5.31929503318837
-3.43938353551537	-0.985732814526589	-4.02227817196918
-0.997940032043946	-2.43839169909209	-5.09956511787594
-1.19325551232166	-2.03250171663996	-2.4933241779202
-3.4882124055848	-3.21660181582361	-2.77714198519875
-1.72732127870604	-2.28580148012512	-1.74563210498207
-1.56252384222171	-3.13115129320211	-2.23086900129702
-4.91340505073625	-4.48615243762875	-5.8808270389868
-8.43518730449378	-5.09346150911727	-6.38742656595712
-6.13107499809262	-4.91645685511559	-6.71091783016709
-7.90417334248875	-6.02731364919509	-6.77500572213321
-7.76684214541848	-5.13923857480736	-8.47791256580453
-6.16769665064469	-4.77607385366598	-7.57763027389944
-5.97848477912566	-4.55939574273289	-7.04966811627375
-6.9764248111696	-5.10872053101396	-7.55016403448539
-6.40573739223316	-4.95307850766766	-6.0669871061265
-6.90318150606546	-3.65300984206912	-6.23178454261082
-6.6346227206836	-3.96429388876173	-7.61120012207217
-5.87167162584878	-4.25116350041962	-7.2632944228275
-4.47089341573205	-4.23895628290227	-5.13923857480736
-5.98764019226368	-5.24605172808423	-6.35690852216373
-7.40978103303578	-4.52277409018082	-7.13511863889525
-8.30090791180285	-5.36202029449912	-6.58884565499351
-8.93568322270542	-5.24605172808423	-6.41489280537118
-8.63355458915083	-4.80659189745937	-5.62752727550164
-8.21545738918135	-5.35896849011978	-7.6050965133135
-7.48302433813993	-5.02937361715114	-7.04966811627375
-11.1970702677958	-4.60212100404364	-8.90821698329137
-12.2438391699092	-5.52071412222477	-9.56130312046998
-13.3424887464714	-5.93575951781491	-8.77393759060044
-14.1695277332723	-4.5136186770428	-7.68749523155566
-14.2366674296178	-5.23384451056687	-8.14221408407721
-12.2499427786679	-4.62043183031968	-7.07408255130846
-10.1716639963378	-3.50957503624018	-7.0923933775845
-7.48302433813993	-2.32852674143587	-7.06492713817044
-8.31311512932021	-3.42412451361868	-8.23987182421607
-5.37117570763714	-2.97245746547646	-6.86350804913405
-2.25833524071107	-1.76699473563745	-7.72716868848707
-2.75577935454337	-1.04982070649271	-6.80247196154726
-7.60204470893416	-2.9907682917525	-6.49729152361334
-6.16769665064469	-3.29900053406577	-7.49217975127794
-6.31113145647364	-4.6997787441825	-6.83299000534066
-9.98550392919814	-7.95605401693751	-6.26230258640421
-8.10559243152514	-6.55527580682078	-5.81368734264134
-9.2835889219501	-6.03036545357443	-5.84725719081407
-7.27244983596551	-3.49431601434348	-4.8401617456321
-6.15548943312734	-0.833142595559625	-3.32646677347982
-6.14023041123064	0.805676356145571	-1.41603723201343
-5.76485847257191	-1.04676890211337	-3.61333638513771
-3.90630960555428	-1.48622873273823	-4.43732356755932
-4.74860761425193	-2.36820019836728	-4.16571297779812
-6.63157091630427	-2.83817807278553	-4.38544289311055
-6.04562447547112	-2.44449530785077	-5.99679560540169
-7.02830548561837	-1.34279392690929	-3.11284046692607
-5.05073624780652	-2.18509193560693	-4.25116350041962
-2.74662394140536	-0.930800335698482	-2.30411230640116
-5.74959945067521	-2.43228809033341	-3.46990157930877
-5.75265125505455	-2.60624093995575	-3.98870832379644
-4.63874265659571	-2.70389868009461	-3.54314488441291
-7.16563668268864	-2.74052033264668	-5.56649118791485
-6.73228046082246	-2.51773861295491	-3.55230029755093
-4.30304417486839	-1.71511406118868	-3.51262684061952
-7.68139162279698	-2.32852674143587	-5.18501564049744
-3.79339284351873	-1.37026016632334	-2.83817807278553
-4.49530785076677	-0.662241550316625	-1.40077821011673
-6.27450980392157	-2.62149996185245	-4.08026245517662
-3.92156862745098	-2.08743419546807	-1.73647669184405
-5.02021820401312	-2.73746852826734	-2.93583581292439
-12.4635690852216	-5.48409246967269	-4.19623102159152
-8.88075074387732	-4.73640039673457	-2.42923628595407
-8.203250171664	-2.92057679102769	-1.82192721446555
-9.06385900663767	-2.3071641107805	-1.51064316777295
-7.63561455710689	-1.538109407187	0.180056458381018
-5.02021820401312	-2.14847028305486	0.521858548867018
-6.69871061264973	-3.27153429465171	1.66933699549859
-10.0465400167849	-3.60418097199969	-0.860608834973678
-5.7953765163653	-4.69672693980316	-1.59914549477379
-7.13511863889525	-4.5990691996643	-4.10467689021134
-4.85236896314946	-4.93476768139162	-3.12809948882277
-3.32951857785916	-5.51155870908675	-3.1616693369955
-4.46478980697337	-6.03036545357443	-2.2369726100557
-6.8055237659266	-6.92759594110018	-4.90424963759823
-7.82787823300526	-4.26642252231632	-3.29900053406577
-4.101625085832	-3.11894407568475	-2.90836957351034
-6.29587243457694	-3.50041962310216	-3.46074616617075
-5.83810177767605	-4.39765011062791	-2.49942778667887
-4.1870756084535	-2.58487830930037	-0.686655985351339
-6.53391317616541	-4.01312275883116	-3.89105058365759
-5.82894636453803	-3.09452964065003	-1.65712977798123
-7.40062561989776	-2.16983291371023	-2.20950637064164
-4.68757152666514	-1.3824673838407	-0.527962157625696
-6.0364690623331	-3.25017166399634	-2.71305409323262
-5.67330434119173	-3.91241321431296	0.216678110933089
-5.37422751201648	-5.25520714122225	-2.06912336919203
-2.85648889906157	-4.81574731059739	-1.57778286411841
-3.94598306248569	-3.80254825665675	-0.665293354695964
-4.40985732814527	-3.75371938658732	-0.00610360875867857
-1.72121766994736	-1.28480964370184	1.41603723201343
0.241092545967803	-0.192263675898375	1.72121766994736
-0.454718852521553	-0.0457770656900893	3.03044174868391
-1.31227588311589	0.0854505226215	1.37331197070268
-1.74563210498207	-0.830090791180285	0.29907682917525
-2.96940566109712	-3.01518272678721	-1.28480964370184
-4.12298771648737	-3.10063324940871	-4.86457618066682
-4.80659189745937	-3.87579156176089	-4.37628747997253
-7.06797894254978	-4.785229266804	-6.37216754406043
-3.36308842603189	-2.55741206988632	-4.81879911497673
-4.88288700694286	-1.39772640573739	-3.6743724727245
-5.810635538262	-1.7792019531548	-1.77615014877546
-3.93377584496834	-1.97451743343252	-0.448615243762875
-4.73029678797589	-2.26443884946975	1.45571068894484
0.531013962005035	-0.131227588311589	0.378423743038071
-1.00404364080262	-0.189211871519036	2.10574502174411
0.161745632104982	-0.305180437933928	1.41298542763409
2.563515678645	0.479133287556268	2.3071641107805
-0.0457770656900893	-0.628671702143893	-1.58999008163577
0.643930724040589	-1.59914549477379	0.268558785381857
0.219729915312428	-0.616464484626535	0.949111161974517
-0.994888227664607	-0.790417334248875	1.08949416342412
3.91241321431296	2.30411230640116	4.51667048142214
2.88090333409628	2.59403372243839	4.83710994125277
3.32646677347982	4.1870756084535	4.37628747997253
4.23590447852293	5.33150225070573	3.56145571068894
6.44541084916457	6.97947661554894	4.21149004348821
1.82497901884489	6.00900282291905	4.81269550621805
0.579842832074464	5.85030899519341	5.03242542153048
0.613412680247196	4.72114137483787	4.19623102159152
-2.66727702754253	3.19523918516823	4.60212100404364
-3.81170366979477	3.48210879682612	3.50957503624018
-1.27565423056382	4.32440680552377	5.87167162584878
-1.46486610208286	3.30815594720378	4.272526131075
-0.296025024795911	3.04264896620127	5.00190737773709
0.106813153276875	3.17387655451286	5.27351796749828
1.67238879987793	2.27054245822843	4.80659189745937
1.70901045243	1.71206225680934	3.99481193255512
2.28580148012512	2.45059891660945	4.09857328145266
1.51369497215228	1.13527122911421	1.43434805828946
3.64995803768978	0.906385900663767	1.80361638818952
3.26848249027237	-1.1810482948043	1.31227588311589
-3.930724040589	-3.15556572823682	0.997940032043946
-1.99282825970855	-3.44243533989471	-0.244144350347143
-3.25322346837568	-2.88700694285496	0.329594872968643
-4.02532997634852	-1.879911497673	1.88906691081102
-1.49538414587625	-0.485236896314946	0.997940032043946
1.17189288166629	-0.634775310902571	1.49233234149691
2.3071641107805	-0.500495918211643	1.14747844663157
-0.814831769283589	-0.63782711528191	2.77409018081941
1.08644235904479	1.41603723201343	2.72526131074998
0.186160067139696	1.00709544518196	3.63164721141375
0.439459830624857	2.10574502174411	2.18204013122759
-0.0122072175173571	3.0609597924773	1.78835736629282
-0.134279392690929	2.32852674143587	0.732433051041428
1.4526588845655	3.06401159685664	2.392614633402
-0.271610589761196	2.7496757457847	-0.305180437933928
-1.21461814297704	2.34073395895323	0.787365529869535
-0.164797436484321	1.3519493400473	1.40688181887541
-0.375371938658732	0.250247959105821	1.14442664225223
-2.26443884946975	1.3519493400473	-0.198367284657053
-0.833142595559625	0.4272526131075	-0.0854505226215
1.96231021591516	1.87075608453498	-0.735484855420768
-1.00709544518196	1.75173571374075	-0.845349813076982
1.66628519111925	0.967421988250553	-0.411993591210803
-1.18715190356298	-0.259403372243839	-2.88395513847562
-1.46181429770352	-0.262455176623178	-3.15861753261616
-0.466926070038911	-0.845349813076982	-0.762951094834821
1.1108567940795	0.262455176623178	-1.16578927290761
0.311284046692607	0.421149004348821	-1.41603723201343
1.30312046997787	1.66628519111925	-1.2115663385977
-0.665293354695964	0.97962920576791	0.570687418936446
0.457770656900893	1.71816586556802	1.81887541008621
-0.317387655451286	0.296025024795911	2.39871824216068
-1.98977645532921	-1.69069962615396	-0.677500572213321
-1.879911497673	-0.354009308003357	3.01518272678721
-3.44853894865339	-2.11795223926146	-0.0732433051041428
-2.21560997940032	-1.6937514305333	1.03150988021668
-2.81376363775082	-0.186160067139696	-1.01930266269932
0.0457770656900893	1.13221942473487	-0.21362630655375
-0.204470893415732	3.71709773403525	-0.537117570763714
1.92874036774243	4.11078049897002	0.985732814526589
2.52994583047227	5.24910353246357	2.53604943923095
2.21255817502098	6.00900282291905	1.91042954146639
3.52178225375753	5.48714427405203	3.44548714427405
5.96932936598764	7.39452201113909	5.46272983901732
5.32845044632639	8.32837415121691	7.52269779507134
6.58274204623484	8.60608834973678	8.56946669718471
4.22369726100557	7.8461890592813	7.37926298924239
4.79438467994202	7.32738231479362	5.72213321126116
2.12710765239948	6.84519722285801	4.33051041428244
4.11993591210803	4.35187304493782	2.86869611657893
7.72411688410773	4.35187304493782	1.56557564660105
5.25215533684291	3.56450751506828	3.35088120851453
6.35996032654307	2.76493476768139	1.196307316701
5.41084916456855	3.94293125810636	3.63164721141375
3.43633173113603	2.56046387426566	0.918593118181125
3.18303196765087	2.15457389181353	1.10475318532082
3.38445105668727	2.78629739833677	0.418097199969482
3.75066758220798	1.28786144808118	0.717174029144732
3.47905699244678	2.22781719691768	1.83718623636225
2.89311055161364	1.9806210421912	2.5482566567483
1.31532768749523	0.329594872968643	1.49843595025559
2.42313267719539	1.08644235904479	3.8452735179675
1.20241092545968	1.65712977798123	2.51163500419623
4.93781948577096	3.10978866254673	5.56038757915618
2.71000228885328	1.18410009918364	2.29495689326314
5.31624322880903	2.63981078812848	3.56755931944762
4.97444113832303	4.27557793545434	4.54718852521553
5.96322575722896	3.58281834134432	4.98664835584039
4.272526131075	2.87174792095827	2.050812542916
4.26337071793698	2.65506981002518	2.97245746547646
2.60624093995575	1.03761348897536	2.07522697795071
2.16067750057221	-1.63271534294652	0.430304417486839
0.167849240863661	-2.37125200274662	0.21362630655375
1.55947203784237	-4.66010528725109	-1.28480964370184
-0.292973220416571	-4.5136186770428	-0.729381246662089
-0.784313725490196	-6.24704356450752	-0.152590218966964
-1.58083466849775	-5.89913786526284	0.0183108262760357
-0.195315480277714	-3.42412451361868	-0.393682764934768
-0.659189745937285	-1.73952849622339	1.85854886701762
-1.70595864805066	-0.708018616006714	0.338750286106661
4.36102845807584	4.01312275883116	3.57061112382696
6.99473563744564	5.49019607843137	4.08026245517662
3.53093766689555	4.84626535439078	6.72312504768444
6.85435263599603	5.98458838788434	6.35385671778439
4.89509422446021	5.50240329594873	5.97848477912566
6.9764248111696	7.90722514686809	7.52269779507134
10.6172274357214	11.4076447699702	9.51247425040055
10.2601663233387	12.9182879377432	12.152285038529
14.8195620660716	17.4929427023728	15.8327611200122
15.6282902265965	16.9344625009537	14.6181429770352
13.6293583581292	16.5224689097429	14.2671854734112
12.8816662851911	16.0067139696345	15.5825131609064
12.5856412603952	13.9833676661326	14.0962844281682
12.143129625391	12.5947966735332	13.0983443961242
8.14831769283589	10.25406271458	10.6111238269627
9.75967040512703	8.40161745632105	9.54604409857328
4.5990691996643	3.60723277637903	4.88288700694286
2.56046387426566	1.57778286411841	2.57267109178302
2.92362859540703	-0.949111161974517	1.82497901884489
1.10170138094148	-2.31631952391852	0.106813153276875
-0.372320134279393	-4.56549935149157	-2.57267109178302
-1.72121766994736	-6.91844052796216	-3.68047608148318
-2.01113908598459	-9.33241779201953	-6.23178454261082
-2.78324559395743	-11.5938048371099	-6.37216754406043
-3.55840390630961	-10.9803921568627	-5.50545510032807
-0.500495918211643	-9.99160753795682	-4.03448538948653
-2.60318913557641	-8.41687647821775	-3.52483405813687
-3.52178225375753	-8.32837415121691	-4.07110704203861
-1.54421301594568	-6.86045624475471	-0.949111161974517
-0.329594872968643	-4.11993591210803	-0.613412680247196
-2.29800869764248	-3.19829098954757	0.131227588311589
-0.186160067139696	-1.0101472495613	0.857557030594339
3.42717631799802	2.16983291371023	0.573739223315785
1.98672465094987	4.83710994125277	1.36110475318532
6.07309071488518	3.11284046692607	-0.357061112382696
2.73136491950866	2.61234454871443	0.750743877317464
3.55535210193027	2.71305409323262	0.244144350347143
4.70283054856184	4.22980086976425	1.78530556191348
3.80865186541543	5.04463263904784	2.03860532539864
4.96833752956436	5.88387884336614	2.95109483482109
5.12397955291066	7.92248416876478	5.65804531929503
5.88998245212482	7.2480354009308	6.84519722285801
2.41397726405737	2.96940566109712	4.97138933394369
0.241092545967803	1.87685969329366	3.72625314717327
1.17494468604562	0.823987182421607	6.07309071488518
-0.68055237659266	-1.99588006408789	1.97146562905318
0.29907682917525	-0.628671702143893	1.46181429770352
1.65102616922255	-0.436408026245518	1.26039520866712
1.25734340428779	-1.66628519111925	-0.442511635004196
3.21355001144427	-1.68764782177462	1.38857099259937
2.32852674143587	-0.790417334248875	0.836194399938964
2.96330205233845	-1.50453955901427	1.79140917067216
0.253299763485161	-1.62966353856718	1.07423514152743
-2.71000228885328	-1.17799649042496	0.579842832074464
-1.93179217212177	-2.45975432974746	-1.39162279697871
-6.90318150606546	-3.66826886396582	-3.22270542458228
-4.01922636758984	-4.33661402304112	-5.16060120546273
-3.96734569314107	-5.27351796749828	-6.04562447547112
-3.05790798809796	-5.35591668574044	-6.9916838330663
-4.46784161135271	-7.11680781261921	-8.22156099794003
-4.99275196459907	-8.6152437628748	-9.19508659494926
-7.42809185931182	-11.6731517509728	-10.4829480430304
-7.30296787975891	-11.7494468604562	-9.85732814526589
-5.23079270618753	-12.3750667582208	-10.4921034561685
-7.348744945449	-12.9091325246052	-8.09033340962844
-8.31311512932021	-10.5104142824445	-5.64888990615702
-3.50652323186084	-6.51865415426871	-1.85854886701762
-1.06202792401007	-4.84321355001144	0.570687418936446
-3.32341496910048	-5.38033112077516	-0.29907682917525
-1.53200579842832	-5.92660410467689	-2.06301976043336
0.201419089036393	-6.79331654840925	-0.869764248111696
0.790417334248875	-6.78416113527123	-2.48416876478218
0.335698481727321	-6.86045624475471	-2.67948424505989
-1.4526588845655	-6.58579385061418	-3.03044174868391
2.15762569619287	-4.77607385366598	-2.51773861295491
1.86160067139696	-5.63363088426032	-2.66117341878386
1.48928053711757	-7.11680781261921	-4.37018387121385
2.20340276188296	-5.88387884336614	-3.87884336614023
1.93179217212177	-5.07209887846189	-2.59708552681773
1.7792019531548	-5.47798886091402	-4.785229266804
0.0122072175173571	-5.06599526970321	-2.59098191805905
0.433356221866178	-4.20538643472953	-3.82696269169146
-0.488288700694285	-4.37018387121385	-2.61539635309377
-0.387579156176089	-4.02532997634852	-2.4078736552987
-2.25833524071107	-8.10864423590448	-5.30708781567102
-1.12916762035554	-7.18089570458534	-3.23796444647898
-4.56855115587091	-8.28259708552682	-5.03852903028916
-4.11993591210803	-9.30800335698482	-3.98260471503777
-5.31929503318837	-8.07202258335241	-4.20538643472953
-5.07820248722057	-9.45143816281376	-4.37933928435187
-4.87373159380484	-8.96009765774014	-1.7242694743267
-3.36919203479057	-9.17067215991455	-2.21866178377966
-5.01411459525444	-10.6172274357214	-3.03959716182193
-9.21950102998398	-13.2356755931945	-7.35179674982834
-6.43625543602655	-14.0962844281682	-7.38841840238041
-5.59395742732891	-15.4604409857328	-10.9010452429999
-7.32127870603494	-16.6109712367437	-9.50942244602121
-5.0965133134966	-14.6334019989319	-8.73121232928969
-4.22980086976425	-12.7687495231556	-5.64278629739834
-4.11383230334935	-11.1055161364157	-3.61638818951705
-4.49835965514611	-10.5226214999619	-1.68154421301595
-5.72823682001984	-9.59487296864271	-1.62050812542916
-4.28168154421302	-10.0404364080262	-2.16983291371023
-3.59502555886168	-10.7545586327916	-0.68055237659266
-2.71305409323262	-10.7515068284123	-2.04470893415732
-4.85847257190814	-11.9020370794232	-4.23285267414359
-1.62050812542916	-12.1065079728389	-4.35492484931716
1.95925841153582	-11.0566872663462	-2.57572289616236
-3.09452964065003	-10.7026779583429	-3.26543068589303
-1.31227588311589	-10.1594567788205	-3.95208667124437
1.19325551232166	-8.15442130159457	-1.23903257801175
1.95315480277714	-8.59388113221942	-3.34172579537652
-3.05485618371862	-8.92957961394675	-2.30106050202182
0.231937132829786	-10.25406271458	-5.31013962005035
0.540169375143053	-10.6569008926528	-6.78721293965057
-2.93278400854505	-12.0149538414588	-9.79934386205844
-2.12710765239948	-11.5480277714199	-9.18287937743191
-2.69169146257725	-13.2204165712978	-10.2479591058213
-4.6845197222858	-13.357747768368	-11.0841535057603
-4.06500343327993	-13.6202029449912	-11.9081406881819
-4.56244754711223	-11.9478141451133	-9.49416342412451
-4.05279621576257	-7.33043411917296	-9.23476005188067
0.494392309452964	-4.3274586099031	-4.43121995880064
3.44548714427405	-1.33363851377127	-2.59708552681773
5.30098420691234	2.11184863050278	1.39772640573739
5.74959945067521	4.33356221866178	2.11184863050278
8.40466926070039	5.1117723353933	3.01823453116655
7.43724727244984	6.3935301747158	4.23590447852293
11.1299305714504	10.595864805066	6.70481422140841
10.0312809948882	11.6517891203174	6.52780956740673
13.0586709391928	11.3771267261769	8.07812619211109
12.0881971465629	9.25917448691539	6.03341725795377
10.9803921568627	10.235751888304	7.65087357900359
11.6426337071794	9.98550392919814	7.82787823300526
12.0881971465629	10.8094911116197	8.203250171664
11.1329823758297	11.5236133363851	9.67727168688487
12.7931639581903	10.1045242999924	9.50026703288319
9.41176470588235	6.56137941557946	6.4637216754406
10.9132524605173	3.97955291065843	3.61333638513771
9.7261005569543	2.33768215457389	3.75066758220798
7.90417334248875	-0.625619897764553	1.1261158159762
9.63454642557412	-1.54116121156634	0.613412680247196
5.52071412222477	-4.28168154421302	0.119020370794232
3.36003662165255	-3.39971007858396	-0.683604180972
2.46890974288548	-5.70077058060578	-4.21454184786755
1.60524910353246	-5.06294346532387	-1.77309834439612
1.78835736629282	-4.58686198214694	-1.76394293125811
3.62859540703441	-3.46379797055009	-1.35805294880598
3.99481193255512	-2.87785152971695	-0.711070420386053
3.02128633554589	-4.57160296025025	-2.23086900129702
2.27664606698711	-5.71602960250248	-1.18715190356298
0.915541313801785	-6.3935301747158	-2.38651102464332
-2.98771648737316	-9.83291371023117	-4.72724498359655
-1.20851453421836	-9.53383688105592	-4.15960936903944
0.0854505226215	-11.4259555962463	-4.19317921721218
-3.41802090486	-11.7982757305257	-6.23483634699016
-3.54009308003357	-11.5815976195926	-7.87365529869535
-3.46074616617075	-12.6894026092927	-9.10048065918975
-5.22774090180819	-13.2936598764019	-11.1879148546578
-7.33958953231098	-12.7656977187762	-10.3913939116503
-4.66926070038911	-11.2520027466239	-10.2052338445106
-4.50751506828412	-10.1136797131304	-9.66201266498817
-3.83306630045014	-7.7607385366598	-5.12397955291066
-3.66216525520714	-7.31517509727626	-7.09849698634318
-4.47089341573205	-8.50843060959792	-5.95407034409094
0.390630960555428	-5.54818036163882	-3.17998016327153
-2.08438239108873	-6.36301213092241	-3.61943999389639
0.753795681696803	-3.20439459830625	-1.53200579842832
3.00907911802853	-0.592050049591821	1.24818799114977
-0.137331197070268	-2.33157854581521	-1.24818799114977
0.265506981002518	-0.476081483176928	-0.793469138628214
2.76493476768139	1.79751277943084	0.253299763485161
4.5288776989395	3.14030670634012	0.253299763485161
6.29587243457694	4.50141145952544	1.6235599298085
3.84832532234684	2.63981078812848	-3.87884336614023
6.31723506523232	2.26749065384909	-1.78225375753414
6.07309071488518	2.392614633402	-1.65407797360189
5.35896849011978	1.66323338673991	0.302128633554589
5.4383154039826	2.61539635309377	1.00404364080262
6.71702143892576	3.97955291065843	2.45365072098878
7.51049057755398	4.93781948577096	2.27664606698711
7.1473258564126	5.62752727550164	2.81071183337148
8.02014190890364	4.64179446097505	2.53299763485161
7.62340733958953	4.64789806973373	1.11390859845884
9.41786831464103	3.40886549172198	2.04776073853666
4.5288776989395	2.46585793850614	3.17692835889219
4.23590447852293	1.8646524757763	3.23491264209964
4.06195162890059	1.74563210498207	2.050812542916
2.85038529030289	2.63675898374914	2.8046082246128
2.60624093995575	2.81376363775082	2.94499122606241
4.07110704203861	1.60219729915312	0.451667048142214
5.29488059815366	0.891126878767071	0.161745632104982
2.15457389181353	-2.52994583047227	-3.10978866254673
4.30304417486839	-1.45876249332418	-1.01319905394064
2.75272755016403	-5.1117723353933	-3.76897840848402
1.77004654001678	-5.52986953536278	-5.05378805218585
2.08743419546807	-5.13923857480736	-2.57267109178302
1.1810482948043	-4.51667048142214	-3.71099412527657
2.85954070344091	-3.92462043183032	-3.46684977492943
2.44144350347143	-4.18402380407416	-3.62859540703441
3.53398947127489	-3.68657969024186	-3.74761577782864
4.71808957045853	-3.23796444647898	-5.22163729304952
6.96421759365225	-1.99893186846723	-4.54413672083619
4.40680552376593	-2.61844815747311	-5.83810177767605
4.22980086976425	-0.750743877317464	-4.94697489890898
5.29182879377432	-0.588998245212482	-3.59502555886168
2.44144350347143	0.63782711528191	-2.47501335164416
3.95819028000305	0.68055237659266	-3.33867399099718
4.20843823910887	1.54726482032502	-0.109864957656214
5.27046616311894	3.5736629282063	-0.219729915312428
5.53597314412146	3.28374151216907	-0.912489509422446
5.45967803463798	4.40070191500725	-0.796520943007553
6.37216754406043	4.28168154421302	-0.0701915007248035
8.09948882276646	5.23994811932555	-0.106813153276875
7.45860990310521	4.44647898069734	1.65407797360189
6.34470130464637	3.10978866254673	-1.78225375753414
8.09338521400778	-0.167849240863661	-3.07011520561532
4.50751506828412	-1.27260242618448	-4.67231250476844
5.34981307698177	-0.473029678797589	-2.59403372243839
3.89715419241627	-1.21461814297704	-4.101625085832
4.26947432669566	-0.0610360875867857	-2.25223163195239
4.07415884641794	0.238040741588464	-0.753795681696803
2.89616235599298	-0.378423743038071	-1.13527122911421
2.97245746547646	-1.59304188601511	-2.61844815747311
4.59296559090562	-1.08033875028611	0.964370183871214
3.79644464789807	-1.0406652933547	0.0457770656900893
0.668345159075303	-0.747692072938125	0.741588464179446
1.72732127870604	0.329594872968643	0.878919661249714
1.92568856336309	1.08339055466545	1.70290684367132
0.976577401388571	0.961318379491875	0.717174029144732
2.16372930495155	2.17593652246891	0.332646677347982
4.33661402304112	2.41397726405737	-0.265506981002518
2.09658960860609	1.90432593270771	-2.19729915312428
7.29076066224155	4.45868619821469	2.93888761730373
2.42923628595407	-0.234988937209125	-3.44853894865339
-0.0854505226215	0.430304417486839	-2.28885328450446
1.64797436484321	1.51979858091096	-1.51064316777295
3.41191729610132	2.56961928740368	-0.344853894865339
4.45258258945602	4.00701915007248	0.140383001449607
5.89303425650416	6.17990386816205	4.45258258945602
8.59082932784009	6.91233691920348	5.03242542153048
7.7607385366598	6.26840619516289	6.2226291294728
10.083161669337	7.60814831769284	6.3080796520943
11.2733653772793	8.1727321278706	7.40978103303578
14.8653391317617	8.98146028839551	9.10963607232776
17.0443274586099	10.6965743495842	9.21644922560464
16.7605096513314	12.3079270618753	10.794232089723
16.2996871900511	14.2092011902037	13.7727931639582
12.3720149538415	13.2509346150912	11.8898298619059
12.2072175173571	11.0566872663462	9.8817425803006
10.7270923933776	9.80544747081712	9.58571755550469
8.21850919356069	7.69665064469368	6.39658197909514
8.25513084611277	4.66620889600977	3.03959716182193
7.861448081178	4.16571297779812	5.2674143587396
5.00495918211643	0.997940032043946	0.848401617456321
3.86968795300221	0.72327763790341	2.09048599984741
4.2572671091783	-2.00808728160525	-1.47402151522087
2.64286259250782	-3.2318608377203	-3.36308842603189
0.0762951094834821	-6.62851911192493	-3.33867399099718
-0.418097199969482	-8.374151216907	-3.75677119096666
-1.42519264515145	-8.81666285191119	-3.51567864499886
-1.29091325246052	-8.99977111467155	-0.711070420386053
-3.08537422751202	-9.28969253070878	-1.89822232394903
-2.70695048447395	-6.91844052796216	0.491340505073625
-2.64591439688716	-6.8055237659266	0.80872816052491
-2.76493476768139	-6.04562447547112	-1.0406652933547
-5.39864194705119	-8.1025406271458	-2.905317769131
-2.87479972533761	-6.70176241702907	-2.4628061341268
-2.04165712977798	-2.81071183337148	0.177004654001679
-0.405889982452125	-2.7496757457847	-1.76089112687877
-1.79751277943084	-0.89723048752575	0.0610360875867857
0.80872816052491	1.17494468604562	1.41603723201343
0.744640268558785	0.622568093385214	1.40688181887541
2.16067750057221	0.314335851071946	-0.662241550316625
0.250247959105821	-0.949111161974517	-0.418097199969482
-1.62966353856718	-0.949111161974517	0.900282291905089
0.457770656900893	-0.976577401388571	-0.445563439383536
-4.42206454566262	-1.92263675898375	-0.445563439383536
-1.74563210498207	-0.402838178072786	0.842298008697642
0.115968566414893	0.460822461280232	2.09964141298543
2.08743419546807	0.747692072938125	1.37331197070268
0.610360875867857	-0.482185091935607	2.44449530785077
-3.0060273136492	-1.06507972838941	0.793469138628214
-2.83207446402686	-1.53505760280766	0.912489509422446
-2.92973220416571	-2.65812161440452	1.40993362325475
-1.92263675898375	-1.6083009079118	2.55130846112764
0.857557030594339	1.37331197070268	3.79034103913939
5.56343938353552	2.92362859540703	5.76791027695125
3.46074616617075	4.39459830624857	5.79842832074464
6.43320363164721	3.89410238803693	6.36911573968109
8.73426413366903	3.05180437933928	7.41283283741512
4.272526131075	0.216678110933089	4.36713206683452
5.14839398794537	0.00305180437933928	3.92767223620966
6.03341725795377	-0.238040741588464	5.26436255436027
7.06492713817044	-0.762951094834821	5.89303425650416
6.27756160830091	-0.198367284657053	7.00999465934234
-1.25429159990845	-2.11795223926146	3.97955291065843
1.22682536049439	-3.50957503624018	3.51873044937819
0.21362630655375	-4.05584802014191	1.66628519111925
1.1108567940795	-6.16159304188602	0.662241550316625
0.448615243762875	-5.25825894560159	-1.4679179064622
-4.97444113832303	-7.56237125200275	-2.35599298084993
0.402838178072786	-6.42404821850919	-1.99588006408789
-1.64492256046387	-6.10666056305791	-2.76493476768139
-4.53803311207752	-6.56748302433814	-3.1616693369955
-2.37430380712596	-6.11581597619593	-1.07728694590677
1.48928053711757	-4.56549935149157	0.805676356145571
4.10772869459068	-3.247119859617	1.00404364080262
3.08232242313268	-2.64286259250782	0.534065766384375
2.56046387426566	-4.78217746242466	-2.4628061341268
-0.531013962005035	-5.7953765163653	-3.54924849317159
2.40177004654002	-6.37521934843977	-2.77103837644007
-0.793469138628214	-7.69359884031434	-3.56755931944762
-0.613412680247196	-6.92759594110018	-1.538109407187
1.02845807583734	-5.20943007553216	-0.0457770656900893
0.579842832074464	-2.45365072098878	0.650034332799268
2.96635385671778	-0.518806744487678	0.0854505226215
3.54314488441291	0.177004654001679	1.65712977798123
0.98268101014725	2.7191577019913	3.18608377203021
5.04768444342718	3.930724040589	2.34683756771191
3.90630960555428	3.10063324940871	0.289921416037232
5.66109712367437	1.42214084077211	1.02235446707866
5.84725719081407	2.14236667429618	2.7191577019913
5.28572518501564	1.55947203784237	4.28778515297169
7.09849698634318	2.88700694285496	5.56343938353552
4.04974441138323	4.30609597924773	6.71091783016709
5.11482413977264	6.47592889295796	7.58678568703746
3.85748073548486	4.80964370183871	5.63057907988098
4.61127641718166	3.82085908293278	4.82490272373541
2.94193942168307	2.97856107423514	4.47394522011139
2.41092545967803	1.32448310063325	3.08842603189136
1.15968566414893	-0.552376592660411	3.01213092240787
-0.823987182421607	-1.73342488746471	1.99893186846723
-3.03349355306325	-2.80155642023346	-0.820935378042267
-4.98054474708171	-3.36003662165255	-0.521858548867018
-3.76592660410468	-3.51873044937819	-2.47196154726482
-3.4027618829633	-2.38956282902266	-1.05897611963073
-1.76394293125811	-1.08949416342412	-2.12710765239948
-1.06202792401007	0.201419089036393	-0.149538414587625
-3.53093766689555	0.00305180437933928	0.222781719691768
0.0488288700694285	-0.701915007248035	-0.317387655451286
-0.326543068589303	0.369268329900053	-2.65506981002518
-1.14442664225223	-2.05691615167468	-5.83504997329671
1.24208438239109	-2.47501335164416	-6.07919432364385
-0.463874265659571	-5.13618677042802	-8.02624551766232
1.48317692835889	-5.16670481422141	-9.61623559929808
-0.659189745937285	-5.13618677042802	-7.40672922865644
1.09864957656214	-6.61326009002823	-8.3436331731136
-0.04272526131075	-7.57152666514076	-7.62340733958953
-3.85137712672618	-7.89501792935073	-7.31517509727626
-1.17189288166629	-7.55016403448539	-7.10460059510185
-3.076218814374	-8.31006332494087	-7.81261921110857
-1.84939345387961	-5.97543297474632	-5.99679560540169
-0.439459830624857	-3.95513847562371	-5.06599526970321
2.7496757457847	-2.43839169909209	-2.59403372243839
5.38643472953384	1.08339055466545	0.241092545967803
5.00801098649577	2.53910124361028	-1.07118333714809
3.27153429465171	4.96833752956436	3.27153429465171
10.5409323262379	7.42198825055314	3.70794232089723
11.0505836575875	7.74853131914244	4.98359655146105
8.99671931029221	8.34973678187228	5.8655680170901
12.0546272983902	10.2204928664073	7.40978103303578
14.184786755169	13.8551918822004	9.69863431754024
12.4086366063935	15.6008239871824	10.0282291905089
12.3262378881514	17.8225375753414	11.621271076524
15.7351033798733	21.3351644159609	12.9060807202258
17.8835736629282	20.8346684977493	12.9060807202258
17.7401388570993	21.7868314641032	17.242694743267
17.0962081330587	21.2771801327535	13.9864194705119
20.0839246204318	19.6414129854276	14.4563973449302
18.0148012512398	17.1969176775769	12.4971389333944
14.373998626688	13.2234683756771	11.5907530327306
13.4950789654383	11.6700999465934	10.452429999237
13.1136034180209	11.1909666590372	12.7748531319142
12.7138170443275	14.0169375143053	15.5764095521477
14.184786755169	13.7758449683375	14.0505073624781
14.5235370412757	15.4787518120089	15.1400015259022
18.2253757534142	15.5825131609064	16.1043717097734
11.099412527657	13.1532768749523	13.9864194705119
9.00892652780957	9.60402838178073	11.7555504692149
7.24193179217212	6.68650339513237	9.57961394674601
8.39246204318303	6.50644693675135	11.0627908751049
9.58571755550469	5.83810177767605	8.25513084611277
10.4676890211337	5.8960860608835	5.74654764629587
14.1481651026169	7.74853131914244	5.16670481422141
15.2773327229725	11.2581063553826	8.73731593804837
15.5916685740444	12.4177920195315	9.23781185626001
20.7156481269551	16.2844281681544	14.4594491493095
14.6547646295872	16.1532005798428	14.1725795376516
14.7493705653468	13.5561150530251	13.5805294880598
12.5459678034638	12.2590981918059	13.4737163347829
12.7748531319142	10.7911802853437	13.7270160982681
12.133974212253	8.82276646066987	12.8603036545357
9.38124666208896	8.86854352635996	12.9732204165713
12.3170824750134	7.63561455710689	13.2631418326085
12.2804608224613	9.16456855115587	12.7199206530861
9.75051499198901	9.90310521095598	12.4330510414282
10.5897611963073	9.73525597009232	12.0149538414588
11.9783321889067	11.2733653772793	9.97329671168078
8.15136949721523	9.8115510795758	9.21644922560464
10.8278019378958	12.0271610589761	11.2062256809339
12.3414969100481	11.3313496604868	11.2306401159686
7.44335088120851	9.49416342412451	10.8705271992065
8.74341954680705	9.9671931029221	11.953917753872
10.7698176546883	10.6935225452049	11.6731517509728
11.9478141451133	12.0332646677348	12.8206301976043
10.415808346685	10.4829480430304	8.12390325780117
13.3730067902647	12.2468909742885	8.38330663004501
14.9202716105898	13.528648813611	7.97741664759289
15.3383688105592	12.9243915465019	8.57557030594339
12.5673304341192	11.8410009918364	8.41687647821775
11.5114061188678	11.1909666590372	6.96116578927291
11.0200656137942	9.18898298619058	6.46982528419928
7.47997253376059	6.68345159075303	2.63675898374914
6.55222400244144	5.17586022735943	2.83207446402686
4.50751506828412	3.26237888151369	-0.277714198519875
2.8046082246128	2.92057679102769	0.393682764934768
0.393682764934768	1.47402151522087	-2.50247959105821
0.610360875867857	2.63675898374914	-1.61135271229114
0.732433051041428	2.60318913557641	-2.1210040436408
-0.646982528419928	0.860608834973678	-0.933852140077821
-2.58793011367971	-0.512703135729	-3.43633173113603
-2.07827878233005	-0.720225833524071	-3.18913557640955
-2.25223163195239	-0.631723506523232	-5.08430609597925
-7.36400396734569	-2.221713588159	-4.97444113832303
-3.68352788586252	-3.03044174868391	-7.40672922865644
-3.74761577782864	-1.1108567940795	-7.19615472648203
-0.473029678797589	1.31837949187457	-5.31929503318837
2.96635385671778	1.63576714732586	-5.92660410467689
5.2826733806363	3.5736629282063	-3.96429388876173
4.20538643472953	2.23086900129702	-3.22880903334096
1.1810482948043	0.653086137178607	-2.73136491950866
-1.48928053711757	-1.67238879987793	-0.0366216525520714
-5.40169375143053	-5.8960860608835	-2.87785152971695
-7.34569314106966	-7.61730373083085	-3.08842603189136
-9.82070649271382	-10.443274586099	-7.26024261844816
-12.5246051728084	-12.0546272983902	-11.1207751583124
-15.5642023346303	-14.9629968719005	-13.9620050354772
-16.3485160601205	-15.8632791638056	-18.0575265125505
-15.0972762645914	-15.4787518120089	-17.1297779812314
-13.3363851377127	-14.2061493858244	-14.6822308690013
-11.8776226443885	-12.9671168078126	-13.9040207522698
-12.0485236896315	-11.792172121767	-10.1869230182345
-13.1990539406424	-12.5856412603952	-12.2194247348745
-15.5550469214923	-11.7036697947662	-9.94888227664607
-14.679179064622	-12.6100556954299	-11.5907530327306
-14.0962844281682	-12.5734340428779	-11.8440527962158
-15.1338979171435	-14.5998321507591	-12.3933775844968
-17.7859159227893	-14.3770504310674	-11.819638361181
-18.979171435111	-17.2487983520256	-14.544899671931
-16.8581673914702	-16.1715114061189	-13.2570382238499
-18.3504997329671	-14.8134584573129	-13.8948653391318
-13.6873426413367	-12.826733806363	-14.886701762417
-13.2295719844358	-10.965133134966	-14.1237506675822
-12.0057984283207	-11.8989852750439	-18.1124589913787
-11.9691767757687	-10.4310673685817	-15.5123216601816
-15.3749904631113	-12.5062943465324	-16.6231784542611
-16.2996871900511	-14.4563973449302	-16.8368047608148
-15.542839703975	-13.5835812924392	-14.004730296788
-15.902952620737	-12.1034561684596	-13.1044480048829
-17.5417715724422	-11.279468986038	-13.4126802471962
-17.621118486305	-11.3099870298314	-12.5703822384985
-13.9620050354772	-8.99366750591287	-9.75051499198901
-16.2722209506371	-9.04554818036164	-12.6253147173266
-13.2387273975738	-9.82070649271382	-9.82375829709316
-14.9202716105898	-10.605020218204	-11.0841535057603
