0.567635614557107	-0.195315480277714	0.430304417486839
-0.244144350347143	-0.616464484626535	-0.341802090486
0.744640268558785	1.45571068894484	0.0549324788281071
1.73647669184405	2.04470893415732	1.66323338673991
1.09254596780346	3.90325780117494	0.561532005798428
2.39871824216068	5.47798886091402	1.08949416342412
1.96231021591516	4.46173800259403	-0.0701915007248035
3.14335851071946	3.95819028000305	1.20546272983902
1.90127412832837	1.3519493400473	0.930800335698482
0.741588464179446	1.47707331960021	1.23292896925307
1.60219729915312	2.70695048447395	0.775158312352178
1.10780498970016	2.87785152971695	1.98672465094987
-1.16578927290761	3.96124208438239	1.87380788891432
-0.918593118181125	4.33356221866178	2.45975432974746
-1.98672465094987	2.76798657206073	0.659189745937285
-2.44144350347143	2.04165712977798	1.08339055466545
-2.05386434729534	0.607309071488518	2.69779507133593
-2.84122987716487	1.26039520866712	2.64591439688716
0.350957503624018	2.05386434729534	2.98161287861448
-1.35500114442664	1.75478751812009	0.0396734569314107
-2.16678110933089	4.23895628290227	-0.0305180437933928
-1.538109407187	2.69169146257725	-0.463874265659571
-2.734416723888	1.92568856336309	-0.949111161974517
-1.25123979552911	1.10780498970016	1.37026016632334
-1.47096971084154	-0.802624551766232	2.63981078812848
0.689707789730678	-1.02235446707866	4.41596093690394
3.41496910048066	-0.775158312352178	6.22568093385214
2.76493476768139	0.0823987182421607	7.07408255130846
2.98771648737316	1.51064316777295	7.87365529869535
4.62348363469902	2.1210040436408	7.4891279468986
5.7099259937438	2.96025024795911	7.80651560234989
5.56343938353552	2.85038529030289	7.79736018921187
4.59601739528496	4.53498130769818	4.74250400549325
8.374151216907	4.89509422446021	6.00900282291905
3.07927061875334	0.881971465629053	3.19523918516823
1.04371709773404	0.772106507972839	2.69169146257725
3.03654535744259	-0.857557030594339	3.46379797055009
0.955214770733196	-1.61440451667048	1.88296330205234
3.12504768444343	0.433356221866178	3.94293125810636
4.26642252231632	1.11696040283818	3.72625314717327
6.90318150606546	2.3224231326772	3.93377584496834
8.52368963149462	0.964370183871214	5.07209887846189
5.03852903028916	0.741588464179446	3.65300984206912
4.51667048142214	1.24208438239109	3.88189517051957
5.48409246967269	-0.0488288700694285	3.61333638513771
3.73235675593194	0.512703135729	4.56855115587091
2.12710765239948	0.534065766384375	4.98664835584039
4.2572671091783	1.0101472495613	6.53696498054475
3.99481193255512	-0.158693827725643	7.62645914396887
4.55939574273289	-0.89417868314641	7.48607614251926
5.73739223315785	-1.56557564660105	7.98046845197223
4.09246967269398	-1.6083009079118	5.56038757915618
5.08735790035859	-0.59510185397116	3.88799877927825
3.52178225375753	0.399786373693446	3.10368505378805
3.31120775158312	1.59304188601511	3.17692835889219
1.8951705195697	3.53704127565423	4.58991378652628
4.01007095445182	4.7699702449073	7.64171816586557
4.8401617456321	4.31219958800641	7.79736018921187
4.34576943617914	5.77096208133059	7.27550164034485
7.69665064469368	6.46677347981994	7.14427405203327
5.85946440833143	5.45052262149996	5.23079270618753
5.41084916456855	7.11375600823987	4.45563439383536
5.04463263904784	6.50034332799268	5.06599526970321
3.90020599679561	3.38750286106661	5.04768444342718
4.40985732814527	0.494392309452964	5.46272983901732
3.66216525520714	-1.97146562905318	4.15350576028077
2.63675898374914	-2.6642252231632	3.32341496910048
2.1210040436408	-4.52582589456016	2.42923628595407
-0.0732433051041428	-4.26337071793698	0.634775310902571
0.332646677347982	-3.61028458075837	-0.558480201419089
0.521858548867018	-4.46478980697337	-1.22377355611505
2.26443884946975	-3.43022812237736	2.2064545662623
3.46684977492943	-3.52483405813687	4.82185091935607
2.3773556115053	-2.30106050202182	7.11985961699855
2.97856107423514	-1.90127412832837	6.33859769588769
4.29083695735103	-1.75173571374075	5.2124818799115
4.40985732814527	-0.772106507972839	3.82085908293278
2.59403372243839	-0.277714198519875	0.701915007248035
3.56450751506828	1.2817578393225	-0.534065766384375
3.57671473258564	1.58999008163577	0.326543068589303
3.1464103150988	2.11184863050278	1.18715190356298
3.17082475013352	1.71511406118868	3.05790798809796
4.95918211642634	2.11184863050278	4.81269550621805
5.75265125505455	2.21866178377966	5.73434042877852
5.5542839703975	4.66010528725109	6.69565880827039
7.27550164034485	5.11787594415198	7.03746089875639
7.30296787975891	7.02830548561837	5.8808270389868
6.05783169298848	7.54406042572671	6.2928206301976
5.74044403753719	4.23895628290227	5.24605172808423
3.15251392385748	2.22781719691768	2.55436026550698
4.67536430914778	-0.0671396963454643	2.65812161440452
1.13221942473487	-1.88906691081102	0.186160067139696
1.22377355611505	-1.55031662470436	1.09254596780346
3.36003662165255	-1.13527122911421	1.55947203784237
3.27153429465171	-0.772106507972839	0.729381246662089
4.87983520256352	1.47707331960021	3.99481193255512
4.14740215152209	0.881971465629053	3.36003662165255
1.96841382467384	1.57778286411841	2.23086900129702
3.26848249027237	1.57473105973907	3.41496910048066
2.392614633402	2.88395513847562	2.70389868009461
3.53093766689555	4.49835965514611	3.90936140993362
3.80254825665675	4.53498130769818	3.12504768444343
3.77508201724269	3.54924849317159	3.31425955596246
3.84222171358816	4.39765011062791	5.468833447776
1.90432593270771	5.62142366674296	6.63767452506294
0.0457770656900893	4.46478980697337	7.69665064469368
-0.872816052491035	2.03250171663996	5.52681773098344
-0.68055237659266	1.88601510643168	3.04875257495994
0.781261921110857	3.66826886396582	1.91348134584573
-0.241092545967803	5.07209887846189	0.814831769283589
1.53505760280766	7.52269779507134	1.99588006408789
3.47295338368811	8.45044632639048	3.77203021286336
3.29289692530709	6.93980315861753	4.08331425955596
3.21660181582361	6.2226291294728	6.05783169298848
1.66323338673991	4.68757152666514	4.95002670328832
-0.708018616006714	3.07011520561532	4.614328221561
0.63782711528191	4.06500343327993	3.61638818951705
-0.497444113832303	6.30197604333562	2.84733348592355
-0.0732433051041428	5.55123216601816	2.63065537499046
-0.869764248111696	1.87685969329366	0.659189745937285
-0.790417334248875	0.106813153276875	1.58999008163577
1.39467460135805	0.122072175173571	2.44449530785077
0.357061112382696	-1.13221942473487	3.67742427710384
0.915541313801785	-0.457770656900893	2.77103837644007
-0.759899290455482	0.158693827725643	1.30312046997787
3.51873044937819	1.89822232394903	2.34988937209125
2.26138704509041	0.866712443732357	2.09048599984741
2.38345922026398	1.025406271458	1.95925841153582
2.51773861295491	2.13321126115816	2.221713588159
2.76188296330205	2.88395513847562	3.18303196765087
0.830090791180285	2.79240100709545	2.84122987716487
-2.04470893415732	0.219729915312428	-0.158693827725643
-3.85137712672618	-1.65407797360189	-4.45868619821469
-2.28580148012512	-1.01319905394064	-4.38849469748989
-3.74761577782864	-4.80048828870069	-5.30708781567102
-3.83611810482948	-3.72930495155261	-5.65194171053635
-1.66628519111925	-2.52079041733425	-2.80155642023346
-0.958266575112535	-3.61638818951705	-2.32852674143587
-0.863660639353018	-4.1718165865568	-0.946059357595178
0.225833524071107	-4.03753719386587	-0.805676356145571
1.67238879987793	-3.48210879682612	-0.198367284657053
2.06301976043336	-3.41802090486	1.22072175173571
2.72220950637064	-2.36820019836728	1.8097199969482
1.18410009918364	-3.49126420996414	1.83718623636225
5.01411459525444	-2.72220950637064	4.69367513542382
-0.848401617456321	-4.81879911497673	3.45769436179141
-2.11184863050278	-4.33051041428244	1.45571068894484
-1.01319905394064	-5.57869840543221	-1.43434805828946
-1.196307316701	-4.9408712901503	-1.39162279697871
-0.903334096284428	-5.0263218127718	-1.20851453421836
0.930800335698482	-5.00190737773709	-2.92973220416571
3.5736629282063	-3.98565651941711	-1.00709544518196
5.32234683756771	-2.99992370489052	-0.311284046692607
4.64484626535439	-3.36614023041123	0.875867856870375
4.68757152666514	-3.24406805523766	0.607309071488518
1.94094758525978	-1.51979858091096	-0.387579156176089
1.26039520866712	-0.662241550316625	1.71816586556802
-0.0274662394140536	-0.759899290455482	2.02334630350195
-0.817883573662928	-0.158693827725643	4.54413672083619
1.66628519111925	0.98268101014725	5.84725719081407
1.95620660715648	2.19424734874495	4.46478980697337
2.34988937209125	2.49637598229953	4.91950865949493
2.78934920271611	1.09864957656214	2.02334630350195
2.65506981002518	-0.0854505226215	0.964370183871214
0.659189745937285	-3.40886549172198	0.607309071488518
0.222781719691768	-6.20126649881743	0.268558785381857
-0.0579842832074464	-6.70786602578775	-0.802624551766232
1.0955977721828	-5.71908140688182	-1.04982070649271
0.021362630655375	-4.20233463035019	-0.186160067139696
4.84931715877012	-1.91348134584573	-0.259403372243839
3.06706340123598	-2.92668039978637	-1.0955977721828
2.77103837644007	-0.311284046692607	0.701915007248035
3.28068970778973	-3.32646677347982	-0.308232242313268
3.78423743038071	-4.87678339818418	0.756847486076142
3.99176012817578	-5.16060120546273	3.55840390630961
0.494392309452964	-3.62249179827573	3.34477759975586
1.13832303349355	-3.50652323186084	3.90630960555428
0.0122072175173571	-3.5736629282063	1.53505760280766
2.72220950637064	-1.6235599298085	1.37331197070268
1.87685969329366	-1.48012512397955	0.558480201419089
2.20340276188296	-2.13321126115816	0.863660639353018
4.15045395590143	-2.22476539253834	2.91752498664836
3.06401159685664	-2.09964141298543	1.71206225680934
2.99382009613184	-0.961318379491875	2.88090333409628
1.08949416342412	-0.833142595559625	1.15663385976959
-0.0579842832074464	1.17799649042496	-0.280766002899214
0.753795681696803	2.45365072098878	0.100709544518196
2.26749065384909	3.63164721141375	-0.0152590218966964
3.38445105668727	4.24200808728161	0.411993591210803
5.15144579232471	2.05691615167468	0.946059357595178
6.25009536888685	1.84634164950027	1.24513618677043
8.40772106507973	1.87685969329366	2.76188296330205
6.0364690623331	2.00503547722591	1.64492256046387
3.98870832379644	0.888075074387732	0.515754940108339
4.12298771648737	-0.579842832074464	-0.292973220416571
3.66521705958648	-1.7944609750515	-2.10574502174411
3.91851682307164	-4.72419317921721	-3.04875257495994
2.81071183337148	-6.21347371633478	-4.3274586099031
4.36102845807584	-5.46272983901732	-2.734416723888
3.60418097199969	-4.52582589456016	-3.69878690775921
3.56145571068894	-2.33463035019455	-2.84122987716487
5.58480201419089	0.863660639353018	0.122072175173571
3.31120775158312	2.3071641107805	-1.98977645532921
4.75165941863127	2.65506981002518	-0.744640268558785
5.14839398794537	-0.122072175173571	-0.460822461280232
5.01716639963378	-1.76699473563745	-0.781261921110857
5.90829327840085	-2.02944991226062	0.964370183871214
4.42511635004196	-0.296025024795911	0.201419089036393
6.35385671778439	0.839246204318303	0.714122224765393
3.39971007858396	0.524910353246357	-2.82291905088884
3.47905699244678	3.04875257495994	-1.61440451667048
3.89105058365759	0.109864957656214	-3.44853894865339
1.84939345387961	-0.686655985351339	-3.39055466544594
2.56656748302434	-1.64492256046387	-1.38551918822004
1.40993362325475	-2.57572289616236	-0.238040741588464
3.64080262455177	-2.80766002899214	0.970473792629892
2.87174792095827	-2.51468680857557	2.45365072098878
-0.369268329900053	-2.16678110933089	1.84023804074159
1.00709544518196	-0.146486610208286	2.2919050888838
0.238040741588464	1.87075608453498	1.40383001449607
1.83718623636225	1.22072175173571	0.622568093385214
2.00503547722591	0.747692072938125	-0.534065766384375
2.21255817502098	-0.628671702143893	-1.62661173418784
2.3071641107805	-2.2369726100557	-1.56862745098039
0.253299763485161	-4.29999237048905	-2.64591439688716
2.86564431219959	-2.71610589761196	-1.40993362325475
4.69367513542382	-1.44655527580682	-1.44350347142748
5.98764019226368	1.70595864805066	0.457770656900893
7.40672922865644	2.79240100709545	1.29396505683986
8.03540093080034	2.87479972533761	1.85244525825895
9.15846494239719	2.18814373998627	2.10574502174411
5.92050049591821	-0.167849240863661	1.16884107728695
3.68657969024186	-0.988784618905928	1.26344701304646
4.95918211642634	0.262455176623178	0.708018616006714
4.01007095445182	0.326543068589303	-0.0518806744487678
3.79644464789807	3.06706340123598	1.24513618677043
3.47600518806744	2.23392080567636	0.134279392690929
3.74761577782864	1.1810482948043	0.823987182421607
4.15350576028077	-2.77103837644007	-0.305180437933928
2.81071183337148	-3.30205233844511	0.845349813076982
3.28374151216907	-3.85748073548486	1.93789578088045
3.93987945372702	-4.3579766536965	0.955214770733196
4.04058899824521	-2.63675898374914	0.643930724040589
7.15953307392996	-1.87380788891432	1.71511406118868
4.61127641718166	0.704966811627375	-0.38452735179675
5.09040970473793	-0.360112916762036	-0.292973220416571
6.00900282291905	-2.01419089036393	-1.196307316701
5.78622110322728	-1.81582360570687	-2.13321126115816
6.22873273823148	-3.01823453116655	-2.90226596475166
7.91332875562676	-1.92874036774243	-2.27664606698711
7.30907148851759	-1.367208361944	-3.39360646982528
7.23887998779278	0.827038986800946	-4.0009155413138
5.51155870908675	2.04470893415732	-1.19935912108034
4.88899061570153	2.00503547722591	0.817883573662928
5.68856336308843	1.40993362325475	1.78835736629282
5.14839398794537	-0.411993591210803	2.01419089036393
3.46990157930877	0.415045395590143	1.83413443198291
5.20943007553216	1.05592431525139	0.949111161974517
5.01411459525444	0.744640268558785	1.10170138094148
2.95414663920043	1.76699473563745	0.863660639353018
0.625619897764553	1.52895399404898	2.81071183337148
-0.131227588311589	0.158693827725643	3.68657969024186
-0.692759594110018	-1.88601510643168	4.12298771648737
-0.46997787441825	-3.09758144502937	2.221713588159
1.03456168459602	-2.77714198519875	2.31631952391852
2.82597085526818	-4.21454184786755	0.0549324788281071
2.03250171663996	-4.15655756466011	-1.73342488746471
2.07522697795071	-4.0863660639353	-4.22064545662623
-1.03761348897536	-4.31525139238575	-5.93881132219425
-1.06507972838941	-5.47798886091402	-6.78416113527123
1.11696040283818	-7.42198825055314	-5.80758373388266
0.775158312352178	-7.79736018921187	-5.60006103608759
2.73746852826734	-6.82993820096132	-5.18501564049744
3.18608377203021	-4.58991378652628	-6.48203250171664
5.05378805218585	-1.86770428015564	-6.46982528419928
6.51560234988937	2.221713588159	-4.85847257190814
5.63668268863966	4.25116350041962	-3.32646677347982
8.67017624170291	4.10772869459068	-0.0854505226215
6.90012970168612	3.89105058365759	2.48111696040284
4.34882124055848	3.37529564354925	3.28374151216907
4.69062333104448	3.85137712672618	4.07721065079728
3.77508201724269	6.0669871061265	3.73846036469062
2.89921416037232	8.14831769283589	5.14534218356603
1.96231021591516	8.92042420080873	5.91134508278019
5.32845044632639	7.87670710307469	5.74654764629587
6.26840619516289	4.04974441138323	3.55230029755093
6.31723506523232	0.112916762035554	3.77508201724269
3.10368505378805	-2.61844815747311	0.277714198519875
2.09964141298543	-3.02433813992523	-3.39971007858396
3.10368505378805	-1.15968566414893	-5.41390096894789
5.00495918211643	-1.49843595025559	-5.46578164339666
4.97749294270237	0.89723048752575	-4.91035324635691
7.60814831769284	0.695811398489357	-3.39360646982528
8.50537880521859	-2.06301976043336	-1.66628519111925
6.7505912870985	-2.60013733119707	0.50965133134966
3.66521705958648	-5.3528648813611	1.03761348897536
2.62760357061112	-3.99176012817578	1.05897611963073
2.6489662012665	-1.63576714732586	1.40077821011673
2.3224231326772	-1.47707331960021	-0.241092545967803
3.43938353551537	0.323491264209964	-1.00404364080262
6.3935301747158	4.89509422446021	0.177004654001679
5.61837186236362	4.5990691996643	1.89211871519036
5.28877698939498	5.82284275577935	3.51567864499886
5.48409246967269	7.72411688410773	5.00801098649577
4.31525139238575	7.88891432059205	7.84313725490196
3.99786373693446	7.31212329289693	8.20935378042267
4.92256046387427	8.84412909132525	9.62844281681544
4.97749294270237	8.62745098039216	8.37720302128634
6.28366521705959	8.88990615701534	6.44235904478523
4.67231250476844	7.03746089875639	4.55939574273289
1.20546272983902	0.845349813076982	0.93690394445716
-1.05592431525139	-2.08133058670939	-0.393682764934768
-1.84634164950027	-5.49629968719005	-3.72625314717327
-2.73136491950866	-8.56336308842603	-7.67223620965896
-2.51468680857557	-9.51552605477989	-10.1655603875792
-3.79949645227741	-9.41481651026169	-11.1573968108644
-3.12199588006409	-7.29686427100023	-10.5104142824445
-0.354009308003357	-6.70786602578775	-10.092317082475
-0.634775310902571	-5.97848477912566	-7.00999465934234
3.54009308003357	-3.75677119096666	-3.10368505378805
2.88090333409628	-4.956130312047	-1.22377355611505
1.96841382467384	-4.16266117341878	-2.02334630350195
-0.12817578393225	-5.17280842298009	-2.33463035019455
-2.96940566109712	-3.28374151216907	-2.51468680857557
-3.82391088731212	-2.89616235599298	-1.15053025101091
-2.26749065384909	-0.878919661249714	1.50759136339361
-0.225833524071107	1.367208361944	3.92767223620966
4.16266117341878	2.97245746547646	6.81467917906462
5.23079270618753	4.8554207675288	8.3436331731136
8.34058136873426	9.50331883726253	9.14015411612116
10.1716639963378	10.0770580605783	8.9570458533608
10.6965743495842	12.143129625391	7.98657206073091
10.9529259174487	12.4208438239109	6.62851911192493
7.56237125200275	12.0271610589761	5.81979095140002
5.80148012512398	9.75661860074769	2.99992370489052
2.9907682917525	5.11787594415198	0.106813153276875
0.402838178072786	1.97451743343252	-3.76592660410468
-1.25429159990845	-2.15457389181353	-6.79942015716793
-1.16273746852827	-4.43121995880064	-6.26840619516289
0.534065766384375	-2.87174792095827	-5.37422751201648
0.582894636453803	-2.28885328450446	-4.97749294270237
2.28274967574578	-0.0518806744487678	-1.06507972838941
2.89616235599298	2.50858319981689	0.781261921110857
4.11688410772869	3.65606164644846	2.56046387426566
4.97444113832303	4.32135500114443	3.11589227130541
3.86053253986419	2.24307621881437	1.9806210421912
3.22880903334096	0.418097199969482	1.41908903639277
1.25429159990845	-1.02845807583734	0.463874265659571
1.39467460135805	-0.772106507972839	2.47501335164416
-1.65712977798123	-3.68963149462119	3.04570077058061
-2.3071641107805	-2.26443884946975	4.96528572518502
-0.387579156176089	-1.30922407873655	6.86655985351339
1.62050812542916	0.222781719691768	4.4281681544213
2.73136491950866	1.50148775463493	5.27351796749828
5.76180666819257	5.48409246967269	5.49629968719005
6.95201037613489	10.1319905394064	6.59189745937285
10.6477454795148	13.9009689478904	7.15648126955062
10.4127565423056	15.0850690470741	6.96116578927291
10.0038147554742	15.6404974441138	4.66926070038911
6.6498817425803	11.0170138094148	-0.0976577401388571
3.17387655451286	8.715953307393	-2.38651102464332
1.38551918822004	2.89616235599298	-4.11688410772869
-3.37224383916991	-2.78934920271611	-7.57763027389944
-0.918593118181125	-4.47699702449073	-3.65300984206912
-2.07522697795071	-7.27855344472419	-4.1718165865568
-2.24307621881437	-7.5898374914168	-3.80560006103609
-0.231937132829786	-6.2073701075761	-1.62966353856718
-0.228885328450446	-4.95002670328832	-0.961318379491875
0.631723506523232	-1.2817578393225	1.44045166704814
1.27260242618448	-0.308232242313268	3.41802090486
1.35805294880598	1.24818799114977	3.36919203479057
2.31021591515984	-1.27870603494316	5.2826733806363
0.149538414587625	-1.62661173418784	3.57061112382696
-0.250247959105821	-2.45059891660945	3.29900053406577
-1.8097199969482	-4.12909132524605	1.06507972838941
-0.695811398489357	-2.62149996185245	2.52689402609293
0.271610589761196	-1.88601510643168	1.91348134584573
-1.40993362325475	-2.68558785381857	-0.473029678797589
-0.921644922560464	-3.77813382162203	-0.692759594110018
0.543221179522393	-4.17792019531548	-2.75272755016403
-0.0274662394140536	-2.67948424505989	-4.81574731059739
3.12199588006409	-1.75783932249943	-3.61638818951705
2.82291905088884	1.98367284657053	-4.05584802014191
5.65499351491569	6.96421759365225	-0.424200808728161
7.78515297169451	9.58571755550469	1.48012512397955
8.41382467383841	11.4137483787289	2.48416876478218
5.60616464484626	12.9518577859159	2.15457389181353
3.59502555886168	11.6090638590066	1.26039520866712
0.109864957656214	11.2275883115892	1.40993362325475
-3.52788586251621	8.68238345922026	0.909437705043107
-4.74555580987259	6.14023041123064	1.8646524757763
-6.06393530174716	3.076218814374	1.88601510643168
-5.97848477912566	0.656137941557946	0.933852140077821
-2.21255817502098	-1.95315480277714	2.25833524071107
-2.98771648737316	-5.0965133134966	-1.01930266269932
-1.57778286411841	-4.62043183031968	-0.286869611657893
-0.686655985351339	-5.2124818799115	0.463874265659571
-1.367208361944	-3.39360646982528	0.0518806744487678
-0.909437705043107	-2.02639810788128	1.73342488746471
-2.82902265964752	-2.08438239108873	-0.0579842832074464
-0.881971465629053	-0.909437705043107	2.82902265964752
-3.076218814374	-3.76287479972534	0.4272526131075
-1.66323338673991	-2.05996795605402	-0.292973220416571
-1.15358205539025	-2.50553139543755	-2.60013733119707
-1.43129625391012	-2.08743419546807	-4.85847257190814
0.833142595559625	-1.31532768749523	-5.76791027695125
-0.497444113832303	-2.81376363775082	-7.73632410162509
0.805676356145571	-1.89211871519036	-6.67429617761502
1.3519493400473	-2.49637598229953	-2.71305409323262
-0.0701915007248035	-2.20035095750362	-1.8646524757763
1.82192721446555	1.3824673838407	1.76394293125811
1.51369497215228	3.51262684061952	3.4027618829633
0.341802090486	7.31212329289693	4.23285267414359
1.73342488746471	9.20424200808728	7.31212329289693
-1.4679179064622	10.0160219729915	5.82284275577935
-1.75478751812009	9.49416342412451	5.7953765163653
-1.51674677653162	7.40062561989776	5.54818036163882
-4.30304417486839	4.54718852521553	4.18402380407416
-4.83405813687343	3.28984512092775	5.03242542153048
-7.22667277027543	0.72632944228275	3.50041962310216
-6.16159304188602	1.58693827725643	4.18402380407416
-6.45151445792325	-0.296025024795911	2.48416876478218
-6.58884565499351	-1.62966353856718	0.131227588311589
-5.77401388570993	-2.41397726405737	-0.0518806744487678
-5.11482413977264	-4.78828107118334	-3.44548714427405
-6.92454413672084	-7.23887998779278	-4.58991378652628
-6.10971236743725	-8.00488288700694	-5.77706569008927
-7.43724727244984	-7.63256275272755	-7.08934157320516
-6.57053482871748	-9.057755397879	-4.89814602883955
-7.93774319066148	-10.8827344167239	-6.99473563744564
-7.78210116731517	-9.34767681391623	-5.94186312657359
-6.7505912870985	-9.83596551461051	-5.39864194705119
-7.74242771038376	-7.61120012207217	-4.63569085221637
-8.23682001983673	-7.44640268558785	-2.42923628595407
-9.23781185626001	-4.53803311207752	-1.93789578088045
-7.68139162279698	-3.23491264209964	0.262455176623178
-7.00999465934234	-2.88090333409628	-0.0488288700694285
-6.18600747692073	-2.29800869764248	0.482185091935607
-6.38132295719844	-2.93583581292439	1.07423514152743
-4.36102845807584	-1.196307316701	0.604257267109178
-4.11993591210803	-2.13321126115816	1.6083009079118
-2.16678110933089	-1.94094758525978	0.534065766384375
-2.67032883192187	-1.58693827725643	-1.17189288166629
-0.659189745937285	-1.73342488746471	-2.00503547722591
-3.08537422751202	-1.73342488746471	-4.32440680552377
-4.62348363469902	-2.2919050888838	-5.18806744487678
-6.64072632944228	-4.90424963759823	-6.33554589150835
-8.66407263294423	-7.64782177462425	-7.00389105058366
-8.69459067673762	-8.69459067673762	-6.68345159075303
-9.51247425040055	-6.77195391775387	-7.26024261844816
-6.14328221560998	-3.46379797055009	-5.12397955291066
-5.22468909742885	-3.64690623331044	-4.14435034714275
-3.79949645227741	-2.24612802319371	-3.64995803768978
-3.41802090486	-3.34477759975586	-2.83817807278553
-5.0263218127718	-4.40070191500725	-4.0161745632105
-5.49629968719005	-5.20943007553216	-1.52895399404898
-7.46776531624323	-4.58991378652628	-2.00198367284657
-7.20225833524071	-1.59304188601511	-1.6388189517052
-6.07919432364385	-1.01625085831998	-0.421149004348821
-6.95811398489357	-1.59914549477379	-0.900282291905089
-6.45456626230259	-2.35599298084993	0.927748531319142
-5.67635614557107	-3.26848249027237	0.820935378042267
-9.22255283436332	-4.19012741283284	-0.125123979552911
-8.85023270008393	-6.32639047837034	-0.0183108262760357
-12.7931639581903	-7.14427405203327	-3.05180437933928
-13.2692454413672	-7.05577172503243	-5.95407034409094
-14.7005416952773	-7.51049057755398	-8.25513084611277
-12.2346837567712	-5.41084916456855	-7.96826123445487
-9.50026703288319	-4.7699702449073	-8.12085145342184
-8.62134737163348	-3.37834744792859	-8.74036774242771
-4.63569085221637	-2.221713588159	-7.95300221255818
-6.27756160830091	-3.97650110627909	-8.9417868314641
-6.91233691920348	-4.37933928435187	-8.50232700083925
-2.99687190051118	-4.95307850766766	-5.36507209887846
-5.67635614557107	-2.76493476768139	-4.66010528725109
-2.20950637064164	0.628671702143893	0.787365529869535
-1.57167925535973	2.17898832684825	0.973525597009232
-1.66018158236057	2.86564431219959	2.43839169909209
-3.97344930189975	0.744640268558785	2.45365072098878
-7.60814831769284	-2.45670252536812	0.366216525520714
-9.56740672922866	-4.16571297779812	-1.52895399404898
-12.3292896925307	-6.31418326085298	-4.48920424200809
-13.8796063172351	-5.47493705653468	-5.92355230029755
-10.0038147554742	-4.22674906538491	-3.47600518806744
-8.38025482566568	-2.905317769131	-2.47196154726482
-7.177843900206	-0.50965133134966	0.0885023270008393
-8.45044632639048	-0.338750286106661	-1.66933699549859
-9.09132524605173	-0.204470893415732	-3.07011520561532
-8.73121232928969	-1.367208361944	-5.67635614557107
-8.66712443732357	-2.2369726100557	-8.05676356145571
-10.1838712138552	-4.80964370183871	-8.65796902418555
-10.4554818036164	-4.85236896314946	-8.61829556725414
-9.22255283436332	-2.61234454871443	-7.21141374837873
-10.0953688868544	-3.27458609903105	-6.56137941557946
-11.5297169451438	-3.43022812237736	-5.73128862439918
-8.88380254825666	-2.72220950637064	-4.45563439383536
-6.05477988860914	-1.68764782177462	-3.94598306248569
-5.62752727550164	-1.69985503929198	-1.98367284657053
-5.11787594415198	-1.32143129625391	-0.326543068589303
-6.05477988860914	-0.445563439383536	0.192263675898375
-5.56038757915618	0.408941786831464	2.58793011367971
-7.87975890745403	1.59914549477379	2.6489662012665
-8.33142595559625	1.7242694743267	1.83718623636225
-7.69359884031434	0.924696726939803	0.796520943007553
-7.96215762569619	0.784313725490196	1.07118333714809
-7.07103074692912	0.0396734569314107	1.94705119401846
-8.66102082856489	1.19020370794232	2.54520485236896
-8.9570458533608	0.363164721141375	3.43022812237736
-7.56847486076142	0.744640268558785	4.58991378652628
-5.40779736018921	2.42923628595407	4.59601739528496
-3.68352788586252	2.52994583047227	3.21965362020295
-2.24002441443503	1.9501029983978	0.0946059357595178
-2.63675898374914	-0.149538414587625	-1.91958495460441
-2.10269321736477	-3.46074616617075	-6.89707789730678
-2.0355535210193	-2.76798657206073	-7.87365529869535
-3.69878690775921	-3.00297550926986	-6.38742656595712
-6.31418326085298	-3.59502555886168	-8.54200045777066
-3.68963149462119	0.0671396963454643	-5.91134508278019
-2.09048599984741	0.50965133134966	-3.55230029755093
-2.88395513847562	-0.0701915007248035	-3.72014953841459
-3.04264896620127	-3.0060273136492	-2.27969787136645
-1.67544060425727	-3.0609597924773	-1.62050812542916
-0.717174029144732	-0.796520943007553	0.308232242313268
-0.805676356145571	-0.2563515678645	1.91653315022507
-1.98367284657053	2.38651102464332	3.70489051651789
-2.71305409323262	3.35393301289387	4.82185091935607
-1.12916762035554	4.05889982452125	5.95407034409094
0.46997787441825	4.62958724345769	6.63767452506294
0.55542839703975	2.95719844357977	6.09445334554055
-0.997940032043946	2.13015945677882	3.90020599679561
1.37941557946136	3.60723277637903	2.76493476768139
-1.62966353856718	3.91241321431296	1.36415655756466
-4.03143358510719	5.69161516746777	0.0305180437933928
-3.50041962310216	4.39765011062791	1.73037308308537
-4.48004882887007	4.43121995880064	1.59609369039445
-4.05584802014191	2.97245746547646	1.17494468604562
-3.84832532234684	1.34584573128862	-0.0488288700694285
-2.30106050202182	-0.463874265659571	-2.42313267719539
-1.3824673838407	-0.183108262760357	-5.38033112077516
0.140383001449607	1.37636377508202	-4.54108491645685
1.5228503852903	1.74563210498207	-4.24811169604028
2.16372930495155	2.68253604943923	-4.08941786831464
-0.369268329900053	1.85244525825895	-3.759822995346
-1.81887541008621	1.73952849622339	-1.59914549477379
-4.3274586099031	-0.326543068589303	-1.73037308308537
-4.72419317921721	-1.32753490501259	-2.09353780422675
-3.55535210193027	0.900282291905089	-1.4679179064622
-1.70901045243	1.16884107728695	0.567635614557107
-1.95315480277714	2.7496757457847	2.4780651560235
-2.45059891660945	3.38445105668727	2.62455176623178
-1.11390859845884	2.21255817502098	3.97650110627909
-1.48622873273823	2.10879682612345	5.51766231784543
-1.77309834439612	3.44243533989471	6.19516289005875
-1.07728694590677	3.59502555886168	5.30403601129168
-2.7496757457847	4.43732356755932	4.5990691996643
0.308232242313268	5.72823682001984	4.96833752956436
-3.41191729610132	5.67940794995041	2.68863965819791
-5.297932402533	3.20744640268559	0.823987182421607
-7.14122224765393	0.93690394445716	-2.73746852826734
-4.26337071793698	1.03150988021668	-2.82597085526818
-4.66926070038911	-1.17494468604562	-3.28068970778973
-2.94499122606241	0.335698481727321	-1.69680323491264
-0.823987182421607	0.753795681696803	-0.512703135729
0.408941786831464	2.50553139543755	0.415045395590143
0.85145342183566	2.93888761730373	0.326543068589303
0.671396963454643	1.73952849622339	1.01625085831998
-0.323491264209964	-0.72327763790341	0.158693827725643
0.63782711528191	-1.48317692835889	0.610360875867857
1.15358205539025	-1.60219729915312	0.402838178072786
2.65812161440452	-0.735484855420768	2.14236667429618
1.77004654001678	-1.4526588845655	2.65812161440452
0.186160067139696	0.320439459830625	4.02227817196918
0.955214770733196	2.37125200274662	6.93675135423819
-1.78530556191348	1.97146562905318	7.52269779507134
-1.17799649042496	2.74662394140536	8.22766460669871
1.14747844663157	1.78225375753414	7.3182269016556
2.50247959105821	4.66010528725109	8.47180895704585
3.66826886396582	6.34470130464637	9.63149462119478
2.91447318226902	8.16052491035325	11.5205615320058
0.833142595559625	9.87258716716259	10.9681849393454
0.0305180437933928	10.1625085831998	9.94277866788739
-2.78324559395743	9.64370183871214	9.76272220950637
-1.22377355611505	7.3334859235523	6.0669871061265
-2.67948424505989	4.07110704203861	2.34988937209125
-1.71206225680934	2.58182650492103	-0.674448767833982
-1.75173571374075	1.25429159990845	-1.71816586556802
-2.94804303044175	0.72632944228275	-2.24917982757305
-3.13420309758144	-1.57167925535973	-1.46486610208286
-3.61333638513771	-2.46585793850614	-0.915541313801785
-1.52895399404898	-1.96841382467384	1.97451743343252
-1.52590218966964	-1.91653315022507	2.39871824216068
-1.83718623636225	-1.89211871519036	2.76493476768139
-1.92874036774243	-0.875867856870375	2.70084687571527
-5.50850690470741	-2.09048599984741	0.729381246662089
-5.78622110322728	-1.93484397650111	-1.17189288166629
-4.4281681544213	-2.76798657206073	-3.12504768444343
-2.50858319981689	-2.92057679102769	-0.320439459830625
-3.10368505378805	-3.49126420996414	0.366216525520714
-2.35599298084993	-1.20546272983902	1.9806210421912
-0.891126878767071	-0.21362630655375	4.55024032959487
-2.18509193560693	-0.561532005798428	5.06904707408255
-1.19020370794232	1.08339055466545	6.55222400244144
-0.466926070038911	2.563515678645	5.0965133134966
1.025406271458	4.51056687266346	4.57465476462959
0.482185091935607	4.16876478217746	2.86259250782025
0.418097199969482	5.14534218356603	1.92874036774243
-1.10170138094148	3.36308842603189	0.531013962005035
-1.75173571374075	3.15556572823682	-0.601205462729839
-0.137331197070268	1.85244525825895	-1.32448310063325
0.433356221866178	1.71816586556802	-1.46486610208286
-0.225833524071107	2.67032883192187	-1.68459601739528
-0.820935378042267	2.18509193560693	-2.09964141298543
-2.62760357061112	0.506599526970321	-2.67032883192187
-5.68551155870909	-1.12916762035554	-2.33463035019455
-7.55931944762341	-3.72014953841459	-1.04982070649271
-7.96520943007553	-4.57465476462959	-1.96841382467384
-5.99374380102235	-2.03860532539864	-0.991836423285267
-4.11078049897002	-3.28679331654841	-1.2970168612192
-3.55840390630961	-2.69474326695659	0.0671396963454643
-3.56450751506828	-2.26138704509041	0.537117570763714
-6.152437628748	-2.4628061341268	-1.14442664225223
-6.48508430609598	-3.54009308003357	-1.69680323491264
-6.87876707103075	-5.46578164339666	-1.4679179064622
-5.51766231784543	-2.41702906843671	0.881971465629053
-2.98161287861448	-1.24208438239109	2.91142137788968
-1.51979858091096	0.372320134279393	3.64385442893111
-1.55947203784237	1.6235599298085	3.73846036469062
0.0518806744487678	2.38345922026398	1.79751277943084
0.201419089036393	0.842298008697642	0.201419089036393
-1.4679179064622	0.558480201419089	-2.27359426260777
-2.20340276188296	0.155642023346304	-1.99282825970855
-0.363164721141375	1.61135271229114	-0.201419089036393
-0.714122224765393	2.26138704509041	0.799572747386893
-0.0885023270008393	3.63164721141375	2.2919050888838
-0.424200808728161	2.64286259250782	1.07423514152743
-0.814831769283589	1.08949416342412	-0.387579156176089
-1.2970168612192	-0.259403372243839	0.0305180437933928
-3.22270542458228	-1.85854886701762	-2.03250171663996
-4.57160296025025	-3.49736781872282	-0.302128633554589
-4.41901274128328	-3.57976653696498	0.970473792629892
-5.85641260395209	-2.81681544213016	-0.0366216525520714
-5.44747081712062	-1.72732127870604	0.146486610208286
-3.36614023041123	-2.2369726100557	-2.52689402609293
-1.64797436484321	-2.04470893415732	-2.45670252536812
0.0701915007248035	-2.63065537499046	-1.09864957656214
-0.601205462729839	-3.33562218661784	-0.708018616006714
-0.143434805828946	-2.13015945677882	1.52590218966964
0.399786373693446	-3.28374151216907	3.02738994430457
-0.402838178072786	-1.538109407187	3.64080262455177
-0.323491264209964	0.0335698481727321	2.19424734874495
1.27260242618448	-0.463874265659571	3.41191729610132
0.277714198519875	0.418097199969482	1.84328984512093
2.00808728160525	0.265506981002518	1.47096971084154
-0.262455176623178	0.119020370794232	-0.375371938658732
-0.234988937209125	1.26344701304646	-0.134279392690929
0.0854505226215	0.833142595559625	0.244144350347143
0.274662394140536	2.91447318226902	0.857557030594339
0.741588464179446	2.30411230640116	0.186160067139696
0.195315480277714	3.4882124055848	0.692759594110018
-1.31532768749523	3.17692835889219	-0.0244144350347143
-1.47402151522087	0.399786373693446	-1.24818799114977
-0.198367284657053	0.350957503624018	0.219729915312428
-1.73647669184405	-1.62966353856718	-0.756847486076142
-2.55436026550698	-2.02639810788128	1.62661173418784
-2.91752498664836	-1.03150988021668	2.78629739833677
-2.44144350347143	-0.711070420386053	1.18715190356298
-3.68963149462119	-1.55642023346304	1.1108567940795
-3.46379797055009	-1.79140917067216	3.04875257495994
-2.44144350347143	-2.3071641107805	3.26237888151369
-1.11696040283818	-3.36003662165255	3.3325703822385
-2.22781719691768	-4.62348363469902	2.20340276188296
-2.96025024795911	-5.32845044632639	2.58182650492103
-4.61127641718166	-6.67124437323568	0.759899290455482
-5.31624322880903	-7.26634622720684	-1.48928053711757
-6.81773098344396	-7.52880140383001	-3.18303196765087
-4.94697489890898	-7.06797894254978	-3.83306630045014
-6.9764248111696	-8.64881361104753	-4.15960936903944
-7.47386892500191	-9.56435492484932	-5.92050049591821
-5.50545510032807	-8.7006942854963	-3.41191729610132
-4.98054474708171	-8.19104295414664	-1.8951705195697
-4.64484626535439	-5.37727931639582	-2.94193942168307
-1.56252384222171	-1.38857099259937	-3.4027618829633
0.366216525520714	0.775158312352178	-4.18097199969482
1.13527122911421	1.41908903639277	-4.60517280842298
-0.38452735179675	-0.2563515678645	-4.41290913252461
-2.42923628595407	-0.720225833524071	-4.37018387121385
-1.99588006408789	-2.48111696040284	-2.27969787136645
-4.43732356755932	-3.08842603189136	-2.09048599984741
-5.06904707408255	-1.46486610208286	1.78225375753414
-5.31013962005035	-0.704966811627375	0.415045395590143
-2.34378576333257	-1.05897611963073	2.16067750057221
-1.89211871519036	-0.378423743038071	3.02738994430457
-0.506599526970321	-1.51064316777295	2.16067750057221
-1.47096971084154	-2.1210040436408	0.625619897764553
-1.66933699549859	-2.44144350347143	-1.33669031815061
-2.38956282902266	-3.21965362020295	-2.18509193560693
-3.03349355306325	-3.01518272678721	-2.95719844357977
-3.42717631799802	-4.41901274128328	-4.37628747997253
-3.24101625085832	-4.77302204928664	-4.67841611352712
-2.05386434729534	-2.64591439688716	-4.73640039673457
-3.05790798809796	-3.51873044937819	-6.25009536888685
-5.10566872663462	-4.29388876173037	-8.32227054245823
-4.73640039673457	-5.36202029449912	-8.23682001983673
-4.15045395590143	-3.92462043183032	-7.49828336003662
-3.72014953841459	-2.26138704509041	-4.54413672083619
-1.56252384222171	-2.86869611657893	-2.55436026550698
0.454718852521553	-0.0915541313801785	-0.631723506523232
-0.238040741588464	2.4933241779202	0.89723048752575
-2.34683756771191	3.11284046692607	0.338750286106661
-3.93987945372702	1.54116121156634	-2.4078736552987
-3.21660181582361	-0.228885328450446	-1.63271534294652
-6.89707789730678	-0.302128633554589	-0.192263675898375
-3.92462043183032	-0.12817578393225	2.79545281147478
-2.73136491950866	0.143434805828946	5.09346150911727
-0.280766002899214	1.95620660715648	8.63660639353017
1.83718623636225	2.48722056916152	7.79125658045319
1.7944609750515	1.9653620202945	5.56343938353552
1.25123979552911	-0.5981536583505	0.601205462729839
-2.221713588159	-6.19821469443809	-5.34981307698177
-5.17280842298009	-9.75356679636835	-8.44739452201114
-5.94186312657359	-11.108567940795	-11.9172961013199
-6.03952086671244	-11.7524986648356	-14.877546349279
-5.77096208133059	-7.51049057755398	-13.9894712748913
-4.56244754711223	-5.95407034409094	-12.2346837567712
-4.58991378652628	-4.00701915007248	-11.1543450064851
-3.03654535744259	-3.09452964065003	-7.20225833524071
-5.94186312657359	-3.83611810482948	-6.01205462729839
-3.89715419241627	-2.33157854581521	-3.94293125810636
-4.08941786831464	-2.48111696040284	-3.52788586251621
-4.71808957045853	-0.347905699244678	-3.3478294041352
-1.71511406118868	3.21049820706493	-1.08949416342412
-0.0396734569314107	7.56847486076142	0.659189745937285
1.16578927290761	8.58167391470207	3.27763790341039
2.47196154726482	8.47486076142519	5.68856336308843
2.63065537499046	8.73731593804837	6.14633401998932
2.37430380712596	5.50850690470741	7.5043869687953
0.0762951094834821	5.0110627908751	7.34569314106966
-0.552376592660411	6.20126649881743	8.07202258335241
-1.48928053711757	4.85847257190814	6.08224612802319
-3.24101625085832	5.27962157625696	3.96124208438239
-3.0609597924773	4.32440680552377	3.21965362020295
-5.06904707408255	2.39566643778134	-1.26039520866712
-5.00495918211643	0.296025024795911	-3.61333638513771
-5.56343938353552	-3.0914778362707	-8.12085145342184
-6.3782711528191	-4.40070191500725	-9.68642710002289
-5.84115358205539	-6.82993820096132	-9.35988403143359
-6.58579385061418	-9.03639276722362	-11.1879148546578
-4.87678339818418	-8.0170901045243	-11.3282978561074
-1.41908903639277	-7.39757381551843	-11.0536354619669
-0.280766002899214	-6.19821469443809	-8.52674143587396
2.50553139543755	-4.98054474708171	-6.40268558785382
4.31219958800641	-3.98260471503777	-3.11284046692607
5.44747081712062	-2.96635385671778	-1.89211871519036
5.68856336308843	-2.60624093995575	0.335698481727321
5.55733577477684	-0.708018616006714	2.59708552681773
4.79743648432135	-0.869764248111696	3.70489051651789
1.59304188601511	0.549324788281071	4.57160296025025
-0.302128633554589	1.91653315022507	5.64888990615702
-1.49233234149691	0.704966811627375	5.74959945067521
-2.58487830930037	0.210574502174411	6.95811398489357
-3.03654535744259	1.51674677653162	4.47089341573205
-2.9907682917525	2.2369726100557	3.5736629282063
-0.570687418936446	4.91950865949493	3.28984512092775
0.164797436484321	5.34370946822309	-2.20035095750362
1.92874036774243	6.38132295719844	-3.95819028000305
2.28580148012512	5.74044403753719	-4.75165941863127
2.09964141298543	5.96017395284962	-5.810635538262
0.711070420386053	3.75066758220798	-6.63767452506294
-1.98672465094987	0.122072175173571	-8.64576180666819
-3.02738994430457	1.18410009918364	-7.30907148851759
-3.0060273136492	-0.0274662394140536	-6.75364309147784
-1.4373998626688	0.265506981002518	-6.65903715571832
-3.91851682307164	1.01319905394064	-6.2226291294728
-2.4078736552987	1.18715190356298	-4.17486839093614
-0.711070420386053	0.903334096284428	-2.59403372243839
0.158693827725643	1.29396505683986	-1.85854886701762
-1.21766994735637	-0.347905699244678	-2.50553139543755
1.66628519111925	-0.0305180437933928	-1.61745632104982
2.1515220874342	0.201419089036393	-1.14137483787289
0.311284046692607	-0.756847486076142	-0.225833524071107
-0.0579842832074464	-1.22987716487373	1.49233234149691
-1.0955977721828	-2.50247959105821	-0.0732433051041428
-0.280766002899214	-2.50553139543755	2.02334630350195
-0.451667048142214	-1.06202792401007	3.36308842603189
-1.70901045243	0.552376592660411	4.90119783321889
-0.195315480277714	3.1464103150988	3.91241321431296
-1.18715190356298	4.5838101777676	2.14541847867552
-2.72526131074998	6.38437476157778	-1.24208438239109
-0.29907682917525	5.62752727550164	-4.48920424200809
0.0701915007248035	5.12703135729	-8.66712443732357
2.43228809033341	4.614328221561	-9.84512092774853
2.734416723888	3.25932707713436	-12.2041657129778
1.0101472495613	2.40177004654002	-10.7698176546883
0.308232242313268	1.08033875028611	-11.4839398794537
1.75173571374075	1.68154421301595	-10.0068665598535
2.03860532539864	1.04676890211337	-8.49622339208057
-0.0823987182421607	1.64187075608453	-7.30907148851759
1.45876249332418	3.93682764934768	-5.6946669718471
2.84122987716487	3.43938353551537	-4.39154650186923
1.77004654001678	3.32951857785916	-1.77615014877546
2.38345922026398	4.18402380407416	1.66323338673991
1.03456168459602	4.80964370183871	1.19325551232166
1.69985503929198	5.18806744487678	2.80155642023346
1.12306401159686	4.02227817196918	4.71503776607919
0.253299763485161	4.37628747997253	4.1718165865568
3.36614023041123	4.39459830624857	6.32028686961166
4.12909132524605	4.99275196459907	7.3334859235523
5.98458838788434	6.56137941557946	8.90211337453269
5.5390249485008	5.57564660105287	8.05981536583505
3.39665827420462	4.96833752956436	6.26535439078355
4.5136186770428	3.54924849317159	5.43221179522393
1.90737773708705	1.29091325246052	1.61745632104982
0.305180437933928	0.0457770656900893	0.341802090486
-0.747692072938125	0.573739223315785	-3.32341496910048
-1.41603723201343	-0.231937132829786	-5.01716639963378
-0.375371938658732	-0.869764248111696	-6.06393530174716
-3.92462043183032	-0.0915541313801785	-6.39047837033646
-3.66216525520714	1.37941557946136	-5.64888990615702
-3.03044174868391	-0.0976577401388571	-6.82688639658198
-3.39971007858396	-0.888075074387732	-6.90318150606546
-0.72632944228275	-2.00198367284657	-5.34065766384375
-1.92263675898375	-1.2817578393225	-4.65400167849241
0.567635614557107	-2.34988937209125	-2.72831311512932
1.4679179064622	-2.17593652246891	-4.01312275883116
3.28679331654841	-0.674448767833982	-1.34279392690929
4.01922636758984	-0.488288700694285	0.0823987182421607
2.05386434729534	0.63782711528191	1.95620660715648
1.90432593270771	2.38345922026398	3.21355001144427
0.830090791180285	1.54726482032502	5.47188525215534
-3.04875257495994	-0.448615243762875	5.22468909742885
-1.43434805828946	-2.18814373998627	4.272526131075
0.195315480277714	-1.06202792401007	5.34676127260243
1.70290684367132	-1.25123979552911	7.66918440527962
3.53093766689555	1.64797436484321	8.97535667963684
4.17486839093614	5.20332646677348	7.86449988555734
6.34775310902571	6.86045624475471	6.87266346227207
6.82383459220264	5.89913786526284	5.67940794995041
4.81574731059739	5.06904707408255	4.0161745632105
1.68459601739528	4.40680552376593	2.47501335164416
1.44655527580682	5.36202029449912	1.78530556191348
0.80872816052491	4.36408026245518	0.869764248111696
-0.524910353246357	5.37117570763714	-1.0406652933547
2.43839169909209	6.34470130464637	-1.79751277943084
3.87579156176089	6.28976882581826	-2.40482185091936
3.83611810482948	2.61234454871443	-2.67948424505989
5.54207675288014	1.1810482948043	-1.48012512397955
5.468833447776	0.506599526970321	-0.659189745937285
5.05378805218585	0.421149004348821	-0.350957503624018
3.78728923476005	-0.238040741588464	0.311284046692607
2.45670252536812	0.973525597009232	-1.08033875028611
2.04470893415732	2.94193942168307	0.0976577401388571
1.36415655756466	3.03959716182193	0.891126878767071
1.26344701304646	0.720225833524071	0.326543068589303
1.75478751812009	1.10780498970016	2.08743419546807
2.01419089036393	0.72327763790341	2.78324559395743
1.6235599298085	2.35904478522927	4.27557793545434
2.1210040436408	4.28473334859236	6.97947661554894
3.19829098954757	4.85847257190814	7.87365529869535
4.12603952086671	6.10360875867857	9.94277866788739
5.97238117036698	7.19920653086137	10.1564049744411
6.3935301747158	6.68650339513237	8.73121232928969
4.42511635004196	4.02532997634852	5.42000457770657
4.22369726100557	1.17189288166629	1.77309834439612
0.7690547035935	0.628671702143893	-1.30922407873655
-1.4526588845655	-1.01930266269932	-3.03349355306325
-3.75677119096666	-0.741588464179446	-3.61638818951705
-2.92668039978637	0.149538414587625	-1.49233234149691
-1.44960708018616	-0.0488288700694285	0.973525597009232
1.51064316777295	1.02845807583734	4.00396734569314
2.57572289616236	-0.219729915312428	2.93278400854505
2.23086900129702	-2.050812542916	-0.280766002899214
3.15556572823682	-2.29800869764248	-1.04982070649271
3.12809948882277	-2.20340276188296	-1.02235446707866
4.75776302738994	-0.338750286106661	1.07423514152743
6.17074845502403	0.729381246662089	2.27054245822843
5.83504997329671	0.866712443732357	3.70183871213855
