-3.17387655451286	-1.44045166704814	-1.49538414587625
-1.97146562905318	-1.65712977798123	-0.973525597009232
-2.22781719691768	-0.677500572213321	-0.952162966353857
-1.20851453421836	-0.72632944228275	-1.11696040283818
-0.93690394445716	-0.131227588311589	-2.27054245822843
-2.63675898374914	-0.814831769283589	-2.20950637064164
-3.20134279392691	0.659189745937285	-1.31532768749523
-3.36308842603189	0.109864957656214	-1.04982070649271
-5.50240329594873	-1.73342488746471	-2.28274967574578
-5.22468909742885	-2.44144350347143	-1.8646524757763
-6.55222400244144	-2.65201800564584	-2.70695048447395
-5.24299992370489	-3.80560006103609	-4.13519493400473
-7.28465705348287	-3.27153429465171	-0.552376592660411
-6.69565880827039	-1.76394293125811	-1.83413443198291
-6.88181887541009	-3.14030670634012	-1.24513618677043
-5.57259479667353	-2.70084687571527	-0.457770656900893
-3.66826886396582	-2.01419089036393	-1.12001220721752
-2.36514839398795	-4.0009155413138	-3.85748073548486
-1.04982070649271	-2.79545281147478	-2.83207446402686
-0.173952849622339	-1.02845807583734	-2.71610589761196
0.387579156176089	-0.588998245212482	-1.80056458381018
-2.58487830930037	-1.33363851377127	-1.5533684290837
-3.18608377203021	-3.27763790341039	-2.8198672465095
-5.27351796749828	-3.29594872968643	-3.5736629282063
-5.13923857480736	-4.90424963759823	-2.43228809033341
-3.09758144502937	-2.63065537499046	-1.32448310063325
-2.18509193560693	-1.68154421301595	-0.173952849622339
-2.54520485236896	0.463874265659571	0.308232242313268
-0.625619897764553	1.73952849622339	0.408941786831464
-0.0244144350347143	1.69680323491264	0.320439459830625
0.817883573662928	1.51064316777295	0.625619897764553
0.607309071488518	1.40383001449607	-0.418097199969482
1.51674677653162	1.2970168612192	0.622568093385214
-0.820935378042267	0.411993591210803	-0.0976577401388571
-3.13115129320211	-0.46997787441825	0.732433051041428
-2.85648889906157	-0.338750286106661	0.601205462729839
-3.91851682307164	-1.367208361944	0.137331197070268
-2.49027237354086	-2.3224231326772	0.0488288700694285
-0.863660639353018	-2.53299763485161	-1.06202792401007
-0.317387655451286	-3.36003662165255	-3.46379797055009
-0.689707789730678	-3.84832532234684	-4.10772869459068
-0.451667048142214	-4.11993591210803	-4.66315709163043
0.918593118181125	-4.39154650186923	-4.99275196459907
-0.674448767833982	-4.06500343327993	-5.20943007553216
-2.34683756771191	-4.07110704203861	-5.99984740978103
-1.24513618677043	-3.22575722896162	-5.07209887846189
-1.86160067139696	-3.56145571068894	-5.67635614557107
-3.45769436179141	-2.0660715648127	-5.3833829251545
-2.86564431219959	-2.45670252536812	-6.13412680247196
-2.59708552681773	-0.866712443732357	-1.05287251087205
-2.89311055161364	-1.10475318532082	-1.84939345387961
-3.61028458075837	-0.317387655451286	0.607309071488518
-3.02738994430457	-0.967421988250553	1.47707331960021
-2.48416876478218	-0.98268101014725	1.09254596780346
-1.95925841153582	-1.66323338673991	-0.38452735179675
-1.51064316777295	-2.734416723888	-0.411993591210803
-2.57572289616236	-2.31326771953918	-0.683604180972
-3.41191729610132	-2.73746852826734	0.283817807278553
-0.881971465629053	-3.07927061875334	0.866712443732357
-1.67849240863661	-2.56961928740368	0.201419089036393
-1.41298542763409	-2.4628061341268	0.741588464179446
1.4526588845655	-0.759899290455482	1.07118333714809
2.53604943923095	-0.274662394140536	0.836194399938964
0.131227588311589	1.02235446707866	1.96841382467384
0.830090791180285	0.115968566414893	0.564583810177768
-1.58999008163577	-0.515754940108339	-1.09254596780346
-2.85038529030289	-0.64087891966125	0.729381246662089
-1.98367284657053	-0.836194399938964	-0.839246204318303
-2.58793011367971	-1.4526588845655	-1.01625085831998
-3.77508201724269	-2.81071183337148	-0.628671702143893
-3.12199588006409	-2.78629739833677	-0.12817578393225
-2.7496757457847	-4.04364080262455	-0.0122072175173571
-0.527962157625696	-3.38445105668727	-0.512703135729
-2.15762569619287	-3.93682764934768	0.695811398489357
0.360112916762036	-2.2369726100557	0.143434805828946
0.701915007248035	-0.244144350347143	1.15053025101091
-0.524910353246357	0.274662394140536	0.0457770656900893
-0.378423743038071	-0.466926070038911	-0.04272526131075
-0.976577401388571	-0.689707789730678	-0.195315480277714
-1.72121766994736	-0.912489509422446	-1.20851453421836
2.05386434729534	0.317387655451286	0.415045395590143
2.90836957351034	0.592050049591821	0.12817578393225
3.83611810482948	1.04676890211337	-0.344853894865339
4.45563439383536	2.70389868009461	0.29907682917525
5.27962157625696	2.62760357061112	2.42313267719539
3.03654535744259	3.07316700999466	1.56252384222171
1.13221942473487	1.6235599298085	1.22072175173571
1.196307316701	1.94094758525978	1.10475318532082
0.0762951094834821	2.905317769131	4.28473334859236
1.22377355611505	1.55031662470436	2.0355535210193
1.44655527580682	0.89723048752575	2.09658960860609
-0.286869611657893	0.579842832074464	2.563515678645
0.546272983901732	0.262455176623178	1.77309834439612
1.39467460135805	-0.338750286106661	1.14747844663157
0.296025024795911	-0.7690547035935	0.650034332799268
-0.662241550316625	-0.775158312352178	-0.390630960555428
-0.933852140077821	-1.49843595025559	1.03456168459602
-1.6388189517052	-2.35599298084993	-0.109864957656214
-2.31326771953918	-1.5533684290837	1.1810482948043
-0.38452735179675	-1.99893186846723	1.29091325246052
-0.323491264209964	-1.87380788891432	0.80872816052491
0.677500572213321	-2.4780651560235	0.747692072938125
-0.497444113832303	-2.16983291371023	-0.457770656900893
0.476081483176928	-4.20538643472953	-1.44655527580682
-2.68253604943923	-4.16266117341878	-3.76592660410468
-3.93377584496834	-4.88899061570153	-3.03044174868391
-3.14946211947814	-4.60517280842298	-2.76798657206073
-2.0355535210193	-3.48516060120546	-2.83207446402686
-3.26543068589303	-3.90325780117494	-3.14335851071946
-2.44449530785077	-0.863660639353018	0.888075074387732
-0.408941786831464	0.860608834973678	1.51369497215228
0.906385900663767	2.97245746547646	2.10269321736477
3.44853894865339	3.83916990920882	5.56649118791485
1.69985503929198	4.0009155413138	2.87479972533761
2.21560997940032	4.73945220111391	1.94705119401846
1.23598077363241	3.64995803768978	-0.152590218966964
-0.173952849622339	3.32646677347982	-0.790417334248875
0.283817807278553	1.88296330205234	-2.16372930495155
-0.735484855420768	1.78835736629282	-2.04776073853666
-0.753795681696803	1.19020370794232	-1.56862745098039
-0.744640268558785	-0.234988937209125	-0.402838178072786
1.025406271458	-1.00404364080262	-1.26039520866712
-1.24208438239109	-1.78225375753414	-0.976577401388571
-0.192263675898375	-1.44655527580682	0.891126878767071
2.61234454871443	-2.1515220874342	1.34279392690929
1.08339055466545	-2.63065537499046	1.73342488746471
-0.0854505226215	-4.03753719386587	-0.210574502174411
0.0457770656900893	-3.50652323186084	0.619516289005875
-0.650034332799268	-3.31120775158312	0.497444113832303
-0.302128633554589	-3.40886549172198	1.33974212252995
1.32143129625391	-2.82902265964752	0.888075074387732
0.292973220416571	-0.0274662394140536	0.949111161974517
2.4933241779202	1.43129625391012	1.02845807583734
3.80254825665675	3.05485618371862	2.46890974288548
3.05790798809796	3.38750286106661	2.75577935454337
1.64492256046387	5.06599526970321	3.06401159685664
1.65407797360189	4.71503776607919	3.61943999389639
1.95620660715648	3.90325780117494	4.35492484931716
1.87075608453498	3.86663614862287	2.77409018081941
1.58693827725643	3.55535210193027	1.36110475318532
2.86869611657893	4.74555580987259	2.10879682612345
3.30815594720378	4.09552147707332	2.21866178377966
1.79140917067216	4.23590447852293	1.70595864805066
3.15861753261616	3.36919203479057	2.24612802319371
0.701915007248035	2.82291905088884	1.40383001449607
2.00808728160525	1.57167925535973	3.40886549172198
2.05996795605402	1.50453955901427	2.5482566567483
2.905317769131	2.6642252231632	4.41901274128328
3.94598306248569	3.38750286106661	5.25215533684291
5.25825894560159	4.13214312962539	5.15754940108339
5.06294346532387	3.94293125810636	5.10872053101396
4.30914778362707	3.64385442893111	5.02327000839246
2.82597085526818	1.40383001449607	3.78423743038071
-1.44045166704814	0.930800335698482	2.84733348592355
-3.39055466544594	0.210574502174411	3.28679331654841
-5.20332646677348	1.08949416342412	5.15449759670405
-5.22163729304952	-0.265506981002518	3.17387655451286
-5.19417105363546	0.375371938658732	5.25520714122225
-2.13321126115816	0.592050049591821	5.59395742732891
-1.40383001449607	-0.0854505226215	3.25932707713436
-0.503547722590982	-1.19020370794232	1.89822232394903
-1.19020370794232	-1.76699473563745	1.35500114442664
-1.31227588311589	-0.286869611657893	0.634775310902571
0.909437705043107	0.729381246662089	1.879911497673
1.01319905394064	1.24208438239109	2.25833524071107
1.76394293125811	1.58693827725643	1.09864957656214
1.95620660715648	2.96940566109712	2.77103837644007
1.23292896925307	2.17288471808957	0.677500572213321
-1.66323338673991	1.16884107728695	0.656137941557946
-1.55031662470436	0.103761348897536	-0.80872816052491
-1.08339055466545	0.494392309452964	0.646982528419928
0.0946059357595178	0.375371938658732	1.9501029983978
-0.692759594110018	0.756847486076142	1.56252384222171
1.91348134584573	0.802624551766232	1.98672465094987
-2.15457389181353	1.2664988174258	0.0183108262760357
-1.9806210421912	2.34683756771191	1.76394293125811
-2.3773556115053	2.18204013122759	1.93789578088045
-3.71099412527657	1.08033875028611	0.842298008697642
-3.42717631799802	1.37331197070268	-0.479133287556268
-2.90836957351034	2.43533989471275	0.943007553215839
-2.91447318226902	2.29495689326314	0.912489509422446
-3.10368505378805	0.985732814526589	-0.0701915007248035
-2.41702906843671	0.653086137178607	0.607309071488518
-3.70183871213855	-0.04272526131075	-1.26344701304646
-4.37018387121385	0.296025024795911	-1.71511406118868
-2.34073395895323	-0.943007553215839	-1.07728694590677
-2.6642252231632	-2.734416723888	-2.65201800564584
-4.44647898069734	-2.14847028305486	-3.11284046692607
-2.91142137788968	-3.5736629282063	-3.59807736324102
-3.26237888151369	-3.78423743038071	-3.61333638513771
-4.7699702449073	-3.46074616617075	-4.06195162890059
-3.76897840848402	-2.45365072098878	-2.95414663920043
-3.41191729610132	-2.03860532539864	-2.49027237354086
-1.98977645532921	-2.91752498664836	0.222781719691768
-2.97245746547646	-3.15251392385748	-0.207522697795071
-2.61234454871443	-4.50751506828412	-1.10780498970016
-2.46585793850614	-5.30403601129168	-1.16273746852827
-1.879911497673	-3.28679331654841	-1.11390859845884
0.729381246662089	-2.94499122606241	0.68055237659266
1.46486610208286	-1.40383001449607	3.10673685816739
2.66727702754253	-1.12306401159686	4.76691844052796
2.69169146257725	0.216678110933089	4.36713206683452
4.76081483176928	1.85549706263828	7.1625848783093
5.06294346532387	2.04776073853666	7.22972457465476
5.15144579232471	1.43434805828946	5.45662623025864
7.95605401693751	2.72831311512932	5.89913786526284
6.98863202868696	2.92973220416571	7.06797894254978
11.2642099641413	4.19317921721218	8.86549172198062
11.4137483787289	3.78728923476005	8.97840848401617
11.5327687495232	4.70893415732052	7.89501792935073
11.9264515144579	5.89303425650416	9.4697489890898
11.9233997100786	5.33455405508507	8.60914015411612
11.6365300984207	4.92866407263294	7.61120012207217
12.2072175173571	5.81979095140002	8.42603189135576
11.2520027466239	5.71297779812314	9.05165178912032
12.0241092545968	6.72312504768444	9.570458533608
12.3109788662547	7.73022049286641	11.6792553597314
10.0617990386816	6.96421759365225	9.74441138323033
9.50331883726253	7.90417334248875	10.62333104448
9.39345387960632	7.76379034103914	11.5938048371099
8.41687647821775	5.48409246967269	11.279468986038
7.78210116731517	3.62249179827573	9.01197833218891
6.67124437323568	3.44853894865339	8.72510872053101
3.07927061875334	1.91653315022507	6.50644693675135
5.32845044632639	2.050812542916	4.18402380407416
4.39765011062791	1.69680323491264	3.02433813992523
4.53498130769818	-0.338750286106661	2.13321126115816
4.0161745632105	-1.09254596780346	-0.210574502174411
4.60517280842298	-2.78324559395743	0.762951094834821
3.80254825665675	-1.98672465094987	1.10475318532082
2.44754711223011	-2.07217517357137	0.0762951094834821
1.34279392690929	-3.04570077058061	-0.759899290455482
-0.607309071488518	-1.80361638818952	0.646982528419928
0.421149004348821	-2.13015945677882	2.70695048447395
0.393682764934768	-1.59304188601511	2.09353780422675
-0.329594872968643	-1.19935912108034	2.73746852826734
-2.76798657206073	-1.58388647287709	1.97756923781186
-0.198367284657053	0.552376592660411	2.00503547722591
-0.289921416037232	0.823987182421607	1.15358205539025
-0.701915007248035	0.692759594110018	0.997940032043946
0.0152590218966964	-0.592050049591821	-0.341802090486
-1.04371709773404	-0.064087891966125	-0.12817578393225
-2.48416876478218	-1.92263675898375	-0.650034332799268
-4.92256046387427	-2.08438239108873	0.192263675898375
-3.37529564354925	-3.70794232089723	0.0274662394140536
-4.79133287556268	-2.28580148012512	-0.210574502174411
-0.543221179522393	-1.57167925535973	1.37331197070268
0.283817807278553	-1.83413443198291	-1.27565423056382
-0.180056458381018	-3.0060273136492	-1.15358205539025
0.601205462729839	-2.52079041733425	-3.65606164644846
-0.524910353246357	-2.45975432974746	-3.79339284351873
-0.833142595559625	-2.71305409323262	-6.07309071488518
-1.32448310063325	-1.89211871519036	-4.22064545662623
-1.48928053711757	-2.27359426260777	-5.46272983901732
-2.78324559395743	-1.15358205539025	-6.31418326085298
0.131227588311589	-1.08339055466545	-4.53498130769818
1.32448310063325	-0.146486610208286	-3.68657969024186
1.79751277943084	-1.62661173418784	-3.61333638513771
-0.63782711528191	0.0152590218966964	-2.86869611657893
-0.570687418936446	0.372320134279393	-2.69474326695659
-1.96231021591516	0.430304417486839	-1.94094758525978
-4.43732356755932	0.424200808728161	-2.88395513847562
-4.53498130769818	0.387579156176089	-3.67132066834516
-4.97749294270237	0.781261921110857	-4.4281681544213
-5.12703135729	-0.381475547417411	-1.40383001449607
-5.05989166094453	-1.97451743343252	-4.34882124055848
-5.468833447776	-2.21560997940032	-3.37834744792859
-6.58579385061418	-2.51468680857557	-4.98054474708171
-4.67231250476844	-2.75272755016403	-5.99679560540169
-4.1870756084535	-3.01213092240787	-6.76890211337453
-5.00190737773709	-3.54314488441291	-4.92256046387427
-4.47089341573205	-6.23178454261082	-6.11886778057526
-3.8452735179675	-5.57564660105287	-5.57564660105287
-3.56450751506828	-7.32433051041428	-5.56649118791485
-4.68757152666514	-6.80857557030594	-5.42000457770657
-4.69367513542382	-7.17479209582666	-5.99679560540169
-4.80659189745937	-5.11787594415198	-5.46272983901732
-6.44846265354391	-5.71602960250248	-3.31425955596246
-4.69367513542382	-3.66521705958648	-2.75577935454337
-4.61738002594034	-3.15251392385748	-1.94094758525978
-4.26337071793698	-1.78225375753414	-2.60929274433509
-3.91241321431296	-1.73647669184405	-1.30312046997787
-4.04974441138323	-1.30617227435721	-1.10780498970016
-5.03547722590982	-1.7944609750515	-0.115968566414893
-3.67742427710384	-1.32753490501259	0.170901045243
-3.59502555886168	-0.00305180437933928	0.711070420386053
-3.84832532234684	0.314335851071946	-0.701915007248035
-2.85343709468223	0.167849240863661	-1.98977645532921
-1.34584573128862	-0.994888227664607	-2.63065537499046
-2.60013733119707	-1.66018158236057	-4.82795452811475
-3.38750286106661	-3.11284046692607	-6.03036545357443
-1.57473105973907	-4.15045395590143	-6.38437476157778
-1.91653315022507	-3.56145571068894	-5.99374380102235
-3.17082475013352	-3.66216525520714	-6.85740444037537
-4.57160296025025	-1.52895399404898	-7.32433051041428
-4.28778515297169	-1.35805294880598	-6.53696498054475
-4.24505989166094	-0.708018616006714	-4.18402380407416
-4.614328221561	0.387579156176089	-3.97039749752041
-7.61425192645151	1.91042954146639	-3.88189517051957
-4.79133287556268	2.32547493705653	-1.98367284657053
-4.72114137483787	3.56450751506828	-2.05386434729534
-5.34676127260243	4.27557793545434	-1.70901045243
-4.09246967269398	2.8198672465095	-1.27260242618448
-6.62546730754559	3.14335851071946	-3.09452964065003
-3.1616693369955	3.19218738078889	-0.878919661249714
-2.19729915312428	3.76897840848402	0.750743877317464
-4.16571297779812	1.25734340428779	-4.11993591210803
-2.35294117647059	3.21965362020295	0.81177996490425
0.201419089036393	3.97039749752041	0.326543068589303
0.338750286106661	2.4628061341268	-1.94705119401846
0.302128633554589	3.17387655451286	0.476081483176928
0.463874265659571	4.45563439383536	0.320439459830625
0.659189745937285	3.05485618371862	-0.750743877317464
-0.515754940108339	0.836194399938964	-1.92568856336309
-0.439459830624857	1.41603723201343	-0.820935378042267
-2.74052033264668	-0.189211871519036	-3.36003662165255
-2.52079041733425	-0.89417868314641	-4.23285267414359
-5.36507209887846	-0.134279392690929	-3.32951857785916
-5.5390249485008	-1.59609369039445	-2.83207446402686
-6.4637216754406	-1.538109407187	-1.20851453421836
-7.60814831769284	-2.45975432974746	-2.34683756771191
-7.88891432059205	-2.15762569619287	-1.18410009918364
-5.87472343022812	-0.790417334248875	-0.534065766384375
-6.41489280537118	-0.296025024795911	-0.546272983901732
-4.956130312047	1.06202792401007	0.476081483176928
-3.44243533989471	0.89723048752575	0.881971465629053
-5.16365300984207	1.73647669184405	2.56046387426566
-3.24101625085832	3.08842603189136	3.0609597924773
-1.196307316701	3.0609597924773	1.74563210498207
-2.45365072098878	2.06301976043336	1.07118333714809
-2.45059891660945	3.18608377203021	0.393682764934768
-0.0823987182421607	3.76287479972534	-0.732433051041428
0.878919661249714	3.70183871213855	-1.69985503929198
2.05386434729534	3.18303196765087	-3.17082475013352
0.878919661249714	2.69474326695659	-3.14030670634012
3.41191729610132	2.81071183337148	-3.247119859617
1.85549706263828	1.25429159990845	-4.00701915007248
1.24513618677043	0.650034332799268	-4.74250400549325
0.445563439383536	0.326543068589303	-3.50041962310216
-0.930800335698482	0.750743877317464	-2.36820019836728
-1.72121766994736	0.286869611657893	-1.53505760280766
-2.67338063630121	-0.772106507972839	-1.56862745098039
-4.40070191500725	-2.27664606698711	-1.87075608453498
-5.37422751201648	-2.04776073853666	-1.23598077363241
-6.665140764477	-2.89921416037232	0.927748531319142
-7.11070420386053	-2.78934920271611	-0.100709544518196
-5.57564660105287	-3.55230029755093	0.689707789730678
-6.53696498054475	-3.16472114137484	-0.625619897764553
-5.86251621271076	-2.59708552681773	-0.415045395590143
-2.95719844357977	-1.63576714732586	-1.40077821011673
-1.63576714732586	-1.2970168612192	-0.900282291905089
-0.430304417486839	0.173952849622339	0.00915541313801785
1.31532768749523	1.65712977798123	0.466926070038911
2.27359426260777	2.43533989471275	0.781261921110857
3.18303196765087	2.14847028305486	1.10780498970016
2.86869611657893	2.53910124361028	0.00305180437933928
0.671396963454643	2.93888761730373	0.131227588311589
2.04165712977798	3.46684977492943	1.96841382467384
1.24818799114977	1.64797436484321	0.961318379491875
-0.601205462729839	-0.167849240863661	1.40688181887541
-0.360112916762036	-0.97962920576791	0.228885328450446
-1.30617227435721	-2.51163500419623	-0.518806744487678
-2.00198367284657	-2.59098191805905	0.912489509422446
-3.60112916762036	-1.75173571374075	-0.50965133134966
-4.03448538948653	-3.19829098954757	-2.76493476768139
-7.48302433813993	-3.41496910048066	-3.67742427710384
-9.399557488365	-3.32341496910048	-3.44853894865339
-7.2480354009308	-2.43228809033341	-4.54718852521553
-7.48302433813993	-1.6235599298085	-3.64995803768978
-6.77805752651255	-2.05691615167468	-4.18402380407416
-4.48004882887007	-1.17189288166629	-4.2572671091783
-5.22774090180819	-2.19119554436561	-5.09956511787594
-6.28671702143893	-2.4078736552987	-6.3935301747158
-6.49729152361334	-2.92362859540703	-4.5288776989395
-8.69153887235828	-1.66018158236057	-4.31219958800641
-5.97543297474632	-0.80872816052491	-3.97955291065843
-2.09353780422675	-0.436408026245518	-2.27969787136645
0.0946059357595178	-1.43434805828946	-3.38445105668727
1.4373998626688	-0.949111161974517	-3.43022812237736
3.11894407568475	-0.885023270008392	-2.35904478522927
3.930724040589	-1.62661173418784	-1.60219729915312
3.68047608148318	-3.0060273136492	-0.363164721141375
1.1108567940795	-4.16266117341878	-0.927748531319142
1.21766994735637	-2.91447318226902	-1.04982070649271
-0.262455176623178	-4.44647898069734	-1.8646524757763
-2.77714198519875	-4.51972228580148	-4.0161745632105
-3.4027618829633	-3.90325780117494	0.827038986800946
-3.73540856031128	-3.29900053406577	1.27565423056382
-3.15251392385748	-0.592050049591821	3.47905699244678
-1.5228503852903	-1.28786144808118	6.17685206378271
-1.71511406118868	-0.0274662394140536	4.63569085221637
0.46997787441825	0.421149004348821	3.49431601434348
-0.949111161974517	-0.320439459830625	-0.250247959105821
-2.51773861295491	-0.332646677347982	-1.81277180132753
-1.51369497215228	0.308232242313268	-3.20134279392691
-1.42824444953079	0.488288700694285	-4.64179446097505
-2.82902265964752	1.52895399404898	-3.93987945372702
1.3519493400473	1.82192721446555	-2.94193942168307
2.65506981002518	1.25123979552911	-2.34683756771191
3.43022812237736	1.39162279697871	-2.9907682917525
4.5990691996643	1.27565423056382	-3.81170366979477
5.17280842298009	2.96940566109712	-2.88700694285496
6.04257267109178	3.31120775158312	-3.25017166399634
8.2581826504921	3.02433813992523	-3.01518272678721
6.50644693675135	2.40177004654002	-1.0101472495613
5.70077058060578	2.78934920271611	-1.39467460135805
6.69871061264973	2.13321126115816	-0.869764248111696
5.37727931639582	0.524910353246357	-0.466926070038911
2.92057679102769	-1.03456168459602	-0.430304417486839
1.22072175173571	-2.48111696040284	-0.976577401388571
-0.479133287556268	-3.64690623331044	-0.338750286106661
-2.2919050888838	-3.73235675593194	2.51773861295491
-2.30106050202182	-2.905317769131	4.63569085221637
-1.77004654001678	-2.1210040436408	5.14229037918669
-2.31021591515984	0.561532005798428	5.27962157625696
1.99893186846723	1.67544060425727	3.68352788586252
2.52689402609293	1.16273746852827	2.31021591515984
1.5533684290837	-0.292973220416571	0.375371938658732
2.67948424505989	1.24208438239109	-1.22987716487373
3.72014953841459	-0.228885328450446	-2.07217517357137
3.19218738078889	0.4272526131075	-3.61333638513771
2.89311055161364	-0.418097199969482	-4.22980086976425
4.15655756466011	0.289921416037232	-4.14435034714275
3.85137712672618	1.73342488746471	-4.57465476462959
4.66926070038911	2.51468680857557	-3.42107270923934
7.30296787975891	3.92767223620966	-2.24917982757305
8.74952315556573	4.10772869459068	-1.15358205539025
6.93369954985885	5.46272983901732	-0.161745632104982
9.82070649271382	4.69367513542382	0.238040741588464
6.87571526665141	3.38139925230793	0.607309071488518
4.32135500114443	2.20035095750362	-0.631723506523232
2.45670252536812	0.558480201419089	-4.54718852521553
1.85549706263828	0.601205462729839	-1.59609369039445
-0.265506981002518	-0.991836423285267	-4.08331425955596
0.93690394445716	-0.650034332799268	-2.33157854581521
0.543221179522393	0.0244144350347143	0.421149004348821
-1.14442664225223	-0.280766002899214	2.64286259250782
-0.552376592660411	-0.399786373693446	2.3773556115053
1.025406271458	0.854505226215	5.15449759670405
1.49538414587625	0.280766002899214	3.88189517051957
3.15251392385748	0.781261921110857	3.94903486686503
5.0110627908751	1.75478751812009	3.03654535744259
5.17586022735943	1.52590218966964	2.06301976043336
6.08529793240253	1.96841382467384	1.66323338673991
4.31830319676509	2.02639810788128	0.387579156176089
5.17586022735943	1.79751277943084	0.0488288700694285
5.05683985656519	1.91042954146639	1.20546272983902
4.37018387121385	2.6489662012665	0.222781719691768
2.61844815747311	1.6235599298085	-2.04165712977798
2.91447318226902	2.04776073853666	-0.692759594110018
4.29083695735103	3.42107270923934	-0.326543068589303
5.43526359960327	3.13725490196078	0.424200808728161
5.49629968719005	2.09048599984741	-1.2115663385977
5.91439688715953	2.67643244068055	-0.476081483176928
5.57259479667353	1.79140917067216	0.311284046692607
5.48104066529335	3.06401159685664	0.805676356145571
4.46173800259403	1.6235599298085	-0.38452735179675
2.39871824216068	2.36514839398795	-1.20546272983902
0.903334096284428	1.12306401159686	-0.869764248111696
0.137331197070268	-0.457770656900893	-1.86770428015564
-1.68459601739528	-1.53200579842832	-2.17288471808957
-3.95819028000305	-2.52689402609293	-3.08537422751202
-2.99687190051118	-1.27260242618448	-4.45563439383536
-0.335698481727321	-1.06202792401007	-0.97962920576791
-2.09048599984741	0.292973220416571	-0.970473792629892
0.00305180437933928	1.22377355611505	-0.451667048142214
1.26344701304646	2.38040741588464	0.604257267109178
4.48615243762875	3.67742427710384	1.6235599298085
5.99374380102235	4.43121995880064	1.75783932249943
6.44235904478523	4.93476768139162	2.60013733119707
7.87060349431601	5.30098420691234	1.94705119401846
6.27145799954223	6.32639047837034	2.85648889906157
9.52773327229725	7.08323796444648	3.31120775158312
6.82993820096132	6.07614251926451	1.43129625391012
5.23994811932555	4.75165941863127	-0.143434805828946
4.87373159380484	4.19928282597086	-0.134279392690929
2.38651102464332	2.34988937209125	-0.308232242313268
2.31937132829786	2.02639810788128	1.05287251087205
-0.314335851071946	1.91958495460441	3.15251392385748
-2.15457389181353	1.37331197070268	1.8646524757763
-2.07217517357137	2.48722056916152	2.09048599984741
-4.93781948577096	1.367208361944	1.37941557946136
-6.22873273823148	-0.457770656900893	-0.63782711528191
-7.26939803158618	-1.00709544518196	-3.62859540703441
-7.95300221255818	-0.442511635004196	-2.77714198519875
-6.89707789730678	-0.234988937209125	-2.98161287861448
-4.16876478217746	-1.196307316701	-1.23903257801175
-4.86457618066682	-1.05287251087205	-0.872816052491035
-4.57465476462959	-0.103761348897536	0.0274662394140536
-0.784313725490196	0.521858548867018	-0.863660639353018
1.93484397650111	2.563515678645	3.38750286106661
3.00907911802853	3.39360646982528	2.53910124361028
4.48310063324941	5.45662623025864	4.13214312962539
6.61936369878691	7.1473258564126	5.0965133134966
5.98764019226368	7.53490501258869	4.89814602883955
3.54619668879225	8.71900511177233	3.78728923476005
3.89715419241627	8.96925307087816	3.60112916762036
3.01823453116655	10.775921263447	4.53192950331884
5.97848477912566	10.605020218204	3.97039749752041
4.956130312047	9.78103303578241	5.8655680170901
3.47600518806744	8.50232700083925	5.02937361715114
