-2.8046082246128	0.918593118181125	1.62661173418784
-3.25627527275502	1.44045166704814	2.5787747005417
-1.74258030060273	1.32143129625391	1.5228503852903
-1.13527122911421	1.40993362325475	1.97146562905318
1.63576714732586	1.32753490501259	1.74868390936141
1.51369497215228	2.92973220416571	2.24612802319371
3.43022812237736	0.228885328450446	1.03456168459602
2.67338063630121	-0.0671396963454643	0.0457770656900893
3.00297550926986	-0.402838178072786	0.296025024795911
0.997940032043946	-0.250247959105821	-1.73952849622339
-0.561532005798428	-0.311284046692607	-1.34889753566796
-2.90226596475166	-0.857557030594339	-2.86259250782025
-3.36614023041123	-0.631723506523232	-3.4027618829633
-3.72320134279393	-2.19729915312428	-3.79949645227741
-4.72724498359655	-3.96734569314107	-3.32646677347982
-4.30609597924773	-5.84725719081407	-3.54009308003357
-4.68146791790646	-2.72526131074998	-3.32036316472114
-3.09758144502937	0.158693827725643	-1.82497901884489
-1.94094758525978	3.04570077058061	-0.0793469138628214
0.46997787441825	4.96833752956436	-0.222781719691768
0.793469138628214	7.20531013962005	-1.24208438239109
0.872816052491035	7.32433051041428	0.424200808728161
-1.98977645532921	5.70077058060578	1.51979858091096
-1.74563210498207	5.62142366674296	3.00297550926986
-3.03654535744259	5.02327000839246	2.52384222171359
-3.87579156176089	3.97650110627909	3.18303196765087
-2.69779507133593	0.991836423285267	2.05386434729534
-1.58999008163577	-1.51674677653162	-1.28786144808118
-2.33768215457389	-3.02738994430457	-3.38445105668727
-2.16983291371023	-2.99687190051118	-5.78927290760662
-0.338750286106661	-2.48722056916152	-5.72823682001984
-0.955214770733196	-2.07522697795071	-6.14938582436866
-1.60219729915312	0.363164721141375	-6.17074845502403
0.482185091935607	2.71305409323262	-5.44136720836194
0.72327763790341	2.19119554436561	-4.94697489890898
2.2919050888838	1.50759136339361	-3.12809948882277
1.04676890211337	1.23292896925307	-3.58587014572366
2.58487830930037	1.71511406118868	-2.36820019836728
2.33157854581521	1.59609369039445	-2.25833524071107
2.37125200274662	2.79240100709545	-1.0101472495613
5.20637827115282	4.34576943617914	0.524910353246357
2.05996795605402	3.64995803768978	0.582894636453803
0.961318379491875	2.50553139543755	1.97146562905318
-1.66018158236057	-0.00610360875867857	3.50652323186084
-2.24002441443503	-0.0976577401388571	5.03852903028916
-1.52895399404898	0.802624551766232	6.83299000534066
-1.50759136339361	3.29900053406577	6.58579385061418
-0.0671396963454643	4.43121995880064	2.92668039978637
5.06294346532387	7.68749523155566	2.18204013122759
5.26436255436027	3.80254825665675	-1.367208361944
4.76386663614862	4.37628747997253	-1.09864957656214
3.19523918516823	2.29495689326314	-4.01922636758984
3.68047608148318	-0.292973220416571	-4.33051041428244
2.61539635309377	-1.8951705195697	-1.79751277943084
-1.27870603494316	-3.98565651941711	-3.69878690775921
-0.482185091935607	-3.37529564354925	-2.41092545967803
-1.0955977721828	-3.41802090486	-3.56755931944762
-2.38956282902266	-4.26337071793698	-3.96429388876173
-0.711070420386053	-4.46478980697337	-2.26138704509041
-2.77409018081941	-5.77096208133059	-4.51667048142214
-1.68764782177462	-6.88181887541009	-5.09956511787594
-2.03250171663996	-5.58785381857023	-5.14229037918669
-0.744640268558785	-4.93171587701228	-2.79545281147478
-1.39772640573739	-3.43633173113603	-2.14847028305486
0.204470893415732	-0.653086137178607	0.579842832074464
1.14747844663157	1.64797436484321	1.56252384222171
0.537117570763714	4.13824673838407	5.46272983901732
2.15457389181353	4.03143358510719	7.13817044327459
2.48722056916152	7.37926298924239	10.2845807583734
3.77203021286336	8.47486076142519	10.3791866941329
4.47699702449073	7.06797894254978	8.19104295414664
3.55840390630961	7.25413900968948	6.55222400244144
2.36514839398795	6.66208896009766	3.15556572823682
3.93682764934768	5.88693064774548	-0.0732433051041428
3.54314488441291	3.22270542458228	-2.42008087281605
2.61844815747311	3.63775082017243	-2.33157854581521
1.38551918822004	1.59304188601511	-2.00808728160525
-0.04272526131075	0.0976577401388571	-3.48210879682612
-0.466926070038911	-0.0366216525520714	-1.91958495460441
1.14442664225223	0.189211871519036	-2.1515220874342
1.72121766994736	1.46181429770352	0.189211871519036
3.83306630045014	2.41397726405737	0.482185091935607
2.65201800564584	3.08537422751202	0.946059357595178
2.93888761730373	3.26848249027237	0.372320134279393
-0.344853894865339	1.59304188601511	0.332646677347982
-0.338750286106661	0.167849240863661	0.436408026245518
-0.564583810177768	1.025406271458	0.302128633554589
0.927748531319142	1.75783932249943	1.45571068894484
1.4526588845655	3.70489051651789	1.30312046997787
3.50652323186084	5.76180666819257	2.85648889906157
2.85038529030289	4.76386663614862	3.02433813992523
2.77714198519875	5.1117723353933	5.22774090180819
2.41702906843671	5.04768444342718	6.63767452506294
2.87785152971695	4.66620889600977	8.83802548256657
2.60624093995575	3.59807736324102	8.4443427176318
2.15457389181353	4.07415884641794	6.61020828564889
2.84733348592355	3.9154650186923	4.956130312047
1.46486610208286	1.40383001449607	0.552376592660411
0.793469138628214	1.16578927290761	-1.93789578088045
-1.97146562905318	-1.70290684367132	-6.63767452506294
0.219729915312428	-0.457770656900893	-5.82589456015869
0.292973220416571	-1.78835736629282	-5.76180666819257
-1.79140917067216	-0.430304417486839	-4.94392309452964
0.650034332799268	0.161745632104982	-2.56046387426566
1.48317692835889	1.5533684290837	-1.35500114442664
3.62249179827573	2.64591439688716	-0.396734569314107
3.01823453116655	1.77004654001678	-2.08133058670939
5.66720073243305	1.74868390936141	-2.38040741588464
7.43114366369116	1.78225375753414	-2.44144350347143
6.61936369878691	1.62050812542916	-2.58487830930037
7.03135728999771	0.442511635004196	-0.921644922560464
4.37018387121385	-0.72327763790341	-0.946059357595178
5.51155870908675	-0.869764248111696	2.20950637064164
1.39467460135805	-0.848401617456321	4.01007095445182
0.985732814526589	0.424200808728161	5.52986953536278
3.92767223620966	3.86358434424353	9.01197833218891
5.27046616311894	7.35179674982834	13.357747768368
3.85748073548486	7.37621118486305	12.835889219501
4.92256046387427	5.89913786526284	11.773861295491
3.68352788586252	3.8300144960708	9.85122453650721
-0.97962920576791	3.39971007858396	6.94590676737621
-0.451667048142214	0.369268329900053	4.66620889600977
-3.0914778362707	0.204470893415732	-1.67238879987793
-2.39871824216068	-0.76600289921416	-5.3833829251545
-2.41397726405737	-3.53093766689555	-8.85023270008393
-3.38445105668727	-4.69367513542382	-11.9325551232166
-1.84328984512093	-5.13923857480736	-13.6079957274739
-0.125123979552911	-5.1117723353933	-13.0037384603647
-0.12817578393225	-5.41695277332723	-9.52773327229725
0.421149004348821	-3.4027618829633	-9.58266575112535
1.84328984512093	-1.6235599298085	-4.36713206683452
-0.0854505226215	-3.00907911802853	-5.56649118791485
-0.659189745937285	-1.07728694590677	-2.91142137788968
-0.354009308003357	-2.24307621881437	-1.60219729915312
-0.576791027695125	-0.790417334248875	0.222781719691768
0.604257267109178	-2.09353780422675	0.930800335698482
0.439459830624857	-2.67032883192187	0.72632944228275
1.16884107728695	-3.65300984206912	0.89723048752575
-1.02845807583734	-2.41092545967803	0.7690547035935
5.51766231784543	-0.823987182421607	4.19928282597086
4.28778515297169	-0.399786373693446	6.72312504768444
3.85137712672618	0.29907682917525	8.80445563439384
5.60311284046693	0.543221179522393	10.8857862211032
5.32539864194705	1.196307316701	11.7586022735943
3.10978866254673	-1.2817578393225	7.54711223010605
2.20035095750362	-1.80361638818952	5.47493705653468
2.47501335164416	-2.32852674143587	2.51163500419623
0.958266575112535	-4.272526131075	-3.37529564354925
0.408941786831464	-3.8300144960708	-5.90829327840085
-0.756847486076142	-5.27351796749828	-6.9062333104448
-1.81277180132753	-5.54207675288014	-7.3182269016556
-2.98161287861448	-5.83199816891737	-8.76478217746243
-2.23086900129702	-5.61837186236362	-8.52368963149462
0.271610589761196	-7.51049057755398	-7.5745784695201
-1.59304188601511	-7.11070420386053	-8.27954528114748
0.231937132829786	-6.74448767833982	-6.32639047837034
0.744640268558785	-7.49828336003662	-4.1870756084535
0.119020370794232	-4.51667048142214	-0.991836423285267
0.592050049591821	-3.93682764934768	-0.994888227664607
2.68863965819791	-1.19325551232166	2.66117341878386
3.35393301289387	-0.741588464179446	3.98870832379644
3.64385442893111	-0.506599526970321	5.57869840543221
4.21454184786755	-1.2115663385977	6.95506218051423
3.18913557640955	-1.43129625391012	8.886854352636
2.00808728160525	-2.13015945677882	8.79224841687648
0.89417868314641	-1.8646524757763	8.41077286945907
0.89723048752575	-2.050812542916	7.69359884031434
0.274662394140536	-3.30815594720378	5.95712214847028
0.308232242313268	-3.42717631799802	5.12397955291066
0.173952849622339	-3.30815594720378	0.943007553215839
1.24208438239109	-4.80964370183871	0.317387655451286
1.50759136339361	-4.41290913252461	-0.863660639353018
0.906385900663767	-4.2572671091783	-4.83100633249409
1.38551918822004	-5.27351796749828	-6.9764248111696
-0.900282291905089	-3.79034103913939	-9.13405050736248
-1.5228503852903	-3.45769436179141	-8.28564888990616
-3.95819028000305	-4.97444113832303	-10.0343327992676
-3.96124208438239	-4.10467689021134	-9.87563897154192
-3.82085908293278	-6.96726939803159	-9.02418554970626
-2.44754711223011	-6.87266346227207	-7.11680781261921
-0.704966811627375	-7.2632944228275	-5.38643472953384
0.0762951094834821	-5.56954299229419	-3.49126420996414
1.58693827725643	-3.45769436179141	-1.69680323491264
-0.225833524071107	-3.076218814374	0.656137941557946
-3.26237888151369	-2.73746852826734	0.289921416037232
-4.61738002594034	-3.54314488441291	0.183108262760357
-3.57061112382696	-4.67231250476844	0.888075074387732
-3.58281834134432	-6.5491721980621	0.201419089036393
-1.62966353856718	-6.22873273823148	1.93789578088045
0.0976577401388571	-5.16060120546273	1.68764782177462
1.33058670939193	-4.72419317921721	0.524910353246357
1.36415655756466	-5.13008316166934	-0.955214770733196
0.820935378042267	-3.71099412527657	-3.28984512092775
-0.0244144350347143	-4.71198596169986	-4.47699702449073
-0.866712443732357	-5.42610818646525	-6.81467917906462
-0.277714198519875	-4.65705348287175	-7.46471351186389
-0.0305180437933928	-3.28679331654841	-5.3833829251545
-2.05386434729534	-2.10269321736477	-4.19928282597086
-0.109864957656214	-2.38345922026398	-2.8198672465095
1.77309834439612	-2.71000228885328	-3.44243533989471
3.18303196765087	-2.02639810788128	-1.7242694743267
1.08339055466545	-2.09048599984741	-1.27260242618448
1.58083466849775	-1.51674677653162	-0.338750286106661
1.41908903639277	-0.72327763790341	0.558480201419089
-1.03456168459602	-0.7690547035935	0.332646677347982
-0.347905699244678	-2.41702906843671	0.561532005798428
1.33058670939193	-1.3519493400473	1.85244525825895
0.756847486076142	-2.66117341878386	1.06202792401007
3.76897840848402	0.244144350347143	3.31120775158312
3.17998016327153	0.354009308003357	4.91645685511559
0.0335698481727321	0.378423743038071	5.20332646677348
-0.842298008697642	0.55542839703975	6.65293354695964
-1.90127412832837	1.03761348897536	5.64583810177768
0.234988937209125	1.15968566414893	5.66109712367437
0.103761348897536	0.222781719691768	2.49942778667887
0.451667048142214	-1.1261158159762	0.860608834973678
-0.802624551766232	-3.32341496910048	-1.43129625391012
-3.25017166399634	-5.35591668574044	-3.90325780117494
-7.28465705348287	-6.41489280537118	-4.40375371938659
-5.31929503318837	-3.24406805523766	-4.39154650186923
-5.33150225070573	-2.62149996185245	-3.70794232089723
-1.45876249332418	-0.500495918211643	-2.29800869764248
1.41298542763409	0.421149004348821	-1.30922407873655
0.0244144350347143	0.268558785381857	-1.45571068894484
-0.0793469138628214	0.430304417486839	0.81177996490425
-0.0274662394140536	-0.497444113832303	1.15053025101091
-1.43434805828946	0.576791027695125	1.13221942473487
-0.97962920576791	1.66628519111925	0.341802090486
0.659189745937285	1.72121766994736	2.51468680857557
0.326543068589303	1.50759136339361	3.15251392385748
-0.064087891966125	0.863660639353018	3.68963149462119
-1.06507972838941	1.78530556191348	4.74555580987259
-0.338750286106661	3.44853894865339	4.13214312962539
2.27054245822843	3.28984512092775	3.87884336614023
4.03448538948653	3.53704127565423	1.99588006408789
6.38742656595712	5.42305638208591	1.75173571374075
5.67025253681239	2.70084687571527	0.793469138628214
2.50247959105821	-0.421149004348821	-1.8097199969482
0.845349813076982	-2.62149996185245	-2.46585793850614
-1.70290684367132	-2.71000228885328	-3.68352788586252
-2.63675898374914	-3.16472114137484	-4.20233463035019
-4.25421530479896	-2.76493476768139	-5.30708781567102
-2.36514839398795	-1.59304188601511	-5.74044403753719
0.387579156176089	-0.527962157625696	-2.72220950637064
3.61333638513771	1.49843595025559	-0.106813153276875
5.5542839703975	0.912489509422446	-0.289921416037232
5.85946440833143	1.41603723201343	-1.40688181887541
6.38132295719844	0.860608834973678	-3.07927061875334
5.81979095140002	2.05386434729534	-2.27969787136645
3.75371938658732	1.04371709773404	-2.54520485236896
1.24513618677043	0.357061112382696	-1.33669031815061
-0.381475547417411	0.115968566414893	1.3824673838407
-2.65812161440452	0.140383001449607	3.10063324940871
-0.125123979552911	1.52895399404898	5.81979095140002
1.13527122911421	0.592050049591821	5.13313496604868
2.45670252536812	2.31631952391852	3.0914778362707
2.79545281147478	1.06507972838941	2.20950637064164
1.62661173418784	-1.57473105973907	-0.924696726939803
1.19935912108034	-4.23285267414359	-3.34172579537652
-0.946059357595178	-3.96124208438239	-4.21149004348821
-1.1261158159762	-3.5736629282063	-3.42412451361868
-0.735484855420768	-4.21149004348821	-4.34882124055848
-0.958266575112535	-3.12504768444343	-3.68657969024186
-2.11184863050278	-3.19218738078889	-4.31219958800641
-4.19012741283284	-3.13420309758144	-3.96429388876173
-4.26947432669566	-5.49324788281071	-4.89204242008087
-4.46478980697337	-4.10467689021134	-5.77096208133059
-2.12710765239948	-1.88296330205234	-4.79438467994202
-2.13321126115816	-0.81177996490425	-4.3274586099031
-1.36110475318532	2.05996795605402	-2.96330205233845
1.33669031815061	4.80354009308003	-1.36415655756466
1.78835736629282	5.16975661860075	0.415045395590143
1.37941557946136	3.99786373693446	0.592050049591821
0.817883573662928	4.3579766536965	0.89417868314641
0.854505226215	2.43533989471275	-0.570687418936446
1.42824444953079	1.82497901884489	-1.15358205539025
1.2664988174258	1.04371709773404	-0.891126878767071
-1.80666819256886	0.115968566414893	-2.25833524071107
0.320439459830625	1.47402151522087	-0.100709544518196
-0.354009308003357	0.89417868314641	-0.146486610208286
0.909437705043107	2.42618448157473	3.10673685816739
0.0823987182421607	2.13931486991684	1.87685969329366
1.06507972838941	3.22880903334096	1.47096971084154
0.790417334248875	1.85549706263828	0.463874265659571
-1.71511406118868	0.439459830624857	-3.76592660410468
-1.05897611963073	0.375371938658732	-4.1718165865568
-3.5034714274815	-0.158693827725643	-5.56343938353552
1.15663385976959	0.888075074387732	-2.91142137788968
3.49126420996414	1.82497901884489	-1.6388189517052
3.47905699244678	1.27260242618448	0.164797436484321
4.19928282597086	2.04470893415732	0.286869611657893
3.87579156176089	2.46585793850614	0.378423743038071
1.78835736629282	1.01930266269932	-1.40688181887541
0.326543068589303	1.67849240863661	-1.49843595025559
2.05386434729534	2.43533989471275	-0.0854505226215
3.06401159685664	1.61135271229114	1.9806210421912
1.29091325246052	1.95620660715648	2.53910124361028
0.466926070038911	1.04982070649271	1.84328984512093
3.49431601434348	3.97955291065843	5.02021820401312
3.5736629282063	3.05790798809796	5.52681773098344
4.39154650186923	1.98977645532921	5.33150225070573
5.74044403753719	2.11490043488212	4.6845197222858
7.45860990310521	1.79751277943084	5.14534218356603
8.26428625925078	1.09864957656214	5.85030899519341
3.88494697489891	-0.63782711528191	1.96841382467384
5.12703135729	1.25123979552911	3.70489051651789
3.68963149462119	0.909437705043107	1.33058670939193
2.35599298084993	2.14541847867552	-1.0955977721828
2.13931486991684	0.741588464179446	-0.653086137178607
0.329594872968643	1.46181429770352	-1.92568856336309
1.15968566414893	0.915541313801785	0.0518806744487678
1.196307316701	1.82497901884489	-0.109864957656214
2.24307621881437	1.93789578088045	0.695811398489357
2.1210040436408	1.7242694743267	-1.58083466849775
4.78217746242466	1.49538414587625	-2.221713588159
6.00595101853971	1.3824673838407	-2.24002441443503
6.0669871061265	0.0946059357595178	-1.24513618677043
5.12397955291066	-1.05592431525139	-1.66323338673991
4.58686198214694	-1.11696040283818	-0.439459830624857
5.56649118791485	0.344853894865339	-0.854505226215
4.60212100404364	2.15457389181353	0.991836423285267
3.74151216906996	2.42923628595407	3.20744640268559
5.66414892805371	4.26642252231632	6.2073701075761
6.27450980392157	5.4535744258793	8.17578393224994
5.59395742732891	7.91027695124743	9.17982757305257
5.57869840543221	8.35278858625162	9.63149462119478
4.76081483176928	6.48508430609598	7.85839627679866
4.66010528725109	5.97543297474632	5.57564660105287
4.67536430914778	3.39360646982528	4.09857328145266
3.83916990920882	2.25223163195239	2.34073395895323
5.84725719081407	1.02845807583734	0.0183108262760357
3.29594872968643	0.76600289921416	-1.98367284657053
3.15251392385748	-0.668345159075303	-3.62249179827573
1.08949416342412	-2.05996795605402	-4.14740215152209
0.927748531319142	-2.27359426260777	-3.57061112382696
-0.357061112382696	-3.20744640268559	-1.6937514305333
1.33669031815061	-2.91447318226902	-0.646982528419928
2.98161287861448	-1.83108262760357	-1.58999008163577
4.61127641718166	-0.0671396963454643	0.744640268558785
5.1972228580148	-0.448615243762875	1.99282825970855
5.28572518501564	1.88296330205234	0.720225833524071
8.79224841687648	2.65506981002518	2.77409018081941
6.89402609292744	3.48516060120546	2.52994583047227
7.71801327534905	4.88593881132219	4.38849469748989
5.05378805218585	2.88700694285496	2.92973220416571
5.58785381857023	2.93278400854505	2.81071183337148
5.30403601129168	3.57061112382696	4.45868619821469
4.99580376897841	5.75875486381323	6.71702143892576
7.51049057755398	6.68345159075303	9.06080720225834
7.34569314106966	9.43312733653773	10.2418554970626
10.4615854123751	10.0709544518196	13.0128938735027
8.4290836957351	9.97024490730144	14.1695277332723
9.3141069657435	9.60097657740139	14.0108339055467
7.33653772793164	7.99572747386893	11.8165865568017
7.47692072938125	7.56542305638209	9.4697489890898
5.77706569008927	5.468833447776	5.83504997329671
4.38544289311055	4.09552147707332	1.40077821011673
2.82291905088884	2.4933241779202	-1.27260242618448
3.71709773403525	3.17998016327153	-1.73647669184405
2.56961928740368	1.72732127870604	-2.52994583047227
1.50759136339361	0.750743877317464	-2.35599298084993
1.13221942473487	-1.20241092545968	-2.69169146257725
1.08644235904479	-0.729381246662089	-1.69069962615396
4.08026245517662	1.42214084077211	1.25429159990845
4.81574731059739	3.43938353551537	3.68352788586252
5.06294346532387	6.94590676737621	6.91844052796216
5.97543297474632	8.16052491035325	7.34569314106966
6.72617685206378	7.7454795147631	7.177843900206
4.5288776989395	4.88288700694286	6.05783169298848
1.65407797360189	5.29182879377432	5.32234683756771
1.1810482948043	2.56656748302434	4.28778515297169
0.943007553215839	2.43533989471275	4.46173800259403
0.231937132829786	1.91653315022507	2.8351262684062
0.701915007248035	2.21560997940032	3.04264896620127
2.50553139543755	0.854505226215	2.02944991226062
2.92057679102769	1.00404364080262	2.16372930495155
4.06195162890059	1.19325551232166	3.9154650186923
2.48722056916152	2.05386434729534	1.84939345387961
4.92866407263294	2.90836957351034	1.88296330205234
3.98870832379644	1.99893186846723	-1.34584573128862
4.33966582742046	2.56961928740368	-2.67338063630121
5.14839398794537	1.11390859845884	-4.09246967269398
3.20439459830625	-1.17799649042496	-4.57465476462959
2.58487830930037	-3.36308842603189	-4.82795452811475
1.72732127870604	-2.94804303044175	-5.04768444342718
2.02639810788128	-3.36614023041123	-3.26848249027237
0.558480201419089	-1.82803082322423	-3.03349355306325
1.0406652933547	0.759899290455482	-1.7944609750515
1.00099183642329	0.906385900663767	-1.68764782177462
2.53604943923095	2.88090333409628	1.57473105973907
2.77103837644007	1.38551918822004	0.988784618905928
4.09246967269398	3.25017166399634	2.99687190051118
4.22369726100557	3.66521705958648	2.38956282902266
1.95925841153582	5.20332646677348	4.6997787441825
-0.698863202868696	4.32440680552377	4.45868619821469
-1.94399938963912	6.00289921416037	6.02731364919509
-0.021362630655375	6.89402609292744	5.33455405508507
-0.656137941557946	6.64377813382162	2.38956282902266
2.37430380712596	4.91645685511559	3.45464255741207
1.6235599298085	3.0914778362707	0.991836423285267
1.27260242618448	1.6235599298085	1.33058670939193
-0.579842832074464	1.3824673838407	2.96940566109712
-1.12001220721752	1.97146562905318	3.08842603189136
1.12916762035554	0.296025024795911	0.408941786831464
1.51979858091096	1.24818799114977	-1.4679179064622
4.22674906538491	0.393682764934768	-2.734416723888
1.50759136339361	-2.90226596475166	-8.50843060959792
0.878919661249714	-5.98764019226368	-10.5012588693065
-1.75478751812009	-6.85740444037537	-9.91531242847334
-3.38445105668727	-7.05271992065309	-9.59792477302205
-4.93476768139162	-7.38841840238041	-9.03028915846494
-6.5644312199588	-6.494239719234	-6.41184100099184
-4.46173800259403	-5.51155870908675	-5.33455405508507
-1.58083466849775	-3.27458609903105	-1.26039520866712
-0.695811398489357	-1.73952849622339	-1.25734340428779
0.985732814526589	0.683604180972	0.387579156176089
5.8655680170901	0.634775310902571	2.80766002899214
2.93278400854505	2.45975432974746	2.60013733119707
2.45975432974746	1.65102616922255	3.76287479972534
0.393682764934768	1.55031662470436	1.13832303349355
1.40383001449607	0.683604180972	1.85549706263828
-0.592050049591821	0.0305180437933928	0.155642023346304
1.14137483787289	2.06301976043336	1.0955977721828
3.44853894865339	2.56961928740368	1.538109407187
3.39665827420462	4.41901274128328	3.07011520561532
5.59700923170825	5.58480201419089	4.06805523765927
4.614328221561	3.5736629282063	3.5736629282063
2.95109483482109	2.25833524071107	-0.198367284657053
1.00709544518196	-0.521858548867018	-3.31425955596246
-0.631723506523232	-1.84328984512093	-4.2572671091783
-4.08941786831464	-2.51773861295491	-6.25009536888685
-5.99374380102235	-2.26443884946975	-6.2378881513695
-5.44441901274128	-3.20134279392691	-7.66308079652094
-6.27450980392157	-3.70489051651789	-6.17380025940337
-3.47295338368811	-3.52483405813687	-5.3681239032578
-2.52384222171359	-3.82085908293278	-5.0263218127718
0.173952849622339	-4.66926070038911	-4.785229266804
-0.277714198519875	-4.61127641718166	-5.10566872663462
1.70290684367132	-1.83718623636225	-3.41802090486
1.56252384222171	-1.00404364080262	-3.23491264209964
0.204470893415732	0.732433051041428	-1.1261158159762
-0.0579842832074464	2.25528343633173	-0.738536659800107
-1.31227588311589	3.74151216906996	0.787365529869535
0.747692072938125	2.42313267719539	1.47096971084154
0.369268329900053	3.10063324940871	0.265506981002518
0.762951094834821	2.05691615167468	1.17494468604562
0.344853894865339	1.9806210421912	0.0671396963454643
2.31631952391852	2.5787747005417	1.3824673838407
2.27359426260777	1.48622873273823	1.26955062180514
1.93789578088045	3.81780727855344	-0.149538414587625
2.5482566567483	1.41298542763409	-1.92568856336309
1.66933699549859	0.833142595559625	-4.25421530479896
0.549324788281071	1.01930266269932	-3.35393301289387
-0.775158312352178	1.27260242618448	-1.11390859845884
-1.8097199969482	-0.12817578393225	-0.119020370794232
-3.23491264209964	-0.817883573662928	-0.531013962005035
-3.58281834134432	-0.0793469138628214	-1.40383001449607
-4.87373159380484	-2.51163500419623	-3.91241321431296
-3.19523918516823	-1.82497901884489	-4.4281681544213
-2.17593652246891	-1.83413443198291	-3.78118562600137
-2.11184863050278	-2.2369726100557	-1.82497901884489
-0.415045395590143	-1.82497901884489	-1.61745632104982
-0.622568093385214	-1.05592431525139	-1.18715190356298
-0.961318379491875	-1.19325551232166	-0.814831769283589
-3.33562218661784	-1.58388647287709	-1.70290684367132
-1.65712977798123	-3.17082475013352	0.210574502174411
-1.32143129625391	-2.84733348592355	-0.717174029144732
-1.9653620202945	-4.46478980697337	-0.283817807278553
-3.10368505378805	-4.78828107118334	-0.781261921110857
-3.72320134279393	-5.71602960250248	-2.98466468299382
-4.26947432669566	-7.1473258564126	-5.02327000839246
-4.15350576028077	-5.82284275577935	-3.0060273136492
-5.73434042877852	-7.87060349431601	-3.28679331654841
-3.37529564354925	-6.9764248111696	-2.09658960860609
-2.31021591515984	-6.81467917906462	-3.75371938658732
-1.31227588311589	-4.40985732814527	-3.32341496910048
1.83718623636225	-1.41298542763409	-4.40070191500725
3.00297550926986	1.50148775463493	-4.43427176317998
2.71610589761196	3.39665827420462	-3.01213092240787
0.567635614557107	1.93484397650111	-4.68757152666514
1.25123979552911	0.9399557488365	-2.85954070344091
-2.59098191805905	-3.36919203479057	-4.40070191500725
-5.02937361715114	-6.70176241702907	-4.80659189745937
-4.37018387121385	-9.09437705043107	-4.71503776607919
-5.23079270618753	-7.8309300373846	-5.31624322880903
-3.38750286106661	-7.09849698634318	-3.8300144960708
-2.3224231326772	-4.74860761425193	-4.13519493400473
1.60524910353246	-0.616464484626535	-2.62149996185245
5.80148012512398	1.97451743343252	-0.482185091935607
5.87472343022812	2.70695048447395	0.405889982452125
5.04768444342718	-0.0396734569314107	1.44350347142748
2.42923628595407	-3.26237888151369	0.961318379491875
0.106813153276875	-5.62142366674296	1.32753490501259
-0.531013962005035	-6.62241550316625	2.42008087281605
0.21362630655375	-6.41184100099184	2.46890974288548
1.2970168612192	-5.68856336308843	2.01419089036393
3.63164721141375	-2.50858319981689	3.36919203479057
4.38544289311055	-2.15762569619287	2.13015945677882
3.79034103913939	-0.970473792629892	1.98367284657053
3.36003662165255	-1.99893186846723	1.94705119401846
0.534065766384375	-1.60219729915312	1.23292896925307
