0.311284046692607	1.93789578088045	0.579842832074464
0.878919661249714	2.72831311512932	-0.573739223315785
1.16884107728695	3.56755931944762	0.0854505226215
3.05790798809796	3.39055466544594	2.37125200274662
4.22064545662623	4.57465476462959	-0.4272526131075
4.08026245517662	3.51567864499886	-0.0244144350347143
3.79644464789807	1.28786144808118	2.48416876478218
1.05592431525139	-0.317387655451286	0.50965133134966
1.59914549477379	-0.372320134279393	0.836194399938964
0.500495918211643	0.0183108262760357	1.2664988174258
1.24208438239109	-1.12916762035554	2.01113908598459
-0.790417334248875	-0.955214770733196	1.85854886701762
-2.47501335164416	-0.827038986800946	1.35805294880598
-2.10574502174411	-1.69069962615396	2.10269321736477
-1.367208361944	-2.27359426260777	3.13725490196078
-0.29907682917525	-1.87380788891432	3.93377584496834
0.662241550316625	-1.02235446707866	-0.0152590218966964
1.73342488746471	-1.4526588845655	1.93179217212177
3.15861753261616	-2.16067750057221	0.320439459830625
1.58999008163577	-2.42313267719539	-0.283817807278553
0.912489509422446	-3.71099412527657	0.476081483176928
2.07217517357137	-2.65812161440452	0.793469138628214
2.52994583047227	-1.57167925535973	1.75783932249943
2.86259250782025	-0.402838178072786	4.05279621576257
4.55024032959487	1.9653620202945	6.09140154116121
6.16769665064469	3.96429388876173	6.26230258640421
4.99275196459907	4.30609597924773	6.14633401998932
4.01922636758984	5.12397955291066	6.46677347981994
2.38651102464332	5.18806744487678	4.60212100404364
0.350957503624018	3.0060273136492	2.38040741588464
0.354009308003357	2.63675898374914	1.07118333714809
-1.05592431525139	1.78530556191348	-0.488288700694285
-1.04371709773404	0.457770656900893	-2.52079041733425
-0.479133287556268	0.38452735179675	-3.08842603189136
-1.20851453421836	1.28786144808118	-2.33768215457389
-3.05180437933928	1.32448310063325	-0.515754940108339
-3.68352788586252	0.0518806744487678	0.921644922560464
-0.305180437933928	1.6937514305333	3.09758144502937
-3.25017166399634	1.14442664225223	4.89509422446021
-1.2115663385977	0.857557030594339	3.98260471503777
1.14747844663157	0.540169375143053	1.74258030060273
0.500495918211643	0.497444113832303	0.137331197070268
-1.31837949187457	-0.46997787441825	-0.592050049591821
-1.51674677653162	-2.31937132829786	-3.8300144960708
0.59510185397116	-2.28274967574578	-2.86259250782025
-0.717174029144732	-3.70489051651789	-4.2572671091783
0.482185091935607	-2.68253604943923	-2.50247959105821
1.83413443198291	-0.988784618905928	-0.38452735179675
1.58083466849775	0.0366216525520714	-1.2115663385977
1.36110475318532	0.253299763485161	-2.36820019836728
-1.63576714732586	1.18410009918364	2.59098191805905
-0.775158312352178	1.73037308308537	2.91447318226902
-0.604257267109178	2.16067750057221	2.42313267719539
-0.888075074387732	3.12199588006409	5.18501564049744
0.347905699244678	1.53505760280766	5.40169375143053
-1.44960708018616	2.59403372243839	4.14129854276341
-1.31837949187457	2.05691615167468	4.28168154421302
-1.21766994735637	0.558480201419089	1.53200579842832
-1.15663385976959	1.0101472495613	3.61943999389639
-0.817883573662928	-0.192263675898375	1.58999008163577
-0.579842832074464	-1.48317692835889	2.24002441443503
-0.4272526131075	-1.84023804074159	1.89822232394903
-0.00305180437933928	-3.2318608377203	2.20340276188296
0.0946059357595178	-2.50858319981689	2.03250171663996
-0.924696726939803	-4.272526131075	0.207522697795071
-2.58793011367971	-4.44953078507668	-0.125123979552911
0.112916762035554	-2.8900587472343	-1.51064316777295
0.411993591210803	-4.40985732814527	-1.00709544518196
0.338750286106661	-3.83306630045014	-1.25734340428779
-0.396734569314107	-3.48210879682612	-0.482185091935607
-0.354009308003357	-2.57267109178302	-1.46486610208286
0.943007553215839	-2.37430380712596	-1.77615014877546
0.0122072175173571	-0.863660639353018	-1.29091325246052
-2.08133058670939	-0.0885023270008393	-1.42824444953079
0.277714198519875	0.277714198519875	-1.49233234149691
-0.689707789730678	-0.378423743038071	-0.671396963454643
-1.92874036774243	1.30617227435721	0.796520943007553
-0.610360875867857	2.30411230640116	1.42519264515145
-0.390630960555428	1.73037308308537	4.08026245517662
-0.958266575112535	1.86770428015564	3.59807736324102
-1.41908903639277	1.5533684290837	4.84321355001144
-2.392614633402	-0.268558785381857	3.36003662165255
-1.94094758525978	-0.289921416037232	1.71511406118868
-1.15053025101091	-0.4272526131075	0.827038986800946
-0.250247959105821	-2.0355535210193	1.22682536049439
0.958266575112535	-0.872816052491035	1.28480964370184
2.53910124361028	-1.87685969329366	1.65712977798123
0.943007553215839	-2.43228809033341	1.22987716487373
0.0915541313801785	-3.45464255741207	-1.08644235904479
-1.57778286411841	-4.20538643472953	-2.42008087281605
-3.36919203479057	-3.588921950103	-4.00701915007248
-2.84733348592355	-2.70695048447395	-2.18814373998627
-2.221713588159	-2.57572289616236	-0.665293354695964
-3.05790798809796	-3.12809948882277	-0.909437705043107
-3.35393301289387	-1.82497901884489	-0.485236896314946
-4.24505989166094	-2.2919050888838	-1.21461814297704
-6.38437476157778	-2.77103837644007	-1.81277180132753
-5.31013962005035	-2.33463035019455	-1.2115663385977
-5.48104066529335	-2.02334630350195	-0.0244144350347143
-5.30098420691234	-0.72632944228275	1.99588006408789
-1.98367284657053	-0.0335698481727321	1.93484397650111
-1.47707331960021	0.451667048142214	3.39360646982528
-2.10879682612345	0.244144350347143	2.5787747005417
-2.92362859540703	1.10170138094148	1.0101472495613
-2.46585793850614	-0.805676356145571	-0.479133287556268
-1.29091325246052	-1.71206225680934	1.28786144808118
-0.55542839703975	-1.87075608453498	-2.21560997940032
-0.665293354695964	-1.57473105973907	-2.88090333409628
1.85244525825895	-1.40383001449607	0.650034332799268
0.704966811627375	-0.613412680247196	-1.27565423056382
1.57473105973907	-0.00610360875867857	2.04165712977798
1.2817578393225	-0.454718852521553	1.53505760280766
1.84939345387961	-0.775158312352178	1.27565423056382
1.00709544518196	-0.659189745937285	0.491340505073625
0.631723506523232	0.0457770656900893	0.561532005798428
1.45571068894484	0.0854505226215	0.967421988250553
1.41908903639277	0.973525597009232	1.25734340428779
-0.204470893415732	0.952162966353857	1.58388647287709
-1.73037308308537	1.27565423056382	1.76394293125811
-1.30617227435721	1.12001220721752	3.40886549172198
-1.28786144808118	1.49233234149691	4.11993591210803
-1.14442664225223	2.41397726405737	4.32135500114443
0.393682764934768	2.14236667429618	6.15854123750668
0.656137941557946	-0.320439459830625	5.2124818799115
-0.793469138628214	-0.259403372243839	2.98466468299382
0.369268329900053	-2.06301976043336	0.866712443732357
-1.46181429770352	-4.06195162890059	-3.15861753261616
0.286869611657893	-2.96025024795911	-3.7445639734493
0.292973220416571	-3.076218814374	-4.22674906538491
-0.686655985351339	-2.5482566567483	-5.40779736018921
-0.5981536583505	-2.905317769131	-4.90424963759823
-1.1810482948043	-2.734416723888	-4.95002670328832
-1.7242694743267	-3.06706340123598	-5.43526359960327
-1.27565423056382	-2.33157854581521	-5.07515068284123
-0.885023270008392	-2.55130846112764	-6.52475776302739
0.46997787441825	-1.39162279697871	-4.33356221866178
-0.0701915007248035	0.125123979552911	-3.07011520561532
-2.39871824216068	-0.906385900663767	-0.137331197070268
-3.42412451361868	0.250247959105821	-0.80872816052491
-3.45464255741207	-1.54421301594568	-2.50553139543755
-3.63164721141375	-1.34889753566796	-0.717174029144732
-0.332646677347982	0.415045395590143	0.729381246662089
-0.344853894865339	0.170901045243	0.64087891966125
1.00404364080262	-0.195315480277714	1.78835736629282
-0.0610360875867857	0.616464484626535	1.03456168459602
0.711070420386053	0.442511635004196	1.19325551232166
-1.06813153276875	-1.75478751812009	-1.6235599298085
-1.34279392690929	-1.27260242618448	-3.47905699244678
-0.201419089036393	-0.643930724040589	-1.90432593270771
-0.216678110933089	0.653086137178607	-0.878919661249714
-0.482185091935607	0.534065766384375	-1.22072175173571
0.228885328450446	-1.44960708018616	-1.09254596780346
0.582894636453803	-3.29289692530709	-1.4373998626688
-1.78530556191348	-3.63469901579309	-2.30106050202182
-3.20134279392691	-4.31219958800641	-1.65712977798123
-3.54619668879225	-4.59601739528496	-1.30312046997787
-3.10673685816739	-1.66933699549859	0.354009308003357
-2.39871824216068	-1.58693827725643	0.59510185397116
-0.619516289005875	-0.714122224765393	1.71511406118868
-1.1108567940795	-1.54116121156634	0.119020370794232
-2.01724269474327	-3.02128633554589	-1.64187075608453
-3.10978866254673	-2.75883115892271	-3.17082475013352
-1.72121766994736	-0.692759594110018	-1.77004654001678
-1.81887541008621	-0.970473792629892	-0.4272526131075
-0.906385900663767	1.51064316777295	2.04776073853666
-1.15968566414893	2.50553139543755	4.95002670328832
-0.961318379491875	2.68253604943923	4.47699702449073
-0.488288700694285	2.25528343633173	3.69573510337987
-0.170901045243	2.52994583047227	1.53200579842832
0.0732433051041428	2.04165712977798	0.9399557488365
0.802624551766232	0.173952849622339	-0.97962920576791
0.402838178072786	-0.460822461280232	-0.418097199969482
2.52079041733425	-0.93690394445716	0.439459830624857
1.95925841153582	-0.89723048752575	-1.68459601739528
-0.479133287556268	-1.80056458381018	-1.32753490501259
0.0335698481727321	-1.98977645532921	-1.61135271229114
0.0366216525520714	-0.741588464179446	-1.39162279697871
-1.51674677653162	-1.11696040283818	-0.0335698481727321
-1.78225375753414	-2.2919050888838	-0.967421988250553
-0.265506981002518	-0.921644922560464	-0.289921416037232
0.500495918211643	0.0366216525520714	0.408941786831464
-0.537117570763714	0.72327763790341	0.430304417486839
-0.366216525520714	0.543221179522393	2.03860532539864
-2.71610589761196	-0.0183108262760357	0.72632944228275
-1.84634164950027	0.491340505073625	1.08949416342412
-2.20950637064164	0.552376592660411	1.19935912108034
-2.45365072098878	0.964370183871214	3.01823453116655
-1.15968566414893	2.30106050202182	4.98664835584039
-1.97756923781186	2.13015945677882	4.95307850766766
0	2.07827878233005	5.46578164339666
1.36415655756466	1.10475318532082	4.37628747997253
-3.86053253986419	0.677500572213321	-0.827038986800946
-1.6083009079118	0.714122224765393	-2.57267109178302
-2.08438239108873	-0.796520943007553	-4.04669260700389
-3.38750286106661	-1.35805294880598	-7.75158312352178
-3.59807736324102	-3.66216525520714	-5.18196383611811
-6.10971236743725	-5.00190737773709	-6.79026474402991
-7.20531013962005	-5.10872053101396	-6.49118791485466
-6.25925078202487	-4.5990691996643	-5.80758373388266
-5.69771877622644	-3.81170366979477	-5.0415808346685
-5.0415808346685	-4.71198596169986	-6.24704356450752
-4.11383230334935	-3.46074616617075	-6.52780956740673
-3.86968795300221	-4.44647898069734	-5.49935149156939
-4.62348363469902	-3.60418097199969	-5.65804531929503
-4.34882124055848	-2.31326771953918	-4.1870756084535
-2.81681544213016	-2.5482566567483	-1.25123979552911
-2.19119554436561	-2.58793011367971	-1.23598077363241
-2.27054245822843	-2.54215304798962	-0.0732433051041428
-0.561532005798428	-0.68055237659266	0.354009308003357
-0.0854505226215	-0.216678110933089	-0.100709544518196
0.671396963454643	2.42008087281605	1.27870603494316
2.96330205233845	4.06195162890059	1.20851453421836
5.32234683756771	5.48104066529335	3.09452964065003
5.63057907988098	5.47188525215534	4.48004882887007
4.62958724345769	3.38750286106661	4.72114137483787
4.70893415732052	3.32036316472114	4.15350576028077
2.98771648737316	3.29289692530709	2.563515678645
0.750743877317464	1.83718623636225	-0.210574502174411
0.100709544518196	1.52895399404898	-3.10063324940871
-1.25123979552911	1.84939345387961	-4.04974441138323
-2.1210040436408	-0.738536659800107	-5.43221179522393
-2.68863965819791	-2.19729915312428	-6.494239719234
-0.943007553215839	-3.41496910048066	-5.28572518501564
-2.30106050202182	-3.83916990920882	-5.65194171053635
-0.708018616006714	-3.36614023041123	-2.59403372243839
-0.372320134279393	-3.11894407568475	-5.00190737773709
1.34279392690929	-2.04776073853666	-1.14747844663157
0.830090791180285	-1.8951705195697	-2.21866178377966
3.34477759975586	-0.952162966353857	-1.22987716487373
-0.12817578393225	-1.18410009918364	-1.52895399404898
2.3773556115053	0.390630960555428	-2.08438239108873
3.39971007858396	0.518806744487678	-3.3478294041352
2.99687190051118	0.164797436484321	-3.02433813992523
3.39971007858396	1.13832303349355	-1.74563210498207
4.80659189745937	2.67643244068055	-0.408941786831464
5.810635538262	3.33562218661784	1.61135271229114
3.79339284351873	4.21454184786755	3.23491264209964
3.44853894865339	5.14229037918669	1.73952849622339
1.21461814297704	3.55230029755093	0.903334096284428
-1.538109407187	2.87479972533761	-0.799572747386893
-2.12405584802014	0.845349813076982	-3.41191729610132
-3.27153429465171	0.198367284657053	-4.50751506828412
-4.57160296025025	-1.71816586556802	-5.35896849011978
-2.26443884946975	-1.93179217212177	-6.88487067978943
-2.01419089036393	-1.86770428015564	-6.25925078202487
-2.43533989471275	-2.30106050202182	-5.33150225070573
-1.43129625391012	-1.64187075608453	-3.07316700999466
-0.131227588311589	-1.69069962615396	-2.25528343633173
1.84023804074159	-1.58693827725643	-0.38452735179675
3.47905699244678	0.662241550316625	0.903334096284428
3.6591134508278	0.915541313801785	2.81071183337148
4.83100633249409	2.02639810788128	2.67948424505989
4.52582589456016	2.95719844357977	3.0609597924773
4.70588235294118	3.56755931944762	1.97451743343252
5.28877698939498	3.70794232089723	2.2369726100557
6.35385671778439	5.47493705653468	1.34584573128862
6.85130083161669	6.04562447547112	2.38651102464332
8.3436331731136	6.15854123750668	3.66216525520714
6.48203250171664	6.38132295719844	2.31631952391852
4.72114137483787	4.40070191500725	2.79545281147478
0.72327763790341	1.16578927290761	0.430304417486839
0.488288700694285	0.933852140077821	-0.72632944228275
-1.66628519111925	1.22072175173571	-1.53505760280766
-2.01113908598459	0.888075074387732	-2.43839169909209
-1.31227588311589	1.23292896925307	-1.61135271229114
-1.13527122911421	1.196307316701	-2.13931486991684
-1.43434805828946	-0.674448767833982	-2.30411230640116
-0.241092545967803	-0.485236896314946	-0.021362630655375
-0.473029678797589	-1.5533684290837	-1.88906691081102
1.50148775463493	-2.44449530785077	-1.22072175173571
0.817883573662928	-2.02029449912261	-0.222781719691768
3.29594872968643	-2.09964141298543	-0.805676356145571
3.29289692530709	-2.25528343633173	1.05592431525139
2.6337071793698	-2.60929274433509	2.34683756771191
2.04776073853666	-3.43022812237736	2.78019378957809
1.4526588845655	-2.12710765239948	2.16372930495155
1.55642023346304	-0.820935378042267	2.36514839398795
4.28778515297169	0.216678110933089	3.36919203479057
1.84634164950027	2.00198367284657	2.94499122606241
3.24101625085832	3.90936140993362	4.67841611352712
4.76386663614862	5.10872053101396	4.22369726100557
3.60418097199969	3.96429388876173	2.1515220874342
0.970473792629892	3.0060273136492	2.27054245822843
0.866712443732357	1.74563210498207	2.04776073853666
-1.35805294880598	1.05287251087205	0.820935378042267
-0.906385900663767	-1.2115663385977	0.531013962005035
-2.5482566567483	-2.13015945677882	-0.512703135729
-4.51667048142214	-1.93179217212177	-1.85244525825895
-3.33867399099718	-1.30312046997787	-1.16884107728695
-5.65804531929503	-3.33562218661784	-3.04570077058061
-5.83199816891737	-3.51567864499886	-3.01518272678721
-5.97238117036698	-4.77912565804532	-1.72732127870604
-5.57869840543221	-5.38948653391318	-0.149538414587625
-1.99282825970855	-4.97749294270237	0.143434805828946
-3.28984512092775	-5.48714427405203	0.393682764934768
-1.74258030060273	-5.70077058060578	-0.253299763485161
0.0396734569314107	-3.25322346837568	0.216678110933089
0.115968566414893	-3.39360646982528	2.85648889906157
-0.494392309452964	-2.92057679102769	0.927748531319142
0.161745632104982	-0.790417334248875	3.8300144960708
-0.320439459830625	2.61234454871443	5.20637827115282
0.619516289005875	2.82291905088884	1.55031662470436
-0.0549324788281071	3.54924849317159	0.5981536583505
-0.732433051041428	5.25520714122225	0.0701915007248035
-1.08949416342412	6.42099641412985	-0.973525597009232
-0.869764248111696	5.42915999084459	-1.00404364080262
0.344853894865339	5.99679560540169	-1.34279392690929
1.33669031815061	5.48714427405203	-0.781261921110857
2.09964141298543	4.39765011062791	0.38452735179675
-0.335698481727321	3.83611810482948	0.576791027695125
0.103761348897536	3.3478294041352	-0.131227588311589
-1.19020370794232	1.80056458381018	-1.15358205539025
-3.36919203479057	0.372320134279393	-2.68558785381857
-3.05180437933928	0.0396734569314107	-2.73136491950866
-3.82391088731212	-0.943007553215839	-2.19424734874495
-0.823987182421607	-2.8351262684062	-0.631723506523232
0.448615243762875	-1.13527122911421	1.37026016632334
0.488288700694285	-1.59304188601511	2.1210040436408
1.62050812542916	-0.518806744487678	2.36209658960861
2.42923628595407	0.463874265659571	2.26749065384909
2.70084687571527	1.08949416342412	2.97245746547646
2.02639810788128	2.0355535210193	2.99382009613184
1.70901045243	2.26749065384909	2.95414663920043
2.52689402609293	3.95513847562371	4.46173800259403
2.32547493705653	6.00289921416037	4.92866407263294
2.44144350347143	6.39963378347448	4.44647898069734
2.24307621881437	7.78820477607385	5.84420538643473
1.89822232394903	8.56946669718471	5.64278629739834
4.76691844052796	9.2835889219501	4.68146791790646
6.17990386816205	9.14015411612116	5.5390249485008
6.152437628748	9.76272220950637	4.30914778362707
4.05584802014191	8.97840848401617	3.39665827420462
2.18814373998627	7.45860990310521	2.25833524071107
-0.0305180437933928	4.72114137483787	1.10170138094148
-1.879911497673	3.38445105668727	0.631723506523232
-0.552376592660411	1.26039520866712	-0.347905699244678
0.81177996490425	1.12916762035554	0.350957503624018
1.54421301594568	0.68055237659266	0.866712443732357
2.42008087281605	2.42923628595407	0.305180437933928
3.23491264209964	3.26848249027237	-0.842298008697642
2.61234454871443	3.28068970778973	-0.344853894865339
2.20035095750362	3.53398947127489	-0.527962157625696
2.85038529030289	2.89311055161364	-1.1810482948043
3.2318608377203	3.37834744792859	-0.634775310902571
2.3224231326772	3.38750286106661	1.92568856336309
0.106813153276875	2.83817807278553	0.247196154726482
2.02334630350195	4.77607385366598	0.933852140077821
3.6591134508278	5.37422751201648	1.25123979552911
1.96231021591516	6.17990386816205	1.83718623636225
3.38139925230793	5.84420538643473	1.12306401159686
3.18913557640955	5.99984740978103	0.997940032043946
2.71305409323262	5.29488059815366	0.0183108262760357
0.7690547035935	3.66521705958648	-0.946059357595178
0.0335698481727321	2.07522697795071	-4.28168154421302
0.0732433051041428	2.02639810788128	-0.0823987182421607
0.164797436484321	2.60624093995575	-2.56656748302434
-0.314335851071946	1.9653620202945	-1.6235599298085
1.07423514152743	2.37125200274662	0.0915541313801785
-0.0183108262760357	1.73647669184405	-1.03456168459602
-1.76699473563745	0.805676356145571	-1.5533684290837
-0.689707789730678	0.753795681696803	-3.12504768444343
-1.01319905394064	2.050812542916	-2.36209658960861
-0.189211871519036	2.44144350347143	-2.50858319981689
-0.613412680247196	1.80361638818952	-2.58793011367971
1.51979858091096	1.66628519111925	-2.11795223926146
1.91653315022507	1.8646524757763	-0.747692072938125
1.33363851377127	1.25734340428779	0.00610360875867857
2.3773556115053	2.11795223926146	2.15457389181353
1.34584573128862	2.61539635309377	2.42618448157473
1.29396505683986	2.33157854581521	2.43839169909209
1.66933699549859	1.74258030060273	2.45059891660945
2.08133058670939	0.390630960555428	0.949111161974517
-0.198367284657053	1.03456168459602	-0.0701915007248035
0.0122072175173571	0.875867856870375	-0.231937132829786
-0.250247959105821	1.33363851377127	-0.579842832074464
0.701915007248035	2.1515220874342	-1.43434805828946
2.42313267719539	1.45571068894484	-0.933852140077821
1.4373998626688	0.253299763485161	0.2563515678645
3.25627527275502	-0.338750286106661	0.137331197070268
2.32852674143587	-1.65407797360189	1.11390859845884
2.35904478522927	-2.18509193560693	1.26039520866712
0.790417334248875	-2.79240100709545	1.27565423056382
0.0488288700694285	-3.69573510337987	-0.228885328450446
-2.24307621881437	-3.8300144960708	-2.91752498664836
-2.88700694285496	-3.56145571068894	-3.68963149462119
-3.69268329900053	-4.51667048142214	-5.87777523460746
-3.70794232089723	-4.86152437628748	-3.92767223620966
-3.22575722896162	-4.51056687266346	-3.92767223620966
-2.54520485236896	-5.61532005798428	-3.79644464789807
-1.33058670939193	-4.80659189745937	-1.72121766994736
-2.4933241779202	-5.07209887846189	-0.854505226215
-0.158693827725643	-3.8300144960708	-0.329594872968643
1.50453955901427	-2.16067750057221	-1.64187075608453
1.10780498970016	-2.54520485236896	-1.68154421301595
3.64995803768978	-0.686655985351339	0.695811398489357
4.19928282597086	1.31532768749523	2.64286259250782
3.09452964065003	2.02029449912261	3.33867399099718
2.93278400854505	2.51163500419623	1.95315480277714
2.221713588159	2.76798657206073	2.44754711223011
1.80056458381018	0.5981536583505	1.31532768749523
-1.7944609750515	-0.241092545967803	1.02235446707866
-2.78629739833677	-1.7944609750515	0.280766002899214
-2.93888761730373	-2.99992370489052	0.518806744487678
-4.67841611352712	-3.03044174868391	-0.216678110933089
-4.92256046387427	-4.19928282597086	-2.56046387426566
-4.54108491645685	-5.75265125505455	-3.37834744792859
-3.5736629282063	-6.35080491340505	-4.15045395590143
-2.2919050888838	-6.69871061264973	-3.82391088731212
-0.775158312352178	-5.41084916456855	-1.025406271458
0.659189745937285	-4.01312275883116	-0.72327763790341
2.61539635309377	-3.55535210193027	-0.845349813076982
1.74258030060273	-3.53704127565423	0.2563515678645
1.67544060425727	-2.31631952391852	-2.69779507133593
3.15251392385748	-0.402838178072786	-0.720225833524071
3.39971007858396	-0.195315480277714	-0.0671396963454643
4.82795452811475	0.653086137178607	-0.0885023270008393
5.34065766384375	1.95925841153582	1.71206225680934
4.94697489890898	0.463874265659571	3.18608377203021
4.97749294270237	0.372320134279393	3.80560006103609
3.53704127565423	0.576791027695125	4.40070191500725
1.02235446707866	0.04272526131075	3.44853894865339
0.668345159075303	1.04676890211337	3.32951857785916
1.00709544518196	0.546272983901732	2.09658960860609
-1.11696040283818	-0.04272526131075	0.906385900663767
-3.96734569314107	-1.15053025101091	0.112916762035554
-0.933852140077821	-1.19020370794232	-0.305180437933928
-1.38551918822004	-1.49843595025559	-1.00709544518196
-2.97856107423514	-0.997940032043946	-2.78629739833677
-1.65102616922255	-1.538109407187	-5.25215533684291
-1.24818799114977	-3.80254825665675	-4.48004882887007
0.955214770733196	-2.89311055161364	-3.96124208438239
2.02029449912261	-2.87479972533761	-2.55436026550698
2.65201800564584	-1.02235446707866	1.01625085831998
2.31021591515984	0.320439459830625	2.30106050202182
3.00297550926986	2.97856107423514	5.35591668574044
2.66727702754253	3.25627527275502	5.67940794995041
2.01724269474327	3.05485618371862	5.22163729304952
2.26443884946975	2.16983291371023	5.22468909742885
2.05996795605402	3.24406805523766	5.63363088426032
3.84832532234684	4.06805523765927	4.98054474708171
3.12199588006409	4.10467689021134	4.69672693980316
2.40482185091936	3.79339284351873	3.46990157930877
3.79949645227741	4.48615243762875	4.19623102159152
3.44243533989471	2.97856107423514	2.16372930495155
2.10574502174411	1.39772640573739	1.01625085831998
-0.0122072175173571	-0.485236896314946	-0.961318379491875
-2.21560997940032	-1.37941557946136	-0.192263675898375
-1.79140917067216	-1.25429159990845	1.13221942473487
-1.00404364080262	-1.83718623636225	0.732433051041428
-1.50453955901427	-0.80872816052491	0.836194399938964
-2.16983291371023	0.228885328450446	1.1810482948043
0.0335698481727321	1.58693827725643	2.45059891660945
0.381475547417411	1.43129625391012	0.72327763790341
-0.9399557488365	1.23903257801175	0.283817807278553
0.180056458381018	1.31227588311589	0.164797436484321
1.69069962615396	1.6235599298085	-0.0671396963454643
-1.16273746852827	0.146486610208286	-1.22987716487373
0.0122072175173571	0.46997787441825	-3.88189517051957
-0.0274662394140536	2.51468680857557	-2.60624093995575
-0.0488288700694285	0.860608834973678	-2.50553139543755
0.134279392690929	1.62966353856718	-1.36110475318532
0.415045395590143	2.86869611657893	-0.540169375143053
0.534065766384375	4.22674906538491	2.09353780422675
0.119020370794232	4.53803311207752	3.03959716182193
0.631723506523232	6.13107499809262	3.9154650186923
-1.65102616922255	4.65400167849241	3.69878690775921
0.421149004348821	4.43427176317998	3.36919203479057
1.86160067139696	2.58487830930037	1.07423514152743
1.13221942473487	2.09964141298543	-1.41603723201343
2.8198672465095	2.94193942168307	-0.225833524071107
3.85748073548486	2.99992370489052	-2.00808728160525
2.48722056916152	3.18913557640955	-2.50858319981689
1.84939345387961	1.23903257801175	-2.59403372243839
0.76600289921416	2.64591439688716	-1.69680323491264
-0.970473792629892	0.973525597009232	-0.378423743038071
-2.31631952391852	-0.396734569314107	-1.21766994735637
-1.54116121156634	0.616464484626535	1.11390859845884
-2.08743419546807	0.021362630655375	1.025406271458
-2.31021591515984	-0.0946059357595178	0.799572747386893
0.527962157625696	1.72732127870604	0.631723506523232
1.27565423056382	3.75677119096666	1.31227588311589
0.531013962005035	3.58281834134432	2.57572289616236
2.17898832684825	4.443427176318	3.46379797055009
0.976577401388571	3.37224383916991	2.79850461585412
0.506599526970321	1.99588006408789	1.76089112687877
0.421149004348821	2.04776073853666	0.869764248111696
0.668345159075303	2.26749065384909	0.796520943007553
-0.347905699244678	1.3824673838407	0.64087891966125
0.38452735179675	1.41603723201343	0.479133287556268
0.100709544518196	1.36110475318532	1.78530556191348
0.393682764934768	1.09254596780346	1.84939345387961
0.292973220416571	0.98268101014725	-1.48622873273823
0.778210116731518	1.77615014877546	-1.34889753566796
1.81277180132753	2.00503547722591	-0.564583810177768
-0.7690547035935	1.24208438239109	-2.08133058670939
0.549324788281071	-0.311284046692607	-2.89311055161364
0.134279392690929	-0.888075074387732	-3.18608377203021
-0.479133287556268	-0.497444113832303	-3.19218738078889
1.53505760280766	0.540169375143053	-2.53604943923095
1.62966353856718	1.68459601739528	-0.741588464179446
3.20134279392691	1.9501029983978	0.561532005798428
2.39871824216068	2.71000228885328	-0.305180437933928
0.653086137178607	1.68459601739528	-0.326543068589303
1.0955977721828	2.05386434729534	-1.23903257801175
-0.63782711528191	2.98771648737316	2.04165712977798
-0.943007553215839	2.45059891660945	1.60524910353246
-0.00915541313801785	3.23796444647898	1.96231021591516
1.1810482948043	3.74151216906996	1.53200579842832
-3.11894407568475	1.30617227435721	0.933852140077821
-1.51674677653162	2.56961928740368	2.07522697795071
-3.05485618371862	0.460822461280232	-0.836194399938964
-4.50141145952544	-0.80872816052491	-1.79140917067216
-4.15655756466011	-3.04875257495994	-1.49843595025559
-2.49942778667887	-2.57267109178302	-1.35805294880598
-4.09246967269398	-4.46784161135271	-4.44953078507668
-2.15457389181353	-5.26131074998093	-3.65606164644846
-0.396734569314107	-3.01213092240787	-3.86053253986419
-0.521858548867018	-2.61539635309377	-3.07927061875334
1.40993362325475	-1.82803082322423	-3.43327992675669
2.62455176623178	-1.69985503929198	-3.30205233844511
2.85038529030289	-2.92362859540703	-1.44045166704814
0.643930724040589	-3.28374151216907	-2.8046082246128
3.71099412527657	-1.78225375753414	-1.2817578393225
0.875867856870375	0.0274662394140536	-1.8097199969482
0.848401617456321	1.22377355611505	-2.47196154726482
0.354009308003357	0.695811398489357	-1.06202792401007
-3.66216525520714	0.527962157625696	-0.830090791180285
-4.17486839093614	-1.20241092545968	0.274662394140536
-5.46578164339666	-2.1210040436408	-0.195315480277714
-4.95002670328832	-3.08232242313268	0.219729915312428
-5.34065766384375	-3.63164721141375	-1.47096971084154
-4.86152437628748	-3.22575722896162	-2.73136491950866
-3.44548714427405	-3.18303196765087	-3.96429388876173
-2.35904478522927	-2.56656748302434	-3.57061112382696
-3.97650110627909	-2.50553139543755	-5.64888990615702
-3.26543068589303	-3.21355001144427	-6.75364309147784
-2.52689402609293	-2.76188296330205	-6.18905928130007
-2.84428168154421	-3.27458609903105	-6.08224612802319
-3.76592660410468	-4.80354009308003	-7.6600289921416
-1.39162279697871	-3.69878690775921	-4.39154650186923
-1.51369497215228	-3.97344930189975	-5.88693064774548
-0.372320134279393	-4.27557793545434	-5.04768444342718
2.53299763485161	-4.99275196459907	-5.12397955291066
1.54421301594568	-5.55733577477684	-5.03547722590982
1.63576714732586	-4.71503776607919	-4.82490272373541
-0.68055237659266	-6.16464484626535	-4.88593881132219
-2.71000228885328	-4.99275196459907	-3.80560006103609
-3.94598306248569	-5.40474555580987	-1.79140917067216
-4.15350576028077	-4.64484626535439	-1.05287251087205
-5.48714427405203	-4.15045395590143	0.393682764934768
-5.74044403753719	-3.54619668879225	1.33058670939193
-3.83611810482948	-2.62149996185245	2.96635385671778
-5.16060120546273	-2.02029449912261	2.61539635309377
-2.62760357061112	-1.44045166704814	3.21965362020295
-2.87479972533761	-1.00404364080262	2.29495689326314
-3.01823453116655	-0.393682764934768	0.408941786831464
-1.89211871519036	0.7690547035935	-0.4272526131075
-2.22781719691768	-0.994888227664607	-2.14236667429618
-3.30815594720378	-1.3824673838407	-4.1718165865568
-2.4078736552987	-1.3824673838407	-3.8300144960708
-2.42923628595407	-2.03860532539864	-3.58281834134432
-1.04371709773404	-2.59098191805905	-3.96734569314107
0.396734569314107	-2.34683756771191	-3.98870832379644
2.77409018081941	0.445563439383536	-2.51468680857557
3.83916990920882	1.20241092545968	-2.07522697795071
7.31517509727626	2.35904478522927	-1.89822232394903
7.59594110017548	3.99176012817578	-0.543221179522393
8.07507438773175	2.84122987716487	-0.119020370794232
8.37109941252766	4.11993591210803	2.00808728160525
7.62035553521019	3.72625314717327	1.51979858091096
4.92561226825361	2.39871824216068	2.9755092698558
3.43938353551537	0.616464484626535	0.695811398489357
1.08033875028611	-0.326543068589303	0.628671702143893
-1.47707331960021	-1.99893186846723	1.22072175173571
-3.47295338368811	-4.3274586099031	-0.338750286106661
-5.25520714122225	-6.00289921416037	-0.915541313801785
-6.04257267109178	-5.60006103608759	-0.708018616006714
-6.26230258640421	-5.44441901274128	-1.39772640573739
-6.88487067978943	-6.00900282291905	-2.96940566109712
-8.94483863584344	-5.34676127260243	-3.22270542458228
-7.88891432059205	-2.61234454871443	-2.8351262684062
-5.20637827115282	-2.734416723888	-2.78934920271611
-5.42915999084459	-3.55535210193027	-2.87785152971695
-2.82902265964752	-2.15457389181353	-3.02128633554589
-1.02845807583734	-3.20134279392691	-3.60112916762036
1.74258030060273	-3.13115129320211	-3.28068970778973
2.93278400854505	-1.17799649042496	-3.04570077058061
2.80155642023346	0.823987182421607	-2.60318913557641
5.29488059815366	2.30411230640116	-0.503547722590982
8.4290836957351	3.89715419241627	-0.387579156176089
6.97337300679026	5.39559014267186	2.4078736552987
5.36202029449912	5.46578164339666	4.25421530479896
6.15548943312734	6.06393530174716	7.32738231479362
4.50446326390478	5.82894636453803	10.2052338445106
4.05889982452125	4.71808957045853	9.41481651026169
2.77103837644007	3.35393301289387	6.91844052796216
1.20546272983902	0.457770656900893	3.09452964065003
0.750743877317464	-1.41908903639277	1.35805294880598
-2.98771648737316	-2.35599298084993	-2.44754711223011
-3.94598306248569	-3.95208667124437	-4.55024032959487
-4.66010528725109	-4.27862973983368	-6.25009536888685
-5.58785381857023	-4.14435034714275	-7.78210116731517
-6.01510643167773	-3.92767223620966	-9.67421988250553
-6.20126649881743	-2.87785152971695	-6.78110933089189
-3.759822995346	-0.689707789730678	-5.24910353246357
-1.41298542763409	-0.231937132829786	-3.82085908293278
1.4373998626688	1.63271534294652	0.335698481727321
2.56046387426566	4.07721065079728	1.19325551232166
4.50751506828412	5.46578164339666	2.59403372243839
4.29999237048905	4.08026245517662	2.85954070344091
4.29694056610971	4.64789806973373	3.50041962310216
4.71198596169986	4.06195162890059	1.56557564660105
3.72930495155261	2.89311055161364	1.2664988174258
3.77813382162203	2.72526131074998	-0.109864957656214
1.55642023346304	0.985732814526589	-1.45571068894484
0.653086137178607	-0.790417334248875	-1.87380788891432
0.921644922560464	-0.0701915007248035	-0.106813153276875
0.338750286106661	-1.33058670939193	0.915541313801785
-2.49027237354086	-1.40993362325475	2.62149996185245
-1.538109407187	-0.732433051041428	4.1718165865568
-2.27054245822843	1.63271534294652	7.48607614251926
-1.08033875028611	3.13725490196078	10.0282291905089
0.570687418936446	3.49126420996414	10.3791866941329
1.52590218966964	6.07919432364385	9.65896086060883
2.28274967574578	6.12802319371328	7.62035553521019
2.24917982757305	3.8452735179675	3.10368505378805
1.58083466849775	4.13214312962539	-1.99893186846723
1.20546272983902	1.61745632104982	-2.563515678645
1.94094758525978	0.234988937209125	-5.46578164339666
3.53398947127489	0.357061112382696	-5.50240329594873
3.92156862745098	-0.292973220416571	-4.11078049897002
4.33966582742046	-0.170901045243	-2.50858319981689
3.79339284351873	0.115968566414893	-2.17288471808957
3.36003662165255	1.23903257801175	-0.973525597009232
2.38956282902266	1.05592431525139	-1.04982070649271
1.73647669184405	0.869764248111696	-1.54421301594568
-0.04272526131075	0.244144350347143	-2.51773861295491
-0.350957503624018	-0.558480201419089	-3.02128633554589
0.0701915007248035	-1.35500114442664	-3.86053253986419
-0.0335698481727321	-1.50148775463493	-4.07415884641794
-1.72121766994736	-0.915541313801785	-2.87174792095827
-0.161745632104982	-0.463874265659571	-1.94094758525978
2.23392080567636	-0.762951094834821	-0.906385900663767
0.601205462729839	0.064087891966125	1.0101472495613
0.00915541313801785	-0.0610360875867857	1.26955062180514
-0.021362630655375	0.00610360875867857	0.964370183871214
0.0793469138628214	-0.830090791180285	0.820935378042267
2.02334630350195	-0.152590218966964	1.31532768749523
1.65712977798123	1.69985503929198	0.0915541313801785
1.54116121156634	1.3824673838407	0.0793469138628214
1.36415655756466	1.26039520866712	-1.15663385976959
2.7496757457847	1.99588006408789	-1.51369497215228
1.00709544518196	1.20546272983902	-2.18814373998627
1.70595864805066	1.17189288166629	0.958266575112535
2.63065537499046	0.805676356145571	-0.567635614557107
2.91142137788968	-0.222781719691768	0.573739223315785
3.30205233844511	0.549324788281071	2.08438239108873
3.03959716182193	-0.55542839703975	2.02029449912261
1.69069962615396	-3.03654535744259	1.62050812542916
0.283817807278553	-4.76081483176928	1.64797436484321
-0.674448767833982	-7.24498359655146	1.10475318532082
-1.03150988021668	-7.18089570458534	-0.350957503624018
-3.76592660410468	-7.94384679942016	-1.35805294880598
-3.73540856031128	-6.92454413672084	-1.50759136339361
-4.56549935149157	-6.39658197909514	-3.23796444647898
-4.15960936903944	-4.22064545662623	-3.52178225375753
-4.80964370183871	-3.78423743038071	-4.41596093690394
-5.76485847257191	-3.36919203479057	-5.16670481422141
-1.75173571374075	-4.16266117341878	-6.6498817425803
-0.393682764934768	-3.70794232089723	-3.41191729610132
0.943007553215839	-2.65506981002518	-3.44243533989471
4.56244754711223	-0.375371938658732	-1.52590218966964
4.12298771648737	0	0.711070420386053
2.07827878233005	-0.289921416037232	-0.161745632104982
0.741588464179446	1.32753490501259	1.09864957656214
-0.292973220416571	0.0335698481727321	-1.33669031815061
-1.40383001449607	-1.85549706263828	-2.5787747005417
-1.70595864805066	-3.10673685816739	-3.39665827420462
-0.561532005798428	-2.99687190051118	-2.68558785381857
0.436408026245518	-2.23086900129702	-1.60219729915312
2.95109483482109	-1.07423514152743	0.344853894865339
0.830090791180285	-0.814831769283589	0.952162966353857
2.86259250782025	0.0946059357595178	2.79240100709545
1.94399938963912	1.36415655756466	1.94094758525978
2.71000228885328	3.69268329900053	4.4281681544213
4.52582589456016	3.70183871213855	4.87983520256352
4.46173800259403	5.30098420691234	5.71297779812314
4.9408712901503	5.07209887846189	4.40680552376593
5.23384451056687	5.38033112077516	3.54619668879225
4.78217746242466	3.30510414282444	1.85854886701762
4.02838178072786	3.08537422751202	1.01930266269932
4.37018387121385	1.7944609750515	0.830090791180285
3.63469901579309	0.210574502174411	0.192263675898375
3.11589227130541	1.76089112687877	0.860608834973678
2.85648889906157	1.13832303349355	2.35599298084993
3.32036316472114	1.97146562905318	1.84939345387961
2.76493476768139	4.22980086976425	3.29900053406577
3.89105058365759	4.15350576028077	3.73846036469062
2.43228809033341	3.41191729610132	2.48722056916152
2.29800869764248	2.25223163195239	0.280766002899214
0.756847486076142	-0.372320134279393	-0.479133287556268
-1.37941557946136	-2.62760357061112	-1.91348134584573
-3.19218738078889	-5.05378805218585	-3.47905699244678
-3.62249179827573	-4.79743648432135	-2.97856107423514
-2.51773861295491	-5.35591668574044	-2.28885328450446
-2.51773861295491	-7.20531013962005	-2.56046387426566
-1.29091325246052	-7.51049057755398	-3.95513847562371
2.26443884946975	-5.12092774853132	-3.3173113603418
2.57267109178302	-4.26947432669566	-3.07927061875334
3.81170366979477	-0.985732814526589	-1.26039520866712
4.31525139238575	1.22987716487373	-0.476081483176928
5.72213321126116	5.64888990615702	1.1810482948043
7.69970244907301	6.61936369878691	3.01213092240787
8.84107728694591	8.83497367818723	5.27962157625696
7.10460059510185	9.24391546501869	5.18806744487678
7.11070420386053	8.99977111467155	5.22774090180819
5.7801174944686	8.86854352635996	5.13618677042802
2.58487830930037	5.92660410467689	5.61226825360494
-0.875867856870375	3.58587014572366	3.32036316472114
-2.25528343633173	1.41908903639277	3.03654535744259
-4.1718165865568	-0.0885023270008393	0.354009308003357
-3.2318608377203	-2.04776073853666	-1.47402151522087
-3.35088120851453	-2.13931486991684	-1.07423514152743
-2.06301976043336	-3.00907911802853	0.497444113832303
-2.54520485236896	-3.42717631799802	0.451667048142214
-2.45365072098878	-3.69573510337987	1.76699473563745
-2.74357213702602	-4.272526131075	2.50858319981689
-1.9806210421912	-3.60112916762036	2.45059891660945
-1.65407797360189	-3.49431601434348	0.888075074387732
-2.14847028305486	-3.02738994430457	-1.39162279697871
0.177004654001679	-2.83207446402686	-1.2970168612192
-0.411993591210803	-2.99687190051118	-2.29495689326314
-1.71816586556802	-3.88494697489891	-3.10368505378805
0.772106507972839	-2.905317769131	-3.82696269169146
0.4272526131075	-2.76188296330205	-3.57061112382696
1.6235599298085	-2.17593652246891	-2.98466468299382
1.86160067139696	0.659189745937285	-1.22987716487373
2.78934920271611	0.271610589761196	-1.36110475318532
2.39871824216068	1.83718623636225	2.1210040436408
2.59403372243839	2.74357213702602	2.02029449912261
-0.302128633554589	1.1108567940795	-0.152590218966964
-1.39772640573739	1.1108567940795	-1.12306401159686
-2.94499122606241	-0.81177996490425	1.64797436484321
-4.10772869459068	-2.82291905088884	0.207522697795071
-4.1870756084535	-3.78118562600137	1.74563210498207
-0.949111161974517	-1.4526588845655	4.63874265659571
0.0122072175173571	-1.03150988021668	5.88693064774548
-0.186160067139696	0.0274662394140536	5.22468909742885
0.460822461280232	1.42519264515145	5.11482413977264
-1.14747844663157	0.466926070038911	3.84222171358816
-1.02845807583734	0.805676356145571	3.30205233844511
-1.7242694743267	0.0701915007248035	0.747692072938125
-0.180056458381018	0.201419089036393	0.683604180972
-0.119020370794232	0.750743877317464	0.454718852521553
1.60524910353246	1.91958495460441	-1.31532768749523
3.05485618371862	3.02738994430457	-1.196307316701
1.70595864805066	2.67032883192187	-1.56862745098039
1.92568856336309	3.21049820706493	-2.08133058670939
1.37636377508202	3.98565651941711	-1.8646524757763
2.62149996185245	4.03143358510719	0.106813153276875
3.58587014572366	3.50652323186084	-0.146486610208286
5.19417105363546	4.3427176317998	-0.247196154726482
3.759822995346	4.07110704203861	0.717174029144732
0.750743877317464	2.8351262684062	-0.399786373693446
-0.405889982452125	2.13931486991684	-0.881971465629053
-1.95315480277714	-0.12817578393225	-1.22072175173571
-4.51056687266346	-0.323491264209964	-2.39566643778134
-5.82589456015869	-2.16067750057221	-4.01007095445182
-5.28572518501564	-4.12909132524605	-4.89814602883955
-6.80247196154726	-4.79438467994202	-6.79942015716793
-7.06797894254978	-4.08331425955596	-6.92759594110018
-6.32944228274968	-2.92362859540703	-7.53795681696803
-3.90325780117494	-0.506599526970321	-4.69672693980316
-2.35599298084993	1.24818799114977	-3.24406805523766
-2.20035095750362	1.89211871519036	-2.00503547722591
1.08033875028611	2.95109483482109	-0.747692072938125
1.06813153276875	1.54726482032502	-0.146486610208286
1.40077821011673	1.5533684290837	-0.814831769283589
1.57778286411841	1.19020370794232	-1.58388647287709
1.44960708018616	1.76699473563745	-2.24612802319371
2.14847028305486	1.66933699549859	-1.30617227435721
1.32448310063325	2.47501335164416	-1.15968566414893
-0.451667048142214	2.13931486991684	-0.415045395590143
1.45876249332418	3.97650110627909	-0.38452735179675
0.305180437933928	4.48615243762875	-0.775158312352178
-1.66018158236057	4.31525139238575	-1.83413443198291
-2.392614633402	3.49736781872282	-1.50453955901427
0.357061112382696	4.50141145952544	2.050812542916
2.49942778667887	5.01411459525444	3.4882124055848
-0.830090791180285	3.98565651941711	2.72831311512932
-0.317387655451286	3.37224383916991	2.23086900129702
0.192263675898375	4.05889982452125	1.37026016632334
-1.22377355611505	2.25528343633173	-3.20134279392691
-2.42313267719539	-0.0244144350347143	-2.92973220416571
-2.07522697795071	-1.13832303349355	-3.91851682307164
-0.64087891966125	-0.320439459830625	-2.78324559395743
1.64187075608453	-0.0793469138628214	-1.67849240863661
0.848401617456321	0.473029678797589	-1.67238879987793
1.67544060425727	1.4373998626688	-3.47600518806744
3.07011520561532	2.32852674143587	-3.59502555886168
4.21454184786755	2.50247959105821	-1.69680323491264
4.09857328145266	4.49225604638743	-0.741588464179446
5.16365300984207	4.09552147707332	0.262455176623178
4.67231250476844	5.48409246967269	1.60219729915312
5.1117723353933	5.37422751201648	3.97344930189975
3.77203021286336	5.14229037918669	4.15655756466011
1.39162279697871	4.59296559090562	4.14740215152209
2.41397726405737	5.94491493095293	3.52178225375753
1.72732127870604	7.00389105058366	4.90730144197757
0.875867856870375	6.19516289005875	3.71709773403525
1.538109407187	7.02830548561837	3.82085908293278
-0.320439459830625	6.55527580682078	4.13824673838407
-0.201419089036393	4.80964370183871	3.17998016327153
-1.02845807583734	3.64080262455177	1.35805294880598
-3.00907911802853	0.738536659800107	0.228885328450446
-4.93476768139162	-1.22377355611505	-2.5482566567483
-4.59296559090562	-0.888075074387732	-3.22575722896162
-2.40482185091936	-0.265506981002518	-4.06195162890059
0.579842832074464	0.744640268558785	-4.37323567559319
1.7242694743267	1.6235599298085	-3.62859540703441
2.33463035019455	2.74662394140536	-2.41397726405737
3.74761577782864	1.79140917067216	-1.68459601739528
2.13015945677882	-0.909437705043107	-1.48928053711757
2.34378576333257	-1.76394293125811	0.518806744487678
2.905317769131	-1.33669031815061	-0.186160067139696
2.40177004654002	-3.247119859617	-1.92263675898375
0.173952849622339	-4.54413672083619	-2.78629739833677
-0.134279392690929	-4.68146791790646	-0.878919661249714
-0.454718852521553	-3.59807736324102	-1.28786144808118
-1.32143129625391	-3.22270542458228	0.747692072938125
1.0101472495613	-1.40077821011673	2.94499122606241
2.44449530785077	0.430304417486839	3.31425955596246
3.18303196765087	1.50453955901427	2.80155642023346
2.9907682917525	2.69779507133593	3.60723277637903
1.29396505683986	1.79140917067216	3.94598306248569
0.0183108262760357	0.802624551766232	3.54924849317159
0.717174029144732	0.262455176623178	2.80766002899214
1.16884107728695	-1.87685969329366	1.88601510643168
-1.17494468604562	-4.43121995880064	1.15053025101091
-1.44045166704814	-5.75265125505455	-1.18715190356298
-1.22987716487373	-5.15449759670405	-1.72732127870604
-1.48928053711757	-4.71808957045853	-1.67544060425727
-1.25734340428779	-4.45563439383536	-1.17494468604562
-1.03150988021668	-5.03547722590982	-5.72213321126116
0.268558785381857	-3.08537422751202	-3.42717631799802
-0.186160067139696	-4.29388876173037	-3.3325703822385
-0.854505226215	-6.7505912870985	-5.76791027695125
-2.75883115892271	-6.40573739223316	-4.68146791790646
-1.10475318532082	-5.22468909742885	-1.01625085831998
-0.592050049591821	-2.79850461585412	-1.06202792401007
0.424200808728161	-4.17486839093614	0.0488288700694285
1.91653315022507	-2.53299763485161	0.189211871519036
4.16571297779812	-1.48928053711757	2.58487830930037
3.8452735179675	-0.59510185397116	3.6591134508278
3.247119859617	1.15358205539025	4.98054474708171
5.39253833829252	3.56145571068894	6.90012970168612
5.79842832074464	5.06294346532387	7.92553597314412
4.58075837338827	4.94697489890898	6.18600747692073
4.08026245517662	4.05889982452125	4.08941786831464
7.14427405203327	2.57267109178302	4.07721065079728
7.44335088120851	1.51369497215228	1.33974212252995
7.35790035858701	1.34889753566796	1.2970168612192
9.04859998474098	0.973525597009232	-0.0366216525520714
9.31715877012284	1.4679179064622	-0.540169375143053
8.83192187380789	0.418097199969482	-0.930800335698482
7.19310292210269	-1.13832303349355	-0.265506981002518
5.3681239032578	-1.91042954146639	-3.02128633554589
6.75974670023651	-2.13321126115816	2.00198367284657
5.42915999084459	-2.14541847867552	1.9806210421912
6.72922865644312	-1.58999008163577	3.48516060120546
6.54612039368276	-1.14137483787289	3.60112916762036
7.28465705348287	-0.784313725490196	3.75677119096666
7.96215762569619	0.817883573662928	5.05073624780652
7.76684214541848	1.37026016632334	5.74959945067521
9.24696726939803	1.56252384222171	7.32433051041428
12.5093461509117	3.74151216906996	11.4839398794537
