-3.39438339438339	-1.17216117216117	-0.610500610500611
2.07570207570208	1.44078144078144	0.0976800976800977
0.757020757020757	2.63736263736264	1.17216117216117
0.927960927960928	2.1978021978022	-1.22100122100122
-4.95726495726496	-0.610500610500611	-2.002442002442
-2.58852258852259	-2.68620268620269	-3.68742368742369
5.2014652014652	-2.14896214896215	-3.88278388278388
8.52258852258852	-4.37118437118437	-3.41880341880342
4.34676434676435	-6.17826617826618	-3.88278388278388
8.76678876678877	-4.49328449328449	-3.49206349206349
-6.47130647130647	-8.13186813186813	-4.54212454212454
-2.1978021978022	-7.17948717948718	-2.78388278388278
-2.46642246642247	-7.57020757020757	-3.2967032967033
7.64346764346764	-5.07936507936508	-3.71184371184371
2.68620268620269	-4.95726495726496	-1.95360195360195
-4.66422466422466	-3.36996336996337	0.0488400488400488
-4.24908424908425	-5.68986568986569	-1.92918192918193
-5.51892551892552	-3.1990231990232	-1.0989010989011
-9.62148962148962	-1.34310134310134	0.0976800976800977
-1.34310134310134	-1.83150183150183	-0.927960927960928
3.85836385836386	-0.927960927960928	-2.49084249084249
2.2954822954823	0.634920634920635	-1.24542124542125
-9.35286935286935	-0.512820512820513	0.854700854700855
-5.2991452991453	2.1001221001221	3.003663003663
-3.02808302808303	4.15140415140415	3.12576312576313
-2.24664224664225	3.44322344322344	2.97924297924298
-0.170940170940171	5.27472527472527	3.15018315018315
-1.80708180708181	3.05250305250305	0.366300366300366
-3.17460317460317	-0.634920634920635	-0.268620268620269
-9.79242979242979	-4.85958485958486	-1.92918192918193
-6.93528693528694	-7.93650793650794	-2.90598290598291
-10.3052503052503	-9.25518925518926	-2.1978021978022
-7.76556776556777	-10.6959706959707	-1.9047619047619
-5.90964590964591	-9.37728937728938	-1.1965811965812
1.95360195360195	-6.42246642246642	-1.48962148962149
-11.8925518925519	-6.64224664224664	-0.683760683760684
-1.36752136752137	-0.43956043956044	-0.903540903540904
3.05250305250305	-0.415140415140415	-1.53846153846154
-6.73992673992674	-0.805860805860806	-0.317460317460317
-14.2857142857143	-4.15140415140415	-1.39194139194139
1.88034188034188	-2.88156288156288	-1.73382173382173
-8.37606837606838	-7.17948717948718	-1.80708180708181
-2.95482295482295	-8.05860805860806	-3.07692307692308
1.80708180708181	-8.69352869352869	-4.44444444444444
-5.37240537240537	-5.95848595848596	-3.12576312576313
-4.27350427350427	-6.15384615384615	-3.54090354090354
-7.00854700854701	-0.0488400488400488	-1.56288156288156
-4.32234432234432	2.75946275946276	-1.001221001221
-1.31868131868132	1.36752136752137	1.56288156288156
-3.36996336996337	2.05128205128205	1.83150183150183
4.12698412698413	2.56410256410256	2.73504273504274
1.70940170940171	0.341880341880342	2.22222222222222
-13.3577533577534	-0.976800976800977	1.34310134310134
9.79242979242979	1.44078144078144	2.002442002442
-2.78388278388278	0.537240537240537	1.22100122100122
3.24786324786325	2.41758241758242	1.66056166056166
-7.27716727716728	-1.0989010989011	2.56410256410256
-2.95482295482295	-0.170940170940171	1.51404151404151
5.34798534798535	1.1965811965812	3.17460317460317
0.21978021978022	2.22222222222222	3.22344322344322
8.52258852258852	3.71184371184371	2.17338217338217
-3.78510378510378	2.05128205128205	1.85592185592186
1.56288156288156	2.71062271062271	1.07448107448107
-1.17216117216117	3.1013431013431	1.05006105006105
-2.80830280830281	3.95604395604396	0.195360195360195
-0.610500610500611	3.90720390720391	0.781440781440781
0.683760683760684	3.61416361416361	-0.0244200244200244
0.317460317460317	3.46764346764347	-1.97802197802198
4.71306471306471	4.15140415140415	-2.56410256410256
-4.3956043956044	-0.0976800976800977	-3.85836385836386
-2.14896214896215	-0.170940170940171	-3.32112332112332
2.22222222222222	2.07570207570208	0.512820512820513
1.17216117216117	2.46642246642247	0.341880341880342
-3.68742368742369	2.85714285714286	2.73504273504274
0.195360195360195	5.51892551892552	2.53968253968254
3.56532356532357	8.42490842490843	3.71184371184371
5.76312576312576	8.47374847374847	3.98046398046398
0.659340659340659	5.00610500610501	4.37118437118437
1.63614163614164	2.61294261294261	-0.43956043956044
0.195360195360195	0.341880341880342	0.195360195360195
-1.22100122100122	-3.27228327228327	-2.22222222222222
-5.00610500610501	-5.81196581196581	-2.66178266178266
-8.3028083028083	-8.69352869352869	-2.53968253968254
-4.07814407814408	-9.20634920634921	-1.53846153846154
-4.44444444444444	-10.1831501831502	-1.48962148962149
-6.34920634920635	-8.86446886446886	-0.415140415140415
-2.71062271062271	-4.83516483516483	-0.293040293040293
0.170940170940171	1.95360195360195	2.97924297924298
0.927960927960928	7.71672771672772	5.54334554334554
3.05250305250305	11.3553113553114	5.49450549450549
1.83150183150183	11.9413919413919	5.05494505494505
1.92918192918193	11.4774114774115	5.66544566544567
11.3064713064713	14.8962148962149	6.71550671550672
-2.36874236874237	15.0671550671551	7.78998778998779
6.56898656898657	17.4114774114774	9.03540903540904
5.15262515262515	21.2454212454212	9.86568986568987
14.6520146520147	27.3992673992674	12.991452991453
5.78754578754579	28.2783882783883	13.2844932844933
13.6263736263736	30.0610500610501	14.3833943833944
14.7496947496947	28.3028083028083	14.1147741147741
13.7973137973138	27.7167277167277	17.0695970695971
13.0891330891331	24.7619047619048	15.4578754578755
13.6019536019536	23.1501831501831	14.9206349206349
14.6764346764347	23.4920634920635	18.2173382173382
19.047619047619	26.0561660561661	20.4395604395604
16.8253968253968	27.1306471306471	21.7094017094017
17.1428571428571	29.010989010989	23.0769230769231
23.1990231990232	33.6752136752137	26.1050061050061
19.6336996336996	34.2124542124542	26.4224664224664
22.1245421245421	34.3589743589744	26.3980463980464
25.4456654456654	36.6544566544567	27.3260073260073
20.1709401709402	33.3089133089133	25.2014652014652
32.7960927960928	33.3577533577534	25.1770451770452
17.4114774114774	29.2551892551893	22.954822954823
19.9267399267399	29.4017094017094	23.2478632478632
15.7020757020757	25.4700854700855	21.3919413919414
14.8229548229548	26.2515262515263	20.6837606837607
11.7460317460317	22.7594627594628	17.8754578754579
17.020757020757	22.6373626373626	17.973137973138
14.7496947496947	21.001221001221	17.2161172161172
13.1623931623932	18.6813186813187	17.1184371184371
13.7240537240537	16.7521367521368	16.2881562881563
9.76800976800977	13.5775335775336	15.2869352869353
9.18192918192918	11.5995115995116	12.6007326007326
12.9181929181929	13.040293040293	12.0634920634921
7.2039072039072	9.96336996336996	9.35286935286935
4.73748473748474	8.57142857142857	8.4004884004884
4.81074481074481	8.74236874236874	10.3052503052503
4.3956043956044	9.47496947496948	9.76800976800977
3.88278388278388	8.22954822954823	10.9157509157509
5.66544566544567	8.35164835164835	9.69474969474969
7.08180708180708	8.22954822954823	8.27838827838828
1.88034188034188	5.71428571428571	6.47130647130647
5.1037851037851	6.1050061050061	4.27350427350427
4.63980463980464	3.68742368742369	3.22344322344322
2.58852258852259	1.61172161172161	1.51404151404151
0.903540903540904	1.24542124542125	2.17338217338217
2.68620268620269	2.66178266178266	3.15018315018315
5.56776556776557	3.49206349206349	3.51648351648352
2.07570207570208	4.49328449328449	4.32234432234432
3.36996336996337	3.51648351648352	4.004884004884
7.15506715506716	4.44444444444444	3.51648351648352
3.78510378510378	1.95360195360195	2.1001221001221
1.75824175824176	-0.488400488400488	2.27106227106227
8.86446886446886	0.195360195360195	1.95360195360195
-1.83150183150183	-1.46520146520147	1.56288156288156
3.34554334554335	1.29426129426129	2.61294261294261
4.90842490842491	0.21978021978022	2.68620268620269
3.2967032967033	2.002442002442	4.02930402930403
1.75824175824176	3.07692307692308	4.05372405372405
7.17948717948718	2.75946275946276	3.41880341880342
-2.14896214896215	0.537240537240537	2.85714285714286
1.48962148962149	1.44078144078144	2.44200244200244
1.0989010989011	1.39194139194139	0.610500610500611
0.659340659340659	2.51526251526252	1.17216117216117
-0.854700854700855	3.58974358974359	0.0976800976800977
-0.146520146520147	4.95726495726496	-1.12332112332112
-3.90720390720391	5.51892551892552	-0.805860805860806
-5.2014652014652	4.17582417582418	-1.31868131868132
-4.05372405372405	2.34432234432234	-1.97802197802198
-3.1013431013431	1.34310134310134	-1.66056166056166
-7.13064713064713	-0.0976800976800977	-1.31868131868132
-5.51892551892552	-1.78266178266178	-1.83150183150183
-5.15262515262515	-2.2954822954823	-3.88278388278388
-6.03174603174603	-1.12332112332112	-3.02808302808303
-4.15140415140415	-1.70940170940171	-4.02930402930403
-6.91086691086691	-5.90964590964591	-5.49450549450549
-2.68620268620269	-6.64224664224664	-6.98412698412698
-4.78632478632479	-10.7936507936508	-7.93650793650794
-6.93528693528694	-15.2136752136752	-7.91208791208791
-6.1050061050061	-16.3125763125763	-7.54578754578755
-2.22222222222222	-15.9462759462759	-7.05738705738706
-14.2857142857143	-16.971916971917	-7.74114774114774
-10.1587301587302	-16.0927960927961	-8.42490842490843
-8.42490842490843	-15.995115995116	-7.15506715506716
-11.037851037851	-16.5567765567766	-6.05616605616606
-10.4029304029304	-19.6825396825397	-7.66788766788767
-8.05860805860806	-19.5115995115995	-5.54334554334554
-2.53968253968254	-14.969474969475	-2.58852258852259
-2.80830280830281	-10.8913308913309	-2.24664224664225
-5.05494505494505	-7.71672771672772	-2.53968253968254
-4.68864468864469	-5.27472527472527	-0.83028083028083
-4.59096459096459	-3.68742368742369	-1.83150183150183
-4.37118437118437	-6.52014652014652	-2.24664224664225
-4.81074481074481	-8.71794871794872	-3.93162393162393
-6.42246642246642	-8.88888888888889	-3.66300366300366
-2.83272283272283	-4.81074481074481	-2.1978021978022
-2.2954822954823	-1.58730158730159	-2.24664224664225
0.0488400488400488	1.53846153846154	-1.68498168498168
-1.97802197802198	1.41636141636142	-3.34554334554335
-5.61660561660562	-0.708180708180708	-4.44444444444444
-1.24542124542125	-1.46520146520147	-5.44566544566545
-2.53968253968254	-0.390720390720391	-4.68864468864469
-5.17704517704518	-2.31990231990232	-4.78632478632479
2.61294261294261	1.0989010989011	-1.68498168498168
-0.83028083028083	2.31990231990232	-2.1978021978022
-0.708180708180708	4.2002442002442	0.21978021978022
1.07448107448107	2.49084249084249	-0.268620268620269
-1.31868131868132	0.0244200244200244	0.854700854700855
-2.41758241758242	-1.83150183150183	0.122100122100122
-0.659340659340659	-3.66300366300366	-1.46520146520147
0.634920634920635	-3.68742368742369	-0.879120879120879
-6.54456654456654	-7.08180708180708	-4.004884004884
-2.56410256410256	-5.2014652014652	-3.22344322344322
-2.56410256410256	-3.85836385836386	-2.88156288156288
-2.39316239316239	-4.44444444444444	-2.75946275946276
-3.02808302808303	-4.95726495726496	-2.56410256410256
5.25030525030525	-3.27228327228327	-2.02686202686203
-8.47374847374847	-6.93528693528694	-3.02808302808303
-3.36996336996337	-5.76312576312576	-2.71062271062271
-3.07692307692308	-5.66544566544567	-2.1001221001221
-3.44322344322344	-4.34676434676435	-1.78266178266178
-1.75824175824176	-2.68620268620269	-2.02686202686203
-1.73382173382173	-3.39438339438339	-2.17338217338217
-0.561660561660562	-5.12820512820513	-3.32112332112332
-2.58852258852259	-7.05738705738706	-3.02808302808303
-2.44200244200244	-9.27960927960928	-4.49328449328449
-3.85836385836386	-9.45054945054945	-4.15140415140415
-2.17338217338217	-9.01098901098901	-3.83394383394383
0.610500610500611	-7.00854700854701	-2.22222222222222
-1.46520146520147	-6.98412698412698	-1.9047619047619
-0.976800976800977	-3.46764346764347	-0.390720390720391
-0.708180708180708	-0.683760683760684	-0.0732600732600733
0.610500610500611	1.34310134310134	1.29426129426129
0.0488400488400488	1.07448107448107	0.952380952380952
9.54822954822955	1.85592185592186	0.757020757020757
-5.59218559218559	-3.73626373626374	0.463980463980464
2.51526251526252	-3.76068376068376	1.05006105006105
-2.44200244200244	-4.83516483516483	2.49084249084249
-0.512820512820513	-3.27228327228327	2.53968253968254
-0.683760683760684	-4.004884004884	3.1990231990232
0.879120879120879	-3.78510378510378	3.07692307692308
3.24786324786325	-2.78388278388278	3.88278388278388
2.12454212454212	-4.56654456654457	1.31868131868132
0.293040293040293	-4.88400488400488	0.463980463980464
-2.78388278388278	-6.05616605616606	-0.268620268620269
1.12332112332112	-4.71306471306471	0.122100122100122
0.879120879120879	-3.78510378510378	0.634920634920635
-2.05128205128205	-6.00732600732601	0.708180708180708
0.463980463980464	-2.51526251526252	0.463980463980464
5.00610500610501	1.02564102564103	1.61172161172161
-5.03052503052503	0.0976800976800977	1.83150183150183
1.07448107448107	0.708180708180708	-0.708180708180708
-1.95360195360195	0.170940170940171	0.0244200244200244
-4.12698412698413	-2.88156288156288	-0.732600732600733
-4.83516483516483	-2.68620268620269	-0.659340659340659
-2.31990231990232	-3.1990231990232	-0.634920634920635
-3.51648351648352	-3.78510378510378	0.415140415140415
-2.63736263736264	-1.56288156288156	2.49084249084249
-3.56532356532357	-3.2967032967033	1.29426129426129
-1.1965811965812	-2.1978021978022	0.781440781440781
-1.75824175824176	-0.488400488400488	3.41880341880342
-0.781440781440781	-0.463980463980464	0.122100122100122
-0.708180708180708	1.31868131868132	0.0732600732600733
-1.1965811965812	-0.366300366300366	-0.927960927960928
-4.2002442002442	-3.22344322344322	-2.83272283272283
-2.24664224664225	-4.66422466422466	-6.47130647130647
0.0244200244200244	-5.00610500610501	-6.22710622710623
-9.13308913308913	-5.93406593406593	-6.08058608058608
-5.90964590964591	-3.88278388278388	-4.88400488400488
-5.44566544566545	-4.44444444444444	-3.83394383394383
-6.2026862026862	-3.51648351648352	-2.12454212454212
-5.3968253968254	-4.44444444444444	-2.63736263736264
-4.54212454212454	-3.46764346764347	-1.51404151404151
-1.46520146520147	-1.34310134310134	-0.805860805860806
-2.58852258852259	-2.49084249084249	-2.46642246642247
-3.73626373626374	-0.0488400488400488	-1.36752136752137
-1.75824175824176	0.195360195360195	-1.17216117216117
-4.37118437118437	-0.293040293040293	0.83028083028083
-2.85714285714286	0.170940170940171	1.12332112332112
-2.02686202686203	-0.390720390720391	2.83272283272283
-1.001221001221	-2.02686202686203	2.85714285714286
-3.76068376068376	-4.22466422466422	1.24542124542125
-0.781440781440781	-2.85714285714286	1.83150183150183
0	-1.0989010989011	1.24542124542125
-0.43956043956044	-1.78266178266178	0.586080586080586
0.415140415140415	0.512820512820513	2.1001221001221
0.463980463980464	2.75946275946276	1.36752136752137
1.56288156288156	2.34432234432234	-0.122100122100122
-0.293040293040293	0.903540903540904	-2.02686202686203
1.14774114774115	1.85592185592186	-4.78632478632479
0.268620268620269	3.36996336996337	-6.3003663003663
2.71062271062271	4.07814407814408	-8.15628815628816
2.05128205128205	4.85958485958486	-8.4004884004884
0.0732600732600733	5.78754578754579	-6.88644688644689
3.76068376068376	9.64590964590965	-5.66544566544567
-0.390720390720391	8.93772893772894	-4.004884004884
1.17216117216117	8.76678876678877	-4.12698412698413
-0.366300366300366	10.1831501831502	-2.17338217338217
-1.0989010989011	9.96336996336996	1.02564102564103
0.976800976800977	10.6959706959707	0.293040293040293
-7.27716727716728	8.93772893772894	1.95360195360195
-1.95360195360195	10.7448107448107	4.37118437118437
3.003663003663	11.9413919413919	3.95604395604396
-0.317460317460317	9.93894993894994	2.73504273504274
0.537240537240537	11.1843711843712	3.2967032967033
3.80952380952381	12.2344322344322	3.2967032967033
4.95726495726496	10.0610500610501	1.12332112332112
2.73504273504274	6.93528693528694	0.293040293040293
2.56410256410256	6.56898656898657	0.854700854700855
0.561660561660562	2.85714285714286	-0.0244200244200244
0.805860805860806	1.36752136752137	-0.732600732600733
0.610500610500611	-0.683760683760684	-0.854700854700855
-1.1965811965812	-1.63614163614164	-0.659340659340659
-0.781440781440781	-2.61294261294261	-0.561660561660562
-0.952380952380952	-2.07570207570208	-0.0732600732600733
1.63614163614164	0.195360195360195	1.29426129426129
0.170940170940171	0.512820512820513	0.488400488400488
-2.53968253968254	0.21978021978022	-0.0732600732600733
-1.1965811965812	-0.610500610500611	-1.24542124542125
-2.63736263736264	-3.78510378510378	-2.12454212454212
-2.12454212454212	-4.1025641025641	-0.927960927960928
-0.952380952380952	-3.46764346764347	-0.341880341880342
0.43956043956044	-1.36752136752137	1.0989010989011
3.07692307692308	2.41758241758242	3.2967032967033
0.732600732600733	4.68864468864469	4.54212454212454
0.683760683760684	4.15140415140415	4.42002442002442
0.293040293040293	2.83272283272283	3.93162393162393
-1.001221001221	1.05006105006105	2.24664224664225
-2.44200244200244	-0.512820512820513	1.66056166056166
-2.44200244200244	-2.36874236874237	0.659340659340659
-1.83150183150183	-1.92918192918193	-0.268620268620269
-2.22222222222222	-3.17460317460317	-0.293040293040293
0.0488400488400488	-1.58730158730159	0.781440781440781
0.537240537240537	1.85592185592186	-0.0244200244200244
0.903540903540904	4.98168498168498	-0.390720390720391
9.45054945054945	10.5738705738706	-0.21978021978022
-3.34554334554335	8.42490842490843	-0.0976800976800977
1.12332112332112	9.47496947496948	-0.293040293040293
2.27106227106227	7.66788766788767	-0.341880341880342
0.341880341880342	5.1037851037851	0.463980463980464
-0.317460317460317	3.22344322344322	2.36874236874237
-0.43956043956044	0.463980463980464	3.07692307692308
0.927960927960928	1.73382173382173	4.56654456654457
-1.63614163614164	-0.170940170940171	6.08058608058608
-2.63736263736264	-0.537240537240537	6.15384615384615
-3.07692307692308	-2.51526251526252	4.27350427350427
-2.63736263736264	-3.07692307692308	3.05250305250305
-1.95360195360195	-5.12820512820513	0.268620268620269
-3.39438339438339	-5.44566544566545	-0.610500610500611
-3.02808302808303	-5.56776556776557	-1.05006105006105
-5.17704517704518	-6.08058608058608	-0.512820512820513
-3.24786324786325	-5.59218559218559	0.170940170940171
1.70940170940171	-4.2002442002442	-0.195360195360195
-9.57264957264957	-6.78876678876679	-0.0976800976800977
-3.93162393162393	-7.22832722832723	-0.952380952380952
-2.68620268620269	-8.10744810744811	-3.71184371184371
-3.58974358974359	-5.2014652014652	-3.39438339438339
-0.976800976800977	-2.46642246642247	-2.12454212454212
0.83028083028083	0.43956043956044	-1.41636141636142
4.12698412698413	3.90720390720391	0.0732600732600733
0.927960927960928	4.1025641025641	0.903540903540904
-2.27106227106227	1.17216117216117	2.17338217338217
-2.31990231990232	1.39194139194139	1.14774114774115
-2.68620268620269	-1.17216117216117	-0.0488400488400488
-2.80830280830281	0	0
-1.97802197802198	1.39194139194139	0.561660561660562
0.757020757020757	3.71184371184371	2.93040293040293
0.317460317460317	5.25030525030525	3.34554334554335
1.68498168498168	4.56654456654457	4.66422466422466
2.22222222222222	5.17704517704518	4.32234432234432
3.1990231990232	4.24908424908425	4.90842490842491
9.01098901098901	3.02808302808303	4.3956043956044
-2.1978021978022	-2.1001221001221	3.93162393162393
-0.415140415140415	-2.66178266178266	4.15140415140415
-1.31868131868132	-4.27350427350427	4.17582417582418
-3.88278388278388	-4.34676434676435	3.98046398046398
-1.12332112332112	-3.05250305250305	1.92918192918193
1.05006105006105	-1.34310134310134	2.39316239316239
1.0989010989011	-2.14896214896215	1.66056166056166
-1.46520146520147	-7.3015873015873	1.02564102564103
-0.488400488400488	-9.37728937728938	1.001221001221
-0.268620268620269	-10.2808302808303	0.83028083028083
0.463980463980464	-8.00976800976801	2.61294261294261
0.610500610500611	-6.59340659340659	2.39316239316239
0.463980463980464	-6.00732600732601	2.44200244200244
-0.0976800976800977	-5.66544566544567	0.610500610500611
-1.24542124542125	-6.91086691086691	0.0488400488400488
5.17704517704518	-6.78876678876679	-0.0488400488400488
-7.4969474969475	-8.81562881562882	-1.05006105006105
-2.97924297924298	-8.25396825396825	-0.415140415140415
-1.80708180708181	-5.32356532356532	-0.170940170940171
-2.36874236874237	-2.63736263736264	0.976800976800977
-0.537240537240537	-1.05006105006105	1.58730158730159
5.1037851037851	0.757020757020757	1.02564102564103
2.31990231990232	0.854700854700855	1.17216117216117
2.31990231990232	0.781440781440781	0.537240537240537
-1.26984126984127	-1.63614163614164	-0.195360195360195
-0.610500610500611	-3.05250305250305	0.43956043956044
0.244200244200244	-2.75946275946276	0.879120879120879
-2.34432234432234	-2.88156288156288	1.29426129426129
0.854700854700855	0.488400488400488	3.95604395604396
0.488400488400488	0.390720390720391	5.54334554334554
4.004884004884	-0.757020757020757	3.39438339438339
-4.81074481074481	-3.24786324786325	2.83272283272283
-3.003663003663	-5.15262515262515	1.56288156288156
-3.22344322344322	-8.10744810744811	-0.0488400488400488
-6.73992673992674	-10.6715506715507	-2.1001221001221
-5.07936507936508	-10.5250305250305	-2.44200244200244
-5.17704517704518	-10.6227106227106	-2.88156288156288
-2.63736263736264	-10.3052503052503	-3.78510378510378
-2.95482295482295	-10.1831501831502	-3.58974358974359
-3.93162393162393	-9.5970695970696	-4.34676434676435
-0.952380952380952	-7.69230769230769	-3.1990231990232
-2.22222222222222	-6.73992673992674	-3.51648351648352
1.73382173382173	-2.68620268620269	-1.31868131868132
2.58852258852259	-0.952380952380952	-0.732600732600733
1.36752136752137	-0.634920634920635	-0.341880341880342
1.26984126984127	0.757020757020757	0.83028083028083
0.634920634920635	1.0989010989011	0.488400488400488
0.537240537240537	0.83028083028083	1.48962148962149
-1.12332112332112	-0.43956043956044	1.02564102564103
2.71062271062271	-0.781440781440781	0.341880341880342
-9.32844932844933	-3.2967032967033	-0.634920634920635
-3.85836385836386	-2.34432234432234	-1.31868131868132
-4.54212454212454	-4.32234432234432	-1.63614163614164
-6.59340659340659	-7.98534798534799	-3.63858363858364
-3.93162393162393	-9.47496947496948	-4.68864468864469
-4.17582417582418	-11.6483516483516	-4.73748473748474
-3.24786324786325	-13.8461538461538	-5.25030525030525
-2.61294261294261	-13.3089133089133	-5.22588522588523
-2.90598290598291	-11.6727716727717	-4.68864468864469
-4.46886446886447	-11.7460317460317	-2.73504273504274
-1.92918192918193	-12.4297924297924	-3.36996336996337
-2.02686202686203	-11.9413919413919	-3.24786324786325
-4.1025641025641	-13.2112332112332	-4.51770451770452
-2.75946275946276	-13.992673992674	-3.61416361416361
-2.14896214896215	-12.8937728937729	-5.90964590964591
-0.952380952380952	-12.3565323565324	-5.66544566544567
3.39438339438339	-9.42612942612943	-3.95604395604396
0.293040293040293	-6.64224664224664	-1.75824175824176
2.61294261294261	-0.610500610500611	-1.14774114774115
3.2967032967033	5.86080586080586	1.58730158730159
2.56410256410256	10.9157509157509	3.46764346764347
0.854700854700855	14.2368742368742	4.15140415140415
-1.001221001221	10.7448107448107	1.92918192918193
-0.341880341880342	8.74236874236874	1.85592185592186
-2.80830280830281	5.03052503052503	0.561660561660562
-4.78632478632479	0.341880341880342	-0.927960927960928
-5.81196581196581	-2.97924297924298	-1.73382173382173
-4.32234432234432	-4.05372405372405	-1.95360195360195
-5.37240537240537	-5.71428571428571	-2.05128205128205
-1.68498168498168	-6.1050061050061	-2.24664224664225
-3.15018315018315	-7.98534798534799	-2.22222222222222
-0.561660561660562	-8.35164835164835	-0.952380952380952
0.732600732600733	-8.91330891330891	-2.71062271062271
1.12332112332112	-7.27716727716728	-3.36996336996337
1.26984126984127	-7.86324786324786	-4.98168498168498
0.317460317460317	-9.42612942612943	-6.66666666666667
3.54090354090354	-10.6959706959707	-8.37606837606838
-10.3785103785104	-15.2869352869353	-8.54700854700855
-2.88156288156288	-17.6312576312576	-7.3992673992674
-4.44444444444444	-21.3431013431013	-6.81318681318681
-5.42124542124542	-22.6129426129426	-6.08058608058608
-4.3956043956044	-23.8827838827839	-7.03296703296703
-2.53968253968254	-23.7851037851038	-5.76312576312576
-2.39316239316239	-23.6630036630037	-5.05494505494505
-3.90720390720391	-23.3455433455433	-6.69108669108669
-6.3003663003663	-22.7350427350427	-6.71550671550672
-6.81318681318681	-19.9267399267399	-7.71672771672772
-3.1990231990232	-16.6788766788767	-8.32722832722833
-3.61416361416361	-14.017094017094	-7.54578754578755
-0.952380952380952	-8.96214896214896	-7.35042735042735
2.14896214896215	-4.22466422466422	-4.98168498168498
1.53846153846154	-4.66422466422466	-3.73626373626374
2.05128205128205	-7.03296703296703	-4.1025641025641
3.76068376068376	-6.32478632478632	-3.32112332112332
10.2808302808303	-6.12942612942613	-2.53968253968254
-2.46642246642247	-10.4273504273504	-3.36996336996337
2.61294261294261	-9.57264957264957	-1.85592185592186
-0.854700854700855	-9.05982905982906	-1.92918192918193
-0.146520146520147	-9.98778998778999	-4.93284493284493
-1.9047619047619	-10.2319902319902	-4.27350427350427
-0.634920634920635	-10.3540903540904	-6.32478632478632
-0.415140415140415	-7.78998778998779	-5.93406593406593
0.341880341880342	-6.00732600732601	-6.44688644688645
0.122100122100122	-4.88400488400488	-6.27594627594628
0.317460317460317	-1.44078144078144	-3.78510378510378
0.561660561660562	0.903540903540904	-1.68498168498168
2.02686202686203	2.12454212454212	-0.341880341880342
0.683760683760684	1.39194139194139	-0.43956043956044
0.415140415140415	1.97802197802198	0.122100122100122
1.63614163614164	1.83150183150183	0.463980463980464
9.98778998778999	3.54090354090354	0.43956043956044
-4.02930402930403	1.48962148962149	-0.0244200244200244
2.44200244200244	2.44200244200244	0.732600732600733
-0.927960927960928	1.95360195360195	-0.512820512820513
-2.002442002442	0.854700854700855	-0.390720390720391
1.22100122100122	2.1001221001221	-0.561660561660562
2.1001221001221	2.83272283272283	-0.854700854700855
4.59096459096459	5.61660561660562	0.708180708180708
4.44444444444444	7.64346764346764	1.17216117216117
7.3015873015873	12.5030525030525	5.42124542124542
8.03418803418803	15.042735042735	5.34798534798535
7.05738705738706	16.4102564102564	6.83760683760684
5.86080586080586	15.7997557997558	7.27716727716728
4.12698412698413	12.8449328449328	6.56898656898657
3.73626373626374	9.10866910866911	3.58974358974359
0.415140415140415	4.37118437118437	2.1001221001221
1.73382173382173	2.44200244200244	0.805860805860806
0.757020757020757	-1.26984126984127	-0.390720390720391
2.73504273504274	-0.683760683760684	-0.781440781440781
11.8192918192918	1.80708180708181	-0.146520146520147
-0.268620268620269	-1.39194139194139	-1.9047619047619
6.32478632478632	2.07570207570208	-1.75824175824176
5.83638583638584	4.27350427350427	0.21978021978022
4.15140415140415	4.85958485958486	1.1965811965812
4.24908424908425	5.37240537240537	2.85714285714286
6.25152625152625	6.71550671550672	4.2979242979243
6.44688644688645	6.22710622710623	6.69108669108669
3.93162393162393	4.93284493284493	6.27594627594628
1.05006105006105	2.22222222222222	6.1050061050061
1.70940170940171	1.80708180708181	5.98290598290598
0.463980463980464	-2.85714285714286	5.00610500610501
2.88156288156288	-4.02930402930403	3.34554334554335
1.07448107448107	-6.12942612942613	1.48962148962149
7.54578754578755	-3.78510378510378	0.366300366300366
-4.76190476190476	-5.78754578754579	0.21978021978022
-0.415140415140415	-3.05250305250305	1.88034188034188
-1.36752136752137	-0.390720390720391	3.17460317460317
-0.903540903540904	3.71184371184371	5.42124542124542
1.68498168498168	6.98412698412698	6.3980463980464
5.22588522588523	8.74236874236874	5.25030525030525
4.46886446886447	10.2319902319902	4.76190476190476
0.781440781440781	7.32600732600733	2.75946275946276
-0.0976800976800977	6.52014652014652	1.83150183150183
1.22100122100122	6.47130647130647	1.44078144078144
-0.512820512820513	6.3003663003663	1.34310134310134
2.78388278388278	8.25396825396825	1.85592185592186
2.24664224664225	8.71794871794872	-0.683760683760684
3.05250305250305	9.4017094017094	0.952380952380952
3.83394383394383	8.93772893772894	1.22100122100122
2.88156288156288	6.56898656898657	0.366300366300366
2.80830280830281	7.10622710622711	0.757020757020757
3.2967032967033	7.37484737484737	1.36752136752137
-0.0732600732600733	7.13064713064713	0.927960927960928
1.73382173382173	7.57020757020757	0.561660561660562
3.07692307692308	8.93772893772894	0.463980463980464
4.05372405372405	7.96092796092796	0.195360195360195
8.4981684981685	6.44688644688645	-0.610500610500611
-0.0732600732600733	3.61416361416361	-0.0976800976800977
-0.634920634920635	-0.683760683760684	0.83028083028083
-0.341880341880342	-2.66178266178266	1.58730158730159
-3.58974358974359	-4.83516483516483	1.14774114774115
-2.46642246642247	-2.90598290598291	1.05006105006105
0.146520146520147	0.21978021978022	0.0732600732600733
3.22344322344322	4.83516483516483	0.341880341880342
-0.0732600732600733	8.32722832722833	0.293040293040293
2.1001221001221	12.6495726495726	1.29426129426129
2.39316239316239	11.6239316239316	1.68498168498168
5.15262515262515	11.3308913308913	1.05006105006105
2.93040293040293	9.84126984126984	0.854700854700855
4.34676434676435	8.86446886446886	0.805860805860806
6.78876678876679	8.76678876678877	2.31990231990232
6.4957264957265	10.1098901098901	4.95726495726496
8.44932844932845	13.5775335775336	7.61904761904762
8.08302808302808	13.4554334554335	7.76556776556777
10.0610500610501	11.5018315018315	5.34798534798535
-0.195360195360195	8.42490842490843	3.003663003663
2.07570207570208	5.54334554334554	-0.122100122100122
3.80952380952381	2.97924297924298	-3.71184371184371
-2.31990231990232	-0.0488400488400488	-4.56654456654457
0.659340659340659	1.14774114774115	-2.78388278388278
1.68498168498168	-0.268620268620269	-2.36874236874237
3.1990231990232	-1.001221001221	-1.31868131868132
1.34310134310134	-2.49084249084249	-0.610500610500611
0.708180708180708	-2.24664224664225	0.757020757020757
2.27106227106227	0.0488400488400488	0.0732600732600733
2.90598290598291	1.12332112332112	1.0989010989011
3.88278388278388	3.02808302808303	1.68498168498168
2.68620268620269	3.27228327228327	1.9047619047619
2.07570207570208	1.22100122100122	0.879120879120879
3.71184371184371	1.41636141636142	0.634920634920635
0.488400488400488	-1.51404151404151	-0.537240537240537
4.2979242979243	-2.12454212454212	-0.805860805860806
-3.15018315018315	-4.22466422466422	-1.68498168498168
-1.9047619047619	-3.80952380952381	-1.17216117216117
-4.22466422466422	-6.15384615384615	-3.24786324786325
-5.3968253968254	-4.90842490842491	-2.02686202686203
-5.25030525030525	-1.05006105006105	-2.14896214896215
0.415140415140415	3.22344322344322	-3.02808302808303
1.34310134310134	6.59340659340659	-2.12454212454212
1.75824175824176	7.54578754578755	-1.73382173382173
0.854700854700855	8.98656898656899	-1.07448107448107
0.561660561660562	8.08302808302808	0.341880341880342
-1.88034188034188	7.22832722832723	1.31868131868132
-2.002442002442	7.71672771672772	2.75946275946276
-2.53968253968254	7.83882783882784	2.27106227106227
-2.05128205128205	7.86324786324786	1.07448107448107
1.07448107448107	9.54822954822955	-0.0244200244200244
4.27350427350427	11.9413919413919	-0.317460317460317
3.83394383394383	12.4542124542125	1.0989010989011
4.1025641025641	12.4542124542125	1.56288156288156
6.88644688644689	13.7240537240537	2.49084249084249
6.76434676434676	13.7484737484737	2.63736263736264
4.2979242979243	14.6764346764347	3.24786324786325
10.2808302808303	14.8229548229548	2.73504273504274
7.2039072039072	11.8192918192918	3.58974358974359
4.73748473748474	8.84004884004884	3.2967032967033
4.02930402930403	7.05738705738706	3.15018315018315
1.02564102564103	4.68864468864469	2.78388278388278
-0.21978021978022	2.83272283272283	-0.781440781440781
-1.85592185592186	1.29426129426129	-4.05372405372405
-3.02808302808303	1.36752136752137	-5.42124542124542
-2.53968253968254	0.708180708180708	-6.37362637362637
-2.85714285714286	0.903540903540904	-7.3015873015873
-1.0989010989011	1.39194139194139	-5.83638583638584
0.317460317460317	4.12698412698413	-3.15018315018315
1.63614163614164	4.83516483516483	-1.70940170940171
0.293040293040293	4.83516483516483	-1.26984126984127
2.07570207570208	5.81196581196581	1.61172161172161
2.46642246642247	3.58974358974359	1.29426129426129
1.70940170940171	2.66178266178266	2.1001221001221
-1.26984126984127	1.63614163614164	2.83272283272283
2.12454212454212	1.02564102564103	1.29426129426129
0.561660561660562	-2.56410256410256	1.95360195360195
0.927960927960928	-3.46764346764347	1.80708180708181
3.07692307692308	-4.83516483516483	1.70940170940171
4.83516483516483	-6.78876678876679	2.75946275946276
6.25152625152625	-6.81318681318681	2.1978021978022
2.44200244200244	-7.69230769230769	1.58730158730159
3.27228327228327	-7.32600732600733	1.001221001221
5.00610500610501	-5.73870573870574	-0.244200244200244
2.95482295482295	-6.17826617826618	-2.61294261294261
2.63736263736264	-2.41758241758242	-2.46642246642247
2.58852258852259	0.537240537240537	-2.83272283272283
2.41758241758242	3.1013431013431	-2.90598290598291
3.17460317460317	5.93406593406593	-2.85714285714286
6.73992673992674	7.13064713064713	-2.75946275946276
0.415140415140415	5.88522588522589	-2.41758241758242
4.76190476190476	5.90964590964591	-2.75946275946276
0.488400488400488	4.37118437118437	-4.2979242979243
2.39316239316239	4.95726495726496	-3.93162393162393
3.1990231990232	5.2014652014652	-4.2979242979243
2.61294261294261	4.27350427350427	-5.03052503052503
5.42124542124542	6.61782661782662	-3.27228327228327
-0.0976800976800977	5.83638583638584	-3.1013431013431
-1.14774114774115	5.68986568986569	-2.05128205128205
0.366300366300366	6.54456654456654	-1.22100122100122
-2.07570207570208	3.88278388278388	-2.05128205128205
-3.02808302808303	1.9047619047619	-2.1978021978022
-1.1965811965812	1.39194139194139	-1.12332112332112
-0.586080586080586	0.415140415140415	-1.9047619047619
-2.07570207570208	-2.002442002442	-0.244200244200244
-3.12576312576313	-6.47130647130647	-3.32112332112332
-5.51892551892552	-12.6495726495726	-3.85836385836386
-8.52258852258852	-18.0952380952381	-6.56898656898657
-6.05616605616606	-20.1953601953602	-7.54578754578755
-8.93772893772894	-18.1929181929182	-9.64590964590965
-7.64346764346764	-15.6532356532357	-10.7692307692308
-4.61538461538461	-11.6239316239316	-9.74358974358974
-4.93284493284493	-7.57020757020757	-7.78998778998779
-5.83638583638584	-6.64224664224664	-6.27594627594628
-1.46520146520147	-3.78510378510378	-3.88278388278388
-3.61416361416361	-3.71184371184371	-2.90598290598291
-0.512820512820513	-1.39194139194139	-2.83272283272283
-0.488400488400488	-0.268620268620269	-2.97924297924298
-4.17582417582418	-0.586080586080586	-1.88034188034188
-3.54090354090354	-2.14896214896215	-1.66056166056166
-2.07570207570208	-2.90598290598291	-1.22100122100122
-2.71062271062271	-2.73504273504274	-2.05128205128205
-2.80830280830281	-2.27106227106227	-2.61294261294261
-4.54212454212454	-2.46642246642247	-3.71184371184371
-1.53846153846154	1.36752136752137	-3.54090354090354
1.75824175824176	3.36996336996337	-3.34554334554335
-8.03418803418803	0.854700854700855	-2.75946275946276
-2.68620268620269	-0.268620268620269	-4.90842490842491
-3.85836385836386	-2.90598290598291	-5.22588522588523
-5.71428571428571	-5.17704517704518	-7.3015873015873
-4.83516483516483	-6.47130647130647	-7.10622710622711
-0.781440781440781	-4.2979242979243	-4.95726495726496
-2.24664224664225	-4.32234432234432	-3.05250305250305
-0.537240537240537	-1.51404151404151	0.634920634920635
0.366300366300366	0.366300366300366	2.31990231990232
0.415140415140415	0.341880341880342	3.41880341880342
1.29426129426129	-1.05006105006105	2.12454212454212
0.195360195360195	-0.805860805860806	0.952380952380952
-0.659340659340659	-2.1978021978022	-0.146520146520147
2.07570207570208	-2.71062271062271	-2.17338217338217
1.70940170940171	-4.61538461538461	-2.49084249084249
-1.24542124542125	-5.76312576312576	-4.27350427350427
-3.32112332112332	-3.71184371184371	-3.76068376068376
-3.27228327228327	-4.42002442002442	-5.61660561660562
-5.17704517704518	-2.88156288156288	-3.78510378510378
-7.66788766788767	-2.07570207570208	-2.14896214896215
-7.88766788766789	-3.76068376068376	-2.83272283272283
-5.2991452991453	-4.44444444444444	-1.29426129426129
-3.98046398046398	-5.88522588522589	-2.41758241758242
-10.5982905982906	-8.10744810744811	-4.12698412698413
-5.68986568986569	-5.03052503052503	-3.66300366300366
-7.54578754578755	-4.24908424908425	-3.85836385836386
-5.86080586080586	-1.63614163614164	-3.66300366300366
-5.90964590964591	-0.757020757020757	-3.22344322344322
-4.83516483516483	-0.854700854700855	-2.002442002442
-2.73504273504274	0.952380952380952	-2.68620268620269
-1.41636141636142	2.002442002442	-2.68620268620269
-3.49206349206349	1.36752136752137	-3.34554334554335
-1.001221001221	3.17460317460317	-2.36874236874237
-1.44078144078144	2.12454212454212	-1.001221001221
-0.586080586080586	-0.659340659340659	0.708180708180708
-0.390720390720391	-3.24786324786325	0.0244200244200244
1.48962148962149	-1.41636141636142	2.80830280830281
0.488400488400488	-0.805860805860806	3.2967032967033
1.12332112332112	1.88034188034188	3.78510378510378
1.1965811965812	4.59096459096459	3.56532356532357
5.71428571428571	6.00732600732601	2.83272283272283
-9.15750915750916	1.001221001221	0.903540903540904
-3.07692307692308	0.21978021978022	0.512820512820513
-3.1013431013431	-1.83150183150183	-1.31868131868132
-4.22466422466422	-5.88522588522589	-3.41880341880342
-1.63614163614164	-5.47008547008547	-2.2954822954823
0.0732600732600733	-3.88278388278388	-1.83150183150183
0.146520146520147	-5.05494505494505	-2.12454212454212
-0.683760683760684	-3.80952380952381	-2.27106227106227
-2.39316239316239	-3.34554334554335	-2.73504273504274
-2.63736263736264	-3.44322344322344	-2.36874236874237
-1.95360195360195	-4.63980463980464	-2.58852258852259
-0.195360195360195	-6.61782661782662	-4.05372405372405
-1.83150183150183	-9.74358974358974	-5.71428571428571
-4.32234432234432	-11.5995115995116	-7.27716727716728
-3.07692307692308	-13.2600732600733	-8.5958485958486
-2.51526251526252	-12.1855921855922	-9.62148962148962
-2.63736263736264	-9.96336996336996	-9.4017094017094
-1.22100122100122	-6.52014652014652	-7.98534798534799
2.27106227106227	-0.976800976800977	-5.81196581196581
1.56288156288156	0.488400488400488	-3.56532356532357
-0.732600732600733	0.781440781440781	-2.24664224664225
-1.36752136752137	0.732600732600733	-1.85592185592186
-5.15262515262515	-3.76068376068376	-3.71184371184371
-6.66666666666667	-5.27472527472527	-4.05372405372405
-7.15506715506716	-6.71550671550672	-4.98168498168498
-5.76312576312576	-8.79120879120879	-4.83516483516483
-4.42002442002442	-9.15750915750916	-6.12942612942613
-4.49328449328449	-10.0854700854701	-6.12942612942613
-0.927960927960928	-8.15628815628816	-5.47008547008547
-1.1965811965812	-7.15506715506716	-6.37362637362637
0.537240537240537	-2.85714285714286	-4.68864468864469
0.952380952380952	1.9047619047619	-2.17338217338217
2.05128205128205	5.37240537240537	-1.24542124542125
1.0989010989011	5.25030525030525	0.781440781440781
-0.43956043956044	4.68864468864469	0.683760683760684
-0.683760683760684	1.61172161172161	-0.341880341880342
-1.22100122100122	0.732600732600733	-0.0244200244200244
0.122100122100122	0.317460317460317	0.83028083028083
0.0976800976800977	1.1965811965812	0.512820512820513
1.53846153846154	2.31990231990232	0.0244200244200244
3.80952380952381	4.73748473748474	0.0976800976800977
3.61416361416361	3.95604395604396	-0.512820512820513
-1.61172161172161	1.95360195360195	-1.22100122100122
-1.73382173382173	-0.879120879120879	-2.68620268620269
-4.81074481074481	-5.25030525030525	-3.66300366300366
-6.1050061050061	-7.17948717948718	-5.07936507936508
-9.5970695970696	-9.96336996336996	-3.80952380952381
-7.59462759462759	-10.8424908424908	-3.36996336996337
-9.18192918192918	-12.3565323565324	-4.3956043956044
-9.74358974358974	-13.4798534798535	-3.76068376068376
-9.4993894993895	-12.6739926739927	-4.63980463980464
-10.3052503052503	-12.7228327228327	-6.61782661782662
-5.03052503052503	-8.96214896214896	-5.93406593406593
-2.22222222222222	-6.47130647130647	-3.63858363858364
-1.36752136752137	-6.88644688644689	-3.76068376068376
1.34310134310134	-6.1050061050061	-3.54090354090354
-1.58730158730159	-7.13064713064713	-3.95604395604396
-1.14774114774115	-3.95604395604396	-3.95604395604396
-0.146520146520147	-1.56288156288156	-3.80952380952381
0.146520146520147	1.88034188034188	-3.61416361416361
-0.463980463980464	4.44444444444444	-1.97802197802198
-0.170940170940171	3.49206349206349	-3.93162393162393
-1.95360195360195	2.14896214896215	-4.12698412698413
-4.56654456654457	-1.39194139194139	-6.71550671550672
-4.12698412698413	-3.76068376068376	-8.3028083028083
-6.03174603174603	-6.03174603174603	-9.35286935286935
-5.03052503052503	-7.3015873015873	-8.57142857142857
-1.92918192918193	-7.2039072039072	-6.95970695970696
-6.83760683760684	-10.1098901098901	-6.1050061050061
-5.44566544566545	-10.1587301587302	-3.003663003663
-4.93284493284493	-9.32844932844933	-1.58730158730159
-4.59096459096459	-7.52136752136752	-1.44078144078144
-3.85836385836386	-5.27472527472527	-1.12332112332112
-1.88034188034188	-2.1001221001221	-2.56410256410256
-1.41636141636142	0	-2.34432234432234
-1.51404151404151	0.21978021978022	-1.88034188034188
-2.53968253968254	-1.88034188034188	-3.85836385836386
-2.34432234432234	-2.12454212454212	-3.003663003663
-3.85836385836386	-3.41880341880342	-3.003663003663
-2.22222222222222	-4.59096459096459	-2.12454212454212
-0.0244200244200244	-4.02930402930403	-1.58730158730159
-1.78266178266178	-4.88400488400488	-0.976800976800977
0.244200244200244	-5.03052503052503	0.170940170940171
1.07448107448107	-6.17826617826618	-1.44078144078144
1.14774114774115	-6.81318681318681	-4.05372405372405
1.61172161172161	-5.54334554334554	-5.00610500610501
1.66056166056166	-4.54212454212454	-6.64224664224664
0.170940170940171	-4.81074481074481	-6.34920634920635
0.488400488400488	-3.1990231990232	-6.4957264957265
-2.2954822954823	-3.02808302808303	-4.2979242979243
-0.634920634920635	1.001221001221	-1.22100122100122
0.781440781440781	3.54090354090354	0.21978021978022
0.341880341880342	4.93284493284493	2.85714285714286
1.9047619047619	3.76068376068376	4.32234432234432
2.90598290598291	1.88034188034188	5.03052503052503
1.9047619047619	0.366300366300366	4.42002442002442
1.12332112332112	-1.24542124542125	2.97924297924298
0.952380952380952	-0.341880341880342	0.366300366300366
-0.634920634920635	0.0732600732600733	-2.2954822954823
0.83028083028083	5.25030525030525	-2.71062271062271
3.34554334554335	10.2808302808303	-0.927960927960928
6.2026862026862	11.3308913308913	-0.512820512820513
0.170940170940171	9.76800976800977	0.781440781440781
4.78632478632479	11.3308913308913	3.2967032967033
5.2014652014652	10.3052503052503	2.34432234432234
4.32234432234432	8.76678876678877	4.66422466422466
3.49206349206349	5.81196581196581	4.2002442002442
7.42368742368742	8.4981684981685	4.2979242979243
10.2564102564103	10.9401709401709	5.76312576312576
7.25274725274725	8.98656898656899	4.73748473748474
3.003663003663	6.22710622710623	2.49084249084249
2.53968253968254	5.37240537240537	0.390720390720391
-0.146520146520147	5.73870573870574	1.31868131868132
2.07570207570208	5.56776556776557	1.05006105006105
-1.53846153846154	2.90598290598291	0.879120879120879
-3.1013431013431	2.22222222222222	1.39194139194139
-1.41636141636142	3.15018315018315	2.78388278388278
-0.683760683760684	3.34554334554335	4.004884004884
-0.390720390720391	3.44322344322344	4.95726495726496
3.39438339438339	4.63980463980464	5.05494505494505
3.36996336996337	5.32356532356532	4.63980463980464
4.71306471306471	6.27594627594628	3.51648351648352
3.71184371184371	5.44566544566545	4.44444444444444
0.952380952380952	4.2979242979243	2.12454212454212
-1.44078144078144	3.71184371184371	1.66056166056166
1.41636141636142	3.39438339438339	0.0976800976800977
1.0989010989011	2.36874236874237	0.0976800976800977
-8.86446886446886	-0.757020757020757	-1.46520146520147
-2.83272283272283	-1.12332112332112	-2.66178266178266
-1.88034188034188	0.732600732600733	-2.002442002442
0.0976800976800977	2.31990231990232	-0.0244200244200244
0.708180708180708	3.05250305250305	1.001221001221
6.93528693528694	6.95970695970696	3.27228327228327
8.10744810744811	7.00854700854701	4.61538461538461
9.52380952380952	6.88644688644689	2.78388278388278
5.00610500610501	6.03174603174603	3.17460317460317
5.54334554334554	2.1978021978022	1.36752136752137
5.34798534798535	-1.63614163614164	-1.29426129426129
0.415140415140415	-5.88522588522589	-3.22344322344322
-2.41758241758242	-6.54456654456654	-1.95360195360195
-1.44078144078144	-7.3992673992674	-1.83150183150183
-2.05128205128205	-5.90964590964591	-2.1001221001221
-2.27106227106227	-1.78266178266178	1.02564102564103
-0.463980463980464	3.12576312576313	2.80830280830281
-1.36752136752137	5.03052503052503	5.44566544566545
0.146520146520147	7.59462759462759	7.00854700854701
4.56654456654457	8.98656898656899	7.32600732600733
3.51648351648352	9.64590964590965	7.93650793650794
5.83638583638584	9.93894993894994	7.93650793650794
9.74358974358974	10.5006105006105	7.64346764346764
4.2002442002442	12.4297924297924	7.96092796092796
0.488400488400488	12.3809523809524	7.3992673992674
2.80830280830281	11.990231990232	6.17826617826618
-1.9047619047619	10.5250305250305	5.2991452991453
-2.78388278388278	10.3052503052503	3.95604395604396
0.268620268620269	7.69230769230769	0.854700854700855
1.88034188034188	4.07814407814408	-0.683760683760684
2.63736263736264	0.757020757020757	-1.9047619047619
3.44322344322344	-0.732600732600733	-2.1001221001221
3.15018315018315	-2.1001221001221	-1.36752136752137
3.51648351648352	-1.14774114774115	-0.976800976800977
3.90720390720391	2.83272283272283	0.781440781440781
2.93040293040293	5.76312576312576	0.83028083028083
1.0989010989011	4.95726495726496	-0.903540903540904
0.659340659340659	2.34432234432234	-2.44200244200244
-1.41636141636142	0.341880341880342	-4.15140415140415
-0.463980463980464	-3.54090354090354	-3.54090354090354
-2.71062271062271	-7.32600732600733	-2.46642246642247
-3.76068376068376	-7.25274725274725	-1.34310134310134
-5.49450549450549	-8.98656898656899	1.36752136752137
