14.5418478675517	5.80758373388266	5.12397955291066
14.8073548485542	3.75371938658732	8.19104295414664
14.5326924544137	2.08743419546807	7.14122224765393
7.25108720531014	-1.80056458381018	4.32135500114443
2.93278400854505	-2.07217517357137	0.494392309452964
-0.131227588311589	-5.08125429159991	-1.13221942473487
-3.46684977492943	-4.8706797894255	-3.66216525520714
-4.11078049897002	-4.83405813687343	-2.8198672465095
-4.55634393835355	-2.82597085526818	-1.87075608453498
-0.918593118181125	-0.708018616006714	1.54421301594568
0.848401617456321	2.01113908598459	4.1718165865568
2.56046387426566	4.6845197222858	7.42198825055314
3.49736781872282	5.42000457770657	8.96009765774014
4.17486839093614	7.1625848783093	10.605020218204
2.81071183337148	5.13313496604868	10.2296482795453
4.23285267414359	4.99885557335775	10.3547722590982
6.38437476157778	4.89509422446021	9.60708018616007
7.15342946517128	4.82185091935607	9.08827344167239
8.05981536583505	7.23887998779278	8.10864423590448
9.84817273212787	9.14015411612116	7.55931944762341
7.76989394979782	8.89600976577401	7.00389105058366
5.10261692225528	6.98558022430762	5.39864194705119
3.33867399099718	3.99481193255512	2.63981078812848
5.19111924925612	2.69474326695659	1.35805294880598
6.47592889295796	1.64797436484321	1.71206225680934
9.72915236133364	2.6642252231632	1.82497901884489
11.3527122911421	2.60318913557641	2.905317769131
11.6151674677653	2.68253604943923	3.20134279392691
11.2184328984512	1.88601510643168	3.35698481727321
9.12184328984512	1.49538414587625	0.857557030594339
7.37315938048371	-0.131227588311589	1.25429159990845
4.35187304493782	-0.817883573662928	-0.393682764934768
5.27351796749828	-1.06202792401007	2.03250171663996
3.64995803768978	-2.11795223926146	3.11284046692607
0.952162966353857	-2.89311055161364	3.56450751506828
0.064087891966125	-2.65812161440452	4.05584802014191
-1.40383001449607	-0.830090791180285	3.67132066834516
0.363164721141375	1.7944609750515	4.72724498359655
-1.34889753566796	2.58793011367971	6.64377813382162
0.173952849622339	5.18806744487678	6.29587243457694
0.857557030594339	5.65804531929503	8.07507438773175
1.17799649042496	5.59090562294957	9.05165178912032
3.21965362020295	6.38437476157778	8.71290150301366
2.79545281147478	5.04768444342718	5.76485847257191
2.85648889906157	3.34172579537652	2.79240100709545
4.76081483176928	2.47501335164416	2.46585793850614
3.67132066834516	1.84023804074159	-0.372320134279393
1.52590218966964	-0.366216525520714	-0.485236896314946
5.49019607843137	1.6388189517052	1.10475318532082
4.34882124055848	1.6083009079118	1.94705119401846
4.10772869459068	0.222781719691768	1.7792019531548
3.45464255741207	0.0335698481727321	0.836194399938964
3.56755931944762	-1.05287251087205	-0.479133287556268
2.98771648737316	-1.61135271229114	1.31227588311589
1.26344701304646	-3.1616693369955	1.15968566414893
1.87380788891432	-3.67132066834516	1.72732127870604
0.955214770733196	-4.80048828870069	1.39162279697871
0.567635614557107	-4.82795452811475	1.2664988174258
0.473029678797589	-3.53704127565423	0.408941786831464
0.674448767833982	-0.97962920576791	1.90127412832837
2.49027237354086	0.0518806744487678	1.50759136339361
1.95315480277714	0.601205462729839	2.56656748302434
2.34378576333257	0.29907682917525	1.88906691081102
3.47905699244678	-1.00099183642329	1.37636377508202
3.85748073548486	0.170901045243	2.84733348592355
5.50850690470741	0.411993591210803	3.42412451361868
5.58785381857023	0.521858548867018	4.26947432669566
4.50751506828412	0.692759594110018	4.13824673838407
3.64995803768978	1.84023804074159	3.68047608148318
5.9662775616083	0.381475547417411	2.96025024795911
5.67025253681239	1.03456168459602	2.60624093995575
4.94697489890898	1.18410009918364	5.9510185397116
6.95201037613489	2.44144350347143	8.77698939497978
5.4535744258793	1.29091325246052	8.57251850156405
5.14534218356603	1.82497901884489	9.19203479056992
2.36820019836728	0.549324788281071	8.31921873807889
3.01518272678721	-0.576791027695125	6.84519722285801
3.66826886396582	-0.692759594110018	6.28366521705959
0.89723048752575	-1.04982070649271	5.45052262149996
1.64187075608453	-2.45365072098878	5.05073624780652
2.08133058670939	-2.11490043488212	6.2378881513695
0.601205462729839	-2.34683756771191	5.96017395284962
2.45059891660945	-1.75478751812009	6.27145799954223
4.61738002594034	-3.69878690775921	5.13923857480736
3.04264896620127	-2.84122987716487	4.55329213397421
3.57061112382696	-2.31631952391852	3.5736629282063
3.85137712672618	-2.31326771953918	3.34477759975586
5.71297779812314	-1.44045166704814	5.48104066529335
4.20538643472953	-0.167849240863661	4.31830319676509
5.21858548867018	-0.38452735179675	5.09040970473793
4.41901274128328	-0.973525597009232	4.83100633249409
4.57465476462959	-0.335698481727321	1.56862745098039
3.44853894865339	-1.84939345387961	1.7242694743267
2.29800869764248	-4.0161745632105	2.48722056916152
1.06813153276875	-4.33966582742046	2.64591439688716
-2.18814373998627	-4.62348363469902	2.22476539253834
-2.13015945677882	-4.0863660639353	1.6083009079118
-2.16372930495155	-3.53704127565423	1.2970168612192
-0.482185091935607	-2.08133058670939	2.65506981002518
-0.00305180437933928	-2.31631952391852	2.67643244068055
-0.46997787441825	-2.88700694285496	2.19729915312428
2.57267109178302	-4.101625085832	3.61028458075837
-1.31532768749523	-4.95918211642634	1.24208438239109
-1.59914549477379	-4.20233463035019	2.58182650492103
-0.970473792629892	-3.08842603189136	2.53299763485161
-0.863660639353018	-1.63271534294652	3.23491264209964
0.512703135729	-1.07118333714809	2.87479972533761
1.53200579842832	-0.988784618905928	2.63981078812848
2.53299763485161	-1.95315480277714	0.68055237659266
4.12298771648737	-2.54520485236896	-0.424200808728161
2.67032883192187	-4.29694056610971	-0.445563439383536
-1.2115663385977	-4.56244754711223	-0.167849240863661
0.781261921110857	-3.930724040589	0.164797436484321
-2.00808728160525	-4.53192950331884	0.387579156176089
-0.76600289921416	-3.5034714274815	0.909437705043107
-1.16578927290761	-1.25734340428779	2.16372930495155
-2.41702906843671	-1.06202792401007	1.12306401159686
-3.15251392385748	-1.15968566414893	0.921644922560464
-2.39566643778134	-0.756847486076142	0.63782711528191
-4.11383230334935	-2.59098191805905	0.473029678797589
-4.6845197222858	-5.06599526970321	0.399786373693446
-3.61943999389639	-4.72419317921721	0.967421988250553
-4.97444113832303	-5.22468909742885	0.375371938658732
-4.80964370183871	-4.14740215152209	0.0854505226215
-3.25017166399634	-2.54520485236896	2.34683756771191
-2.83207446402686	-0.729381246662089	2.63981078812848
-1.05592431525139	2.24612802319371	4.76386663614862
1.66018158236057	2.92362859540703	6.48508430609598
2.71000228885328	2.61844815747311	5.88998245212482
2.52384222171359	3.30510414282444	6.02121004043641
2.563515678645	1.38857099259937	3.57976653696498
-0.271610589761196	-0.839246204318303	0.286869611657893
1.27260242618448	-2.92668039978637	1.34584573128862
-0.631723506523232	-3.89410238803693	-1.39772640573739
-3.13725490196078	-5.02021820401312	-1.879911497673
-0.802624551766232	-4.58686198214694	-2.30411230640116
-0.63782711528191	-5.10872053101396	-2.89921416037232
-0.772106507972839	-4.5288776989395	-2.27969787136645
-1.78530556191348	-4.34882124055848	-2.01724269474327
-3.33867399099718	-4.53803311207752	-1.51064316777295
-3.930724040589	-4.59296559090562	-1.11390859845884
-3.35698481727321	-5.59395742732891	-0.183108262760357
-4.29083695735103	-4.67841611352712	-1.82192721446555
-3.588921950103	-4.07721065079728	0.0732433051041428
-2.64286259250782	-1.2115663385977	-0.0183108262760357
-0.103761348897536	-0.408941786831464	1.50759136339361
-0.430304417486839	1.1108567940795	2.38956282902266
2.90226596475166	1.59304188601511	2.91142137788968
4.22369726100557	2.83817807278553	4.16571297779812
6.06088349736782	2.88090333409628	7.80041199359121
6.25314717326619	2.13321126115816	8.67627985046158
7.76684214541848	2.92973220416571	8.9723048752575
7.4891279468986	3.15861753261616	8.26428625925078
5.51155870908675	1.7242694743267	5.61226825360494
3.86053253986419	0.344853894865339	1.67849240863661
1.39162279697871	-0.744640268558785	-0.930800335698482
0.424200808728161	-0.534065766384375	-2.72220950637064
-1.58083466849775	-0.973525597009232	-4.46478980697337
-3.41191729610132	-0.698863202868696	-2.8198672465095
0.0152590218966964	-0.207522697795071	0.772106507972839
-0.430304417486839	2.02029449912261	0.390630960555428
2.72526131074998	1.41603723201343	1.12916762035554
4.19928282597086	2.53604943923095	2.42923628595407
5.56038757915618	0.949111161974517	2.00808728160525
4.46478980697337	0.836194399938964	0.109864957656214
1.63271534294652	1.15358205539025	0.0946059357595178
0.68055237659266	-1.12306401159686	-1.23903257801175
-1.12916762035554	0.900282291905089	2.16678110933089
0.732433051041428	1.39772640573739	1.02845807583734
3.19218738078889	4.27557793545434	1.72732127870604
5.67025253681239	5.42000457770657	3.87884336614023
10.2052338445106	7.27855344472419	4.52582589456016
12.5642786297398	6.35996032654307	6.90012970168612
15.1400015259022	7.67833981841764	9.31715877012284
14.2793926909285	7.89806973373007	8.91126878767071
10.9681849393454	5.99069199664302	10.4463263904784
5.43221179522393	2.18204013122759	8.99366750591287
1.97451743343252	-1.25429159990845	4.40680552376593
-1.58693827725643	-4.0863660639353	-0.317387655451286
-3.38750286106661	-5.45662623025864	-1.38857099259937
-2.82902265964752	-4.60212100404364	-4.96833752956436
-1.21461814297704	-4.32440680552377	-4.0009155413138
-1.64187075608453	-0.924696726939803	-2.5787747005417
-0.524910353246357	1.70595864805066	0.839246204318303
-2.0660715648127	-0.552376592660411	0.0396734569314107
-4.74860761425193	-2.55741206988632	-1.05287251087205
-6.50949874113069	-3.46074616617075	0.317387655451286
-5.04768444342718	-3.85442893110552	0.952162966353857
-7.31517509727626	-4.15960936903944	-2.24917982757305
-7.35179674982834	-4.11078049897002	-3.76592660410468
-4.76386663614862	-4.60212100404364	-4.09857328145266
-1.38857099259937	-3.34172579537652	-3.76592660410468
1.6235599298085	-1.86770428015564	-0.369268329900053
6.51865415426871	0.552376592660411	2.54520485236896
12.8480964370184	3.22880903334096	7.37315938048371
15.5001144426642	7.59594110017548	12.5856412603952
18.4084840161746	8.80750743877318	13.9284351873045
16.2752727550164	7.73327229724575	11.3038834210727
13.7056534676127	7.78515297169451	10.3974975204089
8.89906157015335	6.16464484626535	9.52162966353857
6.08529793240253	5.20332646677348	6.74448767833982
2.050812542916	2.65506981002518	3.67742427710384
-0.302128633554589	1.94705119401846	1.85549706263828
-2.00503547722591	-0.338750286106661	3.13725490196078
-1.99893186846723	-0.72632944228275	1.62966353856718
-3.20439459830625	-0.604257267109178	0.115968566414893
-4.46478980697337	-0.869764248111696	2.13321126115816
-4.83405813687343	-0.360112916762036	-0.93690394445716
-5.13618677042802	-0.314335851071946	-2.08743419546807
-3.97039749752041	0.12817578393225	-2.14541847867552
-4.00396734569314	0.399786373693446	-1.94705119401846
-2.88090333409628	0.869764248111696	-1.97756923781186
-2.03250171663996	2.52689402609293	-0.949111161974517
0.100709544518196	3.47600518806744	0.149538414587625
0.216678110933089	3.62554360265507	1.41603723201343
1.00404364080262	4.59296559090562	0.9399557488365
3.11894407568475	4.94697489890898	2.78324559395743
5.97543297474632	7.02220187685969	4.07721065079728
7.71496147096971	6.59800106813153	5.75265125505455
9.07301441977569	6.91538872358282	5.7099259937438
13.0556191348135	7.40672922865644	8.48401617456321
13.2631418326085	6.8207827878233	7.10765239948119
13.4340428778515	6.16159304188602	8.09338521400778
10.6263828488594	5.24605172808423	8.84107728694591
9.75356679636835	4.01312275883116	10.965133134966
5.0263218127718	3.54314488441291	9.12184328984512
1.72732127870604	2.86259250782025	8.40161745632105
-1.67544060425727	1.21766994735637	5.71908140688182
-3.96734569314107	-0.817883573662928	3.09758144502937
-4.62653543907836	-1.28480964370184	-0.326543068589303
-5.29488059815366	-1.93789578088045	-2.734416723888
-4.06195162890059	-2.97856107423514	-3.82085908293278
-3.47295338368811	-4.67536430914778	-4.93476768139162
-3.75371938658732	-3.86968795300221	-4.63874265659571
-4.6997787441825	-2.60013733119707	-2.050812542916
-2.53299763485161	-3.66521705958648	0.405889982452125
-2.75883115892271	-1.61135271229114	2.01724269474327
-2.78934920271611	-1.40077821011673	1.87075608453498
-0.875867856870375	2.01724269474327	2.06912336919203
-0.0732433051041428	1.44350347142748	-1.3824673838407
1.5533684290837	2.63981078812848	-1.08644235904479
4.45563439383536	3.95513847562371	-0.7690547035935
7.58373388265812	4.07721065079728	2.07827878233005
7.87060349431601	3.87273975738155	5.84725719081407
6.50034332799268	5.02937361715114	8.15136949721523
5.78622110322728	7.4189364461738	11.5632867933165
7.06797894254978	8.8563363088426	12.7840085450523
6.61326009002823	8.9417868314641	12.646677347982
6.08529793240253	8.10559243152514	11.7891203173877
7.58373388265812	6.49729152361334	10.3364614328222
3.60723277637903	3.08232242313268	7.59899290455482
1.22987716487373	-0.759899290455482	3.88189517051957
0.375371938658732	-1.85244525825895	3.36308842603189
-1.48012512397955	-2.19424734874495	2.09048599984741
-0.531013962005035	-2.07827878233005	2.50553139543755
-1.43129625391012	-1.61135271229114	2.10574502174411
-0.796520943007553	-1.14137483787289	1.14747844663157
-1.58083466849775	-0.720225833524071	0.799572747386893
-3.29594872968643	-0.302128633554589	0.0396734569314107
-3.0609597924773	0.903334096284428	-2.45365072098878
-4.83100633249409	-0.625619897764553	-1.76089112687877
-3.39665827420462	-1.2970168612192	-4.6845197222858
-5.93575951781491	-3.06401159685664	-7.77904936293584
-2.94499122606241	-3.82696269169146	-6.53391317616541
-2.34988937209125	-4.38849469748989	-7.11375600823987
2.0355535210193	-4.75776302738994	-5.38033112077516
4.41290913252461	-1.20851453421836	-1.59609369039445
3.23796444647898	-0.738536659800107	0.189211871519036
3.46379797055009	1.03456168459602	1.18715190356298
3.17387655451286	2.36209658960861	1.98977645532921
2.38345922026398	5.27046616311894	1.30312046997787
1.15358205539025	5.46578164339666	1.37331197070268
3.9154650186923	5.20943007553216	2.54215304798962
2.43839169909209	5.47493705653468	2.5482566567483
2.58182650492103	2.70389868009461	1.84939345387961
1.74258030060273	1.64492256046387	2.9907682917525
0.341802090486	0.540169375143053	6.24704356450752
-0.332646677347982	-0.729381246662089	5.08125429159991
-1.54421301594568	-1.12306401159686	4.24811169604028
-2.34683756771191	-1.16884107728695	3.88799877927825
-1.64492256046387	-3.00907911802853	3.70183871213855
-5.61837186236362	-5.4535744258793	1.58388647287709
-4.84626535439078	-5.65499351491569	-0.103761348897536
-4.94697489890898	-6.59189745937285	-1.14442664225223
-4.8554207675288	-5.55123216601816	-1.81887541008621
-4.46478980697337	-4.92561226825361	-1.33363851377127
-3.12809948882277	-4.73029678797589	0.59510185397116
-0.177004654001679	-2.61844815747311	1.38551918822004
0.286869611657893	-1.77004654001678	1.96231021591516
0.558480201419089	-2.41702906843671	2.00503547722591
-0.21362630655375	-1.23598077363241	0.460822461280232
1.11390859845884	0.274662394140536	-1.71511406118868
0.72327763790341	2.36209658960861	-1.20546272983902
2.9907682917525	3.77508201724269	1.92568856336309
2.95414663920043	4.67536430914778	1.55642023346304
2.05386434729534	3.56755931944762	1.44350347142748
2.44754711223011	3.94293125810636	0.97962920576791
-0.943007553215839	1.92568856336309	-0.656137941557946
-1.29091325246052	0.924696726939803	-2.16067750057221
0.549324788281071	1.06507972838941	-0.552376592660411
-3.30815594720378	2.08438239108873	-0.326543068589303
-2.89921416037232	1.1108567940795	-0.0701915007248035
-3.12809948882277	1.81277180132753	2.87785152971695
-3.12199588006409	2.28274967574578	0.402838178072786
-3.80254825665675	0.692759594110018	-0.262455176623178
-3.05180437933928	-0.656137941557946	-1.84634164950027
-2.30411230640116	-2.38956282902266	-1.69069962615396
-2.07522697795071	-2.9755092698558	-2.5787747005417
-0.280766002899214	-2.0355535210193	-1.48012512397955
-1.14747844663157	-0.357061112382696	1.33669031815061
0.991836423285267	1.05287251087205	2.17898832684825
3.72014953841459	2.905317769131	3.14335851071946
4.99885557335775	3.54924849317159	4.01007095445182
5.37117570763714	4.05889982452125	2.35294117647059
6.6346227206836	4.37933928435187	3.72320134279393
6.8909742885481	5.66109712367437	2.96635385671778
6.30197604333562	5.05683985656519	2.24612802319371
4.79438467994202	2.99687190051118	1.16578927290761
2.68863965819791	2.47196154726482	-0.756847486076142
2.70084687571527	3.22270542458228	1.51979858091096
-0.881971465629053	1.94705119401846	1.03150988021668
-3.076218814374	0.186160067139696	0.787365529869535
-2.90836957351034	0.772106507972839	2.67032883192187
-4.05584802014191	-0.454718852521553	0.827038986800946
-5.01411459525444	-2.27664606698711	-0.775158312352178
-5.56038757915618	-2.87174792095827	-2.09964141298543
-4.96223392080568	-3.28679331654841	-3.3325703822385
-6.9764248111696	-1.50759136339361	-3.09452964065003
-2.92973220416571	-1.09864957656214	-4.16266117341878
-2.58182650492103	0.582894636453803	-4.45258258945602
0.418097199969482	3.87884336614023	1.73037308308537
0.903334096284428	4.71808957045853	0.558480201419089
-0.408941786831464	3.61333638513771	-1.42824444953079
0.314335851071946	3.97344930189975	0.881971465629053
2.98466468299382	4.25421530479896	-0.997940032043946
4.57160296025025	4.1718165865568	-1.96841382467384
5.30708781567102	4.26642252231632	-0.161745632104982
5.79232471198596	6.68039978637369	0.943007553215839
7.13817044327459	8.0018310826276	0.842298008697642
4.36408026245518	6.42404821850919	2.65201800564584
-0.216678110933089	4.09552147707332	1.47402151522087
-0.0762951094834821	3.77508201724269	1.77615014877546
-3.07927061875334	2.09048599984741	1.27870603494316
-3.33867399099718	2.27969787136645	2.15457389181353
-4.14129854276341	2.89921416037232	1.02235446707866
-3.26848249027237	2.6337071793698	0.93690394445716
-3.03044174868391	4.41596093690394	0.9399557488365
-4.06500343327993	3.13725490196078	2.39871824216068
-3.87884336614023	2.050812542916	2.89616235599298
-5.40779736018921	0.381475547417411	4.31525139238575
-6.25925078202487	-0.0610360875867857	2.91142137788968
-5.55733577477684	1.2115663385977	1.90432593270771
-4.37628747997253	3.22575722896162	-0.448615243762875
-3.09452964065003	4.03143358510719	-1.66323338673991
-2.47196154726482	5.74959945067521	-3.12504768444343
0.485236896314946	6.93369954985885	-2.46890974288548
3.42412451361868	5.95407034409094	-0.628671702143893
9.32631418326085	6.39047837033646	-0.0976577401388571
10.3913939116503	6.82383459220264	1.1108567940795
7.78515297169451	5.9662775616083	0.00915541313801785
6.95811398489357	4.32440680552377	-0.482185091935607
4.01922636758984	2.29495689326314	-1.07728694590677
1.43434805828946	3.37834744792859	2.02944991226062
1.45571068894484	2.93278400854505	0.738536659800107
1.21766994735637	3.23796444647898	-0.405889982452125
1.80056458381018	5.31929503318837	0.360112916762036
-0.0732433051041428	5.810635538262	0.396734569314107
-1.83108262760357	5.24605172808423	0.00915541313801785
-3.78423743038071	3.06401159685664	-0.387579156176089
-4.56855115587091	3.22575722896162	2.35294117647059
-3.4027618829633	3.23796444647898	1.44655527580682
-4.95002670328832	1.49233234149691	0.311284046692607
-6.42710002288853	-0.552376592660411	-0.976577401388571
-7.25719081406882	-1.30617227435721	-2.36820019836728
-6.84519722285801	-0.796520943007553	-2.13321126115816
-5.08735790035859	-1.91653315022507	-3.17692835889219
-4.28778515297169	0.0152590218966964	-2.49637598229953
-2.67948424505989	0.659189745937285	-1.40993362325475
-1.75478751812009	0.918593118181125	-0.451667048142214
1.11390859845884	3.32646677347982	0.329594872968643
7.03135728999771	6.72922865644312	2.62149996185245
9.570458533608	6.9062333104448	2.03250171663996
11.2184328984512	7.34569314106966	1.26344701304646
11.8959334706645	7.33958953231098	-0.924696726939803
7.10460059510185	5.07515068284123	-1.80361638818952
4.06195162890059	3.6743724727245	-1.67238879987793
-0.711070420386053	1.68764782177462	-3.12504768444343
-4.18097199969482	1.32143129625391	-2.40177004654002
-5.62752727550164	2.07217517357137	-3.52788586251621
-5.29182879377432	1.98672465094987	-2.25833524071107
-3.78423743038071	2.0660715648127	-1.26955062180514
-3.29289692530709	1.67849240863661	-2.58182650492103
-1.86770428015564	2.36820019836728	-1.50453955901427
-1.53505760280766	1.57473105973907	-2.66117341878386
-4.16876478217746	0.784313725490196	-4.41290913252461
-8.07202258335241	-1.66628519111925	-4.85236896314946
-11.288624399176	-1.93789578088045	-5.67940794995041
-9.5399404898146	-2.15762569619287	-1.538109407187
-7.34569314106966	-1.93789578088045	-3.8300144960708
-5.2826733806363	-1.72121766994736	-1.81887541008621
-1.91348134584573	0.631723506523232	-0.668345159075303
1.00404364080262	2.50858319981689	-1.74258030060273
2.71000228885328	4.37323567559319	-0.814831769283589
8.09948882276646	6.51255054551003	0.332646677347982
9.49721522850385	6.93675135423819	2.33768215457389
10.9254596780346	6.46066987106127	0.89723048752575
10.4280155642023	5.70077058060578	0.848401617456321
8.73731593804837	4.45563439383536	2.61234454871443
5.94186312657359	3.24406805523766	2.42923628595407
5.21858548867018	4.57160296025025	0.396734569314107
4.3274586099031	3.930724040589	2.2064545662623
4.88288700694286	3.81780727855344	-0.317387655451286
4.46784161135271	1.17799649042496	-1.25734340428779
2.97856107423514	0.918593118181125	-1.47707331960021
0.466926070038911	0.72632944228275	-2.74662394140536
-2.85954070344091	-1.35500114442664	-2.75577935454337
-7.70275425345235	-1.3519493400473	-4.67536430914778
-7.30907148851759	-3.06706340123598	-4.98970016021973
-10.2021820401312	-4.40680552376593	-6.50034332799268
-8.86854352635996	-3.93377584496834	-5.4535744258793
-7.54100862134737	-3.59807736324102	-6.2928206301976
-7.18089570458534	-2.48722056916152	-4.35187304493782
-4.46173800259403	-0.289921416037232	-3.77508201724269
-3.17082475013352	2.32547493705653	-2.08133058670939
-5.64583810177768	3.04875257495994	-1.30922407873655
-5.52986953536278	2.22476539253834	-0.89417868314641
-3.83306630045014	1.30922407873655	0.836194399938964
-4.10467689021134	-0.387579156176089	1.0955977721828
-0.753795681696803	-0.671396963454643	-0.247196154726482
0.0732433051041428	-2.44144350347143	-1.14442664225223
0.277714198519875	-0.549324788281071	-1.64797436484321
4.41901274128328	0.958266575112535	-1.70290684367132
2.06301976043336	0.55542839703975	-2.79240100709545
0.89417868314641	1.91348134584573	-3.64995803768978
0.0244144350347143	0.323491264209964	-4.04058899824521
0.317387655451286	0.531013962005035	-2.00503547722591
-1.71816586556802	0.479133287556268	-3.61028458075837
-0.793469138628214	-0.234988937209125	-2.25528343633173
0.55542839703975	0.390630960555428	-1.65712977798123
0.601205462729839	-0.244144350347143	0.497444113832303
0.0701915007248035	-2.20340276188296	-1.15053025101091
-0.98268101014725	-2.17593652246891	-3.62859540703441
-0.845349813076982	-1.59304188601511	-2.96635385671778
-2.16983291371023	-0.729381246662089	-2.95719844357977
-1.73647669184405	-2.20035095750362	-3.61638818951705
-3.20134279392691	-0.924696726939803	-2.32852674143587
-2.26138704509041	-0.231937132829786	0.259403372243839
-0.482185091935607	0.357061112382696	-0.878919661249714
-0.793469138628214	0.488288700694285	-0.607309071488518
1.95315480277714	1.19020370794232	-0.823987182421607
-0.610360875867857	2.03250171663996	0.665293354695964
-0.549324788281071	1.538109407187	1.84328984512093
-0.997940032043946	0.271610589761196	2.52994583047227
-4.48615243762875	0.320439459830625	3.52788586251621
-3.53093766689555	0.704966811627375	3.39665827420462
-1.79140917067216	1.71816586556802	2.40177004654002
-0.686655985351339	-0.0671396963454643	2.82902265964752
0.738536659800107	0.112916762035554	2.11795223926146
1.33669031815061	-0.0366216525520714	0.424200808728161
-1.7792019531548	-2.07217517357137	0.198367284657053
-3.55230029755093	-3.46684977492943	-1.23292896925307
-6.68955519951171	-4.83100633249409	-2.83817807278553
-9.29579613946746	-6.20126649881743	-3.72625314717327
-7.93774319066148	-4.18402380407416	-2.93278400854505
-9.65285725185016	-5.27962157625696	-4.1718165865568
-7.62645914396887	-2.83207446402686	-2.16067750057221
-5.09040970473793	-2.20340276188296	0.872816052491035
-3.97344930189975	-2.67338063630121	1.24208438239109
-3.45769436179141	-2.66117341878386	3.53093766689555
-1.45876249332418	-1.63576714732586	5.49324788281071
-1.45571068894484	-3.53398947127489	4.39765011062791
-3.41191729610132	-1.10780498970016	3.45464255741207
-4.71198596169986	-1.46486610208286	2.62455176623178
-5.2124818799115	0.924696726939803	4.38239108873121
-5.45967803463798	3.35088120851453	3.79339284351873
-4.98664835584039	4.26031891355764	5.81979095140002
-2.34073395895323	4.80048828870069	6.00900282291905
-0.613412680247196	4.23895628290227	6.51560234988937
-0.524910353246357	1.04371709773404	3.69878690775921
0.387579156176089	-0.744640268558785	2.43228809033341
0.21362630655375	-3.39665827420462	-1.88601510643168
-2.61234454871443	-5.87472343022812	-4.40985732814527
-5.09040970473793	-6.64682993820096	-6.39963378347448
-7.74242771038376	-9.81460288395514	-8.46875715266651
-9.63759822995346	-11.3038834210727	-8.59388113221942
-10.955977721828	-11.9783321889067	-8.60914015411612
-10.3791866941329	-9.18287937743191	-5.64888990615702
-9.90310521095598	-7.97436484321355	-3.74151216906996
-9.24086366063935	-5.10261692225528	-1.75783932249943
-9.41786831464103	-4.03753719386587	-1.01625085831998
-8.83802548256657	-4.01312275883116	0.4272526131075
-7.78820477607385	-2.69779507133593	2.38040741588464
-8.97535667963684	-3.38445105668727	3.24101625085832
-6.5644312199588	-2.44144350347143	5.99374380102235
-6.04562447547112	-0.521858548867018	7.22972457465476
-5.22774090180819	-0.201419089036393	8.32837415121691
-3.44548714427405	2.44754711223011	7.40978103303578
-0.326543068589303	2.36514839398795	6.97032120241093
2.17593652246891	4.12603952086671	4.22369726100557
3.67132066834516	2.44754711223011	3.03654535744259
5.33150225070573	0.457770656900893	3.12199588006409
