-1.70940170940171	2.002442002442	1.44078144078144
-0.781440781440781	1.12332112332112	-0.317460317460317
0.146520146520147	0.0244200244200244	-0.732600732600733
1.61172161172161	-0.0244200244200244	0.586080586080586
3.36996336996337	-1.12332112332112	1.1965811965812
4.37118437118437	-1.88034188034188	1.31868131868132
2.93040293040293	-3.2967032967033	1.56288156288156
1.41636141636142	-6.44688644688645	0.561660561660562
-0.903540903540904	-8.4981684981685	1.0989010989011
-2.44200244200244	-8.71794871794872	0.586080586080586
-3.34554334554335	-7.05738705738706	0.757020757020757
-3.36996336996337	-4.34676434676435	1.63614163614164
-1.56288156288156	-2.17338217338217	1.22100122100122
-1.001221001221	0.415140415140415	0.683760683760684
0.512820512820513	3.49206349206349	2.46642246642247
0.586080586080586	2.39316239316239	1.39194139194139
0.561660561660562	3.58974358974359	2.78388278388278
2.39316239316239	3.39438339438339	3.90720390720391
2.90598290598291	4.42002442002442	4.42002442002442
6.4957264957265	9.25518925518926	7.3015873015873
6.52014652014652	12.0879120879121	7.91208791208791
8.3028083028083	16.7765567765568	8.4981684981685
10.9401709401709	22.8571428571429	10.2808302808303
12.6007326007326	28.4249084249084	13.2112332112332
12.8449328449328	28.986568986569	14.2612942612943
11.5018315018315	26.9108669108669	14.7496947496947
10.7692307692308	26.6178266178266	15.8241758241758
9.08424908424908	23.0769230769231	15.042735042735
7.98534798534799	19.5115995115995	13.2600732600733
10.2564102564103	18.2661782661783	13.2600732600733
11.8437118437118	17.4603174603175	13.6507936507937
11.7948717948718	15.4090354090354	15.2380952380952
13.040293040293	16.8009768009768	18.7789987789988
9.91452991452991	13.5042735042735	17.6556776556777
6.22710622710623	10.1098901098901	15.970695970696
5.44566544566545	7.83882783882784	12.4786324786325
4.3956043956044	4.3956043956044	8.69352869352869
3.68742368742369	0.732600732600733	4.61538461538461
4.17582417582418	0.732600732600733	2.36874236874237
3.98046398046398	0.512820512820513	0.805860805860806
2.71062271062271	0.341880341880342	-0.317460317460317
3.68742368742369	3.003663003663	0.0976800976800977
6.22710622710623	7.17948717948718	1.36752136752137
7.71672771672772	9.93894993894994	2.17338217338217
8.32722832722833	10.4761904761905	2.95482295482295
9.79242979242979	11.6727716727717	4.78632478632479
10.2808302808303	13.1379731379731	4.37118437118437
9.42612942612943	11.9169719169719	4.05372405372405
8.37606837606838	10.03663003663	3.07692307692308
6.71550671550672	8.54700854700855	2.05128205128205
5.64102564102564	9.96336996336996	1.17216117216117
6.25152625152625	11.3308913308913	3.54090354090354
3.51648351648352	10.4761904761905	2.95482295482295
0.390720390720391	8.00976800976801	0.879120879120879
-0.781440781440781	6.4957264957265	0.488400488400488
0.586080586080586	5.90964590964591	1.53846153846154
-0.0488400488400488	1.66056166056166	2.53968253968254
0.268620268620269	-3.1990231990232	1.70940170940171
-0.561660561660562	-7.17948717948718	0.561660561660562
-1.78266178266178	-9.18192918192918	0.0488400488400488
-1.58730158730159	-9.37728937728938	-1.41636141636142
-4.59096459096459	-11.0622710622711	-4.54212454212454
-4.61538461538461	-10.6715506715507	-6.32478632478632
-5.37240537240537	-9.5970695970696	-7.61904761904762
-4.32234432234432	-9.98778998778999	-8.13186813186813
-2.71062271062271	-7.76556776556777	-6.95970695970696
-2.75946275946276	-7.08180708180708	-7.61904761904762
-2.39316239316239	-5.25030525030525	-7.91208791208791
0.634920634920635	-0.757020757020757	-5.88522588522589
2.36874236874237	1.48962148962149	-4.27350427350427
3.58974358974359	4.37118437118437	-4.2002442002442
3.66300366300366	4.2002442002442	-4.2979242979243
4.95726495726496	3.58974358974359	-4.12698412698413
4.15140415140415	3.1013431013431	-2.66178266178266
2.05128205128205	1.36752136752137	-2.97924297924298
-0.805860805860806	0.659340659340659	-4.90842490842491
-1.46520146520147	-0.0976800976800977	-4.34676434676435
-1.34310134310134	1.92918192918193	-2.90598290598291
-1.14774114774115	2.27106227106227	-2.90598290598291
-0.512820512820513	2.68620268620269	-2.56410256410256
-0.0488400488400488	3.90720390720391	-2.39316239316239
0.170940170940171	2.93040293040293	-0.293040293040293
0.170940170940171	1.29426129426129	-0.0732600732600733
-0.244200244200244	-0.43956043956044	0.83028083028083
0.21978021978022	-3.24786324786325	-1.92918192918193
-1.05006105006105	-7.35042735042735	-5.37240537240537
-3.07692307692308	-8.10744810744811	-7.91208791208791
-3.83394383394383	-6.69108669108669	-10.4273504273504
-3.83394383394383	-4.3956043956044	-11.1355311355311
-2.14896214896215	-0.634920634920635	-8.84004884004884
-1.22100122100122	1.97802197802198	-6.69108669108669
-1.07448107448107	4.56654456654457	-4.83516483516483
1.001221001221	7.61904761904762	-3.05250305250305
0.634920634920635	7.76556776556777	-2.61294261294261
-1.9047619047619	5.71428571428571	-3.2967032967033
-1.9047619047619	4.46886446886447	-3.56532356532357
-1.26984126984127	3.88278388278388	-3.63858363858364
-2.80830280830281	1.46520146520147	-5.05494505494505
-3.39438339438339	-0.341880341880342	-4.90842490842491
-3.98046398046398	-0.122100122100122	-4.63980463980464
-3.44322344322344	1.83150183150183	-3.80952380952381
-4.37118437118437	0.781440781440781	-3.66300366300366
-4.71306471306471	-0.244200244200244	-5.07936507936508
-3.80952380952381	-0.390720390720391	-4.34676434676435
-3.51648351648352	-2.1001221001221	-5.12820512820513
-3.76068376068376	-3.07692307692308	-4.88400488400488
-3.36996336996337	-4.004884004884	-4.24908424908425
-3.05250305250305	-2.24664224664225	-2.61294261294261
-3.02808302808303	0.683760683760684	-1.12332112332112
-2.14896214896215	1.56288156288156	1.29426129426129
-2.14896214896215	1.73382173382173	2.22222222222222
-3.95604395604396	-1.1965811965812	2.31990231990232
-4.44444444444444	-4.46886446886447	0.244200244200244
-5.47008547008547	-6.66666666666667	-1.88034188034188
-7.76556776556777	-10.5250305250305	-5.22588522588523
-8.96214896214896	-11.013431013431	-7.15506715506716
-7.91208791208791	-10.1098901098901	-9.20634920634921
-7.27716727716728	-8.98656898656899	-9.67032967032967
-6.95970695970696	-8.66910866910867	-9.25518925518926
-6.00732600732601	-5.88522588522589	-9.32844932844933
-5.83638583638584	-4.73748473748474	-8.37606837606838
-6.78876678876679	-4.83516483516483	-8.52258852258852
-6.81318681318681	-3.61416361416361	-8.37606837606838
-7.44810744810745	-2.17338217338217	-6.44688644688645
-8.15628815628816	-4.59096459096459	-7.13064713064713
-7.66788766788767	-5.17704517704518	-6.2026862026862
-6.15384615384615	-3.85836385836386	-4.76190476190476
-5.76312576312576	-5.05494505494505	-3.54090354090354
-5.78754578754579	-4.81074481074481	-3.15018315018315
-5.27472527472527	-4.49328449328449	-3.54090354090354
-4.98168498168498	-4.02930402930403	-4.37118437118437
-4.56654456654457	-4.02930402930403	-4.12698412698413
-4.44444444444444	-4.81074481074481	-4.37118437118437
-3.41880341880342	-3.58974358974359	-4.24908424908425
-3.1013431013431	-4.90842490842491	-3.85836385836386
-2.56410256410256	-5.68986568986569	-2.44200244200244
-0.586080586080586	-3.54090354090354	-0.122100122100122
-1.46520146520147	-5.37240537240537	0.293040293040293
-0.463980463980464	-4.02930402930403	3.63858363858364
-0.0488400488400488	-2.61294261294261	5.05494505494505
-1.61172161172161	-2.002442002442	4.78632478632479
-1.31868131868132	-1.51404151404151	4.24908424908425
-1.39194139194139	0.0244200244200244	2.75946275946276
-0.488400488400488	1.44078144078144	0.976800976800977
0.0976800976800977	2.63736263736264	-2.002442002442
0.781440781440781	5.17704517704518	-4.56654456654457
1.66056166056166	8.18070818070818	-4.93284493284493
1.88034188034188	9.89010989010989	-5.44566544566545
2.1001221001221	10.0854700854701	-5.17704517704518
2.07570207570208	9.91452991452991	-4.17582417582418
1.41636141636142	8.98656898656899	-3.2967032967033
1.66056166056166	9.03540903540904	-3.41880341880342
2.002442002442	10.4761904761905	-2.27106227106227
2.07570207570208	10.7203907203907	-2.80830280830281
1.85592185592186	8.81562881562882	-1.17216117216117
1.63614163614164	8.27838827838828	-0.317460317460317
-0.0244200244200244	2.31990231990232	0.757020757020757
-1.39194139194139	0.293040293040293	1.14774114774115
-2.66178266178266	-1.97802197802198	1.05006105006105
-4.05372405372405	-5.61660561660562	-1.12332112332112
-4.34676434676435	-5.88522588522589	-1.92918192918193
-2.90598290598291	-4.51770451770452	-1.1965811965812
-2.17338217338217	-4.004884004884	0.293040293040293
-0.0732600732600733	-0.732600732600733	3.80952380952381
0.952380952380952	0.879120879120879	5.64102564102564
2.27106227106227	1.46520146520147	6.47130647130647
2.49084249084249	1.9047619047619	6.76434676434676
1.88034188034188	1.66056166056166	4.27350427350427
1.02564102564103	3.61416361416361	3.49206349206349
0.293040293040293	2.24664224664225	0.463980463980464
0.317460317460317	5.71428571428571	0.805860805860806
0.122100122100122	6.78876678876679	-1.14774114774115
0.83028083028083	6.78876678876679	-2.1001221001221
0.952380952380952	5.90964590964591	-1.66056166056166
2.12454212454212	5.86080586080586	-1.66056166056166
4.93284493284493	8.52258852258852	0.683760683760684
4.3956043956044	9.35286935286935	1.70940170940171
4.76190476190476	8.76678876678877	2.71062271062271
5.17704517704518	9.23076923076923	2.05128205128205
3.54090354090354	9.84126984126984	3.003663003663
3.54090354090354	9.27960927960928	2.85714285714286
4.17582417582418	9.32844932844933	2.71062271062271
4.51770451770452	7.08180708180708	1.56288156288156
5.93406593406593	7.00854700854701	1.9047619047619
6.12942612942613	4.93284493284493	2.73504273504274
5.51892551892552	2.1001221001221	2.78388278388278
4.66422466422466	0.512820512820513	4.71306471306471
4.63980463980464	1.12332112332112	6.81318681318681
5.68986568986569	2.61294261294261	7.64346764346764
5.66544566544567	0.488400488400488	8.54700854700855
3.98046398046398	-2.34432234432234	7.05738705738706
2.75946275946276	-5.12820512820513	5.56776556776557
1.73382173382173	-7.52136752136752	4.2002442002442
1.07448107448107	-8.03418803418803	3.68742368742369
2.58852258852259	-5.05494505494505	2.44200244200244
3.66300366300366	-2.49084249084249	1.17216117216117
5.34798534798535	0.0488400488400488	-0.683760683760684
6.42246642246642	5.59218559218559	1.14774114774115
7.05738705738706	4.004884004884	-0.854700854700855
6.37362637362637	6.15384615384615	-0.708180708180708
5.32356532356532	6.73992673992674	-1.07448107448107
5.1037851037851	6.91086691086691	0.341880341880342
3.17460317460317	6.15384615384615	1.001221001221
2.1001221001221	5.44566544566545	1.17216117216117
2.31990231990232	6.86202686202686	2.53968253968254
1.17216117216117	5.88522588522589	3.61416361416361
1.88034188034188	4.3956043956044	3.22344322344322
1.61172161172161	3.39438339438339	3.2967032967033
0.634920634920635	2.68620268620269	3.003663003663
0.341880341880342	0.366300366300366	4.1025641025641
0.122100122100122	-0.976800976800977	4.44444444444444
0.537240537240537	0.659340659340659	5.56776556776557
0.366300366300366	-0.463980463980464	4.78632478632479
-0.244200244200244	-1.1965811965812	5.2014652014652
-0.21978021978022	-1.1965811965812	3.93162393162393
-0.488400488400488	-2.80830280830281	2.53968253968254
-1.41636141636142	-7.59462759462759	0.122100122100122
-1.85592185592186	-8.69352869352869	-1.51404151404151
-1.29426129426129	-8.37606837606838	-1.0989010989011
-1.58730158730159	-7.96092796092796	-0.512820512820513
-0.634920634920635	-5.12820512820513	0.903540903540904
0.122100122100122	-1.66056166056166	2.14896214896215
0.586080586080586	0.903540903540904	3.80952380952381
1.75824175824176	2.66178266178266	3.32112332112332
1.92918192918193	2.51526251526252	2.88156288156288
1.61172161172161	2.12454212454212	0.805860805860806
1.14774114774115	1.44078144078144	-0.366300366300366
0.683760683760684	-0.488400488400488	-2.36874236874237
0.317460317460317	0.0488400488400488	-3.39438339438339
1.17216117216117	1.02564102564103	-3.27228327228327
1.56288156288156	1.75824175824176	-3.73626373626374
2.51526251526252	5.42124542124542	-2.58852258852259
2.51526251526252	6.95970695970696	-2.31990231990232
2.17338217338217	7.61904761904762	-1.58730158730159
1.39194139194139	6.52014652014652	-0.537240537240537
1.78266178266178	4.51770451770452	-1.41636141636142
1.92918192918193	3.02808302808303	-1.83150183150183
1.51404151404151	1.12332112332112	-1.001221001221
0.488400488400488	-1.24542124542125	-2.002442002442
-0.488400488400488	-3.02808302808303	-2.12454212454212
-0.634920634920635	-3.83394383394383	-2.53968253968254
-1.66056166056166	-3.90720390720391	-1.53846153846154
-1.44078144078144	-5.12820512820513	-2.88156288156288
-1.53846153846154	-6.78876678876679	-4.88400488400488
-1.12332112332112	-6.91086691086691	-5.44566544566545
-1.07448107448107	-8.27838827838828	-6.22710622710623
0.488400488400488	-8.27838827838828	-5.71428571428571
0.879120879120879	-6.03174603174603	-4.12698412698413
1.9047619047619	-3.07692307692308	-2.12454212454212
1.17216117216117	-1.24542124542125	-0.170940170940171
0.659340659340659	-0.854700854700855	-0.0732600732600733
0.0732600732600733	-0.805860805860806	-0.268620268620269
0.293040293040293	-0.268620268620269	0.0244200244200244
0.952380952380952	-0.537240537240537	-0.708180708180708
1.78266178266178	0.927960927960928	-0.122100122100122
2.05128205128205	2.88156288156288	0.854700854700855
3.12576312576313	1.70940170940171	2.17338217338217
2.90598290598291	0.757020757020757	2.02686202686203
2.58852258852259	-0.854700854700855	0.805860805860806
2.2954822954823	-2.97924297924298	1.14774114774115
0.757020757020757	-5.05494505494505	0.732600732600733
0.317460317460317	-5.76312576312576	1.53846153846154
1.29426129426129	-2.31990231990232	5.54334554334554
0.537240537240537	-0.561660561660562	8.27838827838828
1.70940170940171	0.0732600732600733	8.62026862026862
2.22222222222222	0.976800976800977	7.3015873015873
1.83150183150183	-0.854700854700855	3.93162393162393
1.41636141636142	-5.03052503052503	0.903540903540904
0.21978021978022	-9.25518925518926	-2.95482295482295
-1.53846153846154	-9.89010989010989	-4.95726495726496
-1.58730158730159	-9.10866910866911	-4.98168498168498
-1.9047619047619	-7.74114774114774	-3.56532356532357
-3.1013431013431	-5.59218559218559	-2.63736263736264
-2.05128205128205	-5.07936507936508	-1.24542124542125
-1.97802197802198	-4.59096459096459	1.46520146520147
-0.390720390720391	-2.46642246642247	2.63736263736264
0.415140415140415	-2.80830280830281	2.2954822954823
1.31868131868132	-0.659340659340659	1.61172161172161
1.39194139194139	0.463980463980464	0.170940170940171
2.2954822954823	-0.732600732600733	-0.463980463980464
2.2954822954823	0.366300366300366	-0.146520146520147
0.146520146520147	-0.537240537240537	0.463980463980464
0.268620268620269	-0.390720390720391	0.0244200244200244
0.757020757020757	1.63614163614164	1.48962148962149
0.415140415140415	1.31868131868132	1.34310134310134
0.903540903540904	2.17338217338217	1.80708180708181
1.58730158730159	4.15140415140415	2.12454212454212
2.58852258852259	3.66300366300366	1.83150183150183
3.1013431013431	3.80952380952381	3.46764346764347
2.27106227106227	1.73382173382173	2.41758241758242
0.83028083028083	-0.293040293040293	2.22222222222222
-0.366300366300366	-1.36752136752137	1.70940170940171
-0.757020757020757	-0.879120879120879	2.34432234432234
-0.610500610500611	-1.73382173382173	0.512820512820513
-0.805860805860806	-0.244200244200244	0.21978021978022
-0.21978021978022	-0.903540903540904	-2.53968253968254
-0.0732600732600733	-1.41636141636142	-4.15140415140415
0.366300366300366	-1.88034188034188	-2.73504273504274
2.34432234432234	-0.659340659340659	-2.41758241758242
3.66300366300366	0.512820512820513	-0.21978021978022
5.27472527472527	4.34676434676435	1.92918192918193
5.05494505494505	4.68864468864469	1.75824175824176
3.003663003663	4.51770451770452	1.001221001221
1.31868131868132	2.49084249084249	-0.659340659340659
-0.83028083028083	-1.73382173382173	-0.732600732600733
-1.53846153846154	-3.44322344322344	-1.29426129426129
-2.1978021978022	-6.32478632478632	-0.610500610500611
-3.1990231990232	-5.90964590964591	-1.24542124542125
-2.44200244200244	-4.24908424908425	-0.757020757020757
-1.73382173382173	-2.12454212454212	0
-1.22100122100122	0.659340659340659	0.268620268620269
-0.244200244200244	0.854700854700855	0.976800976800977
1.29426129426129	3.36996336996337	1.17216117216117
1.70940170940171	4.44444444444444	1.31868131868132
1.83150183150183	4.24908424908425	1.02564102564103
0.0732600732600733	3.02808302808303	0.976800976800977
-0.170940170940171	3.61416361416361	1.58730158730159
-1.29426129426129	3.02808302808303	1.53846153846154
-2.22222222222222	1.58730158730159	0.317460317460317
-1.66056166056166	2.78388278388278	0.146520146520147
-1.46520146520147	3.41880341880342	-0.952380952380952
-0.781440781440781	1.46520146520147	-2.1001221001221
1.51404151404151	0.732600732600733	-3.73626373626374
2.22222222222222	0.317460317460317	-4.22466422466422
2.31990231990232	1.07448107448107	-4.004884004884
2.56410256410256	3.1013431013431	-2.95482295482295
2.53968253968254	5.34798534798535	-2.46642246642247
2.63736263736264	6.2026862026862	-0.463980463980464
3.95604395604396	8.79120879120879	2.1978021978022
3.44322344322344	8.76678876678877	2.90598290598291
2.66178266178266	7.03296703296703	2.41758241758242
2.44200244200244	9.13308913308913	3.22344322344322
1.70940170940171	8.76678876678877	1.53846153846154
0.805860805860806	7.93650793650794	1.36752136752137
0.903540903540904	5.22588522588523	-1.31868131868132
2.63736263736264	6.03174603174603	0.366300366300366
2.66178266178266	5.81196581196581	1.24542124542125
2.24664224664225	5.95848595848596	1.61172161172161
1.39194139194139	7.37484737484737	1.9047619047619
0.732600732600733	6.64224664224664	0.83028083028083
0.610500610500611	6.83760683760684	1.22100122100122
-0.366300366300366	4.15140415140415	-0.463980463980464
-0.244200244200244	6.1050061050061	1.22100122100122
-1.0989010989011	5.76312576312576	1.46520146520147
-2.02686202686203	6.2026862026862	2.02686202686203
-1.53846153846154	7.76556776556777	3.46764346764347
-1.39194139194139	8.54700854700855	4.63980463980464
-0.512820512820513	8.00976800976801	5.25030525030525
0.854700854700855	8.32722832722833	5.86080586080586
1.78266178266178	7.88766788766789	4.54212454212454
2.85714285714286	6.37362637362637	2.02686202686203
3.78510378510378	6.2026862026862	2.36874236874237
4.66422466422466	7.74114774114774	1.14774114774115
4.83516483516483	8.2051282051282	1.9047619047619
4.71306471306471	7.78998778998779	2.61294261294261
4.004884004884	7.27716727716728	4.59096459096459
2.68620268620269	5.12820512820513	4.59096459096459
0.976800976800977	1.70940170940171	3.44322344322344
-0.317460317460317	-1.58730158730159	3.41880341880342
-0.341880341880342	-1.58730158730159	3.68742368742369
-0.146520146520147	-1.83150183150183	2.85714285714286
0.195360195360195	-3.02808302808303	2.61294261294261
2.39316239316239	-1.07448107448107	2.95482295482295
4.76190476190476	-0.683760683760684	2.97924297924298
6.73992673992674	4.2979242979243	4.1025641025641
9.05982905982906	7.61904761904762	4.85958485958486
11.1843711843712	13.992673992674	6.69108669108669
11.5506715506716	17.5335775335775	6.86202686202686
9.35286935286935	17.2405372405372	7.00854700854701
6.73992673992674	14.1391941391941	5.61660561660562
3.05250305250305	7.54578754578755	4.1025641025641
-0.0488400488400488	2.14896214896215	3.02808302808303
-1.22100122100122	-3.003663003663	2.73504273504274
-0.854700854700855	-3.22344322344322	4.12698412698413
0.170940170940171	0.0488400488400488	3.98046398046398
0.976800976800977	2.39316239316239	5.37240537240537
2.44200244200244	5.78754578754579	6.12942612942613
3.68742368742369	9.84126984126984	4.59096459096459
4.12698412698413	10.5250305250305	5.95848595848596
4.42002442002442	11.8192918192918	5.98290598290598
5.37240537240537	12.5274725274725	6.03174603174603
5.47008547008547	10.989010989011	4.63980463980464
5.22588522588523	9.52380952380952	1.95360195360195
3.39438339438339	5.76312576312576	0.903540903540904
2.44200244200244	4.44444444444444	0.341880341880342
1.07448107448107	2.34432234432234	-0.537240537240537
0.21978021978022	5.12820512820513	0.586080586080586
-0.0244200244200244	6.91086691086691	0.952380952380952
-0.146520146520147	8.08302808302808	-0.463980463980464
-0.488400488400488	8.32722832722833	-0.683760683760684
-0.757020757020757	7.00854700854701	-1.53846153846154
-0.512820512820513	5.51892551892552	-2.63736263736264
-0.0732600732600733	7.08180708180708	-0.781440781440781
0.268620268620269	6.34920634920635	-2.24664224664225
0.463980463980464	5.12820512820513	-1.29426129426129
0.781440781440781	5.95848595848596	-0.561660561660562
1.75824175824176	5.34798534798535	1.48962148962149
0.317460317460317	3.98046398046398	1.44078144078144
-0.341880341880342	5.49450549450549	2.36874236874237
-1.31868131868132	5.42124542124542	1.88034188034188
-0.927960927960928	7.3992673992674	1.61172161172161
-0.0976800976800977	10.3052503052503	2.66178266178266
0.879120879120879	10.3540903540904	3.003663003663
2.02686202686203	11.8925518925519	4.12698412698413
3.56532356532357	14.041514041514	3.73626373626374
3.44322344322344	15.7020757020757	4.73748473748474
3.27228327228327	15.9462759462759	4.32234432234432
3.66300366300366	15.8241758241758	3.80952380952381
3.51648351648352	17.2649572649573	4.93284493284493
3.46764346764347	17.6312576312576	5.76312576312576
4.49328449328449	16.4102564102564	4.37118437118437
4.78632478632479	16.019536019536	4.95726495726496
4.59096459096459	16.6056166056166	5.47008547008547
4.24908424908425	14.969474969475	5.07936507936508
3.46764346764347	15.0915750915751	5.73870573870574
2.1001221001221	15.8241758241758	5.49450549450549
0.21978021978022	14.1147741147741	4.68864468864469
-1.12332112332112	12.7716727716728	4.32234432234432
-1.17216117216117	10.3296703296703	3.85836385836386
-1.22100122100122	8.35164835164835	4.73748473748474
-2.12454212454212	7.05738705738706	3.83394383394383
-1.9047619047619	5.83638583638584	4.2002442002442
-2.24664224664225	4.44444444444444	3.2967032967033
-2.56410256410256	4.2002442002442	3.71184371184371
-3.02808302808303	3.90720390720391	4.22466422466422
-2.66178266178266	4.02930402930403	3.78510378510378
-2.66178266178266	4.54212454212454	4.2002442002442
-1.88034188034188	5.07936507936508	4.51770451770452
-1.48962148962149	6.69108669108669	4.3956043956044
-0.488400488400488	7.27716727716728	3.36996336996337
0.976800976800977	7.37484737484737	2.44200244200244
1.48962148962149	7.03296703296703	1.58730158730159
2.39316239316239	8.76678876678877	0.879120879120879
2.46642246642247	7.64346764346764	-0.268620268620269
2.78388278388278	7.4969474969475	0.586080586080586
1.97802197802198	5.47008547008547	1.34310134310134
1.61172161172161	1.85592185592186	1.05006105006105
1.1965811965812	-2.46642246642247	-0.317460317460317
-0.83028083028083	-5.17704517704518	-2.2954822954823
-0.293040293040293	-4.61538461538461	-0.488400488400488
0.0488400488400488	-3.85836385836386	-0.903540903540904
-0.366300366300366	-2.44200244200244	-0.561660561660562
0.805860805860806	0.268620268620269	1.48962148962149
1.39194139194139	-0.195360195360195	2.1001221001221
2.002442002442	-1.92918192918193	1.31868131868132
0.805860805860806	-3.36996336996337	0.927960927960928
1.41636141636142	-0.781440781440781	2.1978021978022
1.83150183150183	3.02808302808303	3.36996336996337
2.93040293040293	9.01098901098901	4.15140415140415
3.44322344322344	12.7960927960928	5.1037851037851
5.03052503052503	17.4114774114774	5.51892551892552
5.37240537240537	18.4615384615385	4.27350427350427
6.3003663003663	18.9255189255189	4.02930402930403
5.81196581196581	18.0708180708181	3.32112332112332
5.3968253968254	18.8766788766789	4.34676434676435
5.05494505494505	18.6813186813187	4.22466422466422
5.00610500610501	20.1221001221001	6.73992673992674
4.76190476190476	20.0976800976801	6.88644688644689
6.00732600732601	20.3907203907204	7.3015873015873
7.57020757020757	22.002442002442	8.27838827838828
7.81440781440781	20.4639804639805	6.78876678876679
7.61904761904762	17.6312576312576	4.85958485958486
6.3980463980464	13.1379731379731	2.44200244200244
4.37118437118437	8.32722832722833	0.341880341880342
2.12454212454212	5.32356532356532	-0.757020757020757
0.512820512820513	1.85592185592186	-2.2954822954823
-1.75824175824176	-2.80830280830281	-3.36996336996337
-2.90598290598291	-6.52014652014652	-3.39438339438339
-4.15140415140415	-10.9401709401709	-5.71428571428571
-5.2014652014652	-15.2625152625153	-6.54456654456654
-5.32356532356532	-16.6300366300366	-4.78632478632479
-3.78510378510378	-16.2637362637363	-3.88278388278388
-3.24786324786325	-13.968253968254	-3.05250305250305
-2.56410256410256	-12.2832722832723	-2.61294261294261
-3.36996336996337	-12.4786324786325	-2.56410256410256
-3.98046398046398	-11.1355311355311	-3.22344322344322
-4.1025641025641	-10.6715506715507	-5.25030525030525
-3.68742368742369	-9.67032967032967	-3.90720390720391
-2.44200244200244	-9.42612942612943	-5.03052503052503
-2.39316239316239	-10.3785103785104	-6.12942612942613
-1.83150183150183	-11.5750915750916	-6.00732600732601
-2.27106227106227	-11.5995115995116	-6.47130647130647
-2.12454212454212	-10.6227106227106	-6.73992673992674
-3.49206349206349	-9.93894993894994	-5.95848595848596
-2.71062271062271	-7.81440781440781	-6.08058608058608
-2.24664224664225	-5.73870573870574	-5.22588522588523
-2.07570207570208	-6.54456654456654	-4.51770451770452
-1.44078144078144	-7.52136752136752	-5.37240537240537
-0.708180708180708	-9.10866910866911	-6.00732600732601
-1.51404151404151	-8.2051282051282	-5.03052503052503
-1.95360195360195	-6.91086691086691	-5.37240537240537
-2.97924297924298	-5.22588522588523	-3.85836385836386
-3.44322344322344	-2.05128205128205	-2.66178266178266
-3.95604395604396	-1.05006105006105	-2.46642246642247
-3.1013431013431	0.146520146520147	-1.14774114774115
-3.58974358974359	-2.002442002442	-1.41636141636142
-2.44200244200244	-4.15140415140415	-3.76068376068376
-2.1978021978022	-6.47130647130647	-4.56654456654457
-1.0989010989011	-8.4004884004884	-4.46886446886447
-1.80708180708181	-9.4993894993895	-3.34554334554335
-2.68620268620269	-10.8913308913309	-2.56410256410256
-4.3956043956044	-11.037851037851	-1.34310134310134
-5.61660561660562	-11.5018315018315	-0.268620268620269
-6.42246642246642	-11.5262515262515	-0.390720390720391
-6.95970695970696	-12.8937728937729	-0.805860805860806
-6.64224664224664	-10.8424908424908	-0.952380952380952
-5.93406593406593	-12.0634920634921	-0.879120879120879
-5.68986568986569	-12.2100122100122	-1.70940170940171
-7.10622710622711	-11.4285714285714	-3.17460317460317
-6.93528693528694	-12.5763125763126	-3.56532356532357
-8.08302808302808	-14.5543345543346	-4.93284493284493
-7.25274725274725	-13.015873015873	-4.46886446886447
-7.66788766788767	-14.3833943833944	-3.90720390720391
-7.78998778998779	-15.8485958485958	-5.07936507936508
-6.17826617826618	-14.8473748473748	-5.27472527472527
-5.83638583638584	-16.1416361416361	-7.08180708180708
-4.3956043956044	-14.6031746031746	-6.59340659340659
-3.41880341880342	-11.8192918192918	-5.93406593406593
-2.36874236874237	-10.2808302808303	-4.83516483516483
-2.97924297924298	-8.13186813186813	-3.78510378510378
-2.88156288156288	-6.76434676434676	-3.39438339438339
-2.63736263736264	-7.08180708180708	-2.97924297924298
-4.22466422466422	-7.91208791208791	-2.83272283272283
-5.00610500610501	-9.35286935286935	-3.51648351648352
-4.22466422466422	-8.25396825396825	-2.85714285714286
-4.85958485958486	-7.69230769230769	-2.85714285714286
-4.02930402930403	-6.61782661782662	-3.15018315018315
-2.51526251526252	-5.98290598290598	-3.61416361416361
-1.78266178266178	-3.68742368742369	-2.63736263736264
-0.0488400488400488	-1.80708180708181	-2.83272283272283
1.61172161172161	2.36874236874237	-1.001221001221
2.46642246642247	4.42002442002442	-0.244200244200244
3.56532356532357	5.86080586080586	1.001221001221
4.27350427350427	7.52136752136752	1.58730158730159
2.93040293040293	7.69230769230769	1.88034188034188
1.78266178266178	7.3992673992674	2.22222222222222
1.22100122100122	6.73992673992674	3.32112332112332
0.659340659340659	6.69108669108669	2.12454212454212
-0.170940170940171	4.71306471306471	1.73382173382173
-1.17216117216117	0.805860805860806	0.390720390720391
-1.92918192918193	-2.88156288156288	-1.39194139194139
-3.12576312576313	-5.95848595848596	-4.2979242979243
-4.63980463980464	-8.22954822954823	-4.66422466422466
-4.85958485958486	-9.10866910866911	-4.27350427350427
-4.81074481074481	-8.37606837606838	-2.41758241758242
-3.44322344322344	-6.83760683760684	-1.22100122100122
-2.66178266178266	-5.66544566544567	-0.43956043956044
-2.24664224664225	-4.93284493284493	-0.43956043956044
-1.95360195360195	-2.51526251526252	-0.317460317460317
-0.488400488400488	-1.001221001221	-1.29426129426129
-1.17216117216117	-1.85592185592186	-3.17460317460317
-0.366300366300366	-1.88034188034188	-3.12576312576313
1.48962148962149	1.14774114774115	-2.49084249084249
1.1965811965812	1.63614163614164	-1.31868131868132
0.854700854700855	1.80708180708181	-0.415140415140415
1.26984126984127	3.1013431013431	1.29426129426129
1.39194139194139	3.66300366300366	2.71062271062271
1.78266178266178	3.54090354090354	2.05128205128205
2.78388278388278	2.22222222222222	1.31868131868132
2.44200244200244	1.17216117216117	0.683760683760684
2.39316239316239	2.41758241758242	1.78266178266178
1.97802197802198	4.56654456654457	2.90598290598291
3.12576312576313	5.42124542124542	3.32112332112332
3.58974358974359	8.42490842490843	3.83394383394383
4.71306471306471	9.37728937728938	3.83394383394383
6.08058608058608	11.4285714285714	3.80952380952381
6.83760683760684	13.3089133089133	4.98168498168498
7.25274725274725	14.8229548229548	6.42246642246642
7.69230769230769	14.5299145299145	7.22832722832723
6.86202686202686	14.2124542124542	6.83760683760684
8.05860805860806	13.1868131868132	6.56898656898657
7.3992673992674	11.965811965812	4.56654456654457
7.22832722832723	8.86446886446886	3.73626373626374
6.25152625152625	7.2039072039072	1.92918192918193
6.59340659340659	8.62026862026862	1.66056166056166
4.24908424908425	7.59462759462759	0.781440781440781
4.1025641025641	6.81318681318681	0.561660561660562
3.07692307692308	5.25030525030525	-0.390720390720391
2.27106227106227	4.24908424908425	-0.21978021978022
2.05128205128205	3.24786324786325	-0.879120879120879
2.56410256410256	4.22466422466422	-0.83028083028083
2.80830280830281	4.76190476190476	0.146520146520147
2.93040293040293	6.37362637362637	-0.634920634920635
2.90598290598291	6.76434676434676	1.05006105006105
1.39194139194139	3.58974358974359	0.122100122100122
-0.146520146520147	-0.21978021978022	-1.07448107448107
-0.537240537240537	-2.58852258852259	-1.53846153846154
-1.80708180708181	-3.66300366300366	-2.58852258852259
-0.146520146520147	-2.39316239316239	-1.1965811965812
0.195360195360195	-2.41758241758242	-1.39194139194139
1.39194139194139	-1.95360195360195	-0.781440781440781
1.44078144078144	-3.24786324786325	-1.75824175824176
1.31868131868132	-5.17704517704518	-0.879120879120879
0.463980463980464	-8.18070818070818	-2.27106227106227
0.0732600732600733	-10.8180708180708	-3.02808302808303
-0.903540903540904	-9.98778998778999	-3.02808302808303
-2.34432234432234	-9.69474969474969	-4.98168498168498
-1.78266178266178	-7.76556776556777	-4.78632478632479
-1.46520146520147	-4.49328449328449	-4.59096459096459
0.415140415140415	-1.66056166056166	-4.15140415140415
1.9047619047619	-1.51404151404151	-3.49206349206349
2.68620268620269	-0.366300366300366	-3.41880341880342
3.80952380952381	0.903540903540904	-3.78510378510378
4.54212454212454	2.88156288156288	-0.586080586080586
4.54212454212454	4.98168498168498	-0.21978021978022
4.83516483516483	7.2039072039072	2.66178266178266
4.81074481074481	8.81562881562882	5.17704517704518
4.46886446886447	10.2808302808303	5.42124542124542
4.78632478632479	11.9169719169719	5.78754578754579
4.95726495726496	11.5262515262515	5.3968253968254
5.05494505494505	11.2820512820513	5.34798534798535
6.3003663003663	11.4774114774115	4.81074481074481
6.25152625152625	10.3296703296703	5.83638583638584
5.25030525030525	6.98412698412698	4.44444444444444
3.39438339438339	5.22588522588523	3.1013431013431
1.53846153846154	3.39438339438339	1.66056166056166
-0.610500610500611	3.05250305250305	0.390720390720391
0.0732600732600733	1.92918192918193	1.12332112332112
-1.26984126984127	0.122100122100122	-0.293040293040293
-1.39194139194139	-1.70940170940171	-0.708180708180708
-1.1965811965812	-3.32112332112332	-1.17216117216117
-1.80708180708181	-6.05616605616606	-2.85714285714286
-3.22344322344322	-9.01098901098901	-3.95604395604396
-2.22222222222222	-10.2564102564103	-4.68864468864469
-1.61172161172161	-10.6715506715507	-6.52014652014652
-0.854700854700855	-9.45054945054945	-5.76312576312576
-1.0989010989011	-9.93894993894994	-6.71550671550672
-0.537240537240537	-10.0854700854701	-6.03174603174603
-0.366300366300366	-9.13308913308913	-4.90842490842491
-1.29426129426129	-9.47496947496948	-3.80952380952381
-0.952380952380952	-7.76556776556777	-2.53968253968254
-1.48962148962149	-5.81196581196581	-1.97802197802198
-2.49084249084249	-5.22588522588523	-2.61294261294261
-2.97924297924298	-2.97924297924298	-3.39438339438339
-2.12454212454212	-1.97802197802198	-2.83272283272283
-1.39194139194139	-0.781440781440781	-3.78510378510378
-0.952380952380952	-1.97802197802198	-3.68742368742369
-0.244200244200244	-0.43956043956044	-2.2954822954823
0.43956043956044	0.195360195360195	-0.683760683760684
0.610500610500611	-0.488400488400488	0.708180708180708
1.39194139194139	0.683760683760684	1.9047619047619
1.48962148962149	0.366300366300366	3.61416361416361
2.68620268620269	1.56288156288156	2.90598290598291
3.1990231990232	3.1990231990232	3.27228327228327
2.56410256410256	5.00610500610501	2.73504273504274
2.85714285714286	7.10622710622711	2.71062271062271
3.46764346764347	8.32722832722833	1.92918192918193
3.93162393162393	10.03663003663	1.14774114774115
5.03052503052503	10.5738705738706	1.51404151404151
4.81074481074481	9.89010989010989	1.34310134310134
4.98168498168498	10.6227106227106	2.05128205128205
4.68864468864469	11.3308913308913	4.02930402930403
3.98046398046398	12.6739926739927	5.2991452991453
4.2979242979243	12.5030525030525	7.83882783882784
4.85958485958486	12.8449328449328	8.03418803418803
4.32234432234432	11.8192918192918	7.64346764346764
2.05128205128205	9.10866910866911	6.83760683760684
0.732600732600733	6.34920634920635	5.22588522588523
-1.36752136752137	2.22222222222222	1.80708180708181
-2.46642246642247	-0.0976800976800977	0.952380952380952
-3.22344322344322	-1.83150183150183	0.317460317460317
-2.53968253968254	-0.586080586080586	0.390720390720391
-0.757020757020757	0.317460317460317	0.781440781440781
-0.366300366300366	-0.268620268620269	1.24542124542125
-1.1965811965812	-0.463980463980464	0.903540903540904
-0.854700854700855	-2.41758241758242	0.366300366300366
-1.44078144078144	-6.2026862026862	-1.9047619047619
-3.12576312576313	-8.86446886446886	-3.66300366300366
-3.32112332112332	-11.013431013431	-4.02930402930403
-3.27228327228327	-12.2832722832723	-4.83516483516483
-3.15018315018315	-12.3321123321123	-4.42002442002442
-3.1013431013431	-12.2100122100122	-2.97924297924298
-2.002442002442	-10.964590964591	-1.83150183150183
-2.51526251526252	-10.8180708180708	-0.805860805860806
-2.36874236874237	-10.6715506715507	-1.58730158730159
-1.85592185592186	-11.8192918192918	-3.61416361416361
-0.586080586080586	-8.47374847374847	-1.68498168498168
0.903540903540904	-4.83516483516483	-1.73382173382173
1.39194139194139	0.512820512820513	0.854700854700855
2.95482295482295	6.05616605616606	2.80830280830281
3.63858363858364	9.84126984126984	5.1037851037851
3.68742368742369	10.2808302808303	5.07936507936508
4.93284493284493	10.5494505494505	5.17704517704518
5.83638583638584	9.47496947496948	3.73626373626374
6.03174603174603	9.47496947496948	5.93406593406593
5.95848595848596	8.71794871794872	5.44566544566545
5.22588522588523	9.57264957264957	5.76312576312576
3.83394383394383	9.37728937728938	5.3968253968254
2.1001221001221	9.08424908424908	3.93162393162393
1.1965811965812	6.93528693528694	2.56410256410256
0.0732600732600733	3.003663003663	0.43956043956044
-0.854700854700855	0.903540903540904	0.293040293040293
-0.757020757020757	-0.732600732600733	0.195360195360195
-1.17216117216117	-3.80952380952381	-0.268620268620269
-2.51526251526252	-5.12820512820513	-0.903540903540904
-2.02686202686203	-4.2979242979243	-0.586080586080586
-2.46642246642247	-6.56898656898657	-2.17338217338217
-2.66178266178266	-6.81318681318681	-1.05006105006105
-1.83150183150183	-6.95970695970696	-1.14774114774115
-1.34310134310134	-8.00976800976801	-2.46642246642247
-1.34310134310134	-7.66788766788767	-2.49084249084249
-1.26984126984127	-9.10866910866911	-1.97802197802198
-1.53846153846154	-8.15628815628816	-1.36752136752137
-1.75824175824176	-7.37484737484737	0.854700854700855
-2.31990231990232	-9.81684981684982	0.708180708180708
-2.05128205128205	-9.84126984126984	1.34310134310134
-2.12454212454212	-10.0854700854701	0.268620268620269
-2.95482295482295	-13.3089133089133	-1.24542124542125
-3.61416361416361	-14.7985347985348	-2.83272283272283
-3.63858363858364	-13.8949938949939	-3.63858363858364
-4.2979242979243	-15.4822954822955	-4.81074481074481
-5.66544566544567	-15.6043956043956	-4.3956043956044
-5.42124542124542	-15.4090354090354	-4.1025641025641
-5.76312576312576	-14.7741147741148	-5.32356532356532
-3.80952380952381	-13.6996336996337	-6.3980463980464
-2.66178266178266	-13.6263736263736	-6.4957264957265
-1.0989010989011	-12.1367521367521	-7.15506715506716
-0.293040293040293	-8.93772893772894	-6.4957264957265
-0.0488400488400488	-8.15628815628816	-5.42124542124542
-0.879120879120879	-8.81562881562882	-5.47008547008547
-1.88034188034188	-9.62148962148962	-4.2002442002442
-2.58852258852259	-10.8669108669109	-3.80952380952381
-2.34432234432234	-12.5274725274725	-3.80952380952381
-3.15018315018315	-13.8949938949939	-2.88156288156288
-3.15018315018315	-12.4786324786325	-1.68498168498168
-2.63736263736264	-10.2564102564103	-0.683760683760684
-2.36874236874237	-7.05738705738706	-0.781440781440781
-0.610500610500611	-3.71184371184371	0.781440781440781
-0.0488400488400488	-0.952380952380952	1.46520146520147
1.0989010989011	3.02808302808303	1.46520146520147
1.07448107448107	4.81074481074481	2.1001221001221
2.34432234432234	7.03296703296703	4.02930402930403
2.41758241758242	7.37484737484737	4.66422466422466
2.12454212454212	8.15628815628816	6.00732600732601
1.1965811965812	7.22832722832723	5.88522588522589
2.27106227106227	10.8913308913309	7.76556776556777
1.61172161172161	9.45054945054945	4.17582417582418
2.1001221001221	9.35286935286935	3.46764346764347
2.12454212454212	6.47130647130647	1.02564102564103
3.22344322344322	2.07570207570208	-1.80708180708181
3.1013431013431	-1.001221001221	-2.88156288156288
1.70940170940171	-4.3956043956044	-1.9047619047619
1.53846153846154	-4.004884004884	-0.366300366300366
0.268620268620269	-4.61538461538461	0.0244200244200244
-0.781440781440781	-5.54334554334554	1.56288156288156
-4.95726495726496	-9.69474969474969	0.0488400488400488
-7.35042735042735	-15.4578754578755	-2.78388278388278
-5.32356532356532	-16.7521367521368	-3.49206349206349
-4.68864468864469	-17.6800976800977	-2.1001221001221
-4.66422466422466	-16.4346764346764	-2.12454212454212
-1.83150183150183	-14.1636141636142	-0.83028083028083
0.561660561660562	-11.3797313797314	0.537240537240537
0.732600732600733	-9.54822954822955	0.659340659340659
2.51526251526252	-5.44566544566545	1.48962148962149
4.49328449328449	-1.39194139194139	3.27228327228327
6.17826617826618	4.3956043956044	5.71428571428571
7.88766788766789	9.86568986568987	7.69230769230769
9.25518925518926	14.4078144078144	8.37606837606838
9.08424908424908	16.8986568986569	8.54700854700855
11.5995115995116	19.2185592185592	8.37606837606838
11.6483516483516	21.2942612942613	7.81440781440781
14.3345543345543	24.2735042735043	8.5958485958486
14.6275946275946	27.1550671550672	9.79242979242979
14.2857142857143	27.2527472527473	8.57142857142857
17.1916971916972	30.2564102564103	10.6959706959707
16.9474969474969	29.4749694749695	9.5970695970696
17.8510378510379	29.3528693528694	9.74358974358974
17.3382173382173	30.6227106227106	9.74358974358974
17.9242979242979	31.3308913308913	9.98778998778999
18.5103785103785	33.8217338217338	11.6727716727717
16.2148962148962	30.8180708180708	11.5262515262515
15.3113553113553	31.037851037851	11.6727716727717
14.5054945054945	28.7667887667888	11.965811965812
11.1599511599512	24.1269841269841	9.69474969474969
9.54822954822955	21.953601953602	9.13308913308913
9.5970695970696	20.02442002442	8.66910866910867
9.03540903540904	15.6776556776557	6.83760683760684
9.4993894993895	12.014652014652	6.47130647130647
9.54822954822955	8.18070818070818	4.71306471306471
10.1831501831502	4.22466422466422	2.63736263736264
10.2564102564103	2.61294261294261	2.36874236874237
9.74358974358974	3.1013431013431	2.53968253968254
9.5970695970696	1.61172161172161	2.95482295482295
7.47252747252747	-2.22222222222222	2.07570207570208
4.95726495726496	-6.32478632478632	1.70940170940171
2.93040293040293	-10.6959706959707	-0.341880341880342
0.781440781440781	-16.4590964590965	-3.41880341880342
-1.34310134310134	-21.6361416361416	-6.47130647130647
-3.83394383394383	-25.030525030525	-10.1343101343101
-3.90720390720391	-28.3272283272283	-13.4065934065934
-4.83516483516483	-31.6483516483516	-15.042735042735
-5.78754578754579	-33.040293040293	-16.6788766788767
-4.68864468864469	-31.037851037851	-16.3369963369963
-4.34676434676435	-27.5213675213675	-13.0647130647131
-4.51770451770452	-27.4481074481074	-11.4285714285714
-4.85958485958486	-27.2771672771673	-9.96336996336996
-6.17826617826618	-26.7155067155067	-7.98534798534799
-6.03174603174603	-25.7631257631258	-7.61904761904762
-4.76190476190476	-23.3455433455433	-5.68986568986569
-3.32112332112332	-19.0720390720391	-4.76190476190476
-0.366300366300366	-12.7472527472527	-2.71062271062271
1.73382173382173	-9.18192918192918	-1.26984126984127
2.02686202686203	-7.64346764346764	0.0244200244200244
2.73504273504274	-3.98046398046398	1.24542124542125
2.27106227106227	-4.15140415140415	2.51526251526252
0.21978021978022	-4.83516483516483	2.85714285714286
-1.05006105006105	-5.27472527472527	1.12332112332112
-1.56288156288156	-6.61782661782662	0.0976800976800977
-0.708180708180708	-3.22344322344322	-0.293040293040293
-0.122100122100122	-0.0732600732600733	-0.43956043956044
1.63614163614164	1.88034188034188	-0.610500610500611
1.9047619047619	3.66300366300366	-0.634920634920635
2.31990231990232	3.2967032967033	-0.317460317460317
1.83150183150183	1.51404151404151	-1.22100122100122
0.341880341880342	-2.85714285714286	-5.03052503052503
-3.76068376068376	-8.37606837606838	-8.88888888888889
-3.27228327228327	-8.98656898656899	-8.10744810744811
1.51404151404151	-4.49328449328449	-4.71306471306471
-0.708180708180708	-6.34920634920635	-5.44566544566545
0.0976800976800977	-3.80952380952381	-3.88278388278388
3.51648351648352	4.15140415140415	1.1965811965812
2.49084249084249	3.32112332112332	1.07448107448107
0.732600732600733	0.317460317460317	0.293040293040293
-0.683760683760684	-1.73382173382173	-1.34310134310134
-1.46520146520147	-3.73626373626374	-2.02686202686203
-0.146520146520147	-4.93284493284493	-2.85714285714286
0.390720390720391	-6.54456654456654	-3.51648351648352
-1.29426129426129	-7.91208791208791	-3.68742368742369
-1.24542124542125	-5.86080586080586	-2.51526251526252
-0.83028083028083	-6.61782661782662	-0.683760683760684
-1.97802197802198	-5.93406593406593	-0.146520146520147
-5.42124542124542	-5.25030525030525	-1.29426129426129
-5.76312576312576	-4.88400488400488	-1.17216117216117
-4.83516483516483	-6.34920634920635	-2.46642246642247
-4.59096459096459	-8.44932844932845	-3.71184371184371
-3.27228327228327	-8.86446886446886	-4.17582417582418
-1.88034188034188	-8.4981684981685	-4.004884004884
-0.732600732600733	-6.76434676434676	-4.17582417582418
0.708180708180708	-3.66300366300366	-2.90598290598291
2.17338217338217	1.56288156288156	-1.34310134310134
2.22222222222222	5.37240537240537	-0.561660561660562
2.12454212454212	5.90964590964591	-0.732600732600733
2.44200244200244	8.47374847374847	-0.390720390720391
3.003663003663	12.3565323565324	1.70940170940171
3.73626373626374	13.8461538461538	2.53968253968254
4.3956043956044	14.993894993895	2.75946275946276
5.93406593406593	16.1416361416361	4.22466422466422
5.76312576312576	15.2380952380952	3.05250305250305
5.37240537240537	16.2637362637363	3.2967032967033
5.32356532356532	16.1660561660562	4.85958485958486
5.32356532356532	17.6800976800977	6.1050061050061
4.51770451770452	20.6593406593407	8.42490842490843
4.3956043956044	20.7570207570208	9.25518925518926
2.80830280830281	19.6092796092796	8.71794871794872
2.61294261294261	18.4615384615385	8.35164835164835
0.415140415140415	14.8229548229548	5.47008547008547
0	13.4554334554335	4.88400488400488
0.0976800976800977	11.5506715506716	4.37118437118437
-0.390720390720391	9.81684981684982	3.22344322344322
-1.07448107448107	7.05738705738706	3.24786324786325
-1.1965811965812	6.98412698412698	2.71062271062271
-1.48962148962149	5.81196581196581	1.63614163614164
-1.34310134310134	5.44566544566545	1.22100122100122
-1.46520146520147	3.98046398046398	-0.0488400488400488
-2.83272283272283	0.415140415140415	-3.32112332112332
-4.59096459096459	-3.54090354090354	-5.22588522588523
-4.61538461538461	-3.61416361416361	-3.39438339438339
-3.05250305250305	-1.75824175824176	-1.46520146520147
-3.1990231990232	-0.488400488400488	0.390720390720391
-1.56288156288156	2.80830280830281	3.76068376068376
-0.757020757020757	3.58974358974359	5.64102564102564
-1.41636141636142	3.1013431013431	5.05494505494505
-2.51526251526252	-0.293040293040293	2.88156288156288
-3.1013431013431	0.683760683760684	3.15018315018315
-1.97802197802198	0.927960927960928	3.24786324786325
-2.49084249084249	1.0989010989011	0.903540903540904
