9.03540903540904	10.8913308913309	10.7203907203907
8.03418803418803	10.2808302808303	9.42612942612943
7.3992673992674	8.15628815628816	8.96214896214896
7.05738705738706	7.98534798534799	7.64346764346764
8.03418803418803	9.32844932844933	8.76678876678877
8.71794871794872	11.1599511599512	9.62148962148962
7.42368742368742	10.7936507936508	9.42612942612943
8.35164835164835	9.62148962148962	9.91452991452991
6.52014652014652	9.25518925518926	9.45054945054945
5.47008547008547	10.03663003663	9.18192918192918
5.3968253968254	10.2319902319902	7.61904761904762
4.68864468864469	9.52380952380952	6.56898656898657
4.02930402930403	9.05982905982906	6.03174603174603
4.3956043956044	8.2051282051282	6.03174603174603
5.64102564102564	8.35164835164835	5.73870573870574
5.03052503052503	8.88888888888889	6.4957264957265
5.17704517704518	9.52380952380952	6.78876678876679
4.73748473748474	8.13186813186813	5.98290598290598
3.73626373626374	8.42490842490843	7.10622710622711
3.39438339438339	8.08302808302808	6.37362637362637
3.17460317460317	8.27838827838828	5.83638583638584
2.41758241758242	7.2039072039072	5.71428571428571
4.66422466422466	7.83882783882784	4.68864468864469
5.1037851037851	8.62026862026862	5.59218559218559
5.51892551892552	7.96092796092796	5.3968253968254
6.52014652014652	9.96336996336996	6.71550671550672
6.73992673992674	10.7448107448107	7.15506715506716
7.2039072039072	11.1843711843712	8.4004884004884
5.34798534798535	9.54822954822955	6.66666666666667
5.83638583638584	9.10866910866911	6.3003663003663
7.32600732600733	11.4041514041514	8.08302808302808
5.61660561660562	9.37728937728938	6.32478632478632
5.81196581196581	8.18070818070818	7.03296703296703
5.93406593406593	9.37728937728938	6.47130647130647
5.88522588522589	8.71794871794872	6.3003663003663
5.3968253968254	9.71916971916972	5.49450549450549
6.93528693528694	10.4517704517705	6.3980463980464
8.5958485958486	11.1599511599512	7.25274725274725
8.08302808302808	11.3064713064713	7.08180708180708
7.54578754578755	10.6959706959707	7.17948717948718
6.76434676434676	10.7936507936508	7.13064713064713
4.66422466422466	9.08424908424908	5.76312576312576
4.61538461538461	8.03418803418803	4.49328449328449
4.73748473748474	8.4981684981685	5.78754578754579
5.17704517704518	8.71794871794872	6.54456654456654
4.71306471306471	9.08424908424908	7.2039072039072
6.61782661782662	9.47496947496948	8.4004884004884
7.4969474969475	9.74358974358974	9.62148962148962
8.47374847374847	11.4774114774115	11.0866910866911
7.13064713064713	10.03663003663	9.35286935286935
7.42368742368742	10.6715506715507	8.3028083028083
5.2991452991453	9.37728937728938	6.64224664224664
4.49328449328449	8.2051282051282	6.78876678876679
2.24664224664225	6.95970695970696	4.59096459096459
2.05128205128205	6.86202686202686	5.37240537240537
3.98046398046398	9.23076923076923	7.05738705738706
4.42002442002442	9.27960927960928	6.56898656898657
4.004884004884	8.5958485958486	7.13064713064713
6.59340659340659	10.5494505494505	7.86324786324786
7.88766788766789	11.3797313797314	8.3028083028083
8.74236874236874	11.6727716727717	7.42368742368742
9.4993894993895	11.8437118437118	7.4969474969475
9.37728937728938	10.7936507936508	8.10744810744811
7.35042735042735	10.4029304029304	7.76556776556777
6.05616605616606	9.32844932844933	8.54700854700855
5.49450549450549	9.98778998778999	8.66910866910867
4.22466422466422	9.79242979242979	8.32722832722833
6.59340659340659	10.4029304029304	10.5006105006105
7.17948717948718	10.03663003663	9.79242979242979
7.78998778998779	10.4761904761905	10.3540903540904
7.15506715506716	9.23076923076923	9.91452991452991
7.10622710622711	9.42612942612943	9.76800976800977
4.81074481074481	6.64224664224664	9.13308913308913
4.17582417582418	5.66544566544567	8.10744810744811
6.2026862026862	8.88888888888889	10.5738705738706
4.56654456654457	7.17948717948718	9.23076923076923
4.46886446886447	7.3992673992674	8.44932844932845
6.12942612942613	6.81318681318681	9.32844932844933
5.05494505494505	6.2026862026862	7.86324786324786
3.07692307692308	3.39438339438339	6.17826617826618
3.90720390720391	4.51770451770452	6.69108669108669
3.34554334554335	4.17582417582418	6.05616605616606
6.25152625152625	4.37118437118437	6.91086691086691
6.98412698412698	5.76312576312576	6.56898656898657
7.3015873015873	7.13064713064713	7.32600732600733
6.56898656898657	8.13186813186813	7.83882783882784
5.73870573870574	8.3028083028083	8.37606837606838
5.17704517704518	7.59462759462759	9.05982905982906
3.73626373626374	6.69108669108669	6.64224664224664
5.34798534798535	6.93528693528694	6.66666666666667
5.47008547008547	7.03296703296703	7.05738705738706
4.95726495726496	6.54456654456654	7.22832722832723
4.56654456654457	6.03174603174603	7.74114774114774
4.73748473748474	7.52136752136752	8.03418803418803
5.68986568986569	7.37484737484737	7.83882783882784
5.12820512820513	8.3028083028083	7.32600732600733
5.47008547008547	7.4969474969475	5.76312576312576
5.2991452991453	6.42246642246642	5.32356532356532
5.03052503052503	6.64224664224664	5.51892551892552
5.05494505494505	6.3980463980464	6.47130647130647
3.78510378510378	5.88522588522589	5.54334554334554
3.83394383394383	5.88522588522589	4.68864468864469
4.66422466422466	6.27594627594628	6.47130647130647
3.98046398046398	5.73870573870574	5.34798534798535
3.73626373626374	6.3980463980464	6.81318681318681
5.68986568986569	7.93650793650794	7.3992673992674
6.27594627594628	8.57142857142857	8.42490842490843
7.54578754578755	8.25396825396825	8.5958485958486
6.91086691086691	7.52136752136752	8.4981684981685
6.76434676434676	7.54578754578755	8.79120879120879
6.4957264957265	7.98534798534799	8.66910866910867
4.32234432234432	7.27716727716728	8.81562881562882
4.88400488400488	6.83760683760684	8.35164835164835
6.2026862026862	7.71672771672772	8.79120879120879
6.56898656898657	6.78876678876679	7.83882783882784
7.81440781440781	7.83882783882784	7.44810744810745
8.69352869352869	7.54578754578755	6.83760683760684
7.37484737484737	4.98168498168498	5.37240537240537
6.52014652014652	4.95726495726496	4.78632478632479
5.83638583638584	4.85958485958486	5.15262515262515
4.88400488400488	5.2014652014652	5.2991452991453
5.2991452991453	4.90842490842491	6.1050061050061
5.25030525030525	4.15140415140415	6.27594627594628
5.56776556776557	4.34676434676435	4.85958485958486
5.49450549450549	3.95604395604396	6.56898656898657
5.00610500610501	4.83516483516483	5.88522588522589
5.07936507936508	3.80952380952381	6.44688644688645
4.73748473748474	2.66178266178266	7.96092796092796
3.98046398046398	2.27106227106227	7.03296703296703
3.22344322344322	2.1001221001221	6.03174603174603
3.1990231990232	3.51648351648352	5.42124542124542
2.07570207570208	3.83394383394383	3.93162393162393
2.97924297924298	3.41880341880342	4.34676434676435
4.54212454212454	3.93162393162393	4.49328449328449
4.3956043956044	3.003663003663	4.17582417582418
2.95482295482295	1.14774114774115	3.2967032967033
4.73748473748474	2.80830280830281	5.22588522588523
4.07814407814408	2.34432234432234	5.03052503052503
3.41880341880342	2.53968253968254	5.15262515262515
2.66178266178266	2.24664224664225	4.51770451770452
3.85836385836386	3.76068376068376	5.00610500610501
3.51648351648352	3.49206349206349	5.90964590964591
2.41758241758242	1.68498168498168	4.88400488400488
2.1001221001221	1.9047619047619	3.66300366300366
1.12332112332112	1.44078144078144	4.81074481074481
0.170940170940171	1.0989010989011	3.46764346764347
1.17216117216117	1.88034188034188	4.2002442002442
2.53968253968254	2.1001221001221	5.73870573870574
2.56410256410256	3.32112332112332	5.47008547008547
2.95482295482295	3.24786324786325	5.2991452991453
3.90720390720391	3.76068376068376	4.22466422466422
2.39316239316239	2.71062271062271	3.12576312576313
2.02686202686203	0.390720390720391	2.56410256410256
-0.390720390720391	-0.976800976800977	1.34310134310134
-0.293040293040293	-1.61172161172161	2.2954822954823
2.02686202686203	0.170940170940171	2.05128205128205
0.512820512820513	-0.708180708180708	1.46520146520147
0.537240537240537	-2.34432234432234	0.170940170940171
2.44200244200244	0.854700854700855	1.24542124542125
1.70940170940171	-1.0989010989011	-0.0976800976800977
1.12332112332112	-1.0989010989011	0.43956043956044
1.29426129426129	0.366300366300366	1.97802197802198
0.317460317460317	-0.781440781440781	1.51404151404151
0.0976800976800977	0.781440781440781	2.02686202686203
0.561660561660562	2.22222222222222	2.39316239316239
1.12332112332112	4.02930402930403	2.1001221001221
1.92918192918193	5.71428571428571	2.80830280830281
2.83272283272283	5.93406593406593	3.71184371184371
2.93040293040293	6.81318681318681	4.07814407814408
2.31990231990232	6.61782661782662	3.66300366300366
1.85592185592186	6.17826617826618	3.68742368742369
2.31990231990232	5.3968253968254	2.58852258852259
3.17460317460317	3.68742368742369	2.75946275946276
3.98046398046398	3.49206349206349	2.80830280830281
4.34676434676435	3.51648351648352	2.75946275946276
6.17826617826618	4.73748473748474	3.17460317460317
4.004884004884	2.93040293040293	2.66178266178266
3.07692307692308	1.0989010989011	2.07570207570208
2.75946275946276	0.805860805860806	3.44322344322344
0.805860805860806	-1.73382173382173	1.78266178266178
-0.0732600732600733	-2.61294261294261	-0.415140415140415
2.34432234432234	-1.51404151404151	0.390720390720391
2.95482295482295	-1.58730158730159	-0.537240537240537
3.27228327228327	-0.879120879120879	-0.146520146520147
2.78388278388278	-1.66056166056166	-0.341880341880342
1.92918192918193	-1.44078144078144	0.0488400488400488
0.293040293040293	-2.002442002442	0.659340659340659
0.122100122100122	-1.75824175824176	1.46520146520147
0.634920634920635	-1.31868131868132	1.07448107448107
0.927960927960928	-1.41636141636142	-0.21978021978022
1.80708180708181	-0.341880341880342	1.22100122100122
2.51526251526252	-0.586080586080586	0.0244200244200244
2.36874236874237	-0.317460317460317	0.586080586080586
2.73504273504274	0.708180708180708	0.976800976800977
2.12454212454212	1.31868131868132	1.29426129426129
-1.07448107448107	0.170940170940171	-0.83028083028083
0.537240537240537	1.73382173382173	0.927960927960928
-0.757020757020757	-0.268620268620269	0.952380952380952
-0.610500610500611	-0.0732600732600733	0.732600732600733
1.70940170940171	0.683760683760684	2.78388278388278
2.02686202686203	1.70940170940171	2.39316239316239
1.29426129426129	1.44078144078144	2.24664224664225
2.05128205128205	0.268620268620269	2.12454212454212
1.24542124542125	-0.0732600732600733	2.63736263736264
-0.366300366300366	-0.122100122100122	1.85592185592186
0.0244200244200244	1.36752136752137	2.75946275946276
-0.610500610500611	2.22222222222222	2.93040293040293
0.634920634920635	1.39194139194139	2.02686202686203
1.46520146520147	3.54090354090354	2.1001221001221
2.53968253968254	3.36996336996337	1.95360195360195
3.15018315018315	3.78510378510378	1.48962148962149
3.98046398046398	3.68742368742369	1.83150183150183
5.2014652014652	1.56288156288156	1.24542124542125
3.58974358974359	0	-0.244200244200244
3.46764346764347	-1.14774114774115	-0.683760683760684
2.75946275946276	-2.80830280830281	-2.66178266178266
0.805860805860806	-4.24908424908425	-2.36874236874237
-0.0976800976800977	-5.88522588522589	-2.56410256410256
0.122100122100122	-5.44566544566545	-1.56288156288156
1.70940170940171	-4.68864468864469	-1.9047619047619
-0.952380952380952	-5.90964590964591	-3.90720390720391
-1.88034188034188	-6.34920634920635	-4.2002442002442
-1.51404151404151	-6.15384615384615	-3.1990231990232
0.390720390720391	-4.17582417582418	-1.12332112332112
-1.14774114774115	-5.2991452991453	-1.24542124542125
-1.05006105006105	-4.15140415140415	-0.0732600732600733
1.29426129426129	-2.44200244200244	0.561660561660562
1.07448107448107	-2.41758241758242	0.512820512820513
-0.0976800976800977	-2.1978021978022	-0.683760683760684
0.415140415140415	-1.48962148962149	0
1.26984126984127	0.757020757020757	1.001221001221
0.659340659340659	0.512820512820513	1.17216117216117
1.07448107448107	0.879120879120879	1.83150183150183
-0.805860805860806	1.0989010989011	2.34432234432234
-1.1965811965812	0.415140415140415	1.41636141636142
-1.07448107448107	1.61172161172161	1.02564102564103
-1.17216117216117	-0.170940170940171	-0.805860805860806
0.0732600732600733	-1.80708180708181	-2.17338217338217
0.561660561660562	-1.63614163614164	-2.66178266178266
0.854700854700855	-3.15018315018315	-3.46764346764347
2.34432234432234	-1.17216117216117	-1.48962148962149
3.46764346764347	1.53846153846154	-0.0732600732600733
3.12576312576313	0.781440781440781	-0.0488400488400488
-0.732600732600733	0.293040293040293	-0.512820512820513
-0.170940170940171	1.56288156288156	0.122100122100122
4.63980463980464	5.2014652014652	2.49084249084249
2.83272283272283	3.05250305250305	0.879120879120879
2.53968253968254	1.41636141636142	-0.0732600732600733
3.003663003663	0.317460317460317	0.122100122100122
4.12698412698413	0.586080586080586	-0.0732600732600733
3.80952380952381	-0.0732600732600733	-1.36752136752137
1.31868131868132	-1.68498168498168	-1.51404151404151
0.757020757020757	-2.46642246642247	-1.53846153846154
1.73382173382173	-1.29426129426129	-1.48962148962149
-0.317460317460317	-3.07692307692308	-2.68620268620269
-3.34554334554335	-3.58974358974359	-4.88400488400488
-2.46642246642247	-4.004884004884	-4.95726495726496
-1.31868131868132	-4.54212454212454	-3.85836385836386
-0.781440781440781	-4.68864468864469	-4.05372405372405
0	-5.59218559218559	-2.34432234432234
-1.92918192918193	-6.52014652014652	-1.95360195360195
-2.02686202686203	-6.12942612942613	-1.92918192918193
-1.73382173382173	-6.17826617826618	-0.927960927960928
-3.46764346764347	-6.59340659340659	-1.92918192918193
-3.2967032967033	-7.2039072039072	-3.12576312576313
-2.002442002442	-5.32356532356532	-3.34554334554335
-3.27228327228327	-5.51892551892552	-2.78388278388278
-1.78266178266178	-5.15262515262515	-1.0989010989011
1.70940170940171	-2.36874236874237	0.463980463980464
0.757020757020757	-3.73626373626374	1.41636141636142
1.85592185592186	-3.1990231990232	2.61294261294261
3.15018315018315	-2.2954822954823	3.07692307692308
3.15018315018315	-4.37118437118437	0.976800976800977
2.1978021978022	-3.88278388278388	0.634920634920635
1.9047619047619	-4.46886446886447	0.21978021978022
0.879120879120879	-4.05372405372405	-2.14896214896215
0.170940170940171	-3.1990231990232	-1.92918192918193
0	-3.54090354090354	-1.46520146520147
1.05006105006105	-2.51526251526252	-1.58730158730159
1.92918192918193	-1.12332112332112	1.31868131868132
1.56288156288156	-1.001221001221	0.0732600732600733
1.58730158730159	-1.58730158730159	0.561660561660562
1.001221001221	-3.22344322344322	-0.21978021978022
-0.170940170940171	-4.27350427350427	-0.0488400488400488
-1.95360195360195	-4.98168498168498	-1.07448107448107
-2.49084249084249	-5.44566544566545	-1.68498168498168
-0.927960927960928	-5.95848595848596	-1.1965811965812
-0.195360195360195	-6.44688644688645	-1.85592185592186
-0.879120879120879	-5.44566544566545	-0.854700854700855
-1.05006105006105	-5.59218559218559	-2.36874236874237
1.24542124542125	-2.80830280830281	-1.05006105006105
1.44078144078144	-2.51526251526252	-0.708180708180708
3.34554334554335	-2.27106227106227	0
3.15018315018315	-1.73382173382173	0.0732600732600733
3.15018315018315	-1.80708180708181	-0.659340659340659
3.54090354090354	-0.317460317460317	0.0244200244200244
2.31990231990232	-0.561660561660562	-0.586080586080586
1.14774114774115	-3.15018315018315	-1.68498168498168
1.0989010989011	-2.14896214896215	-1.001221001221
4.02930402930403	-1.26984126984127	1.24542124542125
2.24664224664225	-1.88034188034188	0.757020757020757
3.24786324786325	-1.83150183150183	0.610500610500611
4.56654456654457	-1.34310134310134	0.854700854700855
4.85958485958486	-0.170940170940171	1.34310134310134
4.63980463980464	-0.390720390720391	1.02564102564103
3.27228327228327	0.341880341880342	0.537240537240537
1.17216117216117	-0.366300366300366	0.805860805860806
1.0989010989011	-1.22100122100122	0.757020757020757
1.24542124542125	-1.22100122100122	0.659340659340659
0.757020757020757	-2.07570207570208	0
1.07448107448107	-1.46520146520147	0.0244200244200244
1.0989010989011	-2.17338217338217	0.0244200244200244
0.0488400488400488	-4.98168498168498	-0.634920634920635
-1.48962148962149	-4.98168498168498	-1.51404151404151
-2.36874236874237	-4.71306471306471	-1.14774114774115
-1.07448107448107	-3.56532356532357	-1.31868131868132
-1.44078144078144	-2.22222222222222	-0.21978021978022
-1.07448107448107	-2.66178266178266	0.317460317460317
-0.0732600732600733	-1.41636141636142	1.26984126984127
0.879120879120879	-0.683760683760684	1.22100122100122
0.268620268620269	-0.83028083028083	1.001221001221
0.634920634920635	-1.85592185592186	-1.24542124542125
4.1025641025641	-0.879120879120879	0.0244200244200244
3.27228327228327	-0.293040293040293	0.732600732600733
2.1001221001221	-1.41636141636142	1.001221001221
1.41636141636142	-1.83150183150183	0.976800976800977
1.95360195360195	-0.879120879120879	2.41758241758242
1.0989010989011	-2.07570207570208	2.1978021978022
0.366300366300366	-3.1990231990232	1.07448107448107
1.85592185592186	-3.46764346764347	-0.0244200244200244
2.51526251526252	-1.63614163614164	0.732600732600733
1.88034188034188	-1.9047619047619	0.21978021978022
0.659340659340659	-3.22344322344322	-0.195360195360195
-0.732600732600733	-2.78388278388278	0
-1.29426129426129	-3.1990231990232	-0.293040293040293
-3.15018315018315	-3.66300366300366	-0.732600732600733
-3.46764346764347	-4.2979242979243	-1.36752136752137
-2.63736263736264	-5.73870573870574	-2.24664224664225
-1.78266178266178	-5.00610500610501	-1.66056166056166
-1.92918192918193	-5.90964590964591	-1.97802197802198
0.244200244200244	-3.88278388278388	-1.51404151404151
-0.170940170940171	-3.58974358974359	-0.781440781440781
-0.0976800976800977	-3.24786324786325	-0.122100122100122
0.195360195360195	-1.95360195360195	0.610500610500611
-0.195360195360195	-1.12332112332112	1.9047619047619
-1.95360195360195	-1.58730158730159	1.1965811965812
-1.97802197802198	-1.63614163614164	1.1965811965812
-1.17216117216117	-2.31990231990232	-0.195360195360195
-1.17216117216117	-3.15018315018315	-1.88034188034188
-0.537240537240537	-3.71184371184371	-2.31990231990232
1.63614163614164	-2.61294261294261	-3.34554334554335
2.07570207570208	-2.36874236874237	-2.85714285714286
0.0976800976800977	-4.004884004884	-4.17582417582418
-0.732600732600733	-2.83272283272283	-3.2967032967033
-1.1965811965812	-2.80830280830281	-2.73504273504274
-1.80708180708181	-2.36874236874237	-2.53968253968254
-2.41758241758242	-2.41758241758242	-3.07692307692308
-1.12332112332112	-3.76068376068376	-3.61416361416361
0.0244200244200244	-3.51648351648352	-3.32112332112332
0.463980463980464	-3.98046398046398	-2.88156288156288
0.415140415140415	-2.002442002442	-1.85592185592186
1.46520146520147	-0.927960927960928	-0.0488400488400488
1.53846153846154	-0.390720390720391	1.66056166056166
0.170940170940171	-0.366300366300366	2.51526251526252
-0.976800976800977	-1.001221001221	2.1001221001221
-0.903540903540904	-0.83028083028083	1.26984126984127
-0.366300366300366	-0.195360195360195	0.463980463980464
1.70940170940171	-1.29426129426129	1.78266178266178
3.1013431013431	-1.85592185592186	0.0488400488400488
3.88278388278388	-1.36752136752137	-0.537240537240537
4.66422466422466	0.122100122100122	0.366300366300366
1.85592185592186	-0.586080586080586	-0.341880341880342
0.659340659340659	-0.879120879120879	0.0976800976800977
-0.512820512820513	0.146520146520147	-0.634920634920635
-0.854700854700855	0.463980463980464	-0.268620268620269
-0.586080586080586	1.48962148962149	-1.0989010989011
0.708180708180708	1.39194139194139	-1.14774114774115
1.70940170940171	-0.21978021978022	-1.39194139194139
4.22466422466422	1.58730158730159	-1.44078144078144
3.51648351648352	0.537240537240537	-1.51404151404151
2.22222222222222	0.21978021978022	-2.56410256410256
1.83150183150183	0.512820512820513	-1.66056166056166
-0.488400488400488	-1.36752136752137	-2.002442002442
-3.95604395604396	-1.88034188034188	-3.46764346764347
-5.64102564102564	-3.73626373626374	-3.54090354090354
-5.90964590964591	-4.17582417582418	-3.98046398046398
-5.44566544566545	-4.49328449328449	-4.46886446886447
-3.58974358974359	-5.32356532356532	-4.42002442002442
-2.49084249084249	-4.90842490842491	-4.3956043956044
-1.05006105006105	-4.34676434676435	-2.27106227106227
-1.39194139194139	-3.27228327228327	-3.07692307692308
-1.70940170940171	-4.42002442002442	-4.05372405372405
-2.71062271062271	-4.32234432234432	-3.58974358974359
-3.73626373626374	-4.2002442002442	-5.12820512820513
-3.34554334554335	-4.3956043956044	-6.3980463980464
-3.66300366300366	-3.95604395604396	-6.71550671550672
-2.53968253968254	-2.75946275946276	-4.24908424908425
2.05128205128205	-0.659340659340659	-1.83150183150183
2.80830280830281	-0.0488400488400488	-0.0732600732600733
1.85592185592186	-0.708180708180708	0.0976800976800977
0.415140415140415	-0.610500610500611	-0.610500610500611
-2.49084249084249	-1.88034188034188	-2.24664224664225
-4.61538461538461	-4.02930402930403	-3.63858363858364
-4.1025641025641	-2.27106227106227	-4.02930402930403
-0.952380952380952	-0.21978021978022	-1.68498168498168
0.83028083028083	0.879120879120879	-1.56288156288156
0.952380952380952	1.61172161172161	-0.366300366300366
1.12332112332112	1.24542124542125	-0.390720390720391
0.293040293040293	1.95360195360195	0.244200244200244
-1.36752136752137	1.29426129426129	-0.683760683760684
-3.12576312576313	1.73382173382173	-2.12454212454212
-3.66300366300366	1.29426129426129	-2.39316239316239
-5.37240537240537	-1.80708180708181	-4.24908424908425
-3.22344322344322	-2.46642246642247	-3.36996336996337
-0.952380952380952	-3.36996336996337	-3.46764346764347
-0.0244200244200244	-3.34554334554335	-1.88034188034188
0.170940170940171	-4.32234432234432	-1.85592185592186
1.75824175824176	-4.59096459096459	0.170940170940171
-0.537240537240537	-5.83638583638584	-0.732600732600733
-3.68742368742369	-6.88644688644689	-1.92918192918193
-3.05250305250305	-4.93284493284493	-1.31868131868132
-3.85836385836386	-5.81196581196581	-2.51526251526252
-5.90964590964591	-7.47252747252747	-3.17460317460317
-4.98168498168498	-5.78754578754579	-2.12454212454212
-4.93284493284493	-6.44688644688645	-1.80708180708181
-2.49084249084249	-6.05616605616606	-1.46520146520147
-1.70940170940171	-5.64102564102564	-1.68498168498168
-0.488400488400488	-6.73992673992674	-1.56288156288156
-1.001221001221	-7.3015873015873	-1.88034188034188
-3.1013431013431	-8.64468864468864	-4.1025641025641
-4.76190476190476	-8.08302808302808	-4.34676434676435
-5.49450549450549	-7.64346764346764	-3.71184371184371
-5.71428571428571	-7.13064713064713	-3.39438339438339
-4.59096459096459	-5.59218559218559	-2.27106227106227
-2.63736263736264	-5.05494505494505	-0.317460317460317
-1.75824175824176	-4.12698412698413	-1.0989010989011
-1.34310134310134	-3.17460317460317	-0.21978021978022
0.708180708180708	-3.02808302808303	-0.512820512820513
1.24542124542125	-1.80708180708181	-0.43956043956044
1.48962148962149	-1.05006105006105	-0.21978021978022
1.24542124542125	-0.488400488400488	0.488400488400488
-1.85592185592186	-1.24542124542125	0.366300366300366
-1.58730158730159	-2.56410256410256	0
-0.708180708180708	-1.1965811965812	0.43956043956044
0	-0.683760683760684	1.22100122100122
0.0732600732600733	-0.659340659340659	0.268620268620269
1.9047619047619	-0.0244200244200244	0.879120879120879
3.90720390720391	-0.293040293040293	1.41636141636142
5.1037851037851	0.415140415140415	1.48962148962149
4.15140415140415	0.244200244200244	1.61172161172161
2.61294261294261	0.488400488400488	1.17216117216117
1.66056166056166	0.341880341880342	1.83150183150183
0.390720390720391	-1.1965811965812	2.53968253968254
-1.001221001221	-2.36874236874237	1.83150183150183
-0.43956043956044	-2.2954822954823	1.68498168498168
1.78266178266178	-0.488400488400488	1.07448107448107
4.24908424908425	0.781440781440781	1.41636141636142
4.22466422466422	-0.512820512820513	0.21978021978022
3.2967032967033	-0.683760683760684	-0.195360195360195
3.49206349206349	-0.0976800976800977	0.463980463980464
2.90598290598291	0.537240537240537	1.31868131868132
0.366300366300366	-1.44078144078144	1.51404151404151
-1.88034188034188	-3.51648351648352	0.781440781440781
-3.05250305250305	-4.44444444444444	0.512820512820513
-3.07692307692308	-5.83638583638584	-0.122100122100122
-2.46642246642247	-5.03052503052503	-0.488400488400488
-3.003663003663	-5.42124542124542	-1.14774114774115
-1.48962148962149	-5.93406593406593	-1.92918192918193
-2.56410256410256	-5.81196581196581	-3.32112332112332
-2.83272283272283	-6.15384615384615	-3.80952380952381
-1.39194139194139	-4.12698412698413	-2.31990231990232
-2.85714285714286	-4.76190476190476	-2.63736263736264
-1.9047619047619	-4.44444444444444	-0.659340659340659
-1.92918192918193	-5.32356532356532	0.317460317460317
-2.41758241758242	-5.15262515262515	0.537240537240537
-3.1990231990232	-5.42124542124542	-1.39194139194139
1.92918192918193	-3.02808302808303	0.610500610500611
3.07692307692308	-3.2967032967033	0
3.22344322344322	-1.92918192918193	-0.83028083028083
2.31990231990232	-3.003663003663	0.0732600732600733
0.122100122100122	-3.46764346764347	-0.537240537240537
-1.48962148962149	-3.73626373626374	-0.83028083028083
-3.1990231990232	-4.78632478632479	0.0976800976800977
-0.927960927960928	-3.1990231990232	0.488400488400488
-0.0488400488400488	-2.39316239316239	-0.0976800976800977
0.341880341880342	-1.12332112332112	-0.390720390720391
0.708180708180708	-1.0989010989011	-1.29426129426129
0.268620268620269	-1.95360195360195	-1.36752136752137
-0.805860805860806	-2.41758241758242	-2.51526251526252
-3.54090354090354	-4.73748473748474	-3.51648351648352
-3.63858363858364	-4.54212454212454	-3.93162393162393
-2.63736263736264	-3.56532356532357	-2.58852258852259
-0.879120879120879	-2.78388278388278	-1.34310134310134
0.732600732600733	-1.39194139194139	0.195360195360195
4.24908424908425	0.268620268620269	2.83272283272283
3.46764346764347	0.634920634920635	1.24542124542125
3.36996336996337	-0.781440781440781	0.0488400488400488
2.44200244200244	-2.12454212454212	0.122100122100122
1.05006105006105	-3.17460317460317	-0.927960927960928
0.854700854700855	-2.85714285714286	-0.463980463980464
0.512820512820513	-2.56410256410256	-0.781440781440781
1.12332112332112	-1.78266178266178	1.0989010989011
0.757020757020757	-2.71062271062271	-0.317460317460317
1.14774114774115	-3.54090354090354	-0.561660561660562
-1.001221001221	-4.49328449328449	-1.9047619047619
-2.44200244200244	-4.2979242979243	-3.05250305250305
-3.63858363858364	-4.95726495726496	-3.32112332112332
-2.46642246642247	-4.54212454212454	-2.49084249084249
-1.53846153846154	-2.44200244200244	-1.22100122100122
-0.244200244200244	-1.51404151404151	-0.634920634920635
0.195360195360195	-0.805860805860806	1.07448107448107
2.34432234432234	1.1965811965812	1.44078144078144
1.88034188034188	0.43956043956044	1.92918192918193
-0.0244200244200244	0.854700854700855	1.22100122100122
-1.80708180708181	0.21978021978022	0.732600732600733
-2.27106227106227	0.927960927960928	0.415140415140415
-1.88034188034188	0.683760683760684	0.0732600732600733
-3.32112332112332	-1.05006105006105	-1.17216117216117
-1.78266178266178	-0.170940170940171	-0.0488400488400488
-0.586080586080586	-0.976800976800977	0.293040293040293
0.244200244200244	-0.0976800976800977	0.122100122100122
0.0244200244200244	1.1965811965812	1.56288156288156
-1.9047619047619	-1.78266178266178	-0.0976800976800977
-2.49084249084249	-0.83028083028083	0.610500610500611
-2.75946275946276	-1.80708180708181	-0.781440781440781
-2.24664224664225	-0.512820512820513	-0.708180708180708
-1.85592185592186	-0.854700854700855	-1.0989010989011
-3.49206349206349	-3.58974358974359	-2.80830280830281
-0.244200244200244	-1.68498168498168	-0.170940170940171
1.31868131868132	-1.9047619047619	0.463980463980464
1.07448107448107	-2.27106227106227	-0.659340659340659
0.586080586080586	-2.34432234432234	0.0976800976800977
-1.29426129426129	-4.3956043956044	0.0976800976800977
-4.51770451770452	-5.44566544566545	-1.44078144078144
-6.76434676434676	-6.61782661782662	-2.14896214896215
-8.69352869352869	-7.13064713064713	-3.44322344322344
-7.15506715506716	-7.17948717948718	-4.32234432234432
-6.12942612942613	-8.69352869352869	-5.32356532356532
-5.07936507936508	-8.42490842490843	-5.56776556776557
-3.63858363858364	-7.37484737484737	-4.71306471306471
-4.54212454212454	-6.00732600732601	-2.80830280830281
-5.90964590964591	-5.00610500610501	-1.83150183150183
-5.15262515262515	-5.3968253968254	-1.53846153846154
-6.2026862026862	-4.81074481074481	-2.27106227106227
-5.49450549450549	-6.3003663003663	-2.71062271062271
-6.69108669108669	-7.91208791208791	-5.71428571428571
-6.00732600732601	-8.32722832722833	-5.86080586080586
-2.36874236874237	-6.15384615384615	-3.88278388278388
-1.05006105006105	-4.05372405372405	-3.88278388278388
-0.976800976800977	-3.27228327228327	-1.85592185592186
-1.85592185592186	-2.02686202686203	-1.39194139194139
-0.976800976800977	-1.29426129426129	-0.43956043956044
-0.561660561660562	-2.2954822954823	-0.0976800976800977
-1.53846153846154	-2.1978021978022	0.0488400488400488
-0.683760683760684	-1.63614163614164	-0.561660561660562
0.415140415140415	0.512820512820513	-0.537240537240537
0.634920634920635	0.952380952380952	0.43956043956044
-1.88034188034188	-1.95360195360195	-1.58730158730159
-0.0244200244200244	-0.341880341880342	-0.512820512820513
0.952380952380952	-1.41636141636142	0.903540903540904
0.757020757020757	-0.781440781440781	0.903540903540904
-1.14774114774115	-0.366300366300366	1.73382173382173
-1.22100122100122	-1.24542124542125	1.46520146520147
-3.2967032967033	-0.927960927960928	0.293040293040293
-3.41880341880342	-0.659340659340659	-0.708180708180708
-3.80952380952381	-0.805860805860806	-1.83150183150183
-3.12576312576313	-0.708180708180708	-1.36752136752137
0.146520146520147	-0.21978021978022	-0.634920634920635
0.244200244200244	-0.390720390720391	1.07448107448107
-0.0732600732600733	-1.14774114774115	1.05006105006105
-1.34310134310134	-0.879120879120879	1.24542124542125
-2.02686202686203	-1.001221001221	0.195360195360195
-3.22344322344322	-3.98046398046398	-1.88034188034188
-3.12576312576313	-3.80952380952381	-2.17338217338217
-3.24786324786325	-4.17582417582418	-3.07692307692308
-4.17582417582418	-4.37118437118437	-2.49084249084249
-2.58852258852259	-3.46764346764347	-2.1001221001221
0.854700854700855	-1.44078144078144	1.85592185592186
-0.781440781440781	-0.170940170940171	2.05128205128205
0.659340659340659	1.85592185592186	4.17582417582418
1.80708180708181	4.05372405372405	5.44566544566545
0.415140415140415	2.63736263736264	3.32112332112332
0.317460317460317	0.927960927960928	1.48962148962149
-0.170940170940171	0.561660561660562	0.634920634920635
0.390720390720391	-0.757020757020757	-1.56288156288156
1.39194139194139	0.805860805860806	0.0488400488400488
0.0976800976800977	0.268620268620269	-0.195360195360195
-1.68498168498168	-1.58730158730159	0.634920634920635
-2.34432234432234	-3.07692307692308	-0.586080586080586
-2.1978021978022	-4.27350427350427	-1.85592185592186
-1.80708180708181	-4.07814407814408	-1.95360195360195
-2.22222222222222	-4.54212454212454	-2.56410256410256
-4.46886446886447	-6.44688644688645	-3.85836385836386
-2.53968253968254	-3.85836385836386	-2.02686202686203
-1.39194139194139	-3.2967032967033	-1.22100122100122
-0.732600732600733	-2.85714285714286	-0.512820512820513
-0.976800976800977	-3.41880341880342	-0.976800976800977
0.732600732600733	-3.63858363858364	0.976800976800977
1.92918192918193	-2.27106227106227	2.07570207570208
0.903540903540904	-2.22222222222222	0.708180708180708
1.14774114774115	-2.41758241758242	0.732600732600733
3.17460317460317	-0.390720390720391	0.317460317460317
2.07570207570208	-1.61172161172161	0.854700854700855
1.48962148962149	-2.46642246642247	-0.0976800976800977
0.195360195360195	-3.54090354090354	-0.683760683760684
0.952380952380952	-1.58730158730159	1.29426129426129
3.73626373626374	0.195360195360195	4.1025641025641
4.32234432234432	0.0244200244200244	3.05250305250305
4.95726495726496	1.66056166056166	3.003663003663
4.1025641025641	1.31868131868132	1.75824175824176
1.53846153846154	0.317460317460317	0.366300366300366
-0.195360195360195	-1.05006105006105	-0.732600732600733
0.244200244200244	-2.88156288156288	-0.903540903540904
-1.58730158730159	-4.71306471306471	-1.73382173382173
-1.58730158730159	-4.98168498168498	-2.1001221001221
-0.146520146520147	-3.76068376068376	-1.75824175824176
-0.879120879120879	-3.36996336996337	-1.31868131868132
-0.341880341880342	-3.68742368742369	-1.26984126984127
-0.0976800976800977	-3.02808302808303	-0.21978021978022
0.195360195360195	-4.22466422466422	-0.293040293040293
-0.659340659340659	-4.24908424908425	-0.732600732600733
-2.02686202686203	-5.27472527472527	-2.24664224664225
-2.66178266178266	-7.69230769230769	-3.27228327228327
-1.92918192918193	-6.25152625152625	-2.75946275946276
-1.12332112332112	-5.95848595848596	-0.805860805860806
-1.83150183150183	-5.17704517704518	-1.31868131868132
-2.49084249084249	-5.32356532356532	-0.927960927960928
-1.92918192918193	-6.71550671550672	-0.463980463980464
-2.58852258852259	-5.88522588522589	-1.58730158730159
-2.22222222222222	-6.3003663003663	-1.80708180708181
-0.732600732600733	-5.81196581196581	-2.1978021978022
1.80708180708181	-2.51526251526252	-1.26984126984127
3.17460317460317	-2.17338217338217	0.463980463980464
1.95360195360195	-1.24542124542125	1.39194139194139
2.51526251526252	-1.24542124542125	2.90598290598291
1.36752136752137	-0.146520146520147	3.17460317460317
1.0989010989011	-1.88034188034188	1.56288156288156
0.952380952380952	-2.83272283272283	2.90598290598291
1.1965811965812	-1.97802197802198	1.36752136752137
3.27228327228327	-0.0732600732600733	1.97802197802198
2.68620268620269	0.537240537240537	2.1978021978022
1.41636141636142	-0.317460317460317	2.12454212454212
1.39194139194139	-0.83028083028083	2.68620268620269
2.05128205128205	-0.512820512820513	3.58974358974359
1.66056166056166	-1.1965811965812	3.76068376068376
1.70940170940171	-0.561660561660562	3.90720390720391
0.879120879120879	-1.26984126984127	1.92918192918193
-0.610500610500611	-3.83394383394383	1.53846153846154
-0.0732600732600733	-3.88278388278388	-0.293040293040293
0.122100122100122	-3.88278388278388	-0.83028083028083
-2.58852258852259	-5.22588522588523	-2.73504273504274
-1.05006105006105	-3.36996336996337	-0.976800976800977
0.708180708180708	-2.68620268620269	0.683760683760684
-1.22100122100122	-4.15140415140415	-0.390720390720391
-2.02686202686203	-5.05494505494505	-0.561660561660562
-2.39316239316239	-4.2002442002442	-0.170940170940171
-3.49206349206349	-6.54456654456654	-2.07570207570208
-1.95360195360195	-7.44810744810745	-2.24664224664225
-3.41880341880342	-7.52136752136752	-3.66300366300366
-3.71184371184371	-8.18070818070818	-4.46886446886447
-3.63858363858364	-7.57020757020757	-4.24908424908425
-1.78266178266178	-7.05738705738706	-5.59218559218559
-2.53968253968254	-8.74236874236874	-5.47008547008547
-1.14774114774115	-7.57020757020757	-4.90842490842491
-0.83028083028083	-7.81440781440781	-5.05494505494505
-0.757020757020757	-6.93528693528694	-5.42124542124542
-1.05006105006105	-7.4969474969475	-5.83638583638584
-2.51526251526252	-8.00976800976801	-4.71306471306471
-2.05128205128205	-7.08180708180708	-2.80830280830281
-1.73382173382173	-6.78876678876679	-3.15018315018315
-0.83028083028083	-4.51770451770452	-1.61172161172161
0.415140415140415	-4.49328449328449	-1.73382173382173
1.36752136752137	-5.2991452991453	-1.83150183150183
0.390720390720391	-4.98168498168498	-2.83272283272283
0.879120879120879	-5.2991452991453	-1.39194139194139
-1.70940170940171	-5.03052503052503	-2.61294261294261
-1.83150183150183	-4.59096459096459	-0.879120879120879
-1.46520146520147	-4.76190476190476	-1.56288156288156
0.0244200244200244	-3.02808302808303	-1.97802197802198
2.17338217338217	-0.708180708180708	1.05006105006105
1.61172161172161	-0.659340659340659	0.390720390720391
2.85714285714286	0.610500610500611	0.976800976800977
4.81074481074481	1.07448107448107	3.24786324786325
2.97924297924298	0.659340659340659	1.83150183150183
2.05128205128205	-0.43956043956044	1.88034188034188
2.97924297924298	2.49084249084249	3.1013431013431
0.0732600732600733	1.46520146520147	1.9047619047619
-1.66056166056166	-0.146520146520147	0.903540903540904
-1.66056166056166	-0.415140415140415	0.488400488400488
-1.31868131868132	-0.879120879120879	1.31868131868132
-0.317460317460317	-0.488400488400488	0.586080586080586
-0.488400488400488	-0.610500610500611	1.31868131868132
0.634920634920635	-0.341880341880342	2.83272283272283
0.244200244200244	-0.0244200244200244	2.31990231990232
0.0488400488400488	-1.1965811965812	2.1001221001221
-2.78388278388278	-3.56532356532357	-0.83028083028083
-4.61538461538461	-5.15262515262515	-2.80830280830281
-4.2002442002442	-6.32478632478632	-4.02930402930403
-5.00610500610501	-6.76434676434676	-4.59096459096459
-3.05250305250305	-6.00732600732601	-4.56654456654457
-2.61294261294261	-5.32356532356532	-3.73626373626374
-2.53968253968254	-4.78632478632479	-3.02808302808303
-2.85714285714286	-6.95970695970696	-3.90720390720391
-3.56532356532357	-7.76556776556777	-4.59096459096459
-4.02930402930403	-9.25518925518926	-5.34798534798535
-4.51770451770452	-8.96214896214896	-6.76434676434676
-4.1025641025641	-9.18192918192918	-6.61782661782662
-3.88278388278388	-10.9401709401709	-7.22832722832723
-5.61660561660562	-12.8449328449328	-9.08424908424908
-7.10622710622711	-13.8461538461538	-8.15628815628816
-10.2075702075702	-14.8717948717949	-8.81562881562882
-9.47496947496948	-15.1159951159951	-7.98534798534799
-8.91330891330891	-14.4810744810745	-6.69108669108669
-9.5970695970696	-13.8461538461538	-6.98412698412698
-8.18070818070818	-12.6251526251526	-4.85958485958486
-7.00854700854701	-10.6959706959707	-4.90842490842491
-7.91208791208791	-11.6727716727717	-6.1050061050061
-8.84004884004884	-11.7948717948718	-4.71306471306471
-6.27594627594628	-8.4981684981685	-3.46764346764347
-4.66422466422466	-6.73992673992674	-3.44322344322344
-2.1001221001221	-4.49328449328449	-2.07570207570208
-1.0989010989011	-3.39438339438339	-2.1001221001221
-0.879120879120879	-4.17582417582418	-1.75824175824176
-1.95360195360195	-4.98168498168498	-1.1965811965812
-2.07570207570208	-5.34798534798535	-0.0244200244200244
-2.88156288156288	-4.3956043956044	0.537240537240537
-2.17338217338217	-3.80952380952381	2.71062271062271
-1.70940170940171	-3.78510378510378	3.90720390720391
-0.146520146520147	-2.02686202686203	4.37118437118437
0.341880341880342	-1.80708180708181	3.66300366300366
0.0976800976800977	-0.634920634920635	3.17460317460317
1.53846153846154	-0.0244200244200244	2.56410256410256
1.97802197802198	0.122100122100122	3.88278388278388
1.02564102564103	-0.903540903540904	2.27106227106227
-0.268620268620269	-1.58730158730159	1.46520146520147
-2.31990231990232	-2.51526251526252	-0.683760683760684
-2.44200244200244	-2.66178266178266	-2.07570207570208
-4.2002442002442	-5.34798534798535	-4.81074481074481
-4.93284493284493	-4.46886446886447	-6.25152625152625
-3.85836385836386	-4.12698412698413	-5.68986568986569
-4.004884004884	-3.003663003663	-5.90964590964591
-4.61538461538461	-2.83272283272283	-5.51892551892552
-4.37118437118437	-3.66300366300366	-5.44566544566545
-3.85836385836386	-2.02686202686203	-5.17704517704518
-2.95482295482295	-1.48962148962149	-5.07936507936508
-2.73504273504274	-0.293040293040293	-3.68742368742369
-1.73382173382173	1.001221001221	-2.75946275946276
1.95360195360195	0.952380952380952	-0.293040293040293
1.14774114774115	0.610500610500611	0.757020757020757
1.78266178266178	-0.952380952380952	1.53846153846154
2.51526251526252	-0.512820512820513	1.17216117216117
1.85592185592186	-0.122100122100122	0.708180708180708
1.61172161172161	-0.293040293040293	1.12332112332112
1.36752136752137	0.390720390720391	0.537240537240537
2.02686202686203	0.683760683760684	1.58730158730159
2.36874236874237	1.51404151404151	2.07570207570208
2.31990231990232	0.512820512820513	1.56288156288156
0.757020757020757	-0.195360195360195	1.58730158730159
-0.488400488400488	-0.610500610500611	1.56288156288156
-0.0488400488400488	0.83028083028083	1.39194139194139
-2.02686202686203	1.34310134310134	1.36752136752137
-1.92918192918193	1.41636141636142	0.0976800976800977
-0.268620268620269	0.21978021978022	-0.415140415140415
-1.26984126984127	-0.366300366300366	-1.17216117216117
-0.537240537240537	-1.36752136752137	-0.805860805860806
0.805860805860806	-0.268620268620269	-0.341880341880342
-1.26984126984127	-1.88034188034188	-0.708180708180708
-0.805860805860806	-2.73504273504274	-0.463980463980464
-1.70940170940171	-2.95482295482295	-1.78266178266178
-2.44200244200244	-3.46764346764347	-2.90598290598291
-3.17460317460317	-3.54090354090354	-4.78632478632479
-1.85592185592186	-1.92918192918193	-3.56532356532357
0.0732600732600733	-2.66178266178266	-3.68742368742369
0.488400488400488	-1.88034188034188	-3.58974358974359
1.53846153846154	-1.70940170940171	-1.88034188034188
1.51404151404151	0.0488400488400488	0.317460317460317
0.317460317460317	0.43956043956044	0.659340659340659
-1.66056166056166	-2.002442002442	0.415140415140415
0	0.317460317460317	2.53968253968254
1.56288156288156	-0.781440781440781	2.1001221001221
1.61172161172161	-0.732600732600733	0.683760683760684
1.39194139194139	-1.39194139194139	-0.390720390720391
1.26984126984127	-2.24664224664225	-0.952380952380952
1.39194139194139	-1.0989010989011	0.170940170940171
0.512820512820513	-2.22222222222222	1.85592185592186
-1.39194139194139	-2.22222222222222	1.51404151404151
0.488400488400488	-0.732600732600733	3.56532356532357
-0.0976800976800977	-2.95482295482295	3.34554334554335
-2.2954822954823	-3.44322344322344	0.43956043956044
-2.36874236874237	-3.46764346764347	-0.0732600732600733
-1.14774114774115	-2.56410256410256	0.0488400488400488
0.293040293040293	-1.41636141636142	0.634920634920635
0.683760683760684	-2.66178266178266	0.586080586080586
2.85714285714286	-0.927960927960928	1.95360195360195
1.68498168498168	-1.85592185592186	2.80830280830281
1.1965811965812	-0.610500610500611	3.22344322344322
0.83028083028083	-1.66056166056166	3.54090354090354
-0.0976800976800977	-1.70940170940171	2.90598290598291
-0.170940170940171	-1.46520146520147	1.53846153846154
1.61172161172161	-1.22100122100122	0.903540903540904
0.415140415140415	-1.17216117216117	-0.463980463980464
1.53846153846154	-1.41636141636142	-0.537240537240537
1.88034188034188	-3.22344322344322	-1.34310134310134
0.561660561660562	-3.15018315018315	-0.781440781440781
2.36874236874237	-1.51404151404151	1.39194139194139
0.146520146520147	-1.0989010989011	0.854700854700855
0	-1.26984126984127	1.26984126984127
2.14896214896215	-0.43956043956044	2.41758241758242
1.0989010989011	-0.708180708180708	1.73382173382173
1.34310134310134	-0.976800976800977	1.05006105006105
1.85592185592186	0.586080586080586	2.002442002442
2.66178266178266	1.68498168498168	2.93040293040293
2.75946275946276	1.58730158730159	3.003663003663
3.66300366300366	2.39316239316239	4.49328449328449
3.90720390720391	1.78266178266178	3.51648351648352
2.1978021978022	-0.683760683760684	2.14896214896215
1.70940170940171	-1.83150183150183	0.610500610500611
4.2002442002442	-0.781440781440781	2.07570207570208
2.56410256410256	-1.63614163614164	2.24664224664225
1.9047619047619	-1.70940170940171	1.46520146520147
1.48962148962149	0.83028083028083	1.61172161172161
2.85714285714286	1.9047619047619	2.71062271062271
1.26984126984127	-0.659340659340659	0.903540903540904
0.732600732600733	-0.537240537240537	1.22100122100122
1.12332112332112	0.0732600732600733	2.002442002442
2.75946275946276	2.39316239316239	2.02686202686203
3.32112332112332	2.22222222222222	1.36752136752137
3.68742368742369	1.51404151404151	1.36752136752137
3.44322344322344	1.9047619047619	0.757020757020757
3.85836385836386	1.56288156288156	0.634920634920635
4.68864468864469	3.54090354090354	2.49084249084249
2.07570207570208	1.92918192918193	2.66178266178266
1.24542124542125	0.952380952380952	2.31990231990232
2.85714285714286	2.31990231990232	2.93040293040293
4.15140415140415	3.46764346764347	4.004884004884
2.34432234432234	1.44078144078144	1.80708180708181
5.2991452991453	3.49206349206349	3.90720390720391
5.34798534798535	2.49084249084249	4.15140415140415
4.46886446886447	2.39316239316239	3.34554334554335
5.47008547008547	2.39316239316239	4.59096459096459
4.76190476190476	2.61294261294261	3.2967032967033
4.61538461538461	2.66178266178266	3.71184371184371
5.56776556776557	2.61294261294261	4.07814407814408
6.44688644688645	3.88278388278388	4.17582417582418
5.81196581196581	3.07692307692308	3.05250305250305
5.56776556776557	3.39438339438339	2.61294261294261
4.46886446886447	1.56288156288156	2.24664224664225
2.73504273504274	-0.805860805860806	1.61172161172161
2.95482295482295	-1.48962148962149	1.9047619047619
2.22222222222222	-1.66056166056166	2.39316239316239
0.586080586080586	-1.75824175824176	2.2954822954823
1.73382173382173	-0.244200244200244	3.88278388278388
1.92918192918193	-0.757020757020757	4.68864468864469
0.537240537240537	-1.48962148962149	3.83394383394383
-0.366300366300366	-2.05128205128205	3.66300366300366
0.415140415140415	-0.805860805860806	5.37240537240537
-0.317460317460317	-1.53846153846154	3.90720390720391
-1.73382173382173	-3.27228327228327	3.02808302808303
-0.512820512820513	-2.1978021978022	3.90720390720391
0.317460317460317	-1.95360195360195	3.39438339438339
0.805860805860806	-1.0989010989011	3.78510378510378
1.70940170940171	-1.1965811965812	2.36874236874237
2.56410256410256	-0.512820512820513	3.003663003663
3.32112332112332	0.781440781440781	3.36996336996337
5.44566544566545	1.63614163614164	3.73626373626374
4.02930402930403	0.952380952380952	3.71184371184371
3.93162393162393	1.48962148962149	4.93284493284493
3.51648351648352	0.805860805860806	5.49450549450549
2.58852258852259	0.0976800976800977	4.17582417582418
1.46520146520147	-0.83028083028083	2.90598290598291
2.68620268620269	0.512820512820513	2.85714285714286
3.54090354090354	1.1965811965812	3.46764346764347
3.88278388278388	0.854700854700855	3.22344322344322
3.68742368742369	1.78266178266178	3.34554334554335
3.61416361416361	2.34432234432234	3.58974358974359
2.68620268620269	2.78388278388278	3.76068376068376
