-0.683760683760684	2.34432234432234	2.63736263736264
-2.88156288156288	1.44078144078144	0.781440781440781
-2.002442002442	0.708180708180708	0
0.415140415140415	2.44200244200244	1.78266178266178
2.17338217338217	3.34554334554335	1.9047619047619
2.58852258852259	3.80952380952381	2.07570207570208
3.32112332112332	3.90720390720391	2.1978021978022
2.83272283272283	1.53846153846154	1.1965811965812
2.41758241758242	2.80830280830281	0.757020757020757
2.17338217338217	2.51526251526252	0.83028083028083
2.73504273504274	2.36874236874237	-0.366300366300366
3.68742368742369	3.12576312576313	-1.1965811965812
4.27350427350427	3.2967032967033	-0.854700854700855
3.44322344322344	4.17582417582418	-0.170940170940171
2.22222222222222	4.46886446886447	0.976800976800977
1.58730158730159	3.88278388278388	2.05128205128205
1.83150183150183	4.2979242979243	1.80708180708181
2.17338217338217	5.2014652014652	1.70940170940171
1.17216117216117	3.41880341880342	0.757020757020757
-0.781440781440781	2.71062271062271	0.0244200244200244
-1.22100122100122	1.39194139194139	-1.12332112332112
-0.683760683760684	1.39194139194139	0.0732600732600733
-2.73504273504274	0.0488400488400488	-1.12332112332112
-2.41758241758242	0.732600732600733	-0.195360195360195
-1.63614163614164	1.70940170940171	1.70940170940171
0.0976800976800977	3.58974358974359	3.46764346764347
-0.83028083028083	4.54212454212454	4.2979242979243
0.122100122100122	4.2002442002442	4.05372405372405
0.659340659340659	5.2014652014652	4.56654456654457
1.88034188034188	4.17582417582418	3.63858363858364
1.78266178266178	3.003663003663	4.42002442002442
1.41636141636142	3.17460317460317	2.34432234432234
1.58730158730159	3.34554334554335	3.95604395604396
1.92918192918193	4.17582417582418	3.54090354090354
1.51404151404151	4.61538461538461	3.63858363858364
2.31990231990232	5.12820512820513	2.75946275946276
1.73382173382173	4.12698412698413	1.46520146520147
-0.244200244200244	2.14896214896215	-0.463980463980464
-0.805860805860806	2.34432234432234	1.14774114774115
-1.29426129426129	2.2954822954823	1.85592185592186
-1.39194139194139	1.73382173382173	1.17216117216117
-0.366300366300366	3.15018315018315	2.95482295482295
2.68620268620269	3.63858363858364	4.88400488400488
2.75946275946276	3.56532356532357	3.41880341880342
1.78266178266178	4.05372405372405	3.66300366300366
1.12332112332112	2.49084249084249	0.952380952380952
1.05006105006105	2.80830280830281	1.07448107448107
0.927960927960928	1.41636141636142	1.14774114774115
2.1001221001221	3.39438339438339	3.05250305250305
3.80952380952381	5.00610500610501	3.71184371184371
3.27228327228327	3.90720390720391	5.47008547008547
3.12576312576313	4.63980463980464	5.44566544566545
2.58852258852259	4.66422466422466	4.17582417582418
1.92918192918193	4.51770451770452	3.63858363858364
1.73382173382173	3.61416361416361	2.24664224664225
1.44078144078144	2.53968253968254	1.1965811965812
0.854700854700855	2.31990231990232	0.781440781440781
-0.317460317460317	2.56410256410256	0.366300366300366
0.463980463980464	3.80952380952381	0.952380952380952
0.122100122100122	2.85714285714286	1.12332112332112
0.634920634920635	0.537240537240537	-0.317460317460317
1.12332112332112	1.34310134310134	-0.195360195360195
1.34310134310134	1.48962148962149	0.586080586080586
-1.05006105006105	0.390720390720391	0.0244200244200244
-1.14774114774115	1.68498168498168	0.952380952380952
1.26984126984127	2.002442002442	1.70940170940171
1.9047619047619	2.51526251526252	1.85592185592186
1.70940170940171	1.1965811965812	-0.586080586080586
1.88034188034188	0.488400488400488	-0.927960927960928
2.27106227106227	0.195360195360195	-0.512820512820513
1.17216117216117	-0.0488400488400488	-0.195360195360195
1.05006105006105	0.0244200244200244	-1.44078144078144
1.26984126984127	-0.415140415140415	0.170940170940171
0.927960927960928	-1.001221001221	-0.463980463980464
-0.879120879120879	-2.85714285714286	-0.586080586080586
-2.71062271062271	-4.02930402930403	-2.24664224664225
-1.0989010989011	-2.27106227106227	-1.46520146520147
0.586080586080586	-1.44078144078144	-0.561660561660562
-0.244200244200244	-0.561660561660562	1.05006105006105
0.488400488400488	0.122100122100122	-0.268620268620269
0.781440781440781	2.27106227106227	1.17216117216117
0.781440781440781	4.1025641025641	2.83272283272283
0.146520146520147	2.49084249084249	0.488400488400488
0.683760683760684	3.17460317460317	1.83150183150183
0.537240537240537	5.12820512820513	1.51404151404151
0.366300366300366	3.51648351648352	1.88034188034188
-0.43956043956044	4.2002442002442	1.22100122100122
1.9047619047619	5.66544566544567	1.39194139194139
2.002442002442	6.61782661782662	2.39316239316239
3.95604395604396	7.83882783882784	2.58852258852259
3.27228327228327	6.71550671550672	2.02686202686203
1.61172161172161	4.90842490842491	0.43956043956044
1.24542124542125	4.46886446886447	0.122100122100122
2.68620268620269	4.98168498168498	2.1001221001221
1.46520146520147	3.15018315018315	0.0244200244200244
3.1990231990232	4.05372405372405	1.17216117216117
4.2002442002442	5.07936507936508	1.41636141636142
3.39438339438339	4.93284493284493	1.05006105006105
2.24664224664225	5.00610500610501	1.48962148962149
1.61172161172161	5.66544566544567	1.78266178266178
1.80708180708181	4.63980463980464	0.561660561660562
2.71062271062271	6.3003663003663	1.26984126984127
3.2967032967033	5.76312576312576	1.34310134310134
2.27106227106227	4.004884004884	1.22100122100122
2.12454212454212	4.98168498168498	0.879120879120879
1.02564102564103	3.63858363858364	0.927960927960928
0.317460317460317	2.73504273504274	0.293040293040293
-0.586080586080586	0.927960927960928	-1.56288156288156
-1.34310134310134	1.31868131868132	-1.36752136752137
-2.97924297924298	1.17216117216117	-1.80708180708181
-1.97802197802198	1.41636141636142	-1.001221001221
-2.61294261294261	1.36752136752137	0.927960927960928
-5.49450549450549	-2.02686202686203	-1.83150183150183
-5.86080586080586	-2.71062271062271	-0.854700854700855
-5.86080586080586	-4.32234432234432	-2.68620268620269
-5.05494505494505	-4.27350427350427	-2.83272283272283
-5.56776556776557	-3.61416361416361	-3.83394383394383
-4.95726495726496	-2.63736263736264	-1.66056166056166
-3.56532356532357	-0.757020757020757	-2.1978021978022
-5.07936507936508	-1.17216117216117	-1.68498168498168
-7.4969474969475	-3.39438339438339	-2.1001221001221
-6.3003663003663	-3.003663003663	-3.54090354090354
-5.42124542124542	-1.75824175824176	-1.53846153846154
-3.73626373626374	0.586080586080586	-0.0488400488400488
-3.46764346764347	0.610500610500611	0.781440781440781
-2.53968253968254	1.68498168498168	2.002442002442
-4.90842490842491	0.341880341880342	0.0732600732600733
-4.24908424908425	0.170940170940171	-0.21978021978022
-5.56776556776557	-0.903540903540904	0.317460317460317
-6.59340659340659	-1.83150183150183	-2.58852258852259
-5.71428571428571	-2.85714285714286	-3.32112332112332
-5.3968253968254	-2.39316239316239	-3.83394383394383
-5.59218559218559	-3.12576312576313	-3.68742368742369
-3.85836385836386	-1.46520146520147	-1.9047619047619
-4.1025641025641	-1.26984126984127	-1.07448107448107
-4.02930402930403	-1.14774114774115	-0.976800976800977
-4.61538461538461	-0.537240537240537	0.0976800976800977
-5.90964590964591	-2.24664224664225	-1.83150183150183
-6.4957264957265	-3.88278388278388	-2.75946275946276
-6.15384615384615	-3.95604395604396	-2.80830280830281
-6.15384615384615	-4.2979242979243	-3.36996336996337
-5.22588522588523	-4.32234432234432	-3.83394383394383
-3.93162393162393	-3.68742368742369	-4.46886446886447
-4.24908424908425	-2.51526251526252	-3.44322344322344
-4.34676434676435	-3.39438339438339	-3.58974358974359
-3.44322344322344	-3.22344322344322	-3.85836385836386
-2.56410256410256	-1.44078144078144	-1.97802197802198
-2.71062271062271	-2.53968253968254	-2.07570207570208
-2.36874236874237	-1.48962148962149	-1.31868131868132
-1.05006105006105	-0.244200244200244	0.341880341880342
-1.85592185592186	-1.53846153846154	1.61172161172161
-1.39194139194139	-0.122100122100122	2.02686202686203
0.463980463980464	0.463980463980464	0.293040293040293
-0.927960927960928	-0.293040293040293	-0.512820512820513
1.46520146520147	1.80708180708181	1.88034188034188
2.22222222222222	2.14896214896215	0.757020757020757
2.58852258852259	3.95604395604396	1.17216117216117
3.36996336996337	4.49328449328449	2.88156288156288
2.1001221001221	4.2979242979243	2.95482295482295
-0.293040293040293	1.73382173382173	1.12332112332112
-2.24664224664225	-0.952380952380952	-1.001221001221
-4.51770451770452	-1.41636141636142	-1.78266178266178
-5.90964590964591	-3.1990231990232	-2.22222222222222
-4.22466422466422	-3.73626373626374	-1.24542124542125
-3.83394383394383	-1.14774114774115	-0.268620268620269
-2.66178266178266	-0.805860805860806	0.390720390720391
-1.68498168498168	0.244200244200244	0.268620268620269
-1.39194139194139	0.0732600732600733	0.512820512820513
-1.83150183150183	1.80708180708181	1.07448107448107
-1.12332112332112	1.44078144078144	-0.390720390720391
-1.36752136752137	0.586080586080586	-0.634920634920635
-0.610500610500611	0.634920634920635	-0.415140415140415
-0.0732600732600733	0.781440781440781	-0.757020757020757
-1.70940170940171	0.390720390720391	-2.31990231990232
-2.27106227106227	0.927960927960928	-1.85592185592186
-2.24664224664225	-0.537240537240537	-1.51404151404151
-1.83150183150183	0.781440781440781	-1.39194139194139
-1.83150183150183	0.195360195360195	-1.80708180708181
-0.879120879120879	0.21978021978022	-0.512820512820513
-1.63614163614164	0.415140415140415	-1.39194139194139
-1.83150183150183	-1.17216117216117	-3.15018315018315
-1.95360195360195	0.122100122100122	-1.51404151404151
-0.146520146520147	0.512820512820513	-2.1978021978022
-0.122100122100122	1.34310134310134	-0.708180708180708
-1.41636141636142	0.732600732600733	0.43956043956044
0.83028083028083	1.44078144078144	1.14774114774115
-1.36752136752137	0.586080586080586	-0.927960927960928
-3.07692307692308	-1.97802197802198	-1.39194139194139
-2.02686202686203	-1.07448107448107	-0.83028083028083
-1.34310134310134	0.293040293040293	1.0989010989011
-2.2954822954823	0.195360195360195	0.170940170940171
-0.757020757020757	1.41636141636142	0.244200244200244
-0.512820512820513	1.9047619047619	0.952380952380952
-0.415140415140415	2.17338217338217	1.36752136752137
-0.610500610500611	2.88156288156288	-0.341880341880342
-0.512820512820513	2.63736263736264	0.586080586080586
-0.195360195360195	2.90598290598291	0.390720390720391
0.927960927960928	4.68864468864469	1.07448107448107
1.44078144078144	3.22344322344322	0.170940170940171
0.21978021978022	2.85714285714286	0
-0.0732600732600733	1.48962148962149	0.463980463980464
-1.26984126984127	-0.415140415140415	-1.63614163614164
-3.56532356532357	-0.781440781440781	-2.95482295482295
-4.73748473748474	-0.293040293040293	-2.12454212454212
-2.27106227106227	-1.48962148962149	-1.85592185592186
-2.80830280830281	-1.24542124542125	-1.1965811965812
-3.85836385836386	-0.757020757020757	-2.88156288156288
-3.54090354090354	-1.26984126984127	-1.29426129426129
-5.42124542124542	-1.58730158730159	0.170940170940171
-4.42002442002442	-1.41636141636142	-0.0244200244200244
-4.37118437118437	-1.53846153846154	-1.80708180708181
-3.56532356532357	0.0976800976800977	-1.51404151404151
0.170940170940171	1.24542124542125	-0.293040293040293
1.0989010989011	1.29426129426129	-1.58730158730159
-0.659340659340659	0.488400488400488	-1.75824175824176
-1.46520146520147	-0.757020757020757	-2.22222222222222
-2.05128205128205	-0.537240537240537	-1.34310134310134
-3.95604395604396	-0.415140415140415	-3.51648351648352
-4.37118437118437	-0.683760683760684	-2.17338217338217
-2.12454212454212	0.561660561660562	-2.85714285714286
-1.14774114774115	0.952380952380952	-0.512820512820513
-1.95360195360195	0.0976800976800977	-1.97802197802198
-0.21978021978022	1.22100122100122	-1.17216117216117
-1.07448107448107	3.17460317460317	-1.05006105006105
-3.22344322344322	3.02808302808303	-2.61294261294261
-3.78510378510378	3.34554334554335	-1.39194139194139
-2.17338217338217	3.46764346764347	-1.88034188034188
-3.73626373626374	1.73382173382173	-3.41880341880342
-4.34676434676435	1.02564102564103	-3.39438339438339
-3.24786324786325	2.46642246642247	-2.44200244200244
-2.71062271062271	2.58852258852259	-3.07692307692308
-3.58974358974359	2.51526251526252	-3.49206349206349
-3.07692307692308	2.73504273504274	-1.07448107448107
-3.49206349206349	1.63614163614164	-1.14774114774115
-2.66178266178266	1.56288156288156	-0.366300366300366
-1.92918192918193	0.561660561660562	-1.56288156288156
-3.17460317460317	0.586080586080586	-0.43956043956044
-2.75946275946276	2.002442002442	-0.610500610500611
-2.51526251526252	1.61172161172161	1.001221001221
-2.66178266178266	2.24664224664225	0.683760683760684
-2.34432234432234	1.88034188034188	0.390720390720391
-1.48962148962149	1.48962148962149	-0.708180708180708
-1.24542124542125	1.88034188034188	-0.366300366300366
-0.146520146520147	2.58852258852259	-0.0488400488400488
-1.24542124542125	2.46642246642247	0.463980463980464
-0.708180708180708	3.22344322344322	1.31868131868132
-0.146520146520147	3.76068376068376	2.17338217338217
-0.317460317460317	2.14896214896215	1.88034188034188
-0.634920634920635	1.12332112332112	0.634920634920635
-0.683760683760684	1.29426129426129	1.46520146520147
-2.44200244200244	-1.80708180708181	-1.29426129426129
-2.1978021978022	-1.53846153846154	-2.83272283272283
1.02564102564103	-0.0976800976800977	-2.46642246642247
-0.757020757020757	-0.683760683760684	-2.66178266178266
1.78266178266178	-0.43956043956044	-2.27106227106227
1.07448107448107	-1.53846153846154	-2.51526251526252
-0.610500610500611	-2.05128205128205	-1.34310134310134
-1.1965811965812	-2.73504273504274	-1.66056166056166
-2.12454212454212	-2.02686202686203	-0.0244200244200244
-2.05128205128205	-3.66300366300366	-1.63614163614164
-0.463980463980464	-3.49206349206349	-1.80708180708181
0.341880341880342	-1.61172161172161	-1.1965811965812
0.463980463980464	-2.002442002442	-1.41636141636142
-0.634920634920635	-1.80708180708181	-0.195360195360195
-1.26984126984127	-0.586080586080586	0.366300366300366
-0.488400488400488	0.317460317460317	1.41636141636142
-0.805860805860806	0.976800976800977	1.68498168498168
-0.366300366300366	-0.0976800976800977	0
-1.31868131868132	-0.708180708180708	-0.708180708180708
-2.17338217338217	-0.21978021978022	-0.781440781440781
-1.75824175824176	-0.634920634920635	-0.122100122100122
-3.39438339438339	-0.512820512820513	-1.44078144078144
-2.05128205128205	-1.001221001221	-1.97802197802198
-3.2967032967033	-0.293040293040293	-2.73504273504274
-3.07692307692308	-0.244200244200244	-2.61294261294261
-1.17216117216117	0.561660561660562	-1.63614163614164
-2.63736263736264	-0.170940170940171	-1.41636141636142
-2.14896214896215	0.390720390720391	-1.36752136752137
-0.634920634920635	2.02686202686203	1.29426129426129
-0.610500610500611	1.53846153846154	0.903540903540904
-2.1001221001221	-0.341880341880342	-0.903540903540904
-2.51526251526252	-0.293040293040293	-1.48962148962149
-2.80830280830281	-0.805860805860806	-2.1001221001221
-3.1990231990232	-1.51404151404151	-1.63614163614164
-1.83150183150183	0.610500610500611	-0.0244200244200244
-0.317460317460317	2.36874236874237	2.002442002442
-0.463980463980464	2.53968253968254	2.27106227106227
1.85592185592186	3.41880341880342	1.80708180708181
0.586080586080586	2.46642246642247	1.12332112332112
-0.927960927960928	1.17216117216117	-1.07448107448107
-2.27106227106227	-1.001221001221	-1.66056166056166
-1.31868131868132	0.21978021978022	-0.805860805860806
-1.68498168498168	1.17216117216117	0.43956043956044
-0.683760683760684	2.66178266178266	3.63858363858364
-0.43956043956044	2.85714285714286	2.83272283272283
-1.31868131868132	0.463980463980464	1.63614163614164
-1.39194139194139	1.44078144078144	1.92918192918193
-1.26984126984127	1.83150183150183	1.78266178266178
-0.0488400488400488	2.2954822954823	3.66300366300366
0.0488400488400488	3.27228327228327	3.1990231990232
-0.317460317460317	3.73626373626374	2.90598290598291
0.805860805860806	4.32234432234432	3.15018315018315
0.683760683760684	3.98046398046398	1.78266178266178
0.0244200244200244	2.24664224664225	0.879120879120879
-0.537240537240537	2.02686202686203	-0.21978021978022
-0.757020757020757	0.488400488400488	-1.68498168498168
1.0989010989011	2.12454212454212	-0.146520146520147
0.43956043956044	1.44078144078144	-0.537240537240537
-1.41636141636142	1.02564102564103	-1.61172161172161
-0.634920634920635	1.36752136752137	-0.366300366300366
0.366300366300366	1.9047619047619	-0.512820512820513
-0.586080586080586	0.586080586080586	-0.415140415140415
-0.976800976800977	-0.415140415140415	-1.51404151404151
-1.24542124542125	-0.952380952380952	-1.9047619047619
-1.0989010989011	-0.390720390720391	-1.88034188034188
-1.44078144078144	-1.9047619047619	-2.58852258852259
-2.56410256410256	-1.97802197802198	-2.90598290598291
-3.003663003663	-1.66056166056166	-2.56410256410256
-3.56532356532357	-2.2954822954823	-2.58852258852259
-5.05494505494505	-4.12698412698413	-2.95482295482295
-3.56532356532357	-3.88278388278388	-2.75946275946276
-1.1965811965812	-0.732600732600733	-2.1001221001221
-1.1965811965812	-1.46520146520147	-1.95360195360195
-1.22100122100122	-1.97802197802198	-3.36996336996337
-1.22100122100122	-0.927960927960928	-1.29426129426129
-4.12698412698413	-3.63858363858364	-3.98046398046398
-7.2039072039072	-5.42124542124542	-4.49328449328449
-4.34676434676435	-4.2002442002442	-3.54090354090354
-6.42246642246642	-4.42002442002442	-3.1013431013431
-5.86080586080586	-2.73504273504274	-2.71062271062271
-5.2991452991453	-2.56410256410256	-2.61294261294261
-3.78510378510378	-1.78266178266178	-3.17460317460317
-5.54334554334554	-2.49084249084249	-3.98046398046398
-4.22466422466422	-0.561660561660562	-2.46642246642247
-2.53968253968254	1.14774114774115	-0.293040293040293
-1.78266178266178	-0.21978021978022	-0.195360195360195
-1.68498168498168	-0.341880341880342	-2.12454212454212
-0.415140415140415	1.1965811965812	0.415140415140415
-0.170940170940171	0.244200244200244	-0.586080586080586
-0.781440781440781	-0.195360195360195	-2.14896214896215
-2.36874236874237	-0.268620268620269	-3.41880341880342
-1.53846153846154	0.317460317460317	-3.46764346764347
-2.02686202686203	-0.781440781440781	-4.76190476190476
-2.80830280830281	-1.29426129426129	-5.44566544566545
-4.2002442002442	-1.22100122100122	-4.1025641025641
-5.71428571428571	-2.61294261294261	-3.58974358974359
-7.59462759462759	-2.53968253968254	-3.34554334554335
-6.37362637362637	-1.56288156288156	-1.97802197802198
-5.95848595848596	-1.63614163614164	-2.34432234432234
-3.98046398046398	-0.341880341880342	-4.15140415140415
-1.17216117216117	1.48962148962149	-3.24786324786325
-1.0989010989011	2.71062271062271	-3.49206349206349
-0.683760683760684	3.17460317460317	-2.46642246642247
0.561660561660562	3.98046398046398	-0.708180708180708
-1.44078144078144	3.1990231990232	-0.659340659340659
0.122100122100122	2.53968253968254	0.43956043956044
2.66178266178266	3.46764346764347	0.512820512820513
2.1001221001221	3.36996336996337	-1.61172161172161
3.12576312576313	4.93284493284493	-0.488400488400488
4.59096459096459	6.08058608058608	-0.122100122100122
3.15018315018315	4.02930402930403	-0.952380952380952
2.83272283272283	2.90598290598291	-1.58730158730159
0.0732600732600733	-0.854700854700855	-2.95482295482295
-1.29426129426129	-3.15018315018315	-3.34554334554335
-3.78510378510378	-5.44566544566545	-4.93284493284493
-4.05372405372405	-5.73870573870574	-5.95848595848596
-3.90720390720391	-4.73748473748474	-4.22466422466422
-3.39438339438339	-3.85836385836386	-4.02930402930403
-3.27228327228327	-2.73504273504274	-4.22466422466422
-3.58974358974359	-2.24664224664225	-4.54212454212454
-0.586080586080586	-0.757020757020757	-3.36996336996337
-1.63614163614164	-0.170940170940171	-4.22466422466422
-0.415140415140415	2.1978021978022	-2.75946275946276
0.512820512820513	3.34554334554335	-1.85592185592186
1.14774114774115	4.17582417582418	0.537240537240537
1.41636141636142	3.93162393162393	-0.122100122100122
2.2954822954823	4.68864468864469	0.366300366300366
2.36874236874237	3.36996336996337	-0.903540903540904
1.68498168498168	4.1025641025641	-1.88034188034188
1.34310134310134	5.42124542124542	-2.51526251526252
2.002442002442	4.85958485958486	-3.56532356532357
1.58730158730159	4.73748473748474	-5.32356532356532
0.903540903540904	3.98046398046398	-4.44444444444444
2.61294261294261	5.00610500610501	-3.61416361416361
2.12454212454212	3.90720390720391	-4.63980463980464
0.781440781440781	2.44200244200244	-4.83516483516483
-0.976800976800977	0.976800976800977	-6.08058608058608
-1.78266178266178	0.21978021978022	-6.2026862026862
-1.95360195360195	0.317460317460317	-5.90964590964591
-2.83272283272283	-1.66056166056166	-7.17948717948718
-1.46520146520147	-2.44200244200244	-6.91086691086691
-2.34432234432234	-3.46764346764347	-7.98534798534799
-2.97924297924298	-4.49328449328449	-8.4981684981685
-0.805860805860806	-2.97924297924298	-6.34920634920635
-0.317460317460317	-2.80830280830281	-5.03052503052503
-0.341880341880342	-1.63614163614164	-2.88156288156288
0.21978021978022	0.854700854700855	-2.31990231990232
1.83150183150183	-0.146520146520147	-2.44200244200244
1.73382173382173	1.34310134310134	-0.976800976800977
0.854700854700855	2.07570207570208	-2.17338217338217
0.0732600732600733	0.463980463980464	-3.58974358974359
2.61294261294261	2.83272283272283	-2.49084249084249
3.12576312576313	3.83394383394383	-2.83272283272283
2.56410256410256	2.80830280830281	-4.27350427350427
2.1001221001221	2.36874236874237	-2.90598290598291
2.61294261294261	2.12454212454212	-3.58974358974359
1.70940170940171	1.85592185592186	-3.80952380952381
-0.488400488400488	0.415140415140415	-6.32478632478632
0.0976800976800977	0.757020757020757	-4.1025641025641
-0.21978021978022	0.0976800976800977	-4.56654456654457
-1.07448107448107	0.317460317460317	-3.93162393162393
-0.927960927960928	-0.781440781440781	-4.34676434676435
0	-0.586080586080586	-4.37118437118437
0.170940170940171	0.0488400488400488	-4.27350427350427
0.610500610500611	0.83028083028083	-4.46886446886447
-1.36752136752137	-1.53846153846154	-4.85958485958486
-1.97802197802198	-1.26984126984127	-5.03052503052503
-1.36752136752137	-0.927960927960928	-4.004884004884
-1.83150183150183	-0.244200244200244	-2.46642246642247
-1.46520146520147	1.17216117216117	-2.95482295482295
-2.88156288156288	0.903540903540904	-4.32234432234432
-2.44200244200244	1.26984126984127	-6.3980463980464
-0.268620268620269	2.83272283272283	-3.76068376068376
2.36874236874237	4.83516483516483	-2.80830280830281
3.02808302808303	5.2991452991453	-2.75946275946276
3.78510378510378	5.98290598290598	-2.75946275946276
4.12698412698413	5.34798534798535	-1.88034188034188
2.1001221001221	4.02930402930403	-3.1013431013431
0.0488400488400488	2.51526251526252	-2.97924297924298
1.39194139194139	1.73382173382173	-2.53968253968254
1.92918192918193	1.29426129426129	-1.80708180708181
2.53968253968254	2.05128205128205	-0.293040293040293
2.56410256410256	1.66056166056166	-2.46642246642247
1.02564102564103	0.0976800976800977	-3.22344322344322
1.29426129426129	1.41636141636142	-3.15018315018315
2.46642246642247	0.317460317460317	-1.85592185592186
2.88156288156288	0.317460317460317	-1.66056166056166
3.27228327228327	2.63736263736264	0.879120879120879
4.004884004884	4.22466422466422	2.49084249084249
3.88278388278388	6.15384615384615	3.34554334554335
2.39316239316239	4.85958485958486	1.56288156288156
2.24664224664225	4.17582417582418	-0.366300366300366
1.53846153846154	3.44322344322344	-1.97802197802198
1.51404151404151	2.56410256410256	-1.85592185592186
2.31990231990232	1.14774114774115	-2.46642246642247
2.44200244200244	0.903540903540904	-3.66300366300366
2.68620268620269	0.634920634920635	-3.36996336996337
1.70940170940171	-0.561660561660562	-4.44444444444444
0.537240537240537	-0.488400488400488	-4.05372405372405
0.195360195360195	-1.75824175824176	-6.44688644688645
0	-2.24664224664225	-5.42124542124542
1.02564102564103	-1.34310134310134	-4.2002442002442
2.63736263736264	-1.07448107448107	-5.12820512820513
1.73382173382173	-1.39194139194139	-4.71306471306471
3.24786324786325	0.366300366300366	-4.71306471306471
1.75824175824176	-0.463980463980464	-4.004884004884
-0.512820512820513	-1.0989010989011	-4.63980463980464
1.78266178266178	0.0732600732600733	-4.46886446886447
0.122100122100122	-0.879120879120879	-3.80952380952381
-1.29426129426129	-1.51404151404151	-4.51770451770452
0.732600732600733	-0.537240537240537	-3.41880341880342
2.17338217338217	1.34310134310134	-2.41758241758242
0.952380952380952	0.634920634920635	-2.78388278388278
-0.0244200244200244	0.927960927960928	-1.31868131868132
-0.561660561660562	0.854700854700855	-0.659340659340659
-0.390720390720391	0.21978021978022	-1.39194139194139
-1.51404151404151	1.22100122100122	-2.44200244200244
-2.36874236874237	-0.463980463980464	-4.46886446886447
-3.02808302808303	1.24542124542125	-4.17582417582418
-3.1013431013431	1.48962148962149	-3.85836385836386
-2.61294261294261	1.92918192918193	-2.44200244200244
-1.95360195360195	2.93040293040293	-2.63736263736264
-0.561660561660562	3.98046398046398	-0.512820512820513
0.146520146520147	4.32234432234432	0
1.22100122100122	5.83638583638584	1.05006105006105
1.53846153846154	4.49328449328449	-0.561660561660562
-0.0732600732600733	3.32112332112332	-0.83028083028083
-1.26984126984127	1.1965811965812	-1.83150183150183
-1.58730158730159	1.29426129426129	-1.58730158730159
-0.610500610500611	1.78266178266178	-1.70940170940171
-0.390720390720391	1.83150183150183	-0.683760683760684
-1.95360195360195	0.512820512820513	-2.41758241758242
-2.41758241758242	0.122100122100122	-3.73626373626374
-1.83150183150183	0.854700854700855	-4.49328449328449
-2.58852258852259	1.34310134310134	-3.85836385836386
-2.1001221001221	-0.244200244200244	-3.85836385836386
0.537240537240537	0.805860805860806	-2.68620268620269
1.29426129426129	0.610500610500611	-3.85836385836386
0.586080586080586	-0.610500610500611	-3.90720390720391
-0.122100122100122	-1.61172161172161	-4.2979242979243
1.12332112332112	-1.46520146520147	-5.2991452991453
-1.88034188034188	-1.39194139194139	-6.1050061050061
-0.317460317460317	-2.63736263736264	-5.90964590964591
-0.293040293040293	-2.51526251526252	-4.88400488400488
-1.05006105006105	-3.44322344322344	-5.51892551892552
-0.610500610500611	-4.95726495726496	-4.95726495726496
-0.659340659340659	-4.02930402930403	-5.3968253968254
-2.27106227106227	-5.64102564102564	-4.22466422466422
-1.48962148962149	-3.95604395604396	-1.51404151404151
-2.27106227106227	-1.78266178266178	-2.49084249084249
-3.61416361416361	-2.63736263736264	-3.51648351648352
-2.88156288156288	0.21978021978022	-3.1013431013431
-2.27106227106227	1.75824175824176	-2.88156288156288
-0.43956043956044	4.32234432234432	0.537240537240537
1.29426129426129	6.61782661782662	1.68498168498168
1.58730158730159	6.78876678876679	3.61416361416361
1.61172161172161	6.05616605616606	2.85714285714286
0.927960927960928	6.47130647130647	1.58730158730159
1.17216117216117	5.73870573870574	1.07448107448107
0.781440781440781	4.17582417582418	-0.0488400488400488
0.122100122100122	2.44200244200244	-0.952380952380952
-0.390720390720391	2.24664224664225	-0.757020757020757
-1.66056166056166	1.34310134310134	-1.39194139194139
-2.49084249084249	1.9047619047619	-1.07448107448107
-2.36874236874237	2.83272283272283	-1.22100122100122
-2.22222222222222	2.95482295482295	-1.68498168498168
-1.41636141636142	2.90598290598291	-1.53846153846154
-0.43956043956044	2.90598290598291	-1.22100122100122
-2.002442002442	1.92918192918193	-2.17338217338217
-2.88156288156288	0.805860805860806	-3.22344322344322
-2.75946275946276	-0.83028083028083	-3.90720390720391
-4.98168498168498	-1.26984126984127	-5.71428571428571
-2.68620268620269	-1.88034188034188	-6.44688644688645
-3.22344322344322	-2.75946275946276	-5.66544566544567
-2.07570207570208	-2.73504273504274	-5.51892551892552
-0.268620268620269	-1.70940170940171	-5.98290598290598
0.537240537240537	-1.48962148962149	-5.2991452991453
1.95360195360195	-1.34310134310134	-4.66422466422466
0.732600732600733	-1.68498168498168	-4.81074481074481
-1.24542124542125	-2.39316239316239	-2.66178266178266
-1.44078144078144	-4.05372405372405	-3.39438339438339
-1.75824175824176	-4.93284493284493	-3.12576312576313
-0.293040293040293	-2.83272283272283	-1.51404151404151
-1.31868131868132	-3.12576312576313	-2.90598290598291
-1.0989010989011	-2.12454212454212	-3.39438339438339
-1.22100122100122	-2.90598290598291	-3.46764346764347
-2.22222222222222	-2.27106227106227	-4.17582417582418
-2.22222222222222	-3.27228327228327	-5.17704517704518
-2.39316239316239	-2.07570207570208	-4.32234432234432
-1.36752136752137	-2.66178266178266	-3.17460317460317
-1.85592185592186	-2.51526251526252	-3.003663003663
-1.17216117216117	-0.732600732600733	-2.002442002442
-2.78388278388278	-1.58730158730159	-3.32112332112332
-2.90598290598291	-0.390720390720391	-0.805860805860806
-2.75946275946276	1.17216117216117	-1.83150183150183
-1.88034188034188	0.366300366300366	-1.58730158730159
-2.1001221001221	0.561660561660562	-0.512820512820513
0.488400488400488	1.70940170940171	0.195360195360195
-0.879120879120879	1.83150183150183	-0.146520146520147
-3.36996336996337	1.39194139194139	-0.586080586080586
-2.07570207570208	2.73504273504274	1.07448107448107
-2.95482295482295	2.85714285714286	-0.732600732600733
-2.75946275946276	2.44200244200244	-2.63736263736264
-1.1965811965812	2.14896214896215	-3.68742368742369
-2.002442002442	1.83150183150183	-4.1025641025641
-0.879120879120879	1.48962148962149	-3.93162393162393
-1.68498168498168	0.903540903540904	-4.12698412698413
-3.49206349206349	-1.83150183150183	-4.93284493284493
-3.24786324786325	-1.70940170940171	-4.3956043956044
-2.85714285714286	-1.46520146520147	-2.58852258852259
-2.80830280830281	-2.44200244200244	-3.17460317460317
-3.12576312576313	-3.51648351648352	-5.12820512820513
-3.44322344322344	-3.05250305250305	-4.3956043956044
-3.66300366300366	-2.73504273504274	-3.88278388278388
-3.58974358974359	-2.49084249084249	-5.03052503052503
-2.12454212454212	-2.58852258852259	-4.73748473748474
-2.58852258852259	-1.80708180708181	-5.05494505494505
-1.75824175824176	-1.73382173382173	-4.71306471306471
-2.24664224664225	-3.003663003663	-5.59218559218559
-4.27350427350427	-3.39438339438339	-6.56898656898657
-2.02686202686203	-2.1001221001221	-4.2979242979243
-1.75824175824176	1.0989010989011	-1.36752136752137
1.001221001221	4.004884004884	1.63614163614164
1.73382173382173	5.81196581196581	3.98046398046398
1.12332112332112	5.22588522588523	1.78266178266178
1.44078144078144	4.22466422466422	1.26984126984127
1.0989010989011	4.32234432234432	0.293040293040293
2.71062271062271	3.76068376068376	0.781440781440781
2.73504273504274	4.34676434676435	0.317460317460317
3.98046398046398	4.73748473748474	0.659340659340659
3.54090354090354	2.83272283272283	0.390720390720391
1.61172161172161	0.952380952380952	-2.78388278388278
-1.34310134310134	-1.88034188034188	-4.73748473748474
-2.51526251526252	-4.37118437118437	-6.22710622710623
-3.78510378510378	-5.76312576312576	-7.83882783882784
-5.51892551892552	-7.78998778998779	-7.44810744810745
-5.64102564102564	-8.47374847374847	-9.01098901098901
-3.73626373626374	-8.00976800976801	-7.93650793650794
-1.63614163614164	-5.51892551892552	-6.37362637362637
-1.85592185592186	-3.39438339438339	-4.76190476190476
-2.07570207570208	-3.51648351648352	-4.3956043956044
-2.51526251526252	-1.85592185592186	-5.56776556776557
-1.63614163614164	-1.63614163614164	-3.98046398046398
-1.78266178266178	-2.36874236874237	-3.85836385836386
-1.44078144078144	-3.07692307692308	-3.83394383394383
0.537240537240537	-2.71062271062271	-1.61172161172161
1.02564102564103	-0.927960927960928	-1.31868131868132
2.05128205128205	-0.927960927960928	-0.43956043956044
-2.002442002442	-1.70940170940171	-0.659340659340659
-3.1990231990232	-1.51404151404151	-0.21978021978022
-3.49206349206349	-3.51648351648352	-0.537240537240537
-4.32234432234432	-3.95604395604396	-1.41636141636142
-5.37240537240537	-5.3968253968254	-2.88156288156288
-2.24664224664225	-3.78510378510378	-3.27228327228327
-1.63614163614164	-3.78510378510378	-4.78632478632479
-1.07448107448107	-5.61660561660562	-8.15628815628816
-1.1965811965812	-3.58974358974359	-8.71794871794872
-2.1001221001221	-5.76312576312576	-9.71916971916972
-1.80708180708181	-5.68986568986569	-10.9157509157509
-1.70940170940171	-5.03052503052503	-9.47496947496948
-1.26984126984127	-5.05494505494505	-7.61904761904762
-0.683760683760684	-4.68864468864469	-6.78876678876679
0.0488400488400488	-5.03052503052503	-4.46886446886447
-0.488400488400488	-5.34798534798535	-4.15140415140415
-0.0976800976800977	-5.49450549450549	-3.83394383394383
-1.44078144078144	-6.44688644688645	-5.44566544566545
-0.0976800976800977	-4.17582417582418	-4.61538461538461
0.781440781440781	-4.12698412698413	-3.24786324786325
-2.61294261294261	-4.76190476190476	-3.66300366300366
-3.63858363858364	-5.25030525030525	-2.39316239316239
-3.90720390720391	-6.83760683760684	-3.36996336996337
-3.93162393162393	-7.42368742368742	-2.51526251526252
-4.85958485958486	-9.27960927960928	-4.76190476190476
-4.98168498168498	-9.42612942612943	-3.93162393162393
-4.2979242979243	-9.08424908424908	-4.90842490842491
-5.2014652014652	-9.08424908424908	-3.98046398046398
-6.91086691086691	-9.84126984126984	-5.98290598290598
-4.54212454212454	-8.44932844932845	-6.81318681318681
-2.51526251526252	-7.00854700854701	-6.12942612942613
0.268620268620269	-5.66544566544567	-3.98046398046398
1.26984126984127	-4.78632478632479	-5.00610500610501
0.43956043956044	-5.05494505494505	-5.34798534798535
0.879120879120879	-4.66422466422466	-4.83516483516483
-0.0244200244200244	-3.07692307692308	-3.1013431013431
0.317460317460317	-2.78388278388278	-1.14774114774115
1.44078144078144	-3.12576312576313	-1.001221001221
1.1965811965812	-1.83150183150183	-0.21978021978022
3.39438339438339	-0.122100122100122	0.854700854700855
2.07570207570208	0.488400488400488	1.48962148962149
-0.463980463980464	0.0732600732600733	1.1965811965812
0.341880341880342	0.317460317460317	1.46520146520147
2.93040293040293	0.21978021978022	3.1013431013431
2.85714285714286	0.390720390720391	2.71062271062271
1.14774114774115	-0.561660561660562	1.92918192918193
3.34554334554335	-0.463980463980464	4.2979242979243
2.85714285714286	-0.488400488400488	3.34554334554335
0.341880341880342	0.0732600732600733	2.85714285714286
-0.195360195360195	-0.879120879120879	2.53968253968254
0.634920634920635	-0.781440781440781	1.97802197802198
2.1001221001221	0.805860805860806	-0.195360195360195
2.1001221001221	0.0976800976800977	0.488400488400488
2.002442002442	-0.537240537240537	-1.34310134310134
1.34310134310134	-0.927960927960928	-1.70940170940171
-0.317460317460317	-0.366300366300366	-1.95360195360195
-1.70940170940171	-2.51526251526252	-3.34554334554335
-2.56410256410256	-2.36874236874237	-2.41758241758242
-2.39316239316239	-2.22222222222222	-2.85714285714286
-3.51648351648352	-4.05372405372405	-1.97802197802198
-3.51648351648352	-4.05372405372405	-1.83150183150183
-1.83150183150183	-3.2967032967033	-0.537240537240537
-1.70940170940171	-3.61416361416361	-0.586080586080586
-3.17460317460317	-4.24908424908425	-1.97802197802198
-3.15018315018315	-5.3968253968254	-2.02686202686203
-3.68742368742369	-4.63980463980464	-2.12454212454212
-3.63858363858364	-4.93284493284493	-1.85592185592186
-5.3968253968254	-7.93650793650794	-4.42002442002442
-4.05372405372405	-6.61782661782662	-2.31990231990232
-1.07448107448107	-6.27594627594628	-3.44322344322344
-2.34432234432234	-6.27594627594628	-3.61416361416361
-1.70940170940171	-6.78876678876679	-5.03052503052503
-0.268620268620269	-5.68986568986569	-2.58852258852259
-1.53846153846154	-5.37240537240537	-3.78510378510378
-1.58730158730159	-5.66544566544567	-3.58974358974359
-2.22222222222222	-6.32478632478632	-2.2954822954823
-0.244200244200244	-4.42002442002442	-1.68498168498168
-0.879120879120879	-4.46886446886447	-0.976800976800977
-0.244200244200244	-5.3968253968254	-3.39438339438339
0	-6.3003663003663	-2.66178266178266
0.903540903540904	-6.03174603174603	-1.58730158730159
0.0732600732600733	-6.2026862026862	-2.17338217338217
-0.0244200244200244	-4.51770451770452	-0.586080586080586
0.341880341880342	-3.76068376068376	-1.12332112332112
0.146520146520147	-3.02808302808303	-0.512820512820513
0.0732600732600733	-1.56288156288156	1.05006105006105
0.0976800976800977	-3.12576312576313	0.317460317460317
1.001221001221	-5.15262515262515	-0.488400488400488
-0.268620268620269	-6.00732600732601	-1.97802197802198
2.1001221001221	-4.22466422466422	-1.63614163614164
1.85592185592186	-3.58974358974359	-1.39194139194139
2.14896214896215	-2.63736263736264	-1.78266178266178
2.88156288156288	-1.12332112332112	-1.80708180708181
2.75946275946276	-1.36752136752137	-0.903540903540904
3.27228327228327	-1.73382173382173	-1.36752136752137
2.34432234432234	-2.31990231990232	-1.83150183150183
0.659340659340659	-1.70940170940171	-2.80830280830281
1.05006105006105	0.610500610500611	-1.1965811965812
1.14774114774115	1.9047619047619	-1.14774114774115
-0.317460317460317	2.17338217338217	-0.927960927960928
2.34432234432234	4.85958485958486	2.88156288156288
1.75824175824176	3.39438339438339	3.34554334554335
1.95360195360195	2.71062271062271	4.004884004884
3.44322344322344	4.68864468864469	4.83516483516483
2.97924297924298	5.03052503052503	2.02686202686203
4.15140415140415	4.90842490842491	3.2967032967033
5.73870573870574	6.34920634920635	2.71062271062271
8.2051282051282	8.4981684981685	4.51770451770452
8.37606837606838	7.05738705738706	5.15262515262515
7.05738705738706	5.3968253968254	5.86080586080586
7.32600732600733	5.17704517704518	5.61660561660562
5.73870573870574	4.34676434676435	3.1013431013431
4.32234432234432	2.53968253968254	0.512820512820513
4.76190476190476	3.61416361416361	-0.463980463980464
7.42368742368742	4.004884004884	-0.488400488400488
4.85958485958486	3.83394383394383	0.537240537240537
4.66422466422466	4.24908424908425	0.854700854700855
3.71184371184371	3.90720390720391	0.512820512820513
3.76068376068376	4.78632478632479	1.29426129426129
3.34554334554335	3.63858363858364	-1.41636141636142
4.1025641025641	4.49328449328449	-0.732600732600733
5.32356532356532	5.25030525030525	-0.268620268620269
7.74114774114774	4.22466422466422	-0.0244200244200244
9.3040293040293	5.59218559218559	1.05006105006105
8.15628815628816	3.58974358974359	1.24542124542125
7.08180708180708	4.1025641025641	3.22344322344322
7.4969474969475	3.003663003663	3.78510378510378
6.08058608058608	2.97924297924298	5.25030525030525
5.03052503052503	2.83272283272283	5.61660561660562
5.37240537240537	3.49206349206349	5.1037851037851
6.69108669108669	4.12698412698413	4.004884004884
7.37484737484737	4.88400488400488	3.58974358974359
6.93528693528694	3.36996336996337	1.44078144078144
6.52014652014652	3.17460317460317	2.002442002442
5.81196581196581	2.93040293040293	4.12698412698413
5.17704517704518	2.90598290598291	4.15140415140415
4.27350427350427	4.44444444444444	4.71306471306471
3.83394383394383	3.34554334554335	2.51526251526252
4.17582417582418	4.27350427350427	1.95360195360195
4.37118437118437	2.49084249084249	-0.537240537240537
4.56654456654457	2.46642246642247	-1.80708180708181
4.07814407814408	2.56410256410256	-1.53846153846154
4.93284493284493	3.02808302808303	0.0488400488400488
4.83516483516483	4.24908424908425	0.659340659340659
4.2002442002442	4.3956043956044	0.122100122100122
3.41880341880342	5.2014652014652	0.586080586080586
-0.0976800976800977	2.85714285714286	-2.41758241758242
2.05128205128205	2.2954822954823	-0.341880341880342
2.12454212454212	3.2967032967033	-0.512820512820513
4.07814407814408	4.07814407814408	0.586080586080586
6.88644688644689	4.42002442002442	2.75946275946276
8.00976800976801	6.42246642246642	4.83516483516483
6.3980463980464	5.07936507936508	4.24908424908425
6.52014652014652	4.3956043956044	3.49206349206349
4.1025641025641	2.58852258852259	3.07692307692308
2.22222222222222	1.34310134310134	4.42002442002442
3.61416361416361	0.683760683760684	4.73748473748474
3.71184371184371	-0.927960927960928	5.44566544566545
3.34554334554335	1.001221001221	3.58974358974359
5.17704517704518	0.0244200244200244	4.73748473748474
5.25030525030525	0.341880341880342	4.56654456654457
3.51648351648352	0.512820512820513	3.05250305250305
2.1001221001221	0.0488400488400488	2.56410256410256
2.14896214896215	-0.0244200244200244	3.76068376068376
2.90598290598291	0	4.004884004884
3.73626373626374	0.83028083028083	4.22466422466422
3.95604395604396	1.68498168498168	3.93162393162393
4.24908424908425	1.22100122100122	4.07814407814408
3.58974358974359	2.07570207570208	2.75946275946276
4.59096459096459	2.90598290598291	2.68620268620269
1.34310134310134	3.27228327228327	3.88278388278388
0.586080586080586	3.1013431013431	3.76068376068376
1.88034188034188	2.22222222222222	3.98046398046398
0.586080586080586	1.58730158730159	4.59096459096459
1.05006105006105	1.26984126984127	3.07692307692308
2.75946275946276	3.02808302808303	2.80830280830281
5.32356532356532	4.42002442002442	3.44322344322344
6.56898656898657	4.07814407814408	2.78388278388278
7.03296703296703	4.02930402930403	2.78388278388278
6.47130647130647	2.61294261294261	2.73504273504274
3.54090354090354	0.390720390720391	2.46642246642247
3.63858363858364	-0.903540903540904	2.1001221001221
3.68742368742369	-0.732600732600733	2.02686202686203
3.80952380952381	1.68498168498168	2.83272283272283
6.00732600732601	1.44078144078144	2.1001221001221
5.78754578754579	2.002442002442	2.34432234432234
7.42368742368742	2.95482295482295	3.46764346764347
5.3968253968254	0.708180708180708	2.63736263736264
3.90720390720391	0.903540903540904	1.92918192918193
3.54090354090354	0.170940170940171	2.71062271062271
3.05250305250305	0.0976800976800977	1.53846153846154
1.56288156288156	0.341880341880342	1.73382173382173
2.41758241758242	0.561660561660562	2.71062271062271
4.1025641025641	1.97802197802198	2.31990231990232
4.07814407814408	2.53968253968254	3.1990231990232
4.07814407814408	3.95604395604396	4.27350427350427
6.27594627594628	4.37118437118437	4.71306471306471
5.73870573870574	3.2967032967033	4.34676434676435
4.46886446886447	2.97924297924298	3.71184371184371
3.27228327228327	0.610500610500611	2.002442002442
3.36996336996337	1.24542124542125	1.58730158730159
3.76068376068376	1.75824175824176	2.53968253968254
3.71184371184371	0.366300366300366	2.41758241758242
3.93162393162393	1.83150183150183	1.05006105006105
5.17704517704518	1.58730158730159	2.63736263736264
3.12576312576313	-1.07448107448107	1.12332112332112
0.244200244200244	-1.36752136752137	-0.757020757020757
-0.268620268620269	-2.41758241758242	-1.41636141636142
1.34310134310134	0.293040293040293	0.781440781440781
1.36752136752137	-0.43956043956044	0.634920634920635
0.0976800976800977	0.43956043956044	0.903540903540904
1.17216117216117	1.70940170940171	1.88034188034188
1.39194139194139	-0.415140415140415	1.39194139194139
-0.341880341880342	-1.14774114774115	0.610500610500611
-0.317460317460317	-2.02686202686203	-0.537240537240537
0.0732600732600733	-1.66056166056166	-0.317460317460317
1.001221001221	-1.05006105006105	-1.14774114774115
1.29426129426129	-0.854700854700855	-0.341880341880342
2.05128205128205	0.366300366300366	0.805860805860806
2.53968253968254	0.927960927960928	1.24542124542125
3.15018315018315	0.976800976800977	3.02808302808303
3.27228327228327	1.85592185592186	3.07692307692308
2.61294261294261	0.512820512820513	1.31868131868132
3.49206349206349	1.9047619047619	1.0989010989011
3.71184371184371	1.44078144078144	-0.561660561660562
3.98046398046398	2.78388278388278	0.0244200244200244
5.61660561660562	3.61416361416361	0.317460317460317
3.85836385836386	1.41636141636142	1.02564102564103
4.07814407814408	1.44078144078144	1.26984126984127
5.00610500610501	1.48962148962149	2.12454212454212
5.56776556776557	2.1978021978022	3.54090354090354
4.15140415140415	2.93040293040293	2.83272283272283
3.61416361416361	1.41636141636142	1.56288156288156
2.63736263736264	1.63614163614164	1.34310134310134
0.537240537240537	0.21978021978022	2.02686202686203
0.903540903540904	0.976800976800977	3.34554334554335
1.56288156288156	2.75946275946276	5.03052503052503
3.54090354090354	3.68742368742369	7.35042735042735
4.42002442002442	4.83516483516483	6.4957264957265
5.73870573870574	5.49450549450549	6.3980463980464
4.24908424908425	5.32356532356532	7.4969474969475
2.78388278388278	4.02930402930403	5.78754578754579
1.56288156288156	2.83272283272283	4.15140415140415
-0.781440781440781	1.73382173382173	2.44200244200244
-0.732600732600733	1.56288156288156	2.58852258852259
-0.757020757020757	1.70940170940171	1.68498168498168
-0.537240537240537	1.88034188034188	0.708180708180708
-1.51404151404151	0.586080586080586	-0.415140415140415
-1.26984126984127	-0.21978021978022	-0.879120879120879
-1.80708180708181	-1.26984126984127	-0.927960927960928
-3.15018315018315	-3.41880341880342	-2.75946275946276
-3.49206349206349	-2.90598290598291	-3.71184371184371
-1.92918192918193	-0.683760683760684	-2.34432234432234
-0.293040293040293	1.29426129426129	-3.63858363858364
-0.927960927960928	0.854700854700855	-1.48962148962149
-2.24664224664225	0.83028083028083	-0.952380952380952
-1.88034188034188	1.61172161172161	0.610500610500611
-1.001221001221	0.293040293040293	1.0989010989011
0.317460317460317	2.39316239316239	1.001221001221
1.51404151404151	3.71184371184371	1.68498168498168
2.56410256410256	4.07814407814408	0
1.51404151404151	4.68864468864469	-0.415140415140415
2.80830280830281	5.71428571428571	2.71062271062271
2.17338217338217	6.12942612942613	3.32112332112332
4.44444444444444	7.54578754578755	4.42002442002442
6.15384615384615	9.05982905982906	6.15384615384615
4.44444444444444	6.3003663003663	3.88278388278388
5.66544566544567	5.25030525030525	3.54090354090354
4.51770451770452	5.76312576312576	1.31868131868132
4.1025641025641	5.42124542124542	0.561660561660562
3.27228327228327	5.3968253968254	0.293040293040293
3.24786324786325	5.64102564102564	1.44078144078144
4.66422466422466	5.47008547008547	2.88156288156288
3.32112332112332	3.05250305250305	1.22100122100122
2.07570207570208	-0.122100122100122	0.610500610500611
2.31990231990232	1.07448107448107	-0.390720390720391
0.976800976800977	0.732600732600733	-2.05128205128205
-1.36752136752137	-0.83028083028083	-2.95482295482295
