-8.54700854700855	-1.63614163614164	-5.98290598290598
-7.74114774114774	-0.683760683760684	-5.32356532356532
-9.93894993894994	-3.27228327228327	-6.3980463980464
-10.6715506715507	-4.71306471306471	-7.93650793650794
-11.8437118437118	-5.12820512820513	-8.71794871794872
-10.989010989011	-4.90842490842491	-7.57020757020757
-10.3785103785104	-5.12820512820513	-7.66788766788767
-10.7203907203907	-5.61660561660562	-8.03418803418803
-10.5494505494505	-5.68986568986569	-7.37484737484737
-10.7203907203907	-5.51892551892552	-6.59340659340659
-10.3052503052503	-4.3956043956044	-4.2002442002442
-9.74358974358974	-5.00610500610501	-5.44566544566545
-8.84004884004884	-3.61416361416361	-3.80952380952381
-7.61904761904762	-2.1978021978022	-1.31868131868132
-7.3992673992674	-2.17338217338217	-3.93162393162393
-8.5958485958486	-2.1978021978022	-5.15262515262515
-9.15750915750916	-1.61172161172161	-5.05494505494505
-9.18192918192918	-1.31868131868132	-5.61660561660562
-7.78998778998779	0.268620268620269	-2.95482295482295
-7.42368742368742	0.244200244200244	-3.78510378510378
-8.96214896214896	-0.195360195360195	-4.32234432234432
-6.81318681318681	1.92918192918193	-3.24786324786325
-6.78876678876679	2.39316239316239	-2.66178266178266
-5.27472527472527	3.003663003663	-1.58730158730159
-5.22588522588523	2.93040293040293	-1.1965811965812
-3.85836385836386	3.1013431013431	-0.341880341880342
-4.54212454212454	3.36996336996337	-0.244200244200244
-4.24908424908425	3.39438339438339	0.122100122100122
-4.15140415140415	3.07692307692308	-0.683760683760684
-3.98046398046398	2.61294261294261	-0.317460317460317
-3.61416361416361	2.58852258852259	0.83028083028083
-1.58730158730159	3.98046398046398	1.95360195360195
-2.2954822954823	3.05250305250305	1.92918192918193
-3.27228327228327	3.46764346764347	2.85714285714286
-3.1990231990232	3.76068376068376	2.75946275946276
-2.56410256410256	4.66422466422466	5.34798534798535
-3.76068376068376	3.2967032967033	3.83394383394383
-3.61416361416361	2.88156288156288	4.90842490842491
-4.93284493284493	3.07692307692308	4.54212454212454
-2.61294261294261	3.02808302808303	2.02686202686203
-3.15018315018315	1.95360195360195	1.61172161172161
-2.75946275946276	3.24786324786325	0.610500610500611
-1.07448107448107	4.2979242979243	0.854700854700855
0.757020757020757	5.90964590964591	2.36874236874237
-0.195360195360195	5.51892551892552	2.61294261294261
-0.561660561660562	5.3968253968254	5.07936507936508
0.488400488400488	5.12820512820513	4.78632478632479
-0.586080586080586	3.93162393162393	4.95726495726496
-0.683760683760684	4.49328449328449	5.76312576312576
0.537240537240537	3.83394383394383	4.004884004884
-1.44078144078144	4.3956043956044	3.34554334554335
-1.12332112332112	3.58974358974359	2.83272283272283
-3.003663003663	3.22344322344322	4.61538461538461
-3.49206349206349	2.88156288156288	4.73748473748474
-3.1990231990232	1.88034188034188	4.88400488400488
-3.80952380952381	1.44078144078144	5.15262515262515
-3.15018315018315	2.002442002442	5.49450549450549
-3.1013431013431	0.805860805860806	4.34676434676435
-3.88278388278388	2.002442002442	3.49206349206349
-1.61172161172161	2.68620268620269	2.93040293040293
-2.90598290598291	3.61416361416361	3.15018315018315
-3.63858363858364	4.17582417582418	4.59096459096459
-3.24786324786325	3.61416361416361	4.27350427350427
-3.41880341880342	3.66300366300366	6.37362637362637
-3.32112332112332	2.83272283272283	6.91086691086691
-3.12576312576313	2.27106227106227	6.83760683760684
-3.51648351648352	2.1978021978022	6.98412698412698
-1.53846153846154	2.66178266178266	6.47130647130647
-1.36752136752137	1.66056166056166	4.51770451770452
-3.1990231990232	1.17216117216117	3.1013431013431
-2.31990231990232	1.14774114774115	2.1978021978022
-1.75824175824176	1.36752136752137	1.78266178266178
-0.586080586080586	1.83150183150183	3.17460317460317
-1.26984126984127	2.71062271062271	5.03052503052503
-1.41636141636142	2.46642246642247	5.54334554334554
0.463980463980464	3.34554334554335	7.03296703296703
-0.537240537240537	3.83394383394383	4.93284493284493
-1.36752136752137	5.86080586080586	6.69108669108669
-0.537240537240537	6.15384615384615	5.90964590964591
-2.46642246642247	5.12820512820513	4.76190476190476
-2.78388278388278	6.2026862026862	5.73870573870574
-1.78266178266178	7.08180708180708	5.51892551892552
0.488400488400488	7.71672771672772	8.22954822954823
1.41636141636142	9.25518925518926	9.57264957264957
1.14774114774115	9.05982905982906	9.10866910866911
2.93040293040293	11.013431013431	12.1123321123321
1.36752136752137	10.4029304029304	11.965811965812
-0.146520146520147	8.91330891330891	10.4029304029304
-0.976800976800977	8.32722832722833	8.98656898656899
-1.80708180708181	7.47252747252747	7.32600732600733
-0.341880341880342	7.47252747252747	6.3003663003663
-1.97802197802198	6.44688644688645	4.44444444444444
-2.95482295482295	5.51892551892552	5.27472527472527
-2.58852258852259	5.27472527472527	6.1050061050061
-2.51526251526252	3.83394383394383	6.37362637362637
-3.1990231990232	2.93040293040293	5.76312576312576
-1.58730158730159	2.31990231990232	5.05494505494505
-0.170940170940171	3.27228327228327	7.35042735042735
-1.14774114774115	2.83272283272283	6.22710622710623
-0.781440781440781	2.07570207570208	4.59096459096459
-1.39194139194139	2.1001221001221	6.03174603174603
-1.14774114774115	1.26984126984127	5.15262515262515
-3.1013431013431	1.02564102564103	5.68986568986569
-2.63736263736264	0.854700854700855	5.95848595848596
-1.51404151404151	1.95360195360195	7.74114774114774
-1.83150183150183	3.39438339438339	7.91208791208791
-1.41636141636142	3.51648351648352	7.22832722832723
-1.39194139194139	3.56532356532357	8.08302808302808
-2.51526251526252	3.05250305250305	6.00732600732601
-2.34432234432234	3.1013431013431	6.64224664224664
-2.63736263736264	2.02686202686203	5.27472527472527
-3.15018315018315	1.24542124542125	4.15140415140415
-3.73626373626374	1.53846153846154	4.56654456654457
-3.83394383394383	0.0976800976800977	3.1990231990232
-3.88278388278388	-1.14774114774115	1.85592185592186
-4.59096459096459	-1.95360195360195	-1.24542124542125
-4.02930402930403	-0.879120879120879	0.83028083028083
-2.24664224664225	-0.708180708180708	1.07448107448107
-1.31868131868132	0.122100122100122	0.976800976800977
-1.26984126984127	1.51404151404151	3.83394383394383
-0.805860805860806	1.29426129426129	5.07936507936508
-1.36752136752137	0.561660561660562	4.68864468864469
-0.683760683760684	1.29426129426129	4.85958485958486
-1.75824175824176	2.07570207570208	4.46886446886447
-2.36874236874237	1.0989010989011	4.02930402930403
-0.805860805860806	2.36874236874237	3.32112332112332
-1.12332112332112	2.1001221001221	2.56410256410256
-1.46520146520147	1.53846153846154	3.51648351648352
-1.1965811965812	2.07570207570208	3.88278388278388
-2.34432234432234	1.29426129426129	2.61294261294261
-1.80708180708181	2.02686202686203	3.27228327228327
-1.73382173382173	2.58852258852259	2.2954822954823
-1.36752136752137	3.56532356532357	1.88034188034188
-0.903540903540904	2.88156288156288	0.927960927960928
-2.46642246642247	1.73382173382173	-1.36752136752137
-2.46642246642247	1.70940170940171	0.463980463980464
-1.9047619047619	2.22222222222222	2.002442002442
-2.97924297924298	2.002442002442	2.68620268620269
-3.1990231990232	1.17216117216117	1.34310134310134
-2.95482295482295	0.683760683760684	0.781440781440781
-2.36874236874237	0	-1.63614163614164
-2.58852258852259	-0.0732600732600733	-0.854700854700855
-1.36752136752137	1.36752136752137	1.85592185592186
-1.56288156288156	1.51404151404151	3.27228327228327
-2.51526251526252	1.70940170940171	4.66422466422466
-2.88156288156288	1.02564102564103	4.81074481074481
-2.05128205128205	0.634920634920635	3.76068376068376
-6.00732600732601	-2.2954822954823	0.170940170940171
-5.98290598290598	-2.63736263736264	-0.708180708180708
-4.81074481074481	-3.85836385836386	-0.634920634920635
-5.07936507936508	-2.83272283272283	0.244200244200244
-3.98046398046398	-1.1965811965812	0
-3.78510378510378	-1.44078144078144	0.366300366300366
-2.53968253968254	1.51404151404151	3.15018315018315
-0.634920634920635	3.12576312576313	2.73504273504274
-1.0989010989011	1.44078144078144	0.634920634920635
-1.24542124542125	2.63736263736264	1.53846153846154
1.05006105006105	4.32234432234432	2.68620268620269
2.66178266178266	5.66544566544567	3.58974358974359
1.14774114774115	5.71428571428571	4.56654456654457
2.27106227106227	7.05738705738706	5.34798534798535
1.07448107448107	6.71550671550672	4.63980463980464
2.22222222222222	5.66544566544567	4.12698412698413
1.78266178266178	3.76068376068376	3.98046398046398
0.903540903540904	1.1965811965812	0.537240537240537
1.41636141636142	2.49084249084249	3.68742368742369
3.49206349206349	2.36874236874237	4.17582417582418
1.1965811965812	1.58730158730159	5.3968253968254
0.952380952380952	0.927960927960928	5.22588522588523
0.757020757020757	0.0732600732600733	4.61538461538461
0.0488400488400488	-0.879120879120879	3.17460317460317
-0.610500610500611	-1.56288156288156	2.39316239316239
-0.927960927960928	-0.976800976800977	0.879120879120879
0.293040293040293	-0.415140415140415	2.1001221001221
0.586080586080586	0.244200244200244	2.39316239316239
0.146520146520147	-0.244200244200244	1.34310134310134
-0.0732600732600733	-0.244200244200244	2.14896214896215
0.463980463980464	-0.0488400488400488	2.68620268620269
-1.17216117216117	0.0488400488400488	0.488400488400488
-0.683760683760684	0.293040293040293	1.22100122100122
-0.244200244200244	0.732600732600733	1.58730158730159
2.68620268620269	2.93040293040293	2.39316239316239
1.53846153846154	2.12454212454212	2.75946275946276
1.61172161172161	2.12454212454212	4.004884004884
1.12332112332112	0.781440781440781	1.88034188034188
0.781440781440781	1.73382173382173	2.36874236874237
3.49206349206349	5.17704517704518	5.95848595848596
3.1013431013431	4.63980463980464	5.22588522588523
3.66300366300366	4.81074481074481	5.83638583638584
3.51648351648352	2.68620268620269	5.95848595848596
1.39194139194139	1.12332112332112	4.85958485958486
-2.61294261294261	-2.12454212454212	0.708180708180708
-3.27228327228327	-2.27106227106227	0.488400488400488
-3.85836385836386	-2.1978021978022	-0.757020757020757
-3.68742368742369	-2.39316239316239	-1.70940170940171
-3.34554334554335	-3.15018315018315	-3.49206349206349
-3.95604395604396	-2.56410256410256	-2.63736263736264
-5.90964590964591	-3.34554334554335	-4.85958485958486
-4.90842490842491	-2.49084249084249	-2.22222222222222
-5.95848595848596	-3.34554334554335	-2.44200244200244
-6.88644688644689	-2.95482295482295	-1.0989010989011
-7.03296703296703	-5.83638583638584	-3.24786324786325
-8.2051282051282	-6.88644688644689	-3.95604395604396
-7.57020757020757	-6.27594627594628	-4.59096459096459
-6.91086691086691	-6.05616605616606	-4.17582417582418
-6.59340659340659	-4.95726495726496	-2.46642246642247
-7.32600732600733	-4.85958485958486	-2.80830280830281
-7.47252747252747	-5.51892551892552	-0.561660561660562
-6.66666666666667	-5.15262515262515	-0.146520146520147
-8.37606837606838	-6.56898656898657	-0.927960927960928
-7.86324786324786	-7.42368742368742	-2.22222222222222
-5.44566544566545	-7.00854700854701	-2.002442002442
-6.34920634920635	-8.2051282051282	-1.63614163614164
-7.3015873015873	-8.08302808302808	-3.32112332112332
-7.08180708180708	-7.03296703296703	-4.12698412698413
-7.08180708180708	-5.78754578754579	-1.97802197802198
-6.56898656898657	-4.63980463980464	-2.75946275946276
-7.44810744810745	-6.61782661782662	-3.80952380952381
-6.22710622710623	-6.78876678876679	-3.76068376068376
-5.2991452991453	-6.81318681318681	-0.757020757020757
-5.37240537240537	-8.47374847374847	-2.1978021978022
-5.90964590964591	-7.69230769230769	-1.83150183150183
-5.56776556776557	-6.52014652014652	0.341880341880342
-6.83760683760684	-7.08180708180708	-0.341880341880342
-7.93650793650794	-8.37606837606838	-1.56288156288156
-8.00976800976801	-8.15628815628816	-1.92918192918193
-7.93650793650794	-9.32844932844933	-1.58730158730159
-8.3028083028083	-10.8669108669109	-2.07570207570208
-7.47252747252747	-8.62026862026862	-1.58730158730159
-5.93406593406593	-9.18192918192918	-1.73382173382173
-3.88278388278388	-7.10622710622711	-1.44078144078144
-2.12454212454212	-7.3015873015873	-2.34432234432234
-2.78388278388278	-7.00854700854701	-0.805860805860806
-3.17460317460317	-5.98290598290598	-0.781440781440781
-4.15140415140415	-7.35042735042735	-2.44200244200244
-6.12942612942613	-7.86324786324786	-2.56410256410256
-3.98046398046398	-5.59218559218559	-1.53846153846154
-5.00610500610501	-5.90964590964591	-4.54212454212454
-3.71184371184371	-3.95604395604396	-0.903540903540904
-6.1050061050061	-7.2039072039072	-4.1025641025641
-7.10622710622711	-7.3992673992674	-2.90598290598291
-7.35042735042735	-6.64224664224664	-2.31990231990232
-7.71672771672772	-5.95848595848596	-4.34676434676435
-5.51892551892552	-4.44444444444444	-2.41758241758242
-3.73626373626374	-3.73626373626374	-3.003663003663
-4.1025641025641	-4.42002442002442	-3.85836385836386
-3.66300366300366	-3.41880341880342	-1.07448107448107
-5.12820512820513	-5.68986568986569	-2.61294261294261
-5.76312576312576	-5.71428571428571	-3.58974358974359
-5.90964590964591	-5.44566544566545	-3.51648351648352
-4.24908424908425	-2.78388278388278	-3.36996336996337
-3.41880341880342	-2.88156288156288	-1.70940170940171
-2.88156288156288	-2.85714285714286	-0.732600732600733
-1.9047619047619	-2.44200244200244	0.634920634920635
-3.73626373626374	-2.88156288156288	0.659340659340659
-4.24908424908425	-2.83272283272283	0.317460317460317
-4.61538461538461	-3.2967032967033	-2.02686202686203
-5.03052503052503	-2.39316239316239	-1.41636141636142
-5.32356532356532	-2.34432234432234	-1.46520146520147
-4.56654456654457	-2.73504273504274	-1.80708180708181
-4.73748473748474	-2.95482295482295	-0.903540903540904
-2.24664224664225	-1.78266178266178	-0.781440781440781
-2.78388278388278	-1.88034188034188	-0.390720390720391
-3.05250305250305	-0.415140415140415	-0.757020757020757
-1.83150183150183	-0.634920634920635	-1.9047619047619
-3.76068376068376	-0.683760683760684	-3.51648351648352
-4.27350427350427	-1.58730158730159	-2.27106227106227
-3.49206349206349	-1.56288156288156	-2.39316239316239
-4.63980463980464	-1.63614163614164	-2.36874236874237
-3.56532356532357	-1.48962148962149	0.293040293040293
-3.02808302808303	-1.0989010989011	0.21978021978022
-3.1990231990232	-0.293040293040293	0.854700854700855
-2.53968253968254	-0.317460317460317	2.63736263736264
-2.49084249084249	-0.0488400488400488	1.83150183150183
-2.1978021978022	-0.683760683760684	2.73504273504274
-2.53968253968254	-0.537240537240537	3.1013431013431
-2.07570207570208	-1.63614163614164	0.927960927960928
-2.31990231990232	-1.1965811965812	1.56288156288156
-2.88156288156288	-2.1001221001221	2.63736263736264
-2.88156288156288	-1.73382173382173	0.757020757020757
-4.004884004884	-2.49084249084249	2.51526251526252
-3.85836385836386	-1.95360195360195	2.39316239316239
-4.34676434676435	-3.93162393162393	1.39194139194139
-4.24908424908425	-3.80952380952381	1.73382173382173
-5.98290598290598	-4.49328449328449	0.537240537240537
-4.61538461538461	-3.02808302808303	0.903540903540904
-5.2014652014652	-3.1990231990232	0.463980463980464
-4.78632478632479	-1.73382173382173	3.34554334554335
-3.73626373626374	-0.43956043956044	3.15018315018315
-4.02930402930403	-3.44322344322344	1.31868131868132
-2.1978021978022	-2.39316239316239	0.463980463980464
-3.15018315018315	-1.78266178266178	0.561660561660562
-3.24786324786325	-1.29426129426129	-0.244200244200244
-3.36996336996337	0.0732600732600733	1.07448107448107
-4.46886446886447	-0.390720390720391	1.66056166056166
-3.1013431013431	-0.0488400488400488	3.78510378510378
-3.44322344322344	0.21978021978022	2.27106227106227
-2.1978021978022	0.0244200244200244	1.61172161172161
-2.44200244200244	-0.537240537240537	1.80708180708181
-2.63736263736264	-0.952380952380952	0.683760683760684
-0.659340659340659	-0.0732600732600733	-0.0488400488400488
-0.21978021978022	0.21978021978022	0.683760683760684
-1.05006105006105	-0.146520146520147	1.58730158730159
0.244200244200244	1.78266178266178	0.21978021978022
-1.31868131868132	0.903540903540904	-1.29426129426129
-1.88034188034188	0.268620268620269	-1.63614163614164
-2.49084249084249	0.415140415140415	-2.07570207570208
-2.24664224664225	2.80830280830281	0.927960927960928
-0.805860805860806	3.90720390720391	-0.0488400488400488
-1.92918192918193	3.34554334554335	1.83150183150183
-1.73382173382173	5.81196581196581	2.90598290598291
-2.44200244200244	4.56654456654457	1.05006105006105
-1.58730158730159	4.59096459096459	1.73382173382173
-1.39194139194139	4.51770451770452	2.1001221001221
-1.39194139194139	3.58974358974359	0.903540903540904
0.537240537240537	5.25030525030525	2.85714285714286
1.44078144078144	6.64224664224664	4.24908424908425
2.07570207570208	5.90964590964591	4.24908424908425
2.17338217338217	6.73992673992674	4.54212454212454
2.44200244200244	7.13064713064713	5.34798534798535
2.61294261294261	7.88766788766789	5.03052503052503
2.97924297924298	7.57020757020757	3.54090354090354
2.002442002442	6.78876678876679	2.49084249084249
2.02686202686203	6.76434676434676	1.78266178266178
2.34432234432234	5.34798534798535	1.36752136752137
2.36874236874237	4.15140415140415	-1.12332112332112
3.27228327228327	4.02930402930403	0.463980463980464
2.66178266178266	3.66300366300366	0.512820512820513
1.46520146520147	4.1025641025641	0.293040293040293
2.93040293040293	3.58974358974359	1.001221001221
0.952380952380952	1.12332112332112	-1.56288156288156
-0.488400488400488	0.0976800976800977	-3.12576312576313
-1.29426129426129	-0.268620268620269	-3.46764346764347
-2.24664224664225	-0.0244200244200244	-4.27350427350427
-2.34432234432234	-0.537240537240537	-4.004884004884
-1.001221001221	0.83028083028083	-3.66300366300366
-0.927960927960928	2.31990231990232	-1.29426129426129
-0.488400488400488	1.58730158730159	1.02564102564103
1.07448107448107	1.9047619047619	0.610500610500611
1.0989010989011	2.83272283272283	1.46520146520147
1.0989010989011	4.54212454212454	2.71062271062271
1.29426129426129	4.12698412698413	2.02686202686203
2.63736263736264	2.80830280830281	2.73504273504274
3.61416361416361	4.73748473748474	4.63980463980464
3.56532356532357	4.2002442002442	3.63858363858364
3.17460317460317	4.66422466422466	5.93406593406593
5.00610500610501	5.12820512820513	5.1037851037851
2.49084249084249	5.86080586080586	5.2014652014652
1.75824175824176	5.3968253968254	5.86080586080586
-0.293040293040293	3.12576312576313	2.44200244200244
-0.927960927960928	2.24664224664225	-0.757020757020757
0.341880341880342	3.27228327228327	0.952380952380952
-1.83150183150183	0.976800976800977	-0.976800976800977
-1.44078144078144	1.68498168498168	0.122100122100122
-1.41636141636142	1.48962148962149	1.34310134310134
-1.85592185592186	1.66056166056166	1.53846153846154
-1.46520146520147	2.36874236874237	2.24664224664225
-0.488400488400488	1.75824175824176	2.17338217338217
-2.07570207570208	0.268620268620269	-1.41636141636142
-2.1978021978022	-1.46520146520147	0.268620268620269
-3.61416361416361	-2.71062271062271	-0.0488400488400488
-3.54090354090354	-2.88156288156288	-0.195360195360195
-2.97924297924298	-1.29426129426129	1.56288156288156
-1.63614163614164	0.683760683760684	2.39316239316239
1.26984126984127	2.41758241758242	3.15018315018315
2.85714285714286	3.2967032967033	3.17460317460317
2.17338217338217	2.07570207570208	0.732600732600733
0.268620268620269	1.48962148962149	1.22100122100122
1.51404151404151	2.24664224664225	1.46520146520147
0.537240537240537	1.58730158730159	0.293040293040293
0.244200244200244	2.1001221001221	0.195360195360195
1.73382173382173	1.56288156288156	-0.415140415140415
1.001221001221	0.0488400488400488	-0.854700854700855
-0.757020757020757	-0.879120879120879	-2.51526251526252
-0.805860805860806	-1.05006105006105	-3.54090354090354
-0.83028083028083	0.488400488400488	-2.63736263736264
1.12332112332112	2.41758241758242	-1.95360195360195
1.78266178266178	3.36996336996337	-1.48962148962149
3.46764346764347	5.00610500610501	0.781440781440781
3.22344322344322	3.68742368742369	-0.390720390720391
2.88156288156288	3.05250305250305	-0.341880341880342
2.88156288156288	2.88156288156288	0
0.488400488400488	1.88034188034188	-0.537240537240537
0.0732600732600733	2.41758241758242	-2.24664224664225
0.805860805860806	2.80830280830281	-1.95360195360195
1.22100122100122	2.53968253968254	-1.24542124542125
1.56288156288156	3.71184371184371	-1.14774114774115
2.41758241758242	2.88156288156288	1.001221001221
2.1001221001221	3.46764346764347	1.95360195360195
1.9047619047619	3.22344322344322	2.34432234432234
2.27106227106227	4.32234432234432	5.03052503052503
0.463980463980464	2.02686202686203	2.1978021978022
-1.97802197802198	2.1001221001221	2.49084249084249
-1.46520146520147	2.73504273504274	2.97924297924298
-3.27228327228327	1.14774114774115	0.757020757020757
-2.97924297924298	2.17338217338217	0.659340659340659
-1.24542124542125	1.51404151404151	0.83028083028083
-2.22222222222222	0.0732600732600733	0.463980463980464
-1.80708180708181	-0.757020757020757	-1.1965811965812
-2.61294261294261	-1.61172161172161	-3.85836385836386
-2.56410256410256	-2.73504273504274	-4.73748473748474
-3.12576312576313	-1.63614163614164	-5.83638583638584
-2.90598290598291	-2.17338217338217	-4.42002442002442
-2.73504273504274	-1.41636141636142	-3.90720390720391
-0.83028083028083	-0.952380952380952	-2.46642246642247
-1.001221001221	-1.46520146520147	-2.2954822954823
-0.0244200244200244	-1.001221001221	-2.85714285714286
2.22222222222222	0.195360195360195	-2.17338217338217
1.53846153846154	0.732600732600733	-2.36874236874237
1.39194139194139	-0.512820512820513	-5.22588522588523
0.317460317460317	-0.390720390720391	-5.47008547008547
0.415140415140415	0.0244200244200244	-4.56654456654457
-0.122100122100122	-0.683760683760684	-5.47008547008547
-0.195360195360195	0.0488400488400488	-4.88400488400488
0.952380952380952	1.17216117216117	-2.07570207570208
0.0244200244200244	2.1001221001221	-1.73382173382173
-0.244200244200244	1.51404151404151	-1.97802197802198
-0.634920634920635	1.41636141636142	-0.781440781440781
0.415140415140415	3.22344322344322	-1.70940170940171
-1.26984126984127	1.51404151404151	-2.51526251526252
-0.537240537240537	1.56288156288156	-1.97802197802198
-1.83150183150183	0.610500610500611	-6.1050061050061
-2.31990231990232	-1.14774114774115	-5.71428571428571
-1.46520146520147	-1.0989010989011	-4.88400488400488
-2.39316239316239	-2.63736263736264	-7.57020757020757
-2.07570207570208	-2.14896214896215	-4.59096459096459
-1.61172161172161	-2.1001221001221	-5.71428571428571
-0.854700854700855	-0.83028083028083	-3.54090354090354
-1.83150183150183	-0.488400488400488	-3.83394383394383
-0.586080586080586	-0.927960927960928	-5.37240537240537
-1.68498168498168	-0.268620268620269	-3.95604395604396
-0.952380952380952	-0.170940170940171	-3.68742368742369
-2.83272283272283	-2.1978021978022	-5.03052503052503
-5.3968253968254	-2.05128205128205	-2.66178266178266
-3.66300366300366	-2.53968253968254	-2.36874236874237
-4.15140415140415	-1.78266178266178	-2.22222222222222
-1.88034188034188	-0.122100122100122	-0.927960927960928
-0.976800976800977	0.537240537240537	-0.390720390720391
-0.757020757020757	0.757020757020757	0.317460317460317
-0.805860805860806	0.757020757020757	-0.757020757020757
-0.708180708180708	1.53846153846154	0.0488400488400488
-1.41636141636142	1.34310134310134	-1.66056166056166
-1.92918192918193	0.976800976800977	-3.73626373626374
-0.0244200244200244	1.63614163614164	-2.36874236874237
-0.293040293040293	0.854700854700855	-3.93162393162393
-0.341880341880342	0.122100122100122	-3.85836385836386
-0.805860805860806	-0.341880341880342	-2.88156288156288
-2.27106227106227	-0.586080586080586	-2.88156288156288
-3.90720390720391	-0.415140415140415	-2.58852258852259
-3.98046398046398	-1.14774114774115	-2.61294261294261
-4.15140415140415	-2.2954822954823	-2.53968253968254
-5.25030525030525	-3.56532356532357	-2.2954822954823
-4.83516483516483	-4.34676434676435	-2.27106227106227
-3.46764346764347	-3.34554334554335	-1.44078144078144
-3.39438339438339	-4.02930402930403	-2.39316239316239
-2.002442002442	-2.17338217338217	-2.1001221001221
-0.512820512820513	-0.146520146520147	0.244200244200244
-0.757020757020757	0.366300366300366	1.70940170940171
-0.0976800976800977	1.85592185592186	0.317460317460317
-1.17216117216117	0.0244200244200244	-1.29426129426129
-1.58730158730159	-0.586080586080586	-2.17338217338217
0.805860805860806	0.805860805860806	-3.1990231990232
0.781440781440781	0.708180708180708	-3.46764346764347
1.53846153846154	2.58852258852259	-1.53846153846154
0.83028083028083	3.73626373626374	-1.001221001221
-0.341880341880342	3.39438339438339	-0.317460317460317
-1.63614163614164	3.27228327228327	0.170940170940171
-1.80708180708181	3.27228327228327	2.07570207570208
-2.31990231990232	1.73382173382173	0.586080586080586
-1.92918192918193	0.390720390720391	-0.0732600732600733
-2.24664224664225	1.0989010989011	-1.07448107448107
-3.05250305250305	0.293040293040293	-3.22344322344322
-5.66544566544567	-1.001221001221	-3.61416361416361
-7.13064713064713	-2.58852258852259	-3.39438339438339
-5.49450549450549	-2.85714285714286	-2.61294261294261
-5.34798534798535	-3.68742368742369	-3.1013431013431
-3.90720390720391	-2.78388278388278	-2.1978021978022
-3.34554334554335	-3.15018315018315	-4.15140415140415
-2.34432234432234	-1.05006105006105	-3.76068376068376
-4.05372405372405	-1.07448107448107	-3.78510378510378
-2.56410256410256	0.170940170940171	-1.9047619047619
-2.78388278388278	0.0244200244200244	-2.80830280830281
-2.80830280830281	0.366300366300366	-1.05006105006105
-1.05006105006105	1.12332112332112	-0.561660561660562
0.561660561660562	1.51404151404151	0
1.92918192918193	3.24786324786325	0.854700854700855
1.51404151404151	2.63736263736264	-0.781440781440781
-0.488400488400488	0.952380952380952	-1.56288156288156
-1.61172161172161	0.732600732600733	-1.31868131868132
-3.78510378510378	-1.22100122100122	-3.85836385836386
-4.004884004884	-0.390720390720391	-3.15018315018315
-4.51770451770452	-1.83150183150183	-3.1990231990232
-4.2002442002442	-0.805860805860806	-1.07448107448107
-2.97924297924298	0.415140415140415	0
-2.61294261294261	-1.14774114774115	-1.17216117216117
-2.78388278388278	-1.41636141636142	-2.51526251526252
-1.24542124542125	-0.610500610500611	-2.83272283272283
-2.31990231990232	-2.05128205128205	-3.76068376068376
-1.05006105006105	-2.63736263736264	-4.51770451770452
-1.58730158730159	-3.83394383394383	-6.15384615384615
-0.903540903540904	-2.56410256410256	-3.1013431013431
-1.31868131868132	-2.49084249084249	-3.003663003663
-0.976800976800977	-2.05128205128205	-2.05128205128205
-0.244200244200244	-0.488400488400488	-0.317460317460317
-0.903540903540904	0.634920634920635	0.976800976800977
-1.66056166056166	0.488400488400488	0.537240537240537
-0.634920634920635	0.268620268620269	-0.21978021978022
-0.732600732600733	-0.781440781440781	-0.122100122100122
-0.586080586080586	-1.36752136752137	-3.1990231990232
-1.17216117216117	-1.07448107448107	-1.12332112332112
-1.36752136752137	-1.44078144078144	-1.66056166056166
-2.002442002442	-0.879120879120879	-3.05250305250305
-3.05250305250305	-1.22100122100122	-2.14896214896215
-3.78510378510378	-0.537240537240537	-2.17338217338217
-2.1978021978022	-0.708180708180708	-3.39438339438339
-3.22344322344322	-1.92918192918193	-4.3956043956044
-2.07570207570208	-2.12454212454212	-3.02808302808303
-0.854700854700855	-1.92918192918193	-3.68742368742369
-2.78388278388278	-2.68620268620269	-2.71062271062271
-1.1965811965812	-3.2967032967033	-1.68498168498168
-1.22100122100122	-2.56410256410256	-0.561660561660562
-1.53846153846154	-3.63858363858364	-2.66178266178266
-0.488400488400488	-3.34554334554335	-0.732600732600733
-1.22100122100122	-3.58974358974359	-3.02808302808303
-1.12332112332112	-4.07814407814408	-4.1025641025641
-0.146520146520147	-4.95726495726496	-2.68620268620269
-2.39316239316239	-4.24908424908425	-3.51648351648352
-0.634920634920635	-2.44200244200244	-2.27106227106227
-0.0976800976800977	-0.952380952380952	0.43956043956044
-0.708180708180708	-1.83150183150183	0.927960927960928
-0.683760683760684	-1.66056166056166	-1.70940170940171
-0.415140415140415	-2.27106227106227	-1.46520146520147
-1.22100122100122	-3.61416361416361	-2.71062271062271
-0.244200244200244	-2.12454212454212	-1.83150183150183
-0.488400488400488	-2.83272283272283	-3.34554334554335
-2.58852258852259	-2.44200244200244	-4.22466422466422
-3.93162393162393	-3.39438339438339	-5.59218559218559
-2.61294261294261	-3.44322344322344	-5.25030525030525
-2.80830280830281	-3.12576312576313	-7.13064713064713
-1.95360195360195	-2.78388278388278	-6.12942612942613
0.952380952380952	-2.31990231990232	-6.3980463980464
1.05006105006105	-0.927960927960928	-5.00610500610501
0.683760683760684	-0.293040293040293	-3.66300366300366
0.781440781440781	2.31990231990232	-2.49084249084249
-0.341880341880342	2.07570207570208	-2.71062271062271
1.0989010989011	1.95360195360195	-1.001221001221
0.415140415140415	1.66056166056166	-2.39316239316239
-0.708180708180708	-0.146520146520147	-2.46642246642247
0.43956043956044	-0.879120879120879	-1.48962148962149
-1.48962148962149	-1.29426129426129	-2.12454212454212
-1.51404151404151	-1.61172161172161	-2.002442002442
-2.36874236874237	-1.39194139194139	-2.05128205128205
-1.44078144078144	-1.001221001221	-1.12332112332112
-1.97802197802198	-0.0976800976800977	-0.390720390720391
-2.07570207570208	-1.12332112332112	-1.95360195360195
-1.34310134310134	-0.244200244200244	-2.22222222222222
0.683760683760684	0.537240537240537	-2.51526251526252
-1.44078144078144	-0.390720390720391	-2.95482295482295
-2.58852258852259	-1.22100122100122	-6.71550671550672
-3.85836385836386	-3.83394383394383	-8.15628815628816
-4.02930402930403	-2.85714285714286	-5.42124542124542
-3.02808302808303	-1.83150183150183	-7.66788766788767
-1.97802197802198	-1.39194139194139	-5.47008547008547
-1.66056166056166	-1.29426129426129	-4.76190476190476
-0.83028083028083	0.146520146520147	-5.00610500610501
-2.34432234432234	-0.0732600732600733	-4.56654456654457
-0.927960927960928	2.46642246642247	-1.75824175824176
-1.44078144078144	2.90598290598291	-0.927960927960928
-1.58730158730159	3.27228327228327	-0.415140415140415
2.36874236874237	6.3003663003663	3.76068376068376
2.22222222222222	5.15262515262515	2.88156288156288
3.80952380952381	5.34798534798535	4.004884004884
5.07936507936508	6.17826617826618	4.004884004884
4.81074481074481	6.91086691086691	3.1990231990232
5.05494505494505	5.47008547008547	3.05250305250305
3.17460317460317	4.12698412698413	3.05250305250305
1.53846153846154	3.17460317460317	-1.001221001221
1.66056166056166	0.366300366300366	-3.05250305250305
1.66056166056166	-1.05006105006105	-4.81074481074481
1.9047619047619	-1.63614163614164	-6.22710622710623
1.80708180708181	-1.56288156288156	-5.88522588522589
0.976800976800977	-2.80830280830281	-7.81440781440781
-1.73382173382173	-5.66544566544567	-8.37606837606838
-4.1025641025641	-6.76434676434676	-9.79242979242979
-6.52014652014652	-9.03540903540904	-13.7728937728938
-5.47008547008547	-8.05860805860806	-10.5738705738706
-5.98290598290598	-7.83882783882784	-8.37606837606838
-4.27350427350427	-6.34920634920635	-7.52136752136752
-3.46764346764347	-5.22588522588523	-5.15262515262515
-2.63736263736264	-5.22588522588523	-3.73626373626374
-1.70940170940171	-3.63858363858364	-4.07814407814408
-0.170940170940171	-3.22344322344322	-3.66300366300366
-0.927960927960928	-2.56410256410256	-3.63858363858364
2.71062271062271	1.70940170940171	1.41636141636142
3.83394383394383	2.68620268620269	2.22222222222222
4.95726495726496	5.15262515262515	5.00610500610501
5.61660561660562	5.73870573870574	3.58974358974359
6.71550671550672	6.32478632478632	4.34676434676435
5.78754578754579	5.56776556776557	3.27228327228327
5.71428571428571	4.81074481074481	3.1990231990232
6.25152625152625	4.2979242979243	0.0976800976800977
5.90964590964591	4.63980463980464	1.12332112332112
5.51892551892552	3.88278388278388	0.488400488400488
4.78632478632479	3.05250305250305	-1.07448107448107
4.95726495726496	1.05006105006105	-1.31868131868132
2.66178266178266	0.390720390720391	-2.1001221001221
1.26984126984127	-1.34310134310134	-4.42002442002442
0.21978021978022	-3.58974358974359	-3.85836385836386
-0.854700854700855	-4.3956043956044	-7.03296703296703
-3.56532356532357	-6.88644688644689	-7.25274725274725
-3.27228327228327	-7.57020757020757	-8.22954822954823
-2.34432234432234	-9.3040293040293	-8.71794871794872
-2.73504273504274	-8.86446886446886	-7.17948717948718
-1.95360195360195	-7.17948717948718	-7.22832722832723
-1.46520146520147	-5.47008547008547	-6.47130647130647
-1.34310134310134	-4.66422466422466	-5.66544566544567
-2.27106227106227	-3.61416361416361	-6.83760683760684
-0.634920634920635	-1.61172161172161	-5.78754578754579
0.293040293040293	0.170940170940171	-5.37240537240537
2.39316239316239	0.659340659340659	-3.46764346764347
3.27228327228327	2.44200244200244	-2.14896214896215
3.2967032967033	4.2002442002442	-1.85592185592186
3.71184371184371	4.61538461538461	-1.70940170940171
3.63858363858364	4.83516483516483	-4.54212454212454
3.32112332112332	3.54090354090354	-5.15262515262515
2.85714285714286	3.83394383394383	-4.83516483516483
3.1013431013431	3.49206349206349	-6.00732600732601
2.63736263736264	3.61416361416361	-2.75946275946276
3.1013431013431	4.81074481074481	-2.63736263736264
2.95482295482295	4.63980463980464	-3.2967032967033
3.95604395604396	5.2014652014652	-2.63736263736264
4.32234432234432	6.00732600732601	-3.90720390720391
5.15262515262515	5.05494505494505	-3.07692307692308
5.05494505494505	4.83516483516483	-4.68864468864469
4.85958485958486	3.32112332112332	-4.44444444444444
4.24908424908425	3.27228327228327	-3.41880341880342
5.68986568986569	4.34676434676435	-0.512820512820513
5.76312576312576	4.93284493284493	-0.537240537240537
5.05494505494505	5.25030525030525	-0.122100122100122
3.73626373626374	2.95482295482295	-2.46642246642247
3.1013431013431	3.49206349206349	-3.90720390720391
3.39438339438339	3.07692307692308	-2.002442002442
2.14896214896215	2.1978021978022	-3.1990231990232
2.53968253968254	2.17338217338217	-3.12576312576313
2.63736263736264	1.68498168498168	-0.708180708180708
3.34554334554335	3.02808302808303	-0.976800976800977
2.53968253968254	2.36874236874237	-2.27106227106227
1.73382173382173	0.854700854700855	-3.15018315018315
1.17216117216117	0.415140415140415	-2.56410256410256
1.26984126984127	-1.29426129426129	-2.88156288156288
0.43956043956044	-3.66300366300366	-6.03174603174603
1.02564102564103	-4.37118437118437	-6.76434676434676
0	-3.49206349206349	-5.59218559218559
1.29426129426129	-2.1001221001221	-4.98168498168498
0.854700854700855	-2.75946275946276	-3.85836385836386
0.244200244200244	-2.85714285714286	-3.95604395604396
0.708180708180708	-2.2954822954823	-1.22100122100122
0.537240537240537	-2.51526251526252	0.952380952380952
-0.0732600732600733	-1.80708180708181	-0.268620268620269
-1.14774114774115	-2.17338217338217	-2.002442002442
-0.366300366300366	-1.31868131868132	-1.97802197802198
-0.634920634920635	-2.22222222222222	-4.2002442002442
-1.68498168498168	-3.07692307692308	-5.3968253968254
-0.0976800976800977	-2.05128205128205	-5.71428571428571
-0.195360195360195	-1.46520146520147	-4.68864468864469
-1.05006105006105	-2.63736263736264	-5.37240537240537
0.83028083028083	-1.9047619047619	-5.32356532356532
-1.29426129426129	-3.90720390720391	-5.15262515262515
0.341880341880342	-2.97924297924298	-4.46886446886447
-0.586080586080586	-3.85836385836386	-7.00854700854701
-1.14774114774115	-3.54090354090354	-7.81440781440781
0.976800976800977	-1.24542124542125	-7.00854700854701
1.73382173382173	-0.854700854700855	-6.61782661782662
2.05128205128205	-1.17216117216117	-6.27594627594628
4.59096459096459	0.0976800976800977	-3.49206349206349
2.97924297924298	-0.0244200244200244	-2.58852258852259
3.61416361416361	1.39194139194139	1.0989010989011
2.71062271062271	1.56288156288156	0.170940170940171
3.93162393162393	2.41758241758242	1.44078144078144
4.12698412698413	2.46642246642247	1.63614163614164
4.90842490842491	3.003663003663	0.268620268620269
4.88400488400488	1.83150183150183	0.927960927960928
3.27228327228327	0.195360195360195	-0.854700854700855
1.05006105006105	-1.68498168498168	-3.78510378510378
-0.341880341880342	-3.68742368742369	-4.27350427350427
-0.244200244200244	-4.56654456654457	-4.46886446886447
0.43956043956044	-4.71306471306471	-5.81196581196581
-0.805860805860806	-4.37118437118437	-5.86080586080586
-1.12332112332112	-4.07814407814408	-5.68986568986569
1.58730158730159	-2.58852258852259	-3.24786324786325
1.97802197802198	-2.27106227106227	-2.53968253968254
1.66056166056166	-3.07692307692308	-1.83150183150183
1.88034188034188	-3.44322344322344	-1.001221001221
2.07570207570208	-2.97924297924298	-0.561660561660562
0.683760683760684	-4.68864468864469	-1.001221001221
0.659340659340659	-4.15140415140415	-2.88156288156288
1.24542124542125	-3.85836385836386	-1.83150183150183
2.49084249084249	-3.22344322344322	-1.17216117216117
4.12698412698413	-2.17338217338217	-1.44078144078144
4.27350427350427	-1.56288156288156	-0.268620268620269
4.44444444444444	-0.415140415140415	-1.14774114774115
4.68864468864469	-0.268620268620269	0.170940170940171
3.003663003663	-1.70940170940171	-0.244200244200244
1.31868131868132	-2.61294261294261	-0.390720390720391
0.927960927960928	-2.71062271062271	-2.36874236874237
1.68498168498168	-1.53846153846154	-3.07692307692308
3.46764346764347	-0.488400488400488	-2.22222222222222
4.27350427350427	1.41636141636142	-0.610500610500611
3.24786324786325	2.41758241758242	-2.31990231990232
3.46764346764347	1.63614163614164	-2.31990231990232
2.24664224664225	0.293040293040293	-3.90720390720391
2.56410256410256	-0.0488400488400488	-4.17582417582418
2.49084249084249	0.634920634920635	-3.41880341880342
2.66178266178266	0.757020757020757	-1.78266178266178
3.44322344322344	-0.879120879120879	-2.39316239316239
4.3956043956044	0.317460317460317	-2.14896214896215
4.17582417582418	0.0976800976800977	-1.24542124542125
5.25030525030525	-0.659340659340659	-1.73382173382173
6.64224664224664	0.0732600732600733	0.415140415140415
6.22710622710623	0.0244200244200244	0
6.47130647130647	0.0976800976800977	0.757020757020757
6.4957264957265	0.903540903540904	0.0976800976800977
5.37240537240537	0.293040293040293	0.170940170940171
5.2014652014652	1.92918192918193	0.610500610500611
5.32356532356532	0.927960927960928	0.43956043956044
4.34676434676435	0.366300366300366	0.757020757020757
4.71306471306471	0.170940170940171	0.366300366300366
4.34676434676435	0.463980463980464	0.390720390720391
2.46642246642247	-0.561660561660562	-1.73382173382173
1.34310134310134	0.659340659340659	-2.12454212454212
1.73382173382173	1.88034188034188	-1.51404151404151
1.66056166056166	0.952380952380952	-5.98290598290598
2.2954822954823	1.1965811965812	-4.24908424908425
3.27228327228327	1.1965811965812	-3.80952380952381
1.61172161172161	-1.68498168498168	-4.95726495726496
2.46642246642247	-3.73626373626374	-4.42002442002442
2.61294261294261	-3.22344322344322	-3.73626373626374
1.001221001221	-3.68742368742369	-2.78388278388278
2.68620268620269	-2.05128205128205	-3.61416361416361
2.31990231990232	-2.14896214896215	-4.17582417582418
2.95482295482295	0.122100122100122	-1.68498168498168
4.83516483516483	0.21978021978022	-1.51404151404151
4.98168498168498	0.610500610500611	1.22100122100122
5.56776556776557	0.146520146520147	1.53846153846154
8.3028083028083	2.02686202686203	3.85836385836386
7.74114774114774	1.78266178266178	4.81074481074481
7.44810744810745	1.68498168498168	3.39438339438339
5.73870573870574	1.31868131868132	2.68620268620269
3.83394383394383	-0.122100122100122	2.73504273504274
3.46764346764347	0.122100122100122	-0.268620268620269
2.53968253968254	-0.732600732600733	-1.63614163614164
2.44200244200244	-1.41636141636142	-3.54090354090354
2.93040293040293	-2.36874236874237	-3.63858363858364
1.36752136752137	-3.54090354090354	-3.32112332112332
0.781440781440781	-5.61660561660562	-4.61538461538461
0.0488400488400488	-6.61782661782662	-3.93162393162393
0.927960927960928	-6.27594627594628	-3.2967032967033
1.29426129426129	-7.25274725274725	-2.63736263736264
2.95482295482295	-6.47130647130647	-4.95726495726496
3.46764346764347	-5.05494505494505	-3.36996336996337
3.98046398046398	-4.51770451770452	-1.73382173382173
4.66422466422466	-3.85836385836386	-2.53968253968254
5.49450549450549	-2.66178266178266	0
4.05372405372405	-3.02808302808303	0.21978021978022
1.56288156288156	-4.61538461538461	-0.561660561660562
1.51404151404151	-2.31990231990232	0.463980463980464
1.02564102564103	-2.39316239316239	-0.122100122100122
-1.61172161172161	-1.95360195360195	-0.586080586080586
0.927960927960928	-1.24542124542125	-0.21978021978022
2.02686202686203	-0.732600732600733	-0.0732600732600733
2.17338217338217	0.268620268620269	-1.48962148962149
1.88034188034188	-0.122100122100122	-4.24908424908425
1.78266178266178	-1.78266178266178	-4.83516483516483
-0.0976800976800977	-2.34432234432234	-7.32600732600733
1.22100122100122	-1.44078144078144	-5.27472527472527
0.879120879120879	-0.83028083028083	-3.02808302808303
-0.390720390720391	-2.27106227106227	-2.71062271062271
-0.610500610500611	-1.001221001221	0.122100122100122
-1.17216117216117	-0.0244200244200244	-1.17216117216117
-0.341880341880342	-0.903540903540904	-1.22100122100122
0.512820512820513	0.0244200244200244	-3.003663003663
2.17338217338217	1.02564102564103	-0.415140415140415
2.31990231990232	1.78266178266178	-0.805860805860806
3.58974358974359	2.49084249084249	1.29426129426129
3.80952380952381	0.976800976800977	1.001221001221
3.15018315018315	1.26984126984127	0.659340659340659
3.73626373626374	1.83150183150183	0.21978021978022
2.63736263736264	1.95360195360195	-0.0244200244200244
0.903540903540904	1.02564102564103	-1.97802197802198
1.46520146520147	0.879120879120879	-2.56410256410256
1.29426129426129	-0.43956043956044	-5.03052503052503
1.14774114774115	-0.561660561660562	-6.08058608058608
2.002442002442	-1.85592185592186	-6.03174603174603
1.48962148962149	-2.34432234432234	-5.2014652014652
1.58730158730159	-1.58730158730159	-3.34554334554335
1.02564102564103	-0.537240537240537	-1.63614163614164
0.512820512820513	-2.51526251526252	-3.05250305250305
0.683760683760684	-1.24542124542125	-2.90598290598291
2.07570207570208	-0.561660561660562	-2.17338217338217
0.415140415140415	-2.39316239316239	-4.54212454212454
0.903540903540904	-3.17460317460317	-3.58974358974359
-0.21978021978022	-3.61416361416361	-3.54090354090354
-0.708180708180708	-3.58974358974359	-1.85592185592186
-0.170940170940171	-2.83272283272283	-0.879120879120879
0.463980463980464	-3.24786324786325	-3.22344322344322
1.24542124542125	-1.78266178266178	-1.70940170940171
2.53968253968254	-0.634920634920635	-0.586080586080586
3.27228327228327	0.586080586080586	-0.415140415140415
3.32112332112332	1.68498168498168	-1.07448107448107
2.56410256410256	2.02686202686203	-1.1965811965812
2.07570207570208	2.07570207570208	-2.58852258852259
2.51526251526252	2.46642246642247	-3.63858363858364
2.66178266178266	3.44322344322344	-2.63736263736264
3.17460317460317	3.71184371184371	-1.85592185592186
3.63858363858364	4.34676434676435	-2.17338217338217
3.63858363858364	4.42002442002442	-1.53846153846154
1.92918192918193	2.44200244200244	-2.56410256410256
1.24542124542125	1.66056166056166	-2.002442002442
0.83028083028083	0.366300366300366	-5.05494505494505
1.12332112332112	-1.0989010989011	-5.32356532356532
1.39194139194139	-2.24664224664225	-4.68864468864469
2.12454212454212	-1.9047619047619	-5.98290598290598
0.195360195360195	-3.1990231990232	-5.00610500610501
-1.61172161172161	-3.68742368742369	-6.03174603174603
-2.51526251526252	-5.59218559218559	-7.15506715506716
-4.07814407814408	-7.05738705738706	-7.96092796092796
-3.07692307692308	-6.12942612942613	-9.01098901098901
-1.80708180708181	-5.78754578754579	-9.5970695970696
-0.366300366300366	-4.49328449328449	-6.34920634920635
-0.488400488400488	-5.51892551892552	-7.32600732600733
0.415140415140415	-5.32356532356532	-6.81318681318681
-1.51404151404151	-7.3992673992674	-7.10622710622711
-1.80708180708181	-7.4969474969475	-8.42490842490843
-0.0244200244200244	-6.2026862026862	-6.76434676434676
0.43956043956044	-4.98168498168498	-5.71428571428571
1.24542124542125	-2.73504273504274	-5.12820512820513
2.97924297924298	-0.122100122100122	-2.44200244200244
2.44200244200244	0	-2.90598290598291
0.610500610500611	-0.537240537240537	-4.95726495726496
0.390720390720391	-1.34310134310134	-5.00610500610501
0.683760683760684	0.659340659340659	-3.61416361416361
1.70940170940171	1.63614163614164	-3.85836385836386
1.05006105006105	1.39194139194139	-4.22466422466422
1.0989010989011	1.56288156288156	-3.78510378510378
2.22222222222222	1.9047619047619	-4.15140415140415
1.88034188034188	0.83028083028083	-5.66544566544567
1.34310134310134	0.976800976800977	-8.35164835164835
1.29426129426129	1.05006105006105	-7.00854700854701
2.58852258852259	2.53968253968254	-7.17948717948718
2.49084249084249	0.854700854700855	-9.13308913308913
2.46642246642247	1.53846153846154	-7.15506715506716
1.97802197802198	0.512820512820513	-6.59340659340659
3.58974358974359	-0.244200244200244	-4.32234432234432
4.46886446886447	1.12332112332112	-2.49084249084249
5.95848595848596	2.90598290598291	-0.170940170940171
3.90720390720391	2.1978021978022	-1.51404151404151
6.2026862026862	4.34676434676435	-1.22100122100122
6.12942612942613	4.27350427350427	0.634920634920635
5.56776556776557	4.2002442002442	-0.708180708180708
5.76312576312576	3.1013431013431	-0.195360195360195
4.1025641025641	2.68620268620269	0.122100122100122
4.76190476190476	2.90598290598291	-0.0488400488400488
4.05372405372405	1.95360195360195	-1.68498168498168
3.41880341880342	1.48962148962149	-3.85836385836386
3.54090354090354	0.952380952380952	-5.49450549450549
3.56532356532357	1.14774114774115	-3.76068376068376
3.78510378510378	0.781440781440781	-3.61416361416361
3.44322344322344	0.317460317460317	-3.90720390720391
1.66056166056166	0.268620268620269	-4.61538461538461
0.83028083028083	-1.83150183150183	-5.49450549450549
2.27106227106227	-0.512820512820513	-4.61538461538461
2.97924297924298	-0.390720390720391	-7.3015873015873
0.732600732600733	-1.12332112332112	-5.90964590964591
2.07570207570208	-0.512820512820513	-4.71306471306471
3.63858363858364	0.317460317460317	-5.42124542124542
4.2979242979243	-0.341880341880342	-3.66300366300366
