4.24811169604028	5.22468909742885	-5.42000457770657
4.58991378652628	4.83405813687343	-3.36919203479057
3.90630960555428	2.49027237354086	-2.24612802319371
2.83207446402686	0.976577401388571	-2.88090333409628
3.02738994430457	0.341802090486	-2.44144350347143
4.785229266804	0.488288700694285	-5.76180666819257
3.46684977492943	-1.70901045243	-7.47386892500191
2.00198367284657	-5.07820248722057	-3.56450751506828
-2.734416723888	-8.74341954680705	-4.93171587701228
-2.53910124361028	-6.83909361409934	-5.56649118791485
-0.830090791180285	-4.39459830624857	-6.05477988860914
-1.12306401159686	-3.759822995346	-5.22468909742885
0.878919661249714	-3.02738994430457	-4.34576943617914
3.02738994430457	-0.0976577401388571	-1.025406271458
4.54108491645685	2.63675898374914	1.025406271458
7.81567101548791	5.37117570763714	-0.0976577401388571
9.47585259784848	6.44541084916457	3.51567864499886
11.0872053101396	7.03440909437705	7.71801327534905
12.6497291523613	7.66918440527962	6.29892423895628
12.7962157625696	8.79224841687648	5.66414892805371
13.7727931639582	9.91531242847334	4.785229266804
11.1848630502785	10.110627908751	4.19928282597086
9.28053711757076	7.18089570458534	5.66414892805371
6.54306858930343	5.27351796749828	5.66414892805371
6.64072632944228	3.51567864499886	0.878919661249714
6.79026474402991	2.92973220416571	-4.00396734569314
3.66216525520714	-0.878919661249714	-3.51567864499886
-2.050812542916	-6.34775310902571	-6.44541084916457
-4.58991378652628	-8.69459067673762	-8.01098649576562
-6.64072632944228	-11.0383764400702	-11.0383764400702
-7.03440909437705	-10.6965743495842	-13.5774776836805
-7.18089570458534	-13.870450904097	-13.4309910734722
-8.10864423590448	-13.7727931639582	-9.81765468833448
-8.59693293659876	-14.1145952544442	-8.01098649576562
-8.25513084611277	-11.8684672312505	-10.6965743495842
-6.44541084916457	-10.6477454795148	-11.6731517509728
-4.00396734569314	-10.0617990386816	-8.40161745632105
-2.68558785381857	-8.64576180666819	-5.02937361715114
-1.12306401159686	-6.152437628748	-4.00396734569314
0.732433051041428	-2.734416723888	-3.56450751506828
3.95513847562371	2.44144350347143	-2.050812542916
5.66414892805371	4.39459830624857	-1.367208361944
6.05477988860914	5.27351796749828	4.49225604638743
7.18089570458534	6.83909361409934	6.25009536888685
8.45044632639048	6.20126649881743	4.73640039673457
9.32936598764019	7.08323796444648	3.41802090486
8.49927519645991	7.47386892500191	3.36919203479057
8.20630197604333	5.17586022735943	3.46684977492943
4.98054474708171	2.63675898374914	3.66216525520714
4.73640039673457	1.22072175173571	2.050812542916
4.54108491645685	1.80666819256886	-1.31837949187457
2.34378576333257	-1.367208361944	0.0976577401388571
0.390630960555428	-5.42000457770657	-1.41603723201343
-0.537117570763714	-6.10360875867857	-2.88090333409628
-1.85549706263828	-5.51766231784543	-1.26955062180514
-2.09964141298543	-4.443427176318	-5.12703135729
-2.44144350347143	-3.71099412527657	-5.12703135729
-3.80865186541543	-5.22468909742885	-1.90432593270771
-4.785229266804	-5.61532005798428	-0.634775310902571
-6.00595101853971	-6.39658197909514	-8.20630197604333
-5.66414892805371	-4.05279621576257	-8.54810406652934
-5.90829327840085	-6.10360875867857	-5.95712214847028
-8.15747310597391	-7.71801327534905	-6.69260700389105
-6.34775310902571	-5.71297779812314	-4.34576943617914
-4.05279621576257	-2.49027237354086	-0.878919661249714
-0.634775310902571	0.488288700694285	-3.95513847562371
2.09964141298543	3.076218814374	0.0488288700694285
4.19928282597086	4.101625085832	3.95513847562371
5.90829327840085	6.64072632944228	4.785229266804
6.69260700389105	6.59189745937285	2.392614633402
6.88792248416877	5.468833447776	-2.49027237354086
5.22468909742885	2.24612802319371	-4.05279621576257
4.98054474708171	-0.292973220416571	-4.00396734569314
4.34576943617914	-2.68558785381857	-4.73640039673457
4.93171587701228	-1.12306401159686	-3.759822995346
7.86449988555734	2.92973220416571	-4.54108491645685
9.57351033798733	1.95315480277714	-2.734416723888
7.71801327534905	0.781261921110857	0.634775310902571
5.56649118791485	-1.26955062180514	-0.195315480277714
4.24811169604028	-1.12306401159686	-0.537117570763714
4.19928282597086	-0.537117570763714	0.244144350347143
1.17189288166629	-1.31837949187457	-1.41603723201343
-4.00396734569314	-4.05279621576257	1.367208361944
-6.25009536888685	-6.74143587396048	2.09964141298543
-6.59189745937285	-4.49225604638743	-3.61333638513771
-5.76180666819257	-2.97856107423514	-1.70901045243
-4.24811169604028	-1.85549706263828	-0.146486610208286
-4.93171587701228	-3.51567864499886	-0.292973220416571
-4.54108491645685	-3.02738994430457	0.341802090486
-2.83207446402686	0.0488288700694285	1.66018158236057
-2.49027237354086	0	-1.17189288166629
-2.44144350347143	1.12306401159686	-0.830090791180285
-1.66018158236057	0.439459830624857	3.759822995346
-0.976577401388571	1.367208361944	3.71099412527657
1.17189288166629	2.83207446402686	2.97856107423514
3.076218814374	4.29694056610971	1.66018158236057
3.56450751506828	4.49225604638743	4.68757152666514
4.88288700694286	5.02937361715114	6.34775310902571
5.12703135729	3.95513847562371	7.57152666514076
4.49225604638743	4.19928282597086	5.12703135729
6.25009536888685	4.34576943617914	1.31837949187457
5.71297779812314	2.734416723888	3.36919203479057
3.36919203479057	-0.244144350347143	1.51369497215228
0.488288700694285	-2.88090333409628	-2.68558785381857
-0.976577401388571	-6.93675135423819	-6.39658197909514
-3.22270542458228	-7.96215762569619	-9.96414129854276
-6.25009536888685	-10.0129701686122	-12.3079270618753
-8.40161745632105	-13.2356755931945	-11.136034180209
-8.20630197604333	-13.0891889829862	-10.1594567788205
-7.81567101548791	-11.1848630502785	-12.4544136720836
-5.37117570763714	-7.96215762569619	-9.52468146791791
-4.785229266804	-8.93873502708476	-7.96215762569619
-5.66414892805371	-8.79224841687648	-5.56649118791485
-6.29892423895628	-8.01098649576562	-0.585946440833143
-3.36919203479057	-5.37117570763714	-0.146486610208286
-0.585946440833143	-1.61135271229114	-2.392614633402
-0.781261921110857	-0.195315480277714	1.85549706263828
-0.292973220416571	-1.90432593270771	4.88288700694286
0.0488288700694285	-1.17189288166629	4.54108491645685
-0.244144350347143	-0.0488288700694285	4.24811169604028
0.0976577401388571	0.0976577401388571	1.75783932249943
-1.367208361944	-0.244144350347143	1.85549706263828
-3.12504768444343	-2.29495689326314	3.41802090486
-6.05477988860914	-3.66216525520714	3.12504768444343
-6.79026474402991	-4.83405813687343	-2.050812542916
-3.51567864499886	-3.66216525520714	-5.85946440833143
-4.00396734569314	-5.22468909742885	-4.15045395590143
-3.22270542458228	-5.37117570763714	-4.24811169604028
-3.12504768444343	-5.95712214847028	-4.443427176318
0.537117570763714	-2.09964141298543	-2.53910124361028
-0.146486610208286	-0.146486610208286	-5.42000457770657
-1.07423514152743	-0.732433051041428	-4.88288700694286
-1.12306401159686	-1.41603723201343	-0.0976577401388571
-2.734416723888	-4.05279621576257	-1.51369497215228
-1.31837949187457	-0.927748531319142	-1.07423514152743
3.51567864499886	1.90432593270771	-2.53910124361028
6.05477988860914	2.83207446402686	-1.51369497215228
7.96215762569619	3.71099412527657	1.80666819256886
7.76684214541848	6.20126649881743	4.29694056610971
10.3547722590982	10.0617990386816	4.785229266804
11.3801785305562	10.6477454795148	2.09964141298543
11.3313496604868	8.30395971618219	7.03440909437705
8.54810406652934	4.83405813687343	6.494239719234
5.27351796749828	1.41603723201343	3.41802090486
3.27153429465171	-1.46486610208286	1.26955062180514
0.781261921110857	-2.68558785381857	-3.85748073548486
-2.050812542916	-4.93171587701228	-3.80865186541543
-3.076218814374	-5.27351796749828	-0.0976577401388571
-4.101625085832	-6.59189745937285	-1.90432593270771
-2.24612802319371	-6.69260700389105	-4.98054474708171
-2.88090333409628	-5.56649118791485	-5.810635538262
-3.71099412527657	-6.93675135423819	-6.54306858930343
-4.54108491645685	-7.27855344472419	-5.51766231784543
-5.07820248722057	-6.88792248416877	-2.09964141298543
-4.15045395590143	-4.19928282597086	-3.12504768444343
-1.56252384222171	-2.09964141298543	-2.83207446402686
1.07423514152743	-1.61135271229114	1.70901045243
0.585946440833143	-3.12504768444343	1.07423514152743
0.439459830624857	-2.92973220416571	1.17189288166629
2.44144350347143	1.26955062180514	2.29495689326314
2.68558785381857	3.12504768444343	-0.878919661249714
3.32036316472114	2.29495689326314	-1.61135271229114
3.41802090486	3.41802090486	3.56450751506828
3.32036316472114	1.17189288166629	1.95315480277714
2.14847028305486	1.56252384222171	0.634775310902571
0.781261921110857	2.53910124361028	0.195315480277714
1.07423514152743	1.22072175173571	2.83207446402686
-0.537117570763714	0.781261921110857	4.19928282597086
-2.734416723888	-0.341802090486	5.37117570763714
-1.56252384222171	0	2.78324559395743
0.781261921110857	1.90432593270771	0.830090791180285
-0.878919661249714	-1.31837949187457	2.34378576333257
-5.51766231784543	-4.54108491645685	0.341802090486
-6.98558022430762	-5.42000457770657	-1.56252384222171
-6.05477988860914	-4.63874265659571	0.146486610208286
-4.19928282597086	-2.392614633402	-0.195315480277714
-4.98054474708171	-0.781261921110857	0
-2.68558785381857	-0.634775310902571	4.88288700694286
-2.49027237354086	-1.75783932249943	4.00396734569314
-3.02738994430457	-0.292973220416571	3.22270542458228
-1.367208361944	0.878919661249714	-0.146486610208286
-0.0488288700694285	1.75783932249943	0.244144350347143
0.390630960555428	1.70901045243	4.88288700694286
2.09964141298543	2.09964141298543	5.12703135729
1.90432593270771	3.95513847562371	4.63874265659571
4.63874265659571	6.34775310902571	1.85549706263828
4.83405813687343	4.785229266804	2.63675898374914
3.61333638513771	2.00198367284657	3.51567864499886
0.292973220416571	0	0.585946440833143
-0.878919661249714	-0.683604180972	0
-2.53910124361028	-2.734416723888	-4.443427176318
-5.37117570763714	-2.14847028305486	-1.90432593270771
-6.05477988860914	-3.66216525520714	0.634775310902571
-6.83909361409934	-4.83405813687343	0.0488288700694285
-6.74143587396048	-4.101625085832	-1.31837949187457
-5.02937361715114	-2.00198367284657	-2.24612802319371
-4.15045395590143	-3.27153429465171	-1.80666819256886
-5.51766231784543	-3.56450751506828	-1.07423514152743
-4.19928282597086	-3.32036316472114	3.46684977492943
-2.68558785381857	-0.390630960555428	2.78324559395743
1.70901045243	1.26955062180514	4.34576943617914
-0.683604180972	-0.732433051041428	7.22972457465476
0.781261921110857	-0.585946440833143	10.6965743495842
2.49027237354086	0.146486610208286	11.3801785305562
4.49225604638743	2.19729915312428	10.8918898298619
7.62035553521019	5.12703135729	10.3547722590982
9.67116807812619	5.810635538262	9.18287937743191
9.23170824750133	6.05477988860914	12.4544136720836
8.74341954680705	4.49225604638743	8.54810406652934
8.15747310597391	6.34775310902571	6.54306858930343
8.05981536583505	6.494239719234	5.37117570763714
6.25009536888685	6.152437628748	5.61532005798428
5.17586022735943	3.36919203479057	6.10360875867857
5.71297779812314	2.19729915312428	9.67116807812619
2.19729915312428	1.12306401159686	5.90829327840085
1.85549706263828	-1.367208361944	0.683604180972
-0.878919661249714	-3.36919203479057	-2.53910124361028
-5.07820248722057	-6.88792248416877	-4.83405813687343
-6.20126649881743	-7.42504005493248	-9.67116807812619
-4.88288700694286	-4.88288700694286	-9.13405050736248
-1.12306401159686	-0.244144350347143	-5.56649118791485
0.0976577401388571	1.80666819256886	-3.17387655451286
-0.781261921110857	1.41603723201343	4.73640039673457
-1.17189288166629	0.292973220416571	6.10360875867857
-1.31837949187457	0.390630960555428	4.93171587701228
1.22072175173571	2.92973220416571	4.39459830624857
2.88090333409628	3.41802090486	6.88792248416877
2.050812542916	2.83207446402686	7.32738231479362
3.46684977492943	4.93171587701228	8.98756389715419
6.74143587396048	5.56649118791485	9.71999694819562
7.18089570458534	7.08323796444648	7.96215762569619
5.90829327840085	6.34775310902571	7.66918440527962
3.90630960555428	6.20126649881743	11.5266651407645
2.734416723888	5.42000457770657	11.7708094911116
2.050812542916	8.93873502708476	10.5012588693065
4.34576943617914	9.47585259784848	5.810635538262
5.468833447776	8.64576180666819	7.22972457465476
5.76180666819257	6.83909361409934	7.18089570458534
4.00396734569314	4.443427176318	5.66414892805371
1.85549706263828	1.90432593270771	0.146486610208286
1.22072175173571	0.634775310902571	-4.101625085832
-0.927748531319142	-1.95315480277714	-3.80865186541543
-4.29694056610971	-3.51567864499886	-0.976577401388571
-5.02937361715114	-4.58991378652628	-2.63675898374914
-5.37117570763714	-3.22270542458228	-2.24612802319371
-5.12703135729	-1.367208361944	-3.22270542458228
-6.25009536888685	-4.29694056610971	-5.95712214847028
-6.83909361409934	-3.759822995346	-2.49027237354086
-6.59189745937285	-4.101625085832	-0.195315480277714
-4.39459830624857	-3.22270542458228	-1.80666819256886
-0.390630960555428	-0.732433051041428	-2.44144350347143
2.392614633402	0.781261921110857	3.90630960555428
4.63874265659571	-0.781261921110857	5.90829327840085
6.83909361409934	1.66018158236057	5.90829327840085
9.13405050736248	3.51567864499886	7.81567101548791
9.52468146791791	4.785229266804	4.93171587701228
9.71999694819562	5.12703135729	6.152437628748
9.03639276722362	4.58991378652628	9.13405050736248
9.08522163729305	3.51567864499886	9.23170824750133
5.85946440833143	4.83405813687343	6.79026474402991
7.13206683451591	6.83909361409934	5.71297779812314
5.71297779812314	3.85748073548486	4.101625085832
1.41603723201343	1.12306401159686	3.076218814374
-2.00198367284657	-0.292973220416571	2.050812542916
-1.75783932249943	-0.244144350347143	-1.85549706263828
-2.29495689326314	0.0488288700694285	-5.27351796749828
-3.12504768444343	-0.830090791180285	-4.05279621576257
-4.785229266804	-2.24612802319371	-0.537117570763714
-6.64072632944228	-4.24811169604028	0.488288700694285
-8.15747310597391	-4.443427176318	-0.341802090486
-8.54810406652934	-4.101625085832	-2.00198367284657
-9.47585259784848	-6.69260700389105	-4.39459830624857
-11.9172961013199	-9.67116807812619	-3.22270542458228
-11.7708094911116	-9.81765468833448	-3.12504768444343
-9.62233920805676	-7.08323796444648	-5.51766231784543
-6.10360875867857	-5.66414892805371	-4.19928282597086
-4.05279621576257	-4.00396734569314	-0.732433051041428
-2.050812542916	-1.51369497215228	3.759822995346
-2.29495689326314	-3.27153429465171	4.101625085832
-0.732433051041428	-2.58793011367971	3.27153429465171
2.24612802319371	-1.46486610208286	-1.367208361944
3.85748073548486	-1.07423514152743	-0.585946440833143
3.90630960555428	-0.146486610208286	2.00198367284657
4.68757152666514	-0.146486610208286	0.683604180972
5.85946440833143	3.02738994430457	1.12306401159686
8.01098649576562	4.00396734569314	-2.78324559395743
7.52269779507134	2.050812542916	-0.439459830624857
3.85748073548486	-1.12306401159686	-0.146486610208286
1.70901045243	-4.443427176318	0.0976577401388571
1.367208361944	-3.71099412527657	-2.09964141298543
1.41603723201343	-0.390630960555428	-1.025406271458
-2.00198367284657	-1.31837949187457	1.85549706263828
-2.92973220416571	-2.19729915312428	0.683604180972
-3.56450751506828	-2.97856107423514	0.683604180972
-2.78324559395743	-1.367208361944	-0.0976577401388571
-0.634775310902571	-0.488288700694285	-3.56450751506828
-2.19729915312428	-2.88090333409628	-4.05279621576257
-3.71099412527657	-4.88288700694286	-1.41603723201343
-4.63874265659571	-7.13206683451591	-2.68558785381857
-3.90630960555428	-3.85748073548486	-4.73640039673457
-2.83207446402686	-4.58991378652628	-3.51567864499886
-2.78324559395743	-5.17586022735943	-6.34775310902571
-1.26955062180514	-5.27351796749828	-1.17189288166629
-2.24612802319371	-5.42000457770657	0.732433051041428
-1.75783932249943	-4.101625085832	-1.46486610208286
-1.025406271458	-1.95315480277714	-3.85748073548486
-2.78324559395743	-2.49027237354086	-2.63675898374914
-4.19928282597086	-4.63874265659571	1.22072175173571
-4.98054474708171	-3.076218814374	0.683604180972
-0.830090791180285	-1.80666819256886	0.732433051041428
0.781261921110857	-1.17189288166629	-0.488288700694285
1.26955062180514	-1.17189288166629	0.781261921110857
3.32036316472114	-0.830090791180285	5.32234683756771
2.78324559395743	0.341802090486	6.00595101853971
3.51567864499886	1.70901045243	3.90630960555428
4.58991378652628	2.68558785381857	5.02937361715114
4.15045395590143	1.75783932249943	5.56649118791485
3.56450751506828	1.90432593270771	7.81567101548791
1.85549706263828	1.025406271458	6.79026474402991
1.46486610208286	0.634775310902571	5.468833447776
2.734416723888	2.34378576333257	1.26955062180514
2.78324559395743	2.63675898374914	2.29495689326314
0.781261921110857	0.244144350347143	3.02738994430457
2.09964141298543	1.025406271458	1.22072175173571
2.78324559395743	2.14847028305486	-0.634775310902571
3.22270542458228	5.02937361715114	-1.22072175173571
2.09964141298543	2.49027237354086	-2.78324559395743
0.683604180972	0.927748531319142	0.781261921110857
-1.80666819256886	-0.341802090486	-0.0976577401388571
-4.39459830624857	-0.683604180972	-2.19729915312428
-5.71297779812314	0.0488288700694285	-3.71099412527657
-7.52269779507134	-0.292973220416571	-1.12306401159686
-5.12703135729	-0.830090791180285	2.09964141298543
-4.88288700694286	0.439459830624857	2.49027237354086
-2.09964141298543	0.537117570763714	2.53910124361028
0.439459830624857	2.88090333409628	0.537117570763714
3.17387655451286	2.68558785381857	2.63675898374914
2.09964141298543	1.22072175173571	5.51766231784543
0.439459830624857	-1.56252384222171	1.85549706263828
2.68558785381857	0.292973220416571	0.585946440833143
3.12504768444343	0.683604180972	0.244144350347143
2.24612802319371	-0.878919661249714	-0.488288700694285
1.66018158236057	-1.22072175173571	-0.390630960555428
2.29495689326314	-0.927748531319142	1.367208361944
3.51567864499886	1.025406271458	-0.976577401388571
4.443427176318	3.17387655451286	-0.683604180972
3.61333638513771	1.75783932249943	2.19729915312428
3.61333638513771	1.12306401159686	2.88090333409628
2.34378576333257	3.51567864499886	5.02937361715114
3.32036316472114	4.34576943617914	3.759822995346
3.22270542458228	6.64072632944228	-0.537117570763714
4.34576943617914	7.52269779507134	1.85549706263828
2.00198367284657	5.810635538262	5.42000457770657
-0.0488288700694285	4.39459830624857	3.61333638513771
2.24612802319371	5.85946440833143	4.15045395590143
3.46684977492943	6.20126649881743	3.80865186541543
3.27153429465171	5.51766231784543	3.66216525520714
2.14847028305486	3.17387655451286	5.12703135729
1.26955062180514	1.56252384222171	4.63874265659571
1.025406271458	3.27153429465171	3.02738994430457
1.95315480277714	4.05279621576257	-1.22072175173571
2.63675898374914	3.36919203479057	0.390630960555428
1.56252384222171	2.58793011367971	3.95513847562371
1.367208361944	2.63675898374914	1.367208361944
2.92973220416571	2.58793011367971	0.830090791180285
2.050812542916	2.392614633402	-0.146486610208286
0.781261921110857	0.732433051041428	0.439459830624857
1.26955062180514	0.927748531319142	3.32036316472114
-0.439459830624857	0.0976577401388571	2.44144350347143
0.976577401388571	2.49027237354086	-0.341802090486
2.83207446402686	5.22468909742885	-0.878919661249714
4.39459830624857	5.22468909742885	-0.0488288700694285
4.54108491645685	6.25009536888685	3.27153429465171
5.42000457770657	6.88792248416877	7.81567101548791
8.49927519645991	11.5266651407645	8.45044632639048
11.3801785305562	14.1634241245136	5.61532005798428
11.9661249713893	15.0911726558328	8.45044632639048
10.5500877393759	15.4329747463188	13.8216220340276
8.84107728694591	14.3587396047913	11.477836270695
9.42702372777905	13.4798199435416	10.3059433890288
9.62233920805676	12.8938735027085	10.5989166094453
7.47386892500191	12.2590981918059	9.71999694819562
4.68757152666514	6.79026474402991	10.3059433890288
2.49027237354086	3.12504768444343	6.98558022430762
2.050812542916	3.076218814374	4.15045395590143
0.927748531319142	1.66018158236057	1.51369497215228
-1.61135271229114	-2.00198367284657	0.830090791180285
-4.39459830624857	-2.97856107423514	1.80666819256886
-6.44541084916457	-4.00396734569314	0.146486610208286
-5.76180666819257	-2.68558785381857	0.341802090486
-5.07820248722057	-2.392614633402	-5.02937361715114
-3.71099412527657	-2.68558785381857	-5.468833447776
-5.17586022735943	-4.83405813687343	-3.32036316472114
-3.27153429465171	-5.07820248722057	-6.20126649881743
-1.56252384222171	-2.49027237354086	-6.44541084916457
0.537117570763714	0.634775310902571	-5.95712214847028
1.56252384222171	0.146486610208286	-4.98054474708171
2.734416723888	2.88090333409628	-0.585946440833143
3.51567864499886	3.71099412527657	1.26955062180514
4.68757152666514	6.29892423895628	1.90432593270771
6.69260700389105	8.40161745632105	0.683604180972
6.79026474402991	9.18287937743191	4.39459830624857
6.93675135423819	8.49927519645991	3.32036316472114
6.64072632944228	7.57152666514076	2.53910124361028
7.08323796444648	7.91332875562676	0.488288700694285
5.61532005798428	5.90829327840085	-4.93171587701228
4.00396734569314	2.734416723888	-4.54108491645685
-0.439459830624857	-0.0488288700694285	-4.19928282597086
-1.26955062180514	-0.976577401388571	-7.37621118486305
-1.12306401159686	1.12306401159686	-8.45044632639048
-1.95315480277714	0.878919661249714	-9.13405050736248
-1.95315480277714	0.195315480277714	-8.45044632639048
-3.90630960555428	-2.00198367284657	-6.25009536888685
-6.79026474402991	-4.101625085832	-6.152437628748
-7.03440909437705	-4.58991378652628	-8.59693293659876
-5.85946440833143	-1.95315480277714	-9.32936598764019
-6.39658197909514	-3.71099412527657	-6.98558022430762
-7.22972457465476	-2.83207446402686	-4.93171587701228
-4.34576943617914	-0.585946440833143	-4.34576943617914
-3.56450751506828	0.0976577401388571	-2.53910124361028
-2.19729915312428	2.34378576333257	-4.83405813687343
1.17189288166629	5.07820248722057	-1.07423514152743
3.076218814374	5.71297779812314	2.88090333409628
2.734416723888	7.37621118486305	1.70901045243
4.73640039673457	10.2571145189593	1.80666819256886
7.27855344472419	11.8684672312505	3.076218814374
5.27351796749828	10.452429999237	0.537117570763714
2.14847028305486	6.494239719234	3.17387655451286
2.44144350347143	6.34775310902571	3.85748073548486
1.07423514152743	6.29892423895628	-1.025406271458
2.00198367284657	6.00595101853971	-4.15045395590143
2.58793011367971	6.88792248416877	-0.390630960555428
0.927748531319142	5.27351796749828	1.95315480277714
-0.439459830624857	2.92973220416571	-2.14847028305486
-0.341802090486	3.95513847562371	-3.85748073548486
-0.146486610208286	3.27153429465171	-7.96215762569619
-2.53910124361028	1.85549706263828	-8.88990615701534
-4.49225604638743	-0.732433051041428	-5.17586022735943
-5.51766231784543	-1.70901045243	-5.56649118791485
-5.27351796749828	-0.390630960555428	-8.05981536583505
-4.73640039673457	-0.0488288700694285	-5.85946440833143
-4.24811169604028	-0.634775310902571	-4.93171587701228
-4.54108491645685	-2.49027237354086	-5.42000457770657
-5.42000457770657	-2.24612802319371	-2.97856107423514
-4.19928282597086	0.341802090486	-1.367208361944
-2.050812542916	1.95315480277714	-4.93171587701228
-0.732433051041428	4.00396734569314	-2.00198367284657
-0.732433051041428	4.00396734569314	6.10360875867857
-0.927748531319142	3.02738994430457	4.88288700694286
1.31837949187457	4.785229266804	3.95513847562371
1.41603723201343	3.85748073548486	3.56450751506828
-0.781261921110857	1.51369497215228	2.19729915312428
-0.878919661249714	-0.585946440833143	0.976577401388571
-3.32036316472114	-2.88090333409628	-1.22072175173571
-0.976577401388571	-3.51567864499886	-4.54108491645685
1.07423514152743	-0.537117570763714	-4.73640039673457
0.195315480277714	-1.12306401159686	-2.19729915312428
0.0488288700694285	-1.66018158236057	-1.56252384222171
-1.41603723201343	-1.31837949187457	-1.80666819256886
-2.34378576333257	-0.341802090486	-2.24612802319371
-2.78324559395743	-0.146486610208286	-6.152437628748
-1.46486610208286	-0.732433051041428	-5.56649118791485
-2.29495689326314	-0.439459830624857	-2.392614633402
-1.17189288166629	-0.537117570763714	-2.68558785381857
-0.585946440833143	1.41603723201343	-1.95315480277714
-0.341802090486	3.36919203479057	-0.781261921110857
-1.22072175173571	2.97856107423514	0.341802090486
-3.95513847562371	1.07423514152743	2.392614633402
-4.93171587701228	-1.26955062180514	2.29495689326314
-2.78324559395743	0.390630960555428	-1.367208361944
-3.85748073548486	-0.390630960555428	-4.101625085832
-3.71099412527657	0.292973220416571	0.341802090486
-4.24811169604028	-2.44144350347143	-0.0976577401388571
-3.56450751506828	-1.61135271229114	1.51369497215228
-4.101625085832	-1.75783932249943	-0.927748531319142
-2.00198367284657	-0.732433051041428	-3.61333638513771
-2.88090333409628	-1.17189288166629	-3.36919203479057
-6.54306858930343	-3.27153429465171	-2.63675898374914
-7.27855344472419	-3.41802090486	-5.17586022735943
-7.13206683451591	-3.22270542458228	-7.47386892500191
-9.71999694819562	-3.36919203479057	-10.7454032196536
-5.468833447776	-2.88090333409628	-7.13206683451591
-4.443427176318	-3.32036316472114	-5.90829327840085
-4.88288700694286	-4.24811169604028	-5.66414892805371
-1.61135271229114	-2.44144350347143	-6.83909361409934
-1.56252384222171	-1.51369497215228	-7.81567101548791
-3.36919203479057	-2.29495689326314	-6.88792248416877
-4.443427176318	-3.85748073548486	-3.56450751506828
-5.32234683756771	-1.95315480277714	-1.61135271229114
-3.759822995346	0.0976577401388571	-0.683604180972
-2.050812542916	1.46486610208286	-2.88090333409628
-0.830090791180285	-0.488288700694285	-2.19729915312428
-2.392614633402	-1.46486610208286	0.292973220416571
-1.51369497215228	-1.41603723201343	-0.585946440833143
-0.732433051041428	-0.976577401388571	-2.29495689326314
0.0976577401388571	1.367208361944	-2.53910124361028
-0.830090791180285	1.26955062180514	-3.95513847562371
-2.44144350347143	-0.781261921110857	-1.61135271229114
-4.00396734569314	-0.878919661249714	-0.488288700694285
-4.29694056610971	-0.488288700694285	-3.51567864499886
-2.88090333409628	-0.683604180972	-4.58991378652628
