-0.802624551766232	7.52880140383001	7.6600289921416
-2.68558785381857	8.30090791180285	8.91126878767071
-4.00701915007248	7.39452201113909	8.93568322270542
-2.5787747005417	4.13824673838407	7.98962386511025
-4.21759365224689	2.04470893415732	4.19623102159152
-3.99481193255512	-0.100709544518196	1.71206225680934
-0.833142595559625	-1.58083466849775	0.152590218966964
0.930800335698482	-3.53398947127489	-3.72014953841459
1.5533684290837	-2.69474326695659	-3.89105058365759
1.01319905394064	-1.1810482948043	-2.24307621881437
2.59708552681773	-2.09048599984741	-4.956130312047
-0.866712443732357	-1.61135271229114	-3.60723277637903
-0.891126878767071	-1.43129625391012	-4.34882124055848
-1.16273746852827	0.585946440833143	-5.56649118791485
-4.37323567559319	-1.3824673838407	-7.00083924620432
-5.09956511787594	-0.537117570763714	-6.10971236743725
-8.63355458915083	-1.39467460135805	-6.86350804913405
-9.22560463874266	-0.93690394445716	-3.50041962310216
-8.11169604028382	-0.21362630655375	-1.81887541008621
-5.91439688715953	1.86160067139696	1.51674677653162
-7.006942854963	1.15968566414893	2.1362630655375
-5.16975661860075	0.949111161974517	2.55436026550698
-3.64385442893111	0.601205462729839	3.11589227130541
-4.60212100404364	1.56557564660105	6.06088349736782
-4.88899061570153	1.99282825970855	7.58373388265812
-1.55642023346304	4.87983520256352	11.0780498970016
-0.592050049591821	7.0923933775845	12.6436255436027
0.592050049591821	8.05981536583505	12.1400778210117
3.37834744792859	7.73937590600443	9.83291371023117
5.88998245212482	7.01609826810101	7.70275425345235
6.38742656595712	4.64179446097505	5.42305638208591
6.20126649881743	3.90630960555428	0.906385900663767
4.61738002594034	2.65506981002518	-2.34073395895323
2.04165712977798	0.604257267109178	-3.10673685816739
0.204470893415732	0.473029678797589	-4.58075837338827
1.06813153276875	-0.588998245212482	-5.38033112077516
-3.48516060120546	-0.744640268558785	-6.0669871061265
-2.25528343633173	0.149538414587625	-7.73022049286641
-1.12916762035554	0.21362630655375	-6.53391317616541
-3.60112916762036	1.03761348897536	-5.59090562294957
-4.18097199969482	0.396734569314107	-5.5390249485008
-5.24605172808423	0.164797436484321	-3.67132066834516
-6.7200732433051	-0.198367284657053	-4.58991378652628
-10.5806057831693	-1.83108262760357	-5.82589456015869
-12.0485236896315	-2.71610589761196	-5.22468909742885
-13.2234683756771	-2.43533989471275	-5.67940794995041
-11.2733653772793	-2.1515220874342	1.50453955901427
-9.2133974212253	-1.08033875028611	4.17486839093614
-3.47295338368811	2.48111696040284	8.56336308842603
2.50553139543755	4.00396734569314	9.94583047226673
4.60212100404364	5.85336079957275	11.3405050736248
7.95605401693751	6.58884565499351	9.47890440222782
9.61318379491875	5.73128862439918	8.61219195849546
8.56336308842603	4.16266117341878	5.5390249485008
7.91943236438544	4.31525139238575	1.12001220721752
8.46875715266651	2.84733348592355	-1.38551918822004
8.76783398184176	3.77203021286336	-2.16678110933089
8.19714656290532	3.27458609903105	-2.71000228885328
5.00801098649577	3.32646677347982	-1.84634164950027
2.08743419546807	3.70183871213855	-0.289921416037232
0.955214770733196	4.30304417486839	-0.216678110933089
-1.70901045243	4.96223392080568	-1.77004654001678
-3.55230029755093	7.08018616006714	-2.20340276188296
-6.74143587396048	4.55024032959487	-2.92973220416571
-6.00289921416037	4.101625085832	-3.62859540703441
-10.5439841306172	1.72121766994736	-4.48310063324941
-11.1543450064851	0.540169375143053	-6.42099641412985
-11.1696040283818	-1.60524910353246	-6.28976882581826
-11.1055161364157	-3.92156862745098	-6.07309071488518
-10.5104142824445	-5.08430609597925	-6.26535439078355
-9.17372396429389	-4.56855115587091	0.823987182421607
-9.47890440222782	-3.86053253986419	5.16670481422141
-4.55329213397421	-1.56557564660105	7.08934157320516
-2.23086900129702	0.787365529869535	8.90821698329137
-0.04272526131075	2.4780651560235	9.01503013656825
4.01922636758984	1.86160067139696	8.7006942854963
6.55832761120012	2.41092545967803	7.54406042572671
5.08125429159991	2.58182650492103	7.84924086366064
9.49416342412451	0.98268101014725	5.81368734264134
6.93064774547952	1.29396505683986	5.70077058060578
6.50644693675135	0.643930724040589	2.86869611657893
5.11482413977264	-1.14747844663157	-0.93690394445716
3.23491264209964	-0.708018616006714	-3.29900053406577
2.58793011367971	-1.00404364080262	-3.32341496910048
-0.695811398489357	-1.73037308308537	-1.52895399404898
0.0823987182421607	-0.491340505073625	-2.01419089036393
-0.958266575112535	0.167849240863661	-3.20439459830625
-2.75272755016403	-0.399786373693446	-5.25520714122225
-3.83306630045014	-0.564583810177768	-4.92256046387427
-4.99885557335775	-1.40077821011673	-6.85435263599603
-5.95407034409094	-1.01625085831998	-6.67124437323568
-4.62348363469902	-2.18509193560693	-5.16365300984207
-5.97238117036698	-0.488288700694285	-1.99893186846723
-0.97962920576791	-1.13832303349355	0.799572747386893
-2.75272755016403	-2.4628061341268	-0.0488288700694285
-2.2369726100557	-2.52994583047227	0.946059357595178
-1.26955062180514	-1.3519493400473	3.02738994430457
-3.61638818951705	-2.61234454871443	3.03349355306325
-2.54520485236896	-3.63164721141375	4.53192950331884
-3.97039749752041	-4.81574731059739	3.39055466544594
-3.12199588006409	-4.84321355001144	5.20027466239414
-2.24002441443503	-3.37224383916991	4.91950865949493
-1.59914549477379	-4.2572671091783	3.82696269169146
-2.14236667429618	-2.80766002899214	2.65506981002518
-3.62249179827573	-0.408941786831464	2.94804303044175
1.33058670939193	-0.842298008697642	1.63576714732586
-0.848401617456321	-3.01213092240787	-0.906385900663767
-0.872816052491035	-2.16678110933089	-0.527962157625696
-0.964370183871214	-2.94193942168307	-4.20538643472953
-0.729381246662089	-1.86160067139696	0.369268329900053
-2.78019378957809	-2.67032883192187	-3.05180437933928
-4.29083695735103	-3.28679331654841	-4.6997787441825
-3.759822995346	-2.59708552681773	-5.02327000839246
-3.58281834134432	-3.22575722896162	-7.6600289921416
-2.62760357061112	-2.08743419546807	-9.96108949416342
-1.77615014877546	-1.26344701304646	-10.2845807583734
-2.72831311512932	-0.366216525520714	-8.01098649576562
-3.39971007858396	-0.0122072175173571	-9.14930952925917
-5.31013962005035	-1.20241092545968	-8.42298008697643
-4.0863660639353	-2.51773861295491	-5.30098420691234
-4.5288776989395	-2.85648889906157	-6.21957732509346
-4.90730144197757	-3.68352788586252	-3.78118562600137
-4.8706797894255	-3.63164721141375	-0.747692072938125
-2.91752498664836	-2.61539635309377	-0.125123979552911
-3.22270542458228	-0.59510185397116	1.77309834439612
-2.84428168154421	0.659189745937285	1.24513618677043
-1.07118333714809	3.88494697489891	3.92462043183032
0.790417334248875	5.64888990615702	6.05783169298848
0.50965133134966	6.26840619516289	8.26733806363012
-0.799572747386893	7.5043869687953	8.59388113221942
1.53505760280766	7.01609826810101	7.44945448996719
0.170901045243	6.70786602578775	3.21355001144427
3.29289692530709	5.48409246967269	3.22880903334096
4.23590447852293	6.86045624475471	-1.61135271229114
4.76386663614862	4.50141145952544	-1.47096971084154
2.01113908598459	3.36919203479057	-3.89410238803693
1.44045166704814	3.98565651941711	-4.23895628290227
-0.628671702143893	3.247119859617	-5.77096208133059
-4.01007095445182	2.31937132829786	-7.36400396734569
-4.23590447852293	1.38857099259937	-8.09643701838712
-2.94499122606241	-1.12916762035554	-8.68238345922026
-2.79545281147478	0.177004654001679	-8.06591897459373
-4.20538643472953	-2.3071641107805	-7.42504005493248
-5.10872053101396	-2.52079041733425	-8.24597543297475
-1.59609369039445	-3.35088120851453	-6.48203250171664
-6.78721293965057	-4.40985732814527	-4.66010528725109
-5.82284275577935	-3.61638818951705	-2.84733348592355
-6.91844052796216	-3.66826886396582	-2.56046387426566
-5.57564660105287	-2.42008087281605	-1.22377355611505
-4.97749294270237	-0.497444113832303	1.47707331960021
-2.96635385671778	0.308232242313268	2.45975432974746
-0.183108262760357	2.84122987716487	5.42000457770657
1.71206225680934	6.31418326085298	9.52773327229725
2.62149996185245	7.7759975585565	10.7728694590677
4.25116350041962	7.98962386511025	8.55725947966735
3.46684977492943	6.33554589150835	6.0517280842298
3.28984512092775	5.13618677042802	0.326543068589303
3.51873044937819	2.13321126115816	-3.13725490196078
1.34889753566796	2.81071183337148	-4.80354009308003
1.12001220721752	0.604257267109178	-6.2928206301976
-0.607309071488518	1.32448310063325	-7.76989394979782
0.292973220416571	2.37125200274662	-6.17074845502403
-4.05584802014191	1.61440451667048	-3.97039749752041
-4.22064545662623	2.78324559395743	-3.53398947127489
-4.5838101777676	2.58487830930037	-5.83504997329671
-4.52582589456016	1.19020370794232	-7.19615472648203
-6.4789806973373	-1.51979858091096	-8.44129091325246
-7.29381246662089	-4.60822461280232	-9.2133974212253
-9.71999694819562	-7.03440909437705	-10.9224078736553
-10.0099183642329	-8.49927519645991	-7.85229266803998
-10.1319905394064	-6.35080491340505	-7.19310292210269
-8.6854352635996	-5.45662623025864	-6.72617685206378
-5.97543297474632	-3.25322346837568	-5.86861982146944
-5.73739223315785	-2.1362630655375	-1.66628519111925
-1.6937514305333	-0.912489509422446	-0.0244144350347143
0.81177996490425	2.34683756771191	2.84428168154421
1.06202792401007	2.70389868009461	4.66010528725109
4.5136186770428	4.03448538948653	5.10261692225528
4.7699702449073	4.21454184786755	4.37628747997253
4.88288700694286	4.54718852521553	4.96833752956436
8.23682001983673	7.22667277027543	5.50240329594873
9.06691081101701	7.4036774242771	2.58793011367971
8.49011978332189	8.20019836728466	4.72419317921721
6.79026474402991	10.1319905394064	3.88494697489891
5.17891203173877	8.25207904173343	3.64385442893111
2.18814373998627	6.27450980392157	1.16273746852827
-1.38551918822004	2.54215304798962	0.552376592660411
-1.45571068894484	0.909437705043107	-0.552376592660411
-1.2970168612192	-0.732433051041428	-3.10368505378805
-3.7445639734493	-2.66117341878386	-4.74860761425193
-6.17685206378271	-4.41901274128328	-7.27550164034485
-9.05470359349966	-4.45563439383536	-8.29175249866484
-9.02418554970626	-4.38544289311055	-9.09742885481041
-12.0759899290455	-4.19012741283284	-5.74044403753719
-9.6406500343328	-2.34073395895323	-4.58686198214694
-6.46982528419928	-0.29907682917525	-1.44655527580682
-6.1219195849546	0.451667048142214	1.41908903639277
-0.613412680247196	0.909437705043107	2.56961928740368
0.619516289005875	3.20134279392691	4.10772869459068
4.71503776607919	3.79034103913939	4.1870756084535
7.91943236438544	6.07919432364385	3.12809948882277
9.67421988250553	7.82177462424659	2.19119554436561
9.52162966353857	8.15747310597391	5.15754940108339
5.99984740978103	8.00488288700694	1.43129625391012
11.1482413977264	8.18188754100862	1.08949416342412
7.44335088120851	6.62851911192493	4.0009155413138
6.4637216754406	6.60105287251087	3.31120775158312
7.35484855420767	6.95201037613489	4.22674906538491
5.85030899519341	7.52269779507134	4.22674906538491
4.10772869459068	8.54200045777066	5.4383154039826
0.119020370794232	5.90218966964218	0.125123979552911
-2.60929274433509	4.90119783321889	-2.32852674143587
-4.52277409018082	1.23292896925307	-4.9408712901503
-5.10872053101396	-0.402838178072786	-7.5745784695201
-8.70984969863432	-3.0609597924773	-3.35698481727321
-11.1238269626917	-3.01213092240787	-3.80560006103609
-6.32028686961166	-2.3224231326772	-3.86663614862287
-10.595864805066	-4.01922636758984	-2.31631952391852
-11.2733653772793	-4.24505989166094	-3.70794232089723
-8.50537880521859	-5.02021820401312	-6.00289921416037
-8.40161745632105	-3.73540856031128	-5.27046616311894
-5.08735790035859	-2.17593652246891	-3.53704127565423
-4.35187304493782	-0.988784618905928	-2.91447318226902
-0.836194399938964	0.00915541313801785	-1.51064316777295
2.14847028305486	0.610360875867857	0.695811398489357
5.90218966964218	1.15663385976959	1.24513618677043
6.9916838330663	-0.546272983901732	1.40077821011673
10.8949416342412	-0.582894636453803	0.607309071488518
8.79530022125582	-1.81887541008621	-0.436408026245518
8.0170901045243	-1.66628519111925	-1.23903257801175
6.17685206378271	-1.97451743343252	-1.11390859845884
2.27969787136645	-2.22476539253834	-0.5981536583505
3.5034714274815	-0.81177996490425	0.207522697795071
1.74563210498207	0.802624551766232	-0.622568093385214
1.76089112687877	0.341802090486	0.570687418936446
2.5787747005417	0.549324788281071	0.531013962005035
3.6591134508278	0.631723506523232	0.375371938658732
1.71511406118868	1.21461814297704	0.354009308003357
-0.921644922560464	0.161745632104982	1.15968566414893
-1.09254596780346	-0.189211871519036	-0.201419089036393
-2.79545281147478	1.30922407873655	-0.262455176623178
-4.1870756084535	-0.0396734569314107	-0.222781719691768
-7.05882352941176	-1.65712977798123	0.134279392690929
-7.40978103303578	-1.88906691081102	-0.59510185397116
-7.37621118486305	-2.80155642023346	-0.436408026245518
-6.93064774547952	-2.41092545967803	-0.137331197070268
-4.28168154421302	-0.494392309452964	-0.271610589761196
-2.93583581292439	0.323491264209964	-1.19325551232166
1.30006866559854	2.72526131074998	3.41802090486
1.48622873273823	2.41092545967803	0.912489509422446
3.94293125810636	4.03448538948653	2.24612802319371
7.49523155565728	3.04264896620127	2.43839169909209
7.3334859235523	4.08941786831464	4.1718165865568
8.61219195849546	3.58587014572366	1.20546272983902
7.51049057755398	3.82085908293278	1.99893186846723
7.64476997024491	3.19523918516823	3.59807736324102
6.33249408712901	2.14236667429618	3.43327992675669
2.55130846112764	0.479133287556268	-0.946059357595178
1.70290684367132	0.628671702143893	-0.802624551766232
0.955214770733196	-0.488288700694285	-0.943007553215839
-1.40383001449607	-0.756847486076142	-0.961318379491875
-3.49431601434348	-1.44045166704814	-1.73037308308537
-4.90119783321889	-1.55947203784237	-0.115968566414893
-5.34065766384375	0.4272526131075	-0.122072175173571
-2.86259250782025	0.457770656900893	-0.72327763790341
-1.85244525825895	3.61028458075837	0.161745632104982
-1.20546272983902	3.82391088731212	1.63576714732586
-0.134279392690929	6.50339513237201	0.802624551766232
0.759899290455482	4.77302204928664	3.32036316472114
-2.53910124361028	2.21866178377966	4.56549935149157
-5.35896849011978	0.830090791180285	4.30304417486839
-6.12497138933394	-2.38651102464332	4.36102845807584
-6.79636835278859	-3.11894407568475	4.46478980697337
-3.68047608148318	-2.28580148012512	3.70489051651789
-1.58388647287709	0.482185091935607	4.83710994125277
4.76386663614862	1.69069962615396	6.24704356450752
5.78622110322728	3.55840390630961	3.588921950103
8.69459067673762	4.36713206683452	4.05584802014191
8.89295796139467	3.53398947127489	3.51567864499886
5.16060120546273	1.9806210421912	0.021362630655375
4.92256046387427	2.2369726100557	-0.064087891966125
2.38040741588464	-0.799572747386893	0.292973220416571
-1.96841382467384	-2.85954070344091	-0.219729915312428
-4.56549935149157	-3.82085908293278	-0.921644922560464
-5.55733577477684	-7.10154879072251	-4.19928282597086
-7.5898374914168	-7.39452201113909	-2.1362630655375
-9.31105516136416	-8.57557030594339	-3.21965362020295
-9.54604409857328	-6.76890211337453	-3.20134279392691
-10.4585336079957	-5.4535744258793	-4.49835965514611
-9.83291371023117	-4.53803311207752	-4.46784161135271
-4.86457618066682	-1.48928053711757	-3.49126420996414
-6.87571526665141	0.714122224765393	-2.16678110933089
-3.74761577782864	1.57167925535973	-0.0305180437933928
-1.33058670939193	2.74052033264668	1.90127412832837
-2.14541847867552	4.33051041428244	3.05790798809796
-2.905317769131	4.39765011062791	2.28580148012512
-4.11993591210803	4.24505989166094	0.164797436484321
-3.79034103913939	4.36408026245518	-1.48622873273823
-2.52689402609293	2.75272755016403	0.482185091935607
-1.96231021591516	3.53398947127489	0.100709544518196
-2.73746852826734	2.14236667429618	-0.189211871519036
5.14839398794537	2.45365072098878	-0.506599526970321
5.02021820401312	3.80865186541543	1.51674677653162
7.49828336003662	4.79133287556268	-0.506599526970321
7.62340733958953	6.26840619516289	1.15663385976959
8.17578393224994	7.17174029144732	0.268558785381857
5.16365300984207	4.88288700694286	1.92874036774243
1.78835736629282	3.10978866254673	1.73037308308537
0.576791027695125	1.14137483787289	-0.592050049591821
-2.4628061341268	-0.955214770733196	-3.52483405813687
-4.72114137483787	-1.58693827725643	-6.07309071488518
-9.04859998474098	-2.62149996185245	-5.89913786526284
-9.25307087815671	-2.02944991226062	-5.58785381857023
-7.65087357900359	-2.71305409323262	-5.20943007553216
-5.84725719081407	-1.82803082322423	-0.390630960555428
-4.98970016021973	-1.57167925535973	-1.85244525825895
-6.20126649881743	-0.207522697795071	-2.65506981002518
-6.19211108567941	0.314335851071946	-4.20843823910887
-5.44136720836194	1.1810482948043	-2.83817807278553
-6.52475776302739	0.344853894865339	-3.29900053406577
-6.50034332799268	0.50965133134966	-2.24307621881437
-3.46684977492943	1.70290684367132	-3.01518272678721
-2.52689402609293	1.4526588845655	0.830090791180285
-4.24505989166094	2.00503547722591	0.140383001449607
-1.85244525825895	1.68459601739528	1.9806210421912
1.27870603494316	2.31021591515984	3.25017166399634
-0.173952849622339	2.3071641107805	4.80048828870069
2.57572289616236	1.7792019531548	2.86259250782025
1.88906691081102	2.88090333409628	1.96841382467384
0.308232242313268	2.734416723888	0.915541313801785
0.280766002899214	3.32036316472114	1.19325551232166
1.97451743343252	2.10879682612345	-1.15358205539025
-0.0579842832074464	-1.37636377508202	-1.66628519111925
-1.1261158159762	-2.31326771953918	-2.18204013122759
-5.09040970473793	-5.04463263904784	-3.38445105668727
-7.87670710307469	-5.81673914702068	-3.77508201724269
-12.7748531319142	-5.82589456015869	-3.52788586251621
-5.85030899519341	-4.40070191500725	-3.53093766689555
-7.79736018921187	-1.75173571374075	-0.604257267109178
-6.34164950026703	-0.234988937209125	-2.42313267719539
-7.42809185931182	1.48622873273823	-1.29091325246052
-6.3080796520943	1.00709544518196	-0.479133287556268
-6.65903715571832	1.06202792401007	-0.72632944228275
-6.50339513237201	1.00709544518196	-1.63271534294652
-4.27862973983368	-0.958266575112535	-2.46585793850614
-1.58388647287709	-0.747692072938125	-2.85648889906157
-2.38956282902266	-2.35294117647059	-2.9755092698558
-0.650034332799268	-0.949111161974517	-3.42107270923934
-2.48722056916152	0.955214770733196	-1.75478751812009
0.152590218966964	2.20035095750362	-1.56557564660105
-1.37636377508202	4.39154650186923	1.58693827725643
0.0823987182421607	6.5491721980621	2.50553139543755
-0.833142595559625	7.10460059510185	3.10063324940871
-1.22072175173571	6.2226291294728	4.51667048142214
-0.167849240863661	6.36301213092241	3.44853894865339
1.9653620202945	7.17174029144732	3.05485618371862
3.52483405813687	6.5796902418555	4.43427176317998
6.5796902418555	7.16563668268864	3.55840390630961
6.12497138933394	7.22667277027543	2.92668039978637
6.20431830319677	4.78217746242466	2.16678110933089
0.445563439383536	1.51674677653162	1.2817578393225
-1.72121766994736	-1.44350347142748	-1.30922407873655
-5.32539864194705	-5.1117723353933	2.79850461585412
-3.25932707713436	-6.2226291294728	0.537117570763714
-3.54924849317159	-6.6498817425803	1.93484397650111
-1.7944609750515	-5.99069199664302	-0.326543068589303
-0.430304417486839	-6.3080796520943	-0.933852140077821
-2.07217517357137	-4.48310063324941	-3.66826886396582
-3.30205233844511	-4.85847257190814	-2.04776073853666
-4.91950865949493	-4.63874265659571	-0.711070420386053
-5.14839398794537	-2.44144350347143	1.06202792401007
-5.27962157625696	-2.69779507133593	0.482185091935607
-5.86251621271076	-2.24307621881437	0.643930724040589
-6.67124437323568	-2.99992370489052	-1.0101472495613
-2.36820019836728	-2.42008087281605	-1.73647669184405
-3.68352788586252	-2.27969787136645	-1.17494468604562
-3.64080262455177	-1.15358205539025	-0.63782711528191
0.192263675898375	0.906385900663767	0.778210116731518
0.823987182421607	3.46990157930877	5.3833829251545
1.78530556191348	6.19821469443809	6.70786602578775
2.83817807278553	9.00892652780957	8.15442130159457
3.39971007858396	11.2245365072099	12.2316319523919
2.68863965819791	12.1309224078737	12.8480964370184
2.53299763485161	12.5185015640497	11.2184328984512
4.50446326390478	13.6324101625086	13.357747768368
4.78828107118334	9.63759822995346	11.3679713130388
5.468833447776	9.68642710002289	9.00282291905089
7.02525368123903	6.67124437323568	9.27748531319143
5.0415808346685	4.46478980697337	7.63561455710689
6.44235904478523	2.60624093995575	5.60616464484626
6.74753948271916	1.88601510643168	4.54718852521553
6.47287708857862	1.4526588845655	3.49431601434348
7.97741664759289	-0.50965133134966	3.46379797055009
8.02624551766232	-0.335698481727321	3.91851682307164
7.29381246662089	-0.756847486076142	4.72724498359655
5.30098420691234	-0.750743877317464	2.75272755016403
4.96528572518502	-0.863660639353018	2.0660715648127
3.54924849317159	-1.0955977721828	4.5838101777676
2.96025024795911	0.0457770656900893	3.35393301289387
2.27969787136645	-0.619516289005875	3.29900053406577
0.988784618905928	-1.24208438239109	6.41489280537118
0.958266575112535	-0.195315480277714	7.13817044327459
1.63576714732586	2.28580148012512	8.88380254825666
0.839246204318303	4.32440680552377	10.064850843061
1.31227588311589	4.55024032959487	9.96108949416342
1.7944609750515	5.73128862439918	8.14221408407721
-0.689707789730678	5.468833447776	7.94995040817884
0.140383001449607	4.14740215152209	5.85946440833143
-1.91042954146639	4.272526131075	4.40680552376593
-1.47096971084154	5.99374380102235	5.29182879377432
0.531013962005035	7.19615472648203	8.43518730449378
1.13221942473487	8.83192187380789	8.20019836728466
1.88296330205234	8.98756389715419	8.27649347676814
4.21149004348821	9.228656443122	8.29785610742351
5.27656977187762	8.89906157015335	8.15136949721523
11.7219806210422	7.83703364614328	5.81368734264134
11.1390859845884	5.68856336308843	5.05989166094453
12.1309224078737	4.14129854276341	5.47798886091402
12.1126115815976	3.60418097199969	3.50652323186084
9.31715877012284	3.43022812237736	3.20744640268559
9.7962920576791	1.57778286411841	1.96841382467384
6.7200732433051	2.17288471808957	1.4373998626688
6.48203250171664	3.68352788586252	-0.521858548867018
7.92553597314412	2.70695048447395	0.781261921110857
5.2674143587396	2.41397726405737	0.0152590218966964
4.5136186770428	1.8097199969482	1.90737773708705
2.41702906843671	0.134279392690929	1.32448310063325
1.31532768749523	0.662241550316625	1.51369497215228
-1.00709544518196	-0.259403372243839	1.35500114442664
-6.08834973678187	-0.445563439383536	-0.0152590218966964
-2.905317769131	-0.59510185397116	0.63782711528191
-4.62958724345769	-0.55542839703975	0.772106507972839
-5.72823682001984	1.34279392690929	1.07118333714809
1.65407797360189	2.07827878233005	3.40581368734264
-0.0183108262760357	1.38857099259937	1.12306401159686
0.775158312352178	2.49027237354086	1.18715190356298
2.72526131074998	4.14435034714275	2.60013733119707
2.16067750057221	3.50041962310216	2.30106050202182
1.23598077363241	3.77813382162203	1.70290684367132
-0.888075074387732	3.32341496910048	1.3824673838407
-2.24307621881437	3.37834744792859	0.973525597009232
-3.759822995346	3.15251392385748	-0.842298008697642
-2.86259250782025	1.94094758525978	-1.59304188601511
-2.93583581292439	1.196307316701	-2.02944991226062
-1.22377355611505	2.97856107423514	-2.3224231326772
4.62043183031968	4.48004882887007	-2.19424734874495
6.03952086671244	6.09140154116121	-1.93484397650111
5.95407034409094	7.69970244907301	-2.19424734874495
9.12184328984512	6.67429617761502	3.41496910048066
6.95811398489357	5.63363088426032	1.3519493400473
7.18089570458534	6.21652552071412	2.19729915312428
5.69161516746777	4.51667048142214	0.646982528419928
3.5736629282063	1.78225375753414	2.12710765239948
1.44350347142748	-0.296025024795911	-1.78225375753414
2.50858319981689	-2.61844815747311	-3.88494697489891
3.19829098954757	-4.1718165865568	-3.99786373693446
2.16067750057221	-5.80148012512398	-3.3478294041352
-0.131227588311589	-5.49019607843137	-5.6092164492256
-1.60219729915312	-3.50957503624018	-4.97444113832303
-3.16777294575418	-0.695811398489357	0.506599526970321
-4.04974441138323	0.93690394445716	2.0660715648127
-4.56244754711223	3.55230029755093	3.30815594720378
-0.732433051041428	4.51056687266346	2.45365072098878
-1.8097199969482	4.91035324635691	2.98161287861448
0.314335851071946	5.10261692225528	0.283817807278553
2.26749065384909	4.48920424200809	0.0244144350347143
2.905317769131	4.82185091935607	-0.122072175173571
1.57473105973907	5.91439688715953	-0.100709544518196
2.19424734874495	5.18806744487678	1.61745632104982
1.48622873273823	5.38033112077516	0.817883573662928
0.518806744487678	6.10971236743725	0.854505226215
0.0335698481727321	6.74448767833982	1.28480964370184
-0.704966811627375	6.78110933089189	5.16670481422141
1.6388189517052	6.03036545357443	3.66216525520714
4.36713206683452	5.70382238498512	3.14030670634012
0.955214770733196	3.74151216906996	2.13015945677882
4.70283054856184	1.43434805828946	-0.961318379491875
2.60929274433509	1.26039520866712	-2.14236667429618
3.78118562600137	0.378423743038071	-1.95315480277714
3.3325703822385	0.833142595559625	-0.476081483176928
3.34477759975586	1.33669031815061	0.0579842832074464
4.28473334859236	1.20546272983902	2.05996795605402
5.96932936598764	1.22072175173571	0.457770656900893
4.76386663614862	1.29091325246052	1.49233234149691
1.80056458381018	-1.67849240863661	-0.81177996490425
0.717174029144732	-2.54215304798962	-1.76699473563745
-1.99588006408789	-2.20340276188296	-3.51567864499886
-2.52384222171359	-1.47402151522087	-5.1972228580148
-4.74860761425193	-1.23903257801175	-5.80758373388266
-4.21454184786755	-0.576791027695125	-5.50545510032807
-3.42717631799802	0.601205462729839	-5.04768444342718
-2.21255817502098	-0.131227588311589	-4.02227817196918
-1.95315480277714	1.32448310063325	-1.86770428015564
1.48928053711757	3.16472114137484	0.473029678797589
2.21560997940032	3.32341496910048	1.16884107728695
3.65300984206912	5.59700923170825	0.762951094834821
3.51873044937819	4.93171587701228	1.76699473563745
1.05592431525139	3.51262684061952	-1.77309834439612
0.903334096284428	2.221713588159	1.20546272983902
-0.396734569314107	0.125123979552911	-1.33974212252995
-1.58388647287709	0.280766002899214	-2.77409018081941
