5.95848595848596	2.31990231990232	-1.41636141636142
6.76434676434676	2.68620268620269	-0.561660561660562
6.52014652014652	3.51648351648352	0
4.95726495726496	4.05372405372405	2.002442002442
6.88644688644689	4.49328449328449	5.17704517704518
4.17582417582418	3.83394383394383	3.93162393162393
4.54212454212454	3.78510378510378	3.95604395604396
5.2014652014652	3.63858363858364	4.12698412698413
5.25030525030525	4.76190476190476	5.66544566544567
6.81318681318681	6.44688644688645	3.34554334554335
6.54456654456654	7.44810744810745	4.44444444444444
7.78998778998779	8.18070818070818	3.66300366300366
6.81318681318681	7.93650793650794	4.59096459096459
5.61660561660562	7.08180708180708	5.42124542124542
4.63980463980464	5.90964590964591	4.95726495726496
7.57020757020757	6.44688644688645	4.98168498168498
3.78510378510378	6.17826617826618	3.17460317460317
4.54212454212454	5.73870573870574	3.34554334554335
6.22710622710623	5.05494505494505	3.32112332112332
3.02808302808303	2.93040293040293	3.1013431013431
1.73382173382173	1.73382173382173	1.22100122100122
1.83150183150183	0.561660561660562	-0.0976800976800977
0.708180708180708	-0.0732600732600733	0.390720390720391
0.21978021978022	-0.83028083028083	0.0732600732600733
1.41636141636142	0.879120879120879	1.22100122100122
2.49084249084249	1.22100122100122	0.757020757020757
2.97924297924298	1.66056166056166	3.1013431013431
-0.659340659340659	-0.170940170940171	1.44078144078144
0.195360195360195	-0.976800976800977	1.24542124542125
-0.757020757020757	-1.48962148962149	2.24664224664225
-1.46520146520147	-2.58852258852259	2.002442002442
-2.2954822954823	-1.53846153846154	2.07570207570208
-2.07570207570208	-1.48962148962149	-0.634920634920635
-2.31990231990232	-0.781440781440781	1.78266178266178
-1.78266178266178	1.02564102564103	1.34310134310134
1.17216117216117	1.75824175824176	-1.85592185592186
1.36752136752137	2.14896214896215	-0.488400488400488
2.05128205128205	3.12576312576313	0.415140415140415
4.17582417582418	4.02930402930403	-0.170940170940171
3.05250305250305	4.27350427350427	3.73626373626374
2.34432234432234	2.83272283272283	0.561660561660562
2.78388278388278	2.97924297924298	-0.122100122100122
1.46520146520147	3.66300366300366	0.805860805860806
0.854700854700855	3.95604395604396	2.1978021978022
3.71184371184371	4.17582417582418	2.02686202686203
4.68864468864469	4.68864468864469	1.36752136752137
2.90598290598291	3.46764346764347	0.683760683760684
2.39316239316239	2.66178266178266	1.95360195360195
4.37118437118437	1.95360195360195	1.22100122100122
2.17338217338217	1.85592185592186	0.757020757020757
2.58852258852259	2.73504273504274	2.22222222222222
2.24664224664225	2.68620268620269	0.879120879120879
2.85714285714286	2.1978021978022	1.58730158730159
3.78510378510378	2.58852258852259	1.56288156288156
3.41880341880342	3.63858363858364	1.26984126984127
2.63736263736264	3.56532356532357	2.05128205128205
2.46642246642247	2.58852258852259	0.366300366300366
4.05372405372405	2.73504273504274	0.293040293040293
2.12454212454212	0.561660561660562	0.927960927960928
0.634920634920635	-0.781440781440781	1.1965811965812
0.537240537240537	0.317460317460317	1.22100122100122
-2.14896214896215	0.366300366300366	-0.146520146520147
-1.36752136752137	1.83150183150183	1.29426129426129
-2.002442002442	2.39316239316239	3.56532356532357
-2.49084249084249	2.95482295482295	3.68742368742369
-1.22100122100122	4.05372405372405	3.44322344322344
0.146520146520147	4.17582417582418	2.24664224664225
0.83028083028083	4.2979242979243	3.56532356532357
-1.05006105006105	4.42002442002442	2.71062271062271
-0.805860805860806	5.03052503052503	3.63858363858364
-0.43956043956044	2.39316239316239	2.61294261294261
-2.75946275946276	0.976800976800977	2.1978021978022
-2.12454212454212	-0.561660561660562	0.0732600732600733
0.708180708180708	-1.88034188034188	-0.122100122100122
1.46520146520147	-1.12332112332112	-0.976800976800977
-2.71062271062271	-0.488400488400488	-1.68498168498168
-3.36996336996337	-0.21978021978022	-1.44078144078144
-0.854700854700855	1.14774114774115	1.78266178266178
-0.21978021978022	1.22100122100122	1.48962148962149
-3.68742368742369	0.0976800976800977	1.66056166056166
-2.1001221001221	0.0732600732600733	0.927960927960928
-0.683760683760684	-0.268620268620269	-0.0732600732600733
-3.36996336996337	-1.36752136752137	-0.561660561660562
-3.51648351648352	-2.44200244200244	-2.95482295482295
-2.85714285714286	-2.75946275946276	-1.85592185592186
-1.001221001221	-1.66056166056166	-2.51526251526252
-1.1965811965812	-2.07570207570208	-3.76068376068376
-2.27106227106227	-0.170940170940171	-0.903540903540904
-1.14774114774115	1.05006105006105	0.463980463980464
-2.12454212454212	0.366300366300366	3.61416361416361
-0.43956043956044	0.43956043956044	4.07814407814408
-3.83394383394383	-0.195360195360195	2.002442002442
-1.88034188034188	0.0488400488400488	4.90842490842491
-3.12576312576313	0.268620268620269	2.36874236874237
-3.61416361416361	0.537240537240537	0.122100122100122
-3.15018315018315	1.14774114774115	-0.415140415140415
-3.15018315018315	1.46520146520147	-1.24542124542125
-3.1990231990232	1.36752136752137	-0.927960927960928
-1.41636141636142	0.366300366300366	-0.757020757020757
-0.708180708180708	1.75824175824176	-0.366300366300366
-2.58852258852259	1.9047619047619	-1.29426129426129
-1.26984126984127	2.51526251526252	-2.71062271062271
-1.58730158730159	3.1013431013431	0.366300366300366
-0.341880341880342	3.05250305250305	-1.56288156288156
-3.85836385836386	3.83394383394383	0.317460317460317
1.66056166056166	4.51770451770452	0.244200244200244
1.51404151404151	4.27350427350427	-0.757020757020757
-1.05006105006105	4.51770451770452	0.21978021978022
0.195360195360195	4.54212454212454	1.63614163614164
1.12332112332112	3.63858363858364	3.34554334554335
-0.83028083028083	2.73504273504274	1.66056166056166
-1.66056166056166	2.07570207570208	0.0976800976800977
-1.75824175824176	0.586080586080586	0.244200244200244
-1.58730158730159	0.732600732600733	0.586080586080586
-0.293040293040293	2.31990231990232	2.12454212454212
-1.1965811965812	1.75824175824176	1.07448107448107
0.805860805860806	1.51404151404151	0.390720390720391
1.001221001221	3.88278388278388	1.14774114774115
1.56288156288156	2.53968253968254	-1.34310134310134
0.952380952380952	1.9047619047619	-3.05250305250305
0.610500610500611	2.85714285714286	-1.83150183150183
0.634920634920635	2.1978021978022	-1.95360195360195
0.537240537240537	2.85714285714286	-1.56288156288156
0.976800976800977	2.80830280830281	-1.24542124542125
1.97802197802198	2.80830280830281	0.21978021978022
2.56410256410256	5.32356532356532	1.31868131868132
1.85592185592186	6.03174603174603	1.85592185592186
2.53968253968254	6.61782661782662	3.34554334554335
2.05128205128205	6.59340659340659	6.00732600732601
2.53968253968254	5.93406593406593	5.32356532356532
-0.561660561660562	5.42124542124542	4.37118437118437
-1.66056166056166	4.1025641025641	2.07570207570208
0.488400488400488	4.05372405372405	3.71184371184371
0.659340659340659	3.80952380952381	2.41758241758242
0.976800976800977	2.58852258852259	2.36874236874237
-2.24664224664225	1.07448107448107	-0.122100122100122
-0.976800976800977	0.781440781440781	0.0976800976800977
-0.317460317460317	0.488400488400488	0.488400488400488
-3.93162393162393	-0.463980463980464	2.05128205128205
-1.001221001221	0.0732600732600733	3.32112332112332
-2.61294261294261	1.36752136752137	2.36874236874237
-1.66056166056166	1.56288156288156	0.561660561660562
-3.1013431013431	1.75824175824176	-1.56288156288156
-0.683760683760684	2.90598290598291	-1.56288156288156
-2.12454212454212	4.02930402930403	-1.92918192918193
-2.85714285714286	3.22344322344322	-0.0732600732600733
-1.63614163614164	3.90720390720391	-1.73382173382173
-3.36996336996337	3.15018315018315	0.463980463980464
-3.1990231990232	2.14896214896215	-2.1978021978022
-1.78266178266178	4.32234432234432	-0.488400488400488
-2.41758241758242	4.24908424908425	-1.83150183150183
-0.0244200244200244	3.98046398046398	-1.48962148962149
-1.46520146520147	3.61416361416361	-2.002442002442
-1.88034188034188	2.66178266178266	-1.39194139194139
-1.92918192918193	2.14896214896215	-0.757020757020757
1.44078144078144	3.12576312576313	-3.003663003663
1.46520146520147	1.9047619047619	-2.68620268620269
1.88034188034188	2.97924297924298	-1.9047619047619
1.9047619047619	3.49206349206349	-1.92918192918193
2.27106227106227	4.49328449328449	0.0244200244200244
2.24664224664225	5.88522588522589	1.46520146520147
4.27350427350427	7.17948717948718	3.68742368742369
3.98046398046398	7.47252747252747	4.46886446886447
5.54334554334554	7.52136752136752	2.90598290598291
7.08180708180708	6.91086691086691	5.66544566544567
3.1990231990232	4.98168498168498	2.68620268620269
2.88156288156288	2.88156288156288	-1.36752136752137
0.927960927960928	3.17460317460317	-0.561660561660562
1.07448107448107	2.58852258852259	-1.39194139194139
-2.95482295482295	1.85592185592186	-2.58852258852259
-2.22222222222222	2.75946275946276	-3.83394383394383
-1.31868131868132	3.66300366300366	-2.97924297924298
-1.14774114774115	4.81074481074481	-1.14774114774115
1.41636141636142	4.07814407814408	-0.341880341880342
0.0976800976800977	4.15140415140415	1.02564102564103
1.80708180708181	4.46886446886447	2.63736263736264
0.366300366300366	3.003663003663	1.85592185592186
0.195360195360195	2.17338217338217	1.56288156288156
-0.122100122100122	0.586080586080586	2.36874236874237
-2.1978021978022	1.41636141636142	1.95360195360195
-0.170940170940171	3.39438339438339	2.63736263736264
0.43956043956044	4.12698412698413	1.61172161172161
0.83028083028083	4.05372405372405	5.12820512820513
-0.0732600732600733	3.80952380952381	3.78510378510378
3.1013431013431	2.95482295482295	3.98046398046398
1.44078144078144	2.56410256410256	-0.561660561660562
-0.732600732600733	3.1013431013431	-1.46520146520147
2.97924297924298	2.2954822954823	0.317460317460317
1.36752136752137	2.49084249084249	-1.83150183150183
0.244200244200244	2.36874236874237	0.512820512820513
-0.317460317460317	0.879120879120879	-1.34310134310134
-0.244200244200244	-1.07448107448107	-2.41758241758242
-2.1001221001221	-1.66056166056166	-2.002442002442
0.463980463980464	-1.001221001221	-0.390720390720391
1.34310134310134	-2.002442002442	-0.879120879120879
-1.14774114774115	-0.927960927960928	-1.001221001221
-0.854700854700855	0.341880341880342	-0.610500610500611
-0.244200244200244	0.683760683760684	-1.1965811965812
0.415140415140415	2.05128205128205	1.53846153846154
0.488400488400488	2.58852258852259	2.73504273504274
-0.683760683760684	2.12454212454212	2.61294261294261
3.61416361416361	3.63858363858364	1.48962148962149
-0.561660561660562	2.68620268620269	0
-2.44200244200244	2.05128205128205	0.0488400488400488
-0.0976800976800977	2.78388278388278	-0.512820512820513
0.537240537240537	2.2954822954823	0.805860805860806
2.12454212454212	1.24542124542125	0.757020757020757
1.63614163614164	1.29426129426129	1.9047619047619
2.53968253968254	1.24542124542125	2.05128205128205
2.73504273504274	1.1965811965812	3.15018315018315
0.0976800976800977	2.07570207570208	1.9047619047619
0.83028083028083	2.71062271062271	1.0989010989011
-0.317460317460317	1.31868131868132	2.36874236874237
-2.14896214896215	2.49084249084249	2.66178266178266
-1.70940170940171	3.54090354090354	3.73626373626374
-2.27106227106227	3.39438339438339	4.93284493284493
-2.02686202686203	3.02808302808303	2.07570207570208
-1.88034188034188	2.68620268620269	4.42002442002442
-3.61416361416361	0.244200244200244	2.95482295482295
-2.05128205128205	-1.61172161172161	1.66056166056166
-1.0989010989011	-1.61172161172161	2.66178266178266
-0.610500610500611	0.0732600732600733	3.24786324786325
-1.001221001221	-0.170940170940171	2.78388278388278
0.170940170940171	1.34310134310134	1.9047619047619
0.757020757020757	2.71062271062271	2.51526251526252
2.002442002442	3.02808302808303	2.31990231990232
-1.14774114774115	2.51526251526252	1.61172161172161
1.001221001221	3.49206349206349	1.88034188034188
1.9047619047619	4.07814407814408	2.51526251526252
1.68498168498168	2.75946275946276	3.003663003663
2.1001221001221	2.61294261294261	4.07814407814408
3.98046398046398	2.36874236874237	0.757020757020757
3.02808302808303	2.17338217338217	3.1013431013431
2.66178266178266	1.70940170940171	3.27228327228327
1.78266178266178	1.63614163614164	1.78266178266178
1.22100122100122	2.07570207570208	-0.268620268620269
1.07448107448107	1.88034188034188	0.732600732600733
0.732600732600733	0.952380952380952	1.9047619047619
1.73382173382173	0.732600732600733	2.71062271062271
1.44078144078144	0.610500610500611	3.34554334554335
1.75824175824176	0.708180708180708	2.39316239316239
-0.463980463980464	-0.293040293040293	-0.0732600732600733
0.366300366300366	-0.610500610500611	0.708180708180708
2.07570207570208	-1.46520146520147	0.488400488400488
-3.71184371184371	-2.14896214896215	-1.001221001221
-3.73626373626374	-3.003663003663	-0.952380952380952
-1.24542124542125	-3.54090354090354	-4.07814407814408
-3.1990231990232	-2.75946275946276	-2.1978021978022
-4.51770451770452	-3.93162393162393	-3.78510378510378
-1.14774114774115	-3.07692307692308	-2.80830280830281
-1.68498168498168	-2.75946275946276	-3.05250305250305
-1.34310134310134	-1.36752136752137	-2.66178266178266
-1.14774114774115	-0.170940170940171	-0.390720390720391
-2.22222222222222	0.805860805860806	-0.757020757020757
-3.93162393162393	1.22100122100122	1.56288156288156
-1.36752136752137	1.58730158730159	4.51770451770452
-5.3968253968254	0.268620268620269	3.80952380952381
-1.26984126984127	-0.21978021978022	3.24786324786325
-1.75824175824176	-1.83150183150183	0.537240537240537
0.0488400488400488	-2.2954822954823	1.75824175824176
2.14896214896215	-3.36996336996337	0.390720390720391
-4.02930402930403	-3.88278388278388	-1.001221001221
-3.17460317460317	-4.88400488400488	0.0244200244200244
-4.37118437118437	-4.32234432234432	1.70940170940171
-2.83272283272283	-4.07814407814408	2.46642246642247
-1.51404151404151	-3.58974358974359	2.1001221001221
-3.15018315018315	-3.41880341880342	-0.21978021978022
-3.05250305250305	-4.81074481074481	0.586080586080586
-2.17338217338217	-4.17582417582418	0.317460317460317
-2.63736263736264	-4.34676434676435	0.21978021978022
-1.9047619047619	-3.80952380952381	-1.41636141636142
0.195360195360195	-3.78510378510378	-3.1990231990232
1.85592185592186	-2.90598290598291	-2.07570207570208
-3.49206349206349	-4.07814407814408	-3.05250305250305
-2.02686202686203	-3.80952380952381	-2.002442002442
-3.93162393162393	-5.2991452991453	-4.15140415140415
-4.004884004884	-5.49450549450549	-3.83394383394383
-2.88156288156288	-6.71550671550672	-2.88156288156288
-4.54212454212454	-6.71550671550672	-3.41880341880342
-4.44444444444444	-5.78754578754579	0
-4.27350427350427	-6.4957264957265	-1.56288156288156
-5.44566544566545	-5.47008547008547	-1.70940170940171
-6.03174603174603	-7.57020757020757	-1.70940170940171
-4.07814407814408	-8.03418803418803	-0.610500610500611
-4.85958485958486	-9.08424908424908	-1.83150183150183
-5.00610500610501	-8.64468864468864	-3.24786324786325
-5.05494505494505	-8.27838827838828	-3.44322344322344
-4.54212454212454	-7.47252747252747	-3.02808302808303
-3.49206349206349	-6.1050061050061	-3.83394383394383
-3.36996336996337	-5.37240537240537	-2.07570207570208
-3.02808302808303	-5.25030525030525	-2.2954822954823
-0.488400488400488	-2.61294261294261	-3.76068376068376
0.708180708180708	-2.02686202686203	-0.0976800976800977
-2.71062271062271	-3.49206349206349	-3.76068376068376
-0.83028083028083	-4.68864468864469	-2.78388278388278
-2.1001221001221	-4.42002442002442	-1.73382173382173
-0.903540903540904	-3.95604395604396	-2.73504273504274
1.05006105006105	-3.51648351648352	-0.659340659340659
-1.22100122100122	-2.49084249084249	-0.341880341880342
0.366300366300366	-1.26984126984127	0.732600732600733
-1.07448107448107	-2.02686202686203	-0.83028083028083
-4.05372405372405	-4.27350427350427	-3.46764346764347
-5.25030525030525	-3.80952380952381	-2.14896214896215
-4.71306471306471	-3.68742368742369	-0.244200244200244
-2.51526251526252	-1.88034188034188	1.29426129426129
-1.46520146520147	-1.14774114774115	0.512820512820513
-1.61172161172161	-0.757020757020757	2.05128205128205
-1.63614163614164	-0.586080586080586	1.26984126984127
-0.146520146520147	-1.1965811965812	-1.46520146520147
0.244200244200244	-1.70940170940171	-2.56410256410256
-0.244200244200244	-1.05006105006105	-2.80830280830281
0.708180708180708	-0.586080586080586	-3.15018315018315
-2.1001221001221	-0.927960927960928	-2.002442002442
-0.366300366300366	-0.708180708180708	-2.22222222222222
-0.537240537240537	-0.268620268620269	-1.75824175824176
-1.68498168498168	0.0244200244200244	-1.17216117216117
-2.83272283272283	0.195360195360195	-1.78266178266178
-1.24542124542125	0.0732600732600733	-2.31990231990232
-2.41758241758242	-0.43956043956044	-0.927960927960928
-4.81074481074481	-1.17216117216117	-0.293040293040293
-3.98046398046398	-2.002442002442	-0.268620268620269
-4.34676434676435	-3.54090354090354	-3.05250305250305
-3.41880341880342	-5.64102564102564	-4.2979242979243
-2.05128205128205	-7.3015873015873	-5.00610500610501
-3.54090354090354	-7.59462759462759	-2.78388278388278
-2.12454212454212	-7.3015873015873	-1.88034188034188
-3.36996336996337	-5.86080586080586	-1.29426129426129
-0.634920634920635	-3.76068376068376	1.56288156288156
-1.34310134310134	-2.71062271062271	3.66300366300366
2.78388278388278	-1.44078144078144	2.93040293040293
-1.85592185592186	-2.44200244200244	1.46520146520147
2.07570207570208	-2.49084249084249	-0.976800976800977
0.43956043956044	-3.34554334554335	-1.56288156288156
-0.805860805860806	-4.56654456654457	-1.44078144078144
-1.83150183150183	-4.93284493284493	-2.05128205128205
-1.36752136752137	-3.32112332112332	-1.92918192918193
-0.195360195360195	-3.71184371184371	-1.26984126984127
-2.17338217338217	-3.56532356532357	-1.51404151404151
0.0244200244200244	-3.15018315018315	-1.0989010989011
0.976800976800977	-2.12454212454212	0.927960927960928
2.31990231990232	-1.1965811965812	2.05128205128205
2.2954822954823	-1.44078144078144	0.805860805860806
3.34554334554335	-0.586080586080586	3.34554334554335
4.61538461538461	-0.0244200244200244	3.41880341880342
2.44200244200244	0.0732600732600733	2.97924297924298
1.9047619047619	-0.293040293040293	-1.53846153846154
1.001221001221	0.463980463980464	0.561660561660562
0.757020757020757	0.21978021978022	3.27228327228327
-3.2967032967033	-0.170940170940171	3.76068376068376
-2.24664224664225	0.293040293040293	7.15506715506716
-2.46642246642247	0.415140415140415	7.03296703296703
-0.488400488400488	0.781440781440781	3.36996336996337
-0.21978021978022	1.53846153846154	2.93040293040293
-0.21978021978022	2.2954822954823	0.415140415140415
1.70940170940171	2.93040293040293	0.952380952380952
1.63614163614164	3.02808302808303	-0.512820512820513
-0.854700854700855	1.88034188034188	-0.0732600732600733
2.58852258852259	2.17338217338217	1.53846153846154
2.66178266178266	1.92918192918193	-0.781440781440781
2.63736263736264	1.17216117216117	-0.805860805860806
2.66178266178266	2.1978021978022	0.195360195360195
1.34310134310134	2.63736263736264	-1.001221001221
0.170940170940171	2.49084249084249	1.29426129426129
-0.854700854700855	2.1001221001221	2.24664224664225
-2.2954822954823	2.56410256410256	2.39316239316239
-2.24664224664225	2.36874236874237	0.83028083028083
-1.17216117216117	2.66178266178266	-0.757020757020757
-1.75824175824176	2.90598290598291	2.36874236874237
0.43956043956044	3.07692307692308	3.63858363858364
3.1990231990232	2.83272283272283	5.76312576312576
1.92918192918193	3.93162393162393	6.81318681318681
1.75824175824176	2.78388278388278	7.00854700854701
1.68498168498168	3.05250305250305	6.3980463980464
0.0488400488400488	1.97802197802198	4.004884004884
-1.22100122100122	1.001221001221	1.22100122100122
1.07448107448107	1.63614163614164	-0.537240537240537
1.41636141636142	0.903540903540904	-1.97802197802198
0.341880341880342	1.46520146520147	0.21978021978022
0.244200244200244	0.781440781440781	0.903540903540904
-0.903540903540904	0.805860805860806	1.75824175824176
-0.170940170940171	1.73382173382173	1.44078144078144
1.0989010989011	1.78266178266178	0.341880341880342
-0.757020757020757	1.88034188034188	1.26984126984127
1.48962148962149	2.49084249084249	0.537240537240537
1.0989010989011	2.58852258852259	2.51526251526252
0.0488400488400488	3.07692307692308	1.12332112332112
0.634920634920635	2.49084249084249	1.66056166056166
1.05006105006105	2.36874236874237	2.68620268620269
1.9047619047619	1.92918192918193	0.634920634920635
1.51404151404151	2.39316239316239	2.83272283272283
1.75824175824176	2.02686202686203	2.39316239316239
1.29426129426129	2.39316239316239	3.24786324786325
0.43956043956044	1.78266178266178	4.98168498168498
-0.146520146520147	2.73504273504274	4.85958485958486
-0.293040293040293	2.85714285714286	5.17704517704518
-1.83150183150183	1.66056166056166	1.41636141636142
-1.001221001221	0.659340659340659	-1.34310134310134
-2.68620268620269	-0.122100122100122	-1.1965811965812
-1.39194139194139	0.732600732600733	-2.58852258852259
0.415140415140415	1.1965811965812	-1.83150183150183
-1.41636141636142	1.36752136752137	-1.66056166056166
2.2954822954823	2.31990231990232	-0.366300366300366
2.22222222222222	2.39316239316239	0.0488400488400488
2.07570207570208	1.1965811965812	0.122100122100122
4.76190476190476	0.43956043956044	0.366300366300366
3.39438339438339	0.317460317460317	-1.92918192918193
1.85592185592186	0.708180708180708	-1.88034188034188
3.80952380952381	0.805860805860806	1.48962148962149
2.90598290598291	-0.561660561660562	1.48962148962149
1.24542124542125	-0.586080586080586	3.49206349206349
2.53968253968254	0.610500610500611	4.90842490842491
3.36996336996337	0.976800976800977	3.80952380952381
3.003663003663	1.14774114774115	4.27350427350427
2.88156288156288	1.63614163614164	5.07936507936508
3.54090354090354	2.73504273504274	6.52014652014652
2.53968253968254	3.73626373626374	6.86202686202686
2.36874236874237	3.02808302808303	3.56532356532357
3.66300366300366	2.1978021978022	3.27228327228327
0.293040293040293	-1.0989010989011	1.44078144078144
0.952380952380952	-2.61294261294261	0.586080586080586
0.976800976800977	-3.56532356532357	-0.170940170940171
-0.195360195360195	-4.66422466422466	-1.34310134310134
-1.39194139194139	-4.24908424908425	-0.21978021978022
-1.29426129426129	-3.36996336996337	-2.002442002442
0.879120879120879	-1.83150183150183	-1.0989010989011
-0.0244200244200244	-1.07448107448107	-1.24542124542125
-0.0244200244200244	-1.48962148962149	-2.56410256410256
2.07570207570208	-1.07448107448107	-0.463980463980464
1.95360195360195	0.341880341880342	1.26984126984127
2.07570207570208	-0.757020757020757	2.36874236874237
1.97802197802198	-1.41636141636142	1.70940170940171
1.02564102564103	-1.46520146520147	1.51404151404151
1.9047619047619	-0.757020757020757	2.1001221001221
4.07814407814408	0.757020757020757	2.56410256410256
4.66422466422466	0.83028083028083	3.05250305250305
5.54334554334554	1.88034188034188	2.85714285714286
-0.463980463980464	-0.0488400488400488	2.66178266178266
-0.293040293040293	-2.34432234432234	3.02808302808303
-0.586080586080586	-3.24786324786325	2.44200244200244
-2.61294261294261	-4.54212454212454	2.68620268620269
-0.366300366300366	-3.85836385836386	1.83150183150183
0.634920634920635	-3.39438339438339	-1.0989010989011
2.12454212454212	-3.85836385836386	-2.46642246642247
0.781440781440781	-3.36996336996337	-2.46642246642247
-1.44078144078144	-4.59096459096459	-3.90720390720391
-0.463980463980464	-3.51648351648352	-2.58852258852259
0.488400488400488	-1.29426129426129	0
0.757020757020757	-0.757020757020757	0.366300366300366
0.976800976800977	-0.927960927960928	2.68620268620269
1.58730158730159	-1.1965811965812	1.39194139194139
2.56410256410256	-2.17338217338217	0.488400488400488
2.1001221001221	-2.24664224664225	-0.805860805860806
5.98290598290598	-2.78388278388278	-1.1965811965812
2.73504273504274	-4.59096459096459	-1.61172161172161
2.002442002442	-4.76190476190476	0.854700854700855
4.95726495726496	-3.2967032967033	2.17338217338217
-0.708180708180708	-4.17582417582418	0.805860805860806
1.17216117216117	-1.97802197802198	3.46764346764347
-1.0989010989011	-1.97802197802198	3.02808302808303
1.51404151404151	-1.70940170940171	2.12454212454212
0.708180708180708	-2.17338217338217	-0.512820512820513
0.732600732600733	-2.46642246642247	-2.73504273504274
-1.12332112332112	-3.05250305250305	-4.17582417582418
-1.66056166056166	-3.15018315018315	-3.78510378510378
-1.0989010989011	-2.97924297924298	-4.24908424908425
-0.879120879120879	-0.83028083028083	-2.73504273504274
-0.0732600732600733	-0.952380952380952	-1.80708180708181
1.39194139194139	-0.708180708180708	-0.0244200244200244
3.22344322344322	0.927960927960928	1.24542124542125
3.27228327228327	0.708180708180708	2.58852258852259
3.15018315018315	0.732600732600733	2.1001221001221
4.24908424908425	-0.317460317460317	1.58730158730159
0.43956043956044	-1.24542124542125	0.586080586080586
4.15140415140415	0.195360195360195	-1.0989010989011
3.49206349206349	-0.537240537240537	-1.68498168498168
2.68620268620269	-1.46520146520147	-1.75824175824176
1.24542124542125	-1.0989010989011	-1.83150183150183
3.2967032967033	-1.63614163614164	0.659340659340659
3.98046398046398	-1.05006105006105	3.83394383394383
2.07570207570208	-0.83028083028083	4.2002442002442
3.98046398046398	1.63614163614164	3.78510378510378
5.2991452991453	2.68620268620269	4.66422466422466
3.54090354090354	1.97802197802198	4.68864468864469
-0.805860805860806	-0.0244200244200244	4.42002442002442
-0.0488400488400488	-1.36752136752137	2.66178266178266
-2.49084249084249	-3.24786324786325	-0.781440781440781
0.805860805860806	-4.12698412698413	-4.05372405372405
-0.390720390720391	-4.83516483516483	-5.12820512820513
0.463980463980464	-4.66422466422466	-6.03174603174603
0.805860805860806	-5.00610500610501	-3.88278388278388
1.51404151404151	-4.73748473748474	-5.15262515262515
1.14774114774115	-3.83394383394383	-3.36996336996337
1.1965811965812	-3.51648351648352	-3.54090354090354
0.708180708180708	-2.07570207570208	-2.75946275946276
0.537240537240537	-0.512820512820513	-1.92918192918193
0.21978021978022	-0.366300366300366	-1.05006105006105
0.757020757020757	-0.268620268620269	-3.02808302808303
-1.07448107448107	0.293040293040293	-3.36996336996337
0.83028083028083	0.195360195360195	-0.879120879120879
2.24664224664225	-0.537240537240537	-0.659340659340659
-0.341880341880342	0.366300366300366	-2.1001221001221
0.927960927960928	-0.390720390720391	-1.39194139194139
1.85592185592186	-0.512820512820513	-1.48962148962149
3.12576312576313	-0.293040293040293	-1.39194139194139
3.90720390720391	0.659340659340659	-1.0989010989011
4.83516483516483	2.24664224664225	0.146520146520147
0.244200244200244	1.36752136752137	-0.415140415140415
-0.415140415140415	1.1965811965812	-0.195360195360195
-2.56410256410256	-0.463980463980464	-0.879120879120879
-4.1025641025641	-1.68498168498168	-2.63736263736264
-3.27228327228327	-2.07570207570208	-6.2026862026862
0.0976800976800977	-1.73382173382173	-6.42246642246642
1.63614163614164	-1.36752136752137	-5.07936507936508
1.58730158730159	-0.488400488400488	-1.34310134310134
1.73382173382173	-0.43956043956044	-0.586080586080586
1.14774114774115	0.512820512820513	-0.0732600732600733
2.07570207570208	0.317460317460317	-0.976800976800977
0.903540903540904	-0.732600732600733	-1.56288156288156
-0.0488400488400488	-1.001221001221	-0.659340659340659
-0.244200244200244	-1.48962148962149	-1.05006105006105
-3.51648351648352	-2.56410256410256	0.586080586080586
-4.83516483516483	-1.97802197802198	0.268620268620269
-6.03174603174603	-0.610500610500611	-0.0976800976800977
-1.73382173382173	0.146520146520147	-1.85592185592186
-6.71550671550672	-0.683760683760684	-2.17338217338217
-2.46642246642247	0.293040293040293	-5.27472527472527
-2.61294261294261	-1.34310134310134	-5.83638583638584
-1.9047619047619	-2.78388278388278	-5.32356532356532
-2.1978021978022	-2.41758241758242	-4.07814407814408
-5.83638583638584	-3.12576312576313	-2.56410256410256
-2.31990231990232	-1.75824175824176	-2.22222222222222
-1.44078144078144	-0.976800976800977	-2.66178266178266
-4.66422466422466	-3.003663003663	-3.12576312576313
-2.36874236874237	-1.44078144078144	-2.2954822954823
-1.68498168498168	0.122100122100122	-1.14774114774115
-1.70940170940171	-0.488400488400488	-3.2967032967033
-3.07692307692308	-1.001221001221	-4.71306471306471
-1.12332112332112	-0.463980463980464	-6.54456654456654
-2.44200244200244	-1.14774114774115	-5.15262515262515
-2.90598290598291	-1.39194139194139	-4.12698412698413
-1.95360195360195	-0.488400488400488	-3.46764346764347
-1.95360195360195	1.05006105006105	-2.1978021978022
-1.73382173382173	1.78266178266178	-0.170940170940171
-1.12332112332112	1.85592185592186	1.001221001221
0.927960927960928	3.36996336996337	0.879120879120879
1.83150183150183	4.56654456654457	0.708180708180708
1.41636141636142	3.80952380952381	0.268620268620269
0.488400488400488	4.37118437118437	2.002442002442
1.53846153846154	3.98046398046398	-1.24542124542125
-0.463980463980464	4.004884004884	-0.659340659340659
-0.122100122100122	3.54090354090354	-0.708180708180708
-1.001221001221	3.02808302808303	-0.805860805860806
0	4.37118437118437	-0.0488400488400488
0.757020757020757	3.93162393162393	0.659340659340659
-1.83150183150183	2.24664224664225	0.805860805860806
-1.46520146520147	2.02686202686203	-1.58730158730159
-0.781440781440781	1.26984126984127	-2.97924297924298
-0.708180708180708	-0.732600732600733	-4.17582417582418
-1.48962148962149	-1.44078144078144	-5.54334554334554
-0.122100122100122	-0.463980463980464	-3.88278388278388
-0.0976800976800977	0.903540903540904	-2.1978021978022
-0.879120879120879	3.15018315018315	-1.1965811965812
1.46520146520147	5.93406593406593	-0.0488400488400488
0.463980463980464	7.2039072039072	1.61172161172161
1.24542124542125	7.27716727716728	1.85592185592186
1.53846153846154	6.95970695970696	0.268620268620269
-0.195360195360195	6.2026862026862	-1.44078144078144
-1.83150183150183	5.44566544566545	-0.683760683760684
-3.85836385836386	4.49328449328449	-0.512820512820513
-1.85592185592186	2.73504273504274	-0.781440781440781
-1.31868131868132	2.66178266178266	-1.95360195360195
-0.0488400488400488	3.39438339438339	-1.80708180708181
0.244200244200244	2.41758241758242	-1.53846153846154
-0.0244200244200244	1.46520146520147	0.0244200244200244
-0.195360195360195	2.1978021978022	1.0989010989011
0	2.73504273504274	1.39194139194139
1.39194139194139	2.46642246642247	-0.683760683760684
0.415140415140415	2.34432234432234	-0.390720390720391
-1.58730158730159	1.51404151404151	-1.53846153846154
-1.001221001221	2.49084249084249	-1.001221001221
-1.80708180708181	1.75824175824176	-2.1978021978022
-1.92918192918193	1.1965811965812	-4.98168498168498
0.317460317460317	2.39316239316239	-3.95604395604396
-1.07448107448107	1.44078144078144	-4.54212454212454
0.463980463980464	2.51526251526252	-2.46642246642247
2.73504273504274	3.24786324786325	0.21978021978022
1.41636141636142	2.80830280830281	0.805860805860806
1.12332112332112	3.15018315018315	-0.122100122100122
4.59096459096459	4.07814407814408	1.02564102564103
4.004884004884	4.32234432234432	-0.0488400488400488
1.75824175824176	4.42002442002442	-2.71062271062271
0.561660561660562	2.85714285714286	-2.90598290598291
-0.0488400488400488	1.001221001221	-1.17216117216117
-1.66056166056166	0.732600732600733	-1.1965811965812
-4.17582417582418	0.415140415140415	0.805860805860806
-1.9047619047619	0.0244200244200244	0.415140415140415
-2.17338217338217	-1.12332112332112	0.170940170940171
0.0488400488400488	-0.781440781440781	2.63736263736264
3.2967032967033	-0.708180708180708	2.2954822954823
2.41758241758242	-1.70940170940171	1.12332112332112
3.07692307692308	-3.27228327228327	-1.12332112332112
3.17460317460317	-3.46764346764347	-0.341880341880342
-1.001221001221	-3.34554334554335	-0.683760683760684
-2.1978021978022	-3.24786324786325	-2.51526251526252
-2.63736263736264	-2.61294261294261	-1.80708180708181
0.561660561660562	-0.512820512820513	-3.66300366300366
1.53846153846154	-0.683760683760684	-5.22588522588523
1.0989010989011	-0.781440781440781	-4.15140415140415
0.244200244200244	-1.29426129426129	-2.95482295482295
2.53968253968254	-0.195360195360195	-0.976800976800977
0.268620268620269	0.43956043956044	-0.976800976800977
-0.0976800976800977	1.07448107448107	-1.48962148962149
2.46642246642247	1.05006105006105	0.0976800976800977
4.46886446886447	-0.0976800976800977	0.463980463980464
3.56532356532357	-0.708180708180708	2.68620268620269
5.2014652014652	0.43956043956044	3.90720390720391
2.83272283272283	1.44078144078144	1.53846153846154
2.1978021978022	2.36874236874237	4.88400488400488
0.537240537240537	1.83150183150183	4.12698412698413
0.903540903540904	2.78388278388278	2.93040293040293
-0.146520146520147	2.2954822954823	2.12454212454212
-0.781440781440781	0.317460317460317	0.463980463980464
-0.366300366300366	0.537240537240537	-1.85592185592186
0.952380952380952	0.244200244200244	-3.003663003663
1.85592185592186	-0.537240537240537	-2.85714285714286
2.24664224664225	-0.952380952380952	-3.17460317460317
2.2954822954823	0	-2.44200244200244
3.02808302808303	0.170940170940171	-0.976800976800977
3.61416361416361	0.244200244200244	0
-0.146520146520147	0.0488400488400488	-1.31868131868132
-1.85592185592186	0.610500610500611	-1.73382173382173
-0.195360195360195	1.34310134310134	-2.34432234432234
-1.07448107448107	0	-1.88034188034188
0.293040293040293	1.80708180708181	1.48962148962149
-0.952380952380952	2.05128205128205	1.05006105006105
2.75946275946276	2.56410256410256	0.634920634920635
0.879120879120879	3.1013431013431	0.952380952380952
2.44200244200244	3.34554334554335	-0.317460317460317
2.2954822954823	3.34554334554335	-0.659340659340659
4.51770451770452	3.36996336996337	1.31868131868132
5.17704517704518	3.1013431013431	1.68498168498168
5.07936507936508	2.44200244200244	1.17216117216117
2.80830280830281	1.92918192918193	0.659340659340659
4.73748473748474	2.78388278388278	0.195360195360195
0.0732600732600733	1.73382173382173	-0.0488400488400488
-0.195360195360195	1.68498168498168	-0.610500610500611
-1.85592185592186	2.56410256410256	-1.41636141636142
-0.317460317460317	3.17460317460317	-2.05128205128205
-0.732600732600733	3.39438339438339	-1.1965811965812
1.17216117216117	3.61416361416361	-1.66056166056166
4.12698412698413	4.63980463980464	-0.561660561660562
8.32722832722833	5.76312576312576	-0.0244200244200244
1.17216117216117	2.49084249084249	0.610500610500611
3.41880341880342	2.2954822954823	1.12332112332112
3.05250305250305	2.002442002442	1.80708180708181
1.56288156288156	1.80708180708181	1.44078144078144
2.14896214896215	2.2954822954823	1.46520146520147
0.390720390720391	1.95360195360195	3.56532356532357
1.31868131868132	1.46520146520147	6.78876678876679
0.634920634920635	1.02564102564103	5.07936507936508
0.512820512820513	-0.0244200244200244	1.78266178266178
1.05006105006105	-1.14774114774115	1.24542124542125
-1.70940170940171	-1.63614163614164	0.708180708180708
-0.366300366300366	-3.12576312576313	-2.34432234432234
-0.854700854700855	-3.76068376068376	-3.56532356532357
-1.73382173382173	-4.27350427350427	-3.85836385836386
-0.952380952380952	-5.44566544566545	-3.95604395604396
1.46520146520147	-4.32234432234432	-3.41880341880342
-0.488400488400488	-4.61538461538461	-2.002442002442
1.12332112332112	-4.1025641025641	0.268620268620269
-0.781440781440781	-2.78388278388278	0.537240537240537
0.43956043956044	-2.61294261294261	-1.48962148962149
-0.537240537240537	-1.73382173382173	-2.02686202686203
-0.341880341880342	0.390720390720391	-1.26984126984127
1.0989010989011	1.53846153846154	-1.63614163614164
-3.1013431013431	1.14774114774115	-2.36874236874237
-1.56288156288156	0.195360195360195	-3.83394383394383
0.415140415140415	-0.537240537240537	-2.85714285714286
0.879120879120879	-1.80708180708181	-1.1965811965812
2.05128205128205	-1.95360195360195	0.317460317460317
2.58852258852259	-1.05006105006105	1.31868131868132
2.34432234432234	-1.36752136752137	1.48962148962149
1.1965811965812	-1.1965811965812	1.51404151404151
1.51404151404151	-1.80708180708181	1.73382173382173
-1.46520146520147	-3.34554334554335	0.0488400488400488
-1.85592185592186	-3.76068376068376	-0.732600732600733
-1.39194139194139	-3.44322344322344	-1.14774114774115
-0.341880341880342	-4.004884004884	-0.561660561660562
-0.43956043956044	-4.63980463980464	-0.927960927960928
-0.415140415140415	-4.54212454212454	0.317460317460317
-0.805860805860806	-4.05372405372405	0.708180708180708
0	-3.85836385836386	1.95360195360195
1.85592185592186	-4.34676434676435	1.46520146520147
-1.31868131868132	-4.46886446886447	0.0976800976800977
-0.952380952380952	-4.44444444444444	0.170940170940171
-0.781440781440781	-2.75946275946276	0.170940170940171
-2.44200244200244	-2.17338217338217	-0.195360195360195
-3.61416361416361	-1.78266178266178	3.003663003663
2.24664224664225	-0.268620268620269	3.56532356532357
1.12332112332112	2.14896214896215	6.3003663003663
3.83394383394383	5.32356532356532	6.4957264957265
4.95726495726496	6.1050061050061	1.29426129426129
3.24786324786325	6.05616605616606	0.170940170940171
2.56410256410256	5.2991452991453	0.512820512820513
1.95360195360195	4.71306471306471	-0.634920634920635
0.0244200244200244	3.2967032967033	-2.51526251526252
1.31868131868132	1.68498168498168	-3.90720390720391
1.66056166056166	2.44200244200244	-1.14774114774115
0.488400488400488	3.02808302808303	0.0976800976800977
3.93162393162393	2.90598290598291	2.17338217338217
1.97802197802198	2.56410256410256	2.80830280830281
0.732600732600733	0.537240537240537	1.44078144078144
0.683760683760684	-0.366300366300366	3.22344322344322
0.610500610500611	-0.488400488400488	2.63736263736264
-0.537240537240537	-2.49084249084249	0.757020757020757
0.317460317460317	-3.02808302808303	-0.805860805860806
-3.44322344322344	-2.63736263736264	-3.12576312576313
-1.9047619047619	-2.39316239316239	-2.34432234432234
-1.1965811965812	-1.92918192918193	-1.95360195360195
-1.24542124542125	-1.95360195360195	1.02564102564103
1.70940170940171	-0.83028083028083	1.05006105006105
-0.757020757020757	-0.293040293040293	0.512820512820513
-0.122100122100122	0.21978021978022	2.27106227106227
0.268620268620269	1.95360195360195	1.78266178266178
-3.27228327228327	2.73504273504274	2.36874236874237
-0.244200244200244	3.93162393162393	2.2954822954823
-0.341880341880342	4.56654456654457	1.22100122100122
0.610500610500611	4.27350427350427	0.659340659340659
-1.14774114774115	2.71062271062271	-0.586080586080586
-2.66178266178266	1.0989010989011	-3.66300366300366
-2.34432234432234	1.12332112332112	-4.2979242979243
-0.83028083028083	1.07448107448107	-5.2014652014652
0.488400488400488	0.903540903540904	-3.32112332112332
1.44078144078144	2.14896214896215	-1.53846153846154
2.73504273504274	2.71062271062271	-1.48962148962149
2.27106227106227	3.66300366300366	-0.488400488400488
-0.561660561660562	1.95360195360195	0.83028083028083
-1.0989010989011	1.12332112332112	0.195360195360195
-1.75824175824176	0.0244200244200244	0.903540903540904
-2.53968253968254	-1.17216117216117	1.14774114774115
-2.97924297924298	-2.39316239316239	0.0976800976800977
-0.341880341880342	-1.70940170940171	-2.2954822954823
-0.659340659340659	-0.757020757020757	-3.1990231990232
-0.927960927960928	-1.07448107448107	-4.37118437118437
-0.805860805860806	-0.732600732600733	-2.63736263736264
0.537240537240537	1.001221001221	-1.95360195360195
1.41636141636142	3.02808302808303	-1.48962148962149
1.31868131868132	2.58852258852259	0.317460317460317
5.03052503052503	1.80708180708181	-0.610500610500611
2.51526251526252	0.805860805860806	-1.48962148962149
4.42002442002442	0.317460317460317	-1.83150183150183
2.39316239316239	-0.610500610500611	-2.66178266178266
4.2979242979243	-1.58730158730159	-1.07448107448107
4.2002442002442	-0.781440781440781	0.415140415140415
2.80830280830281	-0.879120879120879	1.85592185592186
2.56410256410256	-0.390720390720391	2.71062271062271
1.07448107448107	-1.17216117216117	1.36752136752137
2.36874236874237	-0.463980463980464	1.83150183150183
2.31990231990232	0.952380952380952	3.66300366300366
2.31990231990232	1.14774114774115	4.56654456654457
2.002442002442	1.88034188034188	2.36874236874237
2.31990231990232	2.31990231990232	2.63736263736264
-0.122100122100122	1.68498168498168	1.63614163614164
-1.88034188034188	1.51404151404151	0.146520146520147
0.268620268620269	1.48962148962149	0.415140415140415
0.390720390720391	1.41636141636142	-1.39194139194139
-0.317460317460317	0.293040293040293	-1.9047619047619
-0.708180708180708	-1.22100122100122	-2.97924297924298
0.659340659340659	-2.2954822954823	-3.15018315018315
-1.83150183150183	-2.24664224664225	-2.83272283272283
-0.879120879120879	-2.17338217338217	-3.80952380952381
-1.83150183150183	-1.80708180708181	-3.73626373626374
-1.83150183150183	-1.07448107448107	-3.22344322344322
1.31868131868132	-0.683760683760684	-2.53968253968254
0.415140415140415	-0.903540903540904	-1.36752136752137
1.44078144078144	-1.83150183150183	-4.63980463980464
-0.146520146520147	-3.12576312576313	-3.98046398046398
0.293040293040293	-3.63858363858364	-2.68620268620269
-0.952380952380952	-4.02930402930403	-1.39194139194139
-0.43956043956044	-4.37118437118437	-0.43956043956044
-0.317460317460317	-3.66300366300366	-0.390720390720391
0.0488400488400488	-1.41636141636142	-0.634920634920635
-1.53846153846154	-0.757020757020757	0.903540903540904
-0.0976800976800977	0.0488400488400488	-0.879120879120879
-2.1978021978022	0.146520146520147	0.195360195360195
-0.195360195360195	2.49084249084249	0.659340659340659
-0.146520146520147	3.68742368742369	1.46520146520147
1.36752136752137	3.63858363858364	1.92918192918193
1.48962148962149	3.56532356532357	2.78388278388278
0.854700854700855	4.2002442002442	2.56410256410256
1.48962148962149	3.1990231990232	2.53968253968254
2.36874236874237	3.1990231990232	-0.21978021978022
4.1025641025641	1.34310134310134	1.001221001221
2.56410256410256	0.634920634920635	-0.170940170940171
2.31990231990232	-0.0732600732600733	-0.146520146520147
2.51526251526252	-1.41636141636142	-2.05128205128205
-1.48962148962149	-3.98046398046398	-3.66300366300366
-4.46886446886447	-5.37240537240537	-4.15140415140415
-3.78510378510378	-6.17826617826618	-4.95726495726496
-4.56654456654457	-6.12942612942613	-4.34676434676435
-3.85836385836386	-6.4957264957265	-4.66422466422466
-2.75946275946276	-6.1050061050061	-4.02930402930403
-3.27228327228327	-4.56654456654457	-2.39316239316239
-1.92918192918193	-3.46764346764347	-1.83150183150183
-0.927960927960928	-2.1001221001221	0.0976800976800977
-3.2967032967033	-2.02686202686203	-0.244200244200244
-4.02930402930403	-0.732600732600733	-1.17216117216117
-4.76190476190476	-2.07570207570208	-1.24542124542125
-5.59218559218559	-3.34554334554335	-0.683760683760684
-5.78754578754579	-2.66178266178266	3.51648351648352
-0.952380952380952	-0.83028083028083	1.46520146520147
-0.83028083028083	-0.293040293040293	1.26984126984127
-0.195360195360195	1.1965811965812	2.61294261294261
3.003663003663	1.48962148962149	2.41758241758242
3.39438339438339	1.02564102564103	2.02686202686203
3.07692307692308	-0.879120879120879	2.75946275946276
2.22222222222222	-2.63736263736264	2.80830280830281
0.879120879120879	-3.36996336996337	0.903540903540904
-0.317460317460317	-2.73504273504274	2.83272283272283
-1.61172161172161	-2.1001221001221	3.27228327228327
-1.12332112332112	0.21978021978022	2.41758241758242
-1.05006105006105	0.366300366300366	2.80830280830281
0.244200244200244	0.0976800976800977	3.51648351648352
0.83028083028083	-0.537240537240537	3.24786324786325
-0.366300366300366	-1.1965811965812	2.83272283272283
-1.26984126984127	-2.56410256410256	0.903540903540904
-2.39316239316239	-3.98046398046398	-0.952380952380952
-3.02808302808303	-4.02930402930403	0.415140415140415
-1.73382173382173	-2.75946275946276	1.39194139194139
-3.54090354090354	-4.07814407814408	1.78266178266178
-3.68742368742369	-4.02930402930403	1.12332112332112
-3.27228327228327	-2.73504273504274	3.12576312576313
-2.73504273504274	-3.1990231990232	3.22344322344322
-2.41758241758242	-2.61294261294261	2.83272283272283
-1.70940170940171	-3.76068376068376	0.610500610500611
-3.34554334554335	-3.12576312576313	1.05006105006105
-1.66056166056166	-4.68864468864469	-2.24664224664225
-2.14896214896215	-5.22588522588523	-4.3956043956044
-3.1990231990232	-5.78754578754579	-2.002442002442
-0.83028083028083	-5.3968253968254	-3.36996336996337
-0.610500610500611	-4.81074481074481	-0.757020757020757
-1.75824175824176	-4.1025641025641	-1.63614163614164
1.1965811965812	-3.71184371184371	-2.14896214896215
-0.317460317460317	-4.12698412698413	-2.90598290598291
-2.12454212454212	-3.22344322344322	-1.80708180708181
-2.73504273504274	-1.83150183150183	-2.31990231990232
-3.95604395604396	0	-0.170940170940171
-2.75946275946276	0.757020757020757	0.586080586080586
-1.78266178266178	1.56288156288156	1.22100122100122
-1.07448107448107	2.85714285714286	1.53846153846154
-0.268620268620269	2.68620268620269	-2.34432234432234
-1.41636141636142	3.68742368742369	-3.1990231990232
-0.757020757020757	2.85714285714286	-2.1001221001221
0.854700854700855	2.31990231990232	-1.83150183150183
-1.58730158730159	1.63614163614164	-1.1965811965812
-1.29426129426129	-0.463980463980464	-1.14774114774115
-0.561660561660562	-2.1978021978022	-2.80830280830281
-4.76190476190476	-2.66178266178266	-2.41758241758242
-4.73748473748474	-4.004884004884	-2.24664224664225
-3.39438339438339	-3.80952380952381	-1.12332112332112
-4.59096459096459	-3.83394383394383	-1.95360195360195
-2.22222222222222	-3.27228327228327	-3.1990231990232
-1.0989010989011	-2.68620268620269	-2.80830280830281
-1.78266178266178	-2.75946275946276	-2.95482295482295
0.610500610500611	-2.02686202686203	-4.02930402930403
2.49084249084249	0.293040293040293	-2.63736263736264
3.12576312576313	-0.21978021978022	-3.73626373626374
4.51770451770452	0.415140415140415	-2.34432234432234
3.32112332112332	-0.0976800976800977	-1.83150183150183
1.41636141636142	-0.170940170940171	0.0976800976800977
1.22100122100122	-0.732600732600733	0.732600732600733
-3.1013431013431	-0.0488400488400488	1.31868131868132
-3.71184371184371	-0.43956043956044	1.78266178266178
-2.66178266178266	0.537240537240537	1.39194139194139
-2.22222222222222	1.36752136752137	2.1001221001221
-2.39316239316239	0.0976800976800977	-0.659340659340659
