-9.24391546501869	-9.23170824750133	-5.85641260395209
-7.59899290455482	-7.02830548561837	-4.01922636758984
-7.16868848706798	-4.7699702449073	-3.42717631799802
-6.50949874113069	-4.40680552376593	-2.84122987716487
-4.66010528725109	-3.247119859617	-2.56046387426566
-2.89616235599298	0.234988937209125	-1.51369497215228
-0.820935378042267	1.51064316777295	1.42519264515145
0.231937132829786	2.2064545662623	1.67238879987793
3.09758144502937	4.42511635004196	4.272526131075
1.4526588845655	4.65094987411307	3.43938353551537
1.76394293125811	3.54009308003357	1.28480964370184
1.2970168612192	3.48516060120546	0.0915541313801785
1.16884107728695	3.72625314717327	0.405889982452125
-0.628671702143893	1.32448310063325	-1.33669031815061
0.219729915312428	0.671396963454643	-1.93484397650111
1.1108567940795	1.78225375753414	0.122072175173571
1.31837949187457	0.0793469138628214	-0.177004654001679
1.85854886701762	-0.961318379491875	-0.183108262760357
1.8097199969482	-1.84328984512093	-2.7191577019913
-0.112916762035554	-4.39459830624857	-3.98260471503777
-3.25322346837568	-7.69970244907301	-7.28160524910353
-5.2674143587396	-7.26634622720684	-5.10261692225528
-7.95300221255818	-9.27138170443275	-6.39047837033646
-8.50537880521859	-9.50942244602121	-6.77195391775387
-8.23376821545739	-9.66201266498817	-5.71297779812314
-7.5745784695201	-10.7118333714809	-4.02532997634852
-9.21644922560464	-8.99061570153353	-3.01823453116655
-6.87266346227207	-6.07309071488518	-1.89211871519036
-5.58480201419089	-5.12397955291066	-0.762951094834821
-4.23895628290227	-3.07316700999466	1.60219729915312
-3.90325780117494	-2.86564431219959	-0.582894636453803
-3.5736629282063	-1.31532768749523	0.701915007248035
-4.56549935149157	-2.27359426260777	1.36110475318532
-1.34584573128862	0.659189745937285	2.33768215457389
0.0579842832074464	3.21660181582361	2.72526131074998
0.650034332799268	2.75577935454337	2.38345922026398
1.36110475318532	2.19729915312428	1.10780498970016
1.82497901884489	2.60624093995575	0.796520943007553
-0.350957503624018	2.7191577019913	2.60013733119707
-2.31631952391852	0.659189745937285	2.62760357061112
-1.9501029983978	-0.350957503624018	0.784313725490196
-1.30617227435721	0.527962157625696	-0.820935378042267
-2.80766002899214	-1.80056458381018	-3.12199588006409
-5.86251621271076	-3.83306630045014	-5.1117723353933
-6.13107499809262	-5.07820248722057	-4.57465476462959
-6.54612039368276	-6.31418326085298	-3.759822995346
-7.84924086366064	-8.7708857862211	-4.40375371938659
-7.66613260090028	-10.2845807583734	-5.83199816891737
-6.45151445792325	-8.66712443732357	-6.41489280537118
-5.84115358205539	-8.66407263294423	-6.87266346227207
-3.98565651941711	-6.97947661554894	-6.55527580682078
-4.37018387121385	-4.88288700694286	-6.96726939803159
-4.69672693980316	-4.95307850766766	-5.34676127260243
-3.72320134279393	-5.23994811932555	-4.101625085832
-2.78629739833677	-4.48004882887007	-6.55527580682078
-0.714122224765393	-0.00610360875867857	-0.448615243762875
-0.628671702143893	0.0579842832074464	-0.0549324788281071
1.20546272983902	1.39162279697871	0.787365529869535
2.74052033264668	2.74357213702602	1.66018158236057
2.88090333409628	2.4078736552987	2.28274967574578
1.96231021591516	0.997940032043946	0.460822461280232
3.72320134279393	0.0488288700694285	-0.158693827725643
3.40581368734264	0.46997787441825	-0.122072175173571
3.72320134279393	1.85244525825895	2.221713588159
4.24505989166094	1.90432593270771	2.30106050202182
5.54512855725948	4.33966582742046	3.68352788586252
5.78316929884794	5.75570305943389	5.68245975432975
5.46272983901732	5.07820248722057	5.91439688715953
4.77912565804532	6.02731364919509	4.44037537193866
3.82696269169146	4.64484626535439	4.23590447852293
0.915541313801785	1.98977645532921	3.64995803768978
0.72327763790341	0.360112916762036	1.3519493400473
0.189211871519036	0.100709544518196	0.891126878767071
0.0244144350347143	-0.903334096284428	3.15861753261616
-2.67948424505989	-3.99481193255512	-0.234988937209125
-1.65102616922255	-1.92874036774243	-0.491340505073625
-3.36308842603189	-3.72930495155261	-1.30006866559854
-5.13923857480736	-4.26947432669566	-0.12817578393225
-3.3173113603418	-3.86663614862287	-1.58693827725643
-2.87479972533761	-3.5736629282063	-2.3224231326772
-3.68352788586252	-4.53192950331884	-2.0355535210193
-2.73746852826734	-2.63065537499046	-0.021362630655375
-0.924696726939803	-1.97146562905318	-0.500495918211643
-1.69680323491264	-2.63981078812848	-1.68764782177462
-1.63271534294652	-2.11490043488212	0.537117570763714
1.04371709773404	-2.33157854581521	-0.122072175173571
1.93484397650111	-2.45365072098878	0.363164721141375
0.476081483176928	-1.44045166704814	1.90432593270771
0.912489509422446	-1.1810482948043	2.74357213702602
-0.170901045243	0.106813153276875	4.84626535439078
0.68055237659266	0.634775310902571	6.55527580682078
0.195315480277714	-0.448615243762875	5.37117570763714
1.82497901884489	1.09254596780346	6.7200732433051
3.66826886396582	0.80872816052491	6.87266346227207
5.0263218127718	0.393682764934768	6.22568093385214
5.64888990615702	0.00915541313801785	5.25520714122225
3.14030670634012	0.570687418936446	5.60006103608759
0.958266575112535	-0.802624551766232	4.30609597924773
-0.341802090486	-1.13527122911421	3.50652323186084
-1.37331197070268	-0.646982528419928	4.19623102159152
0.360112916762036	0.64087891966125	3.50041962310216
-0.0793469138628214	0.729381246662089	0.762951094834821
1.95620660715648	1.19325551232166	0.0518806744487678
2.01113908598459	-0.0946059357595178	0.592050049591821
1.58388647287709	-0.0488288700694285	0.207522697795071
1.93179217212177	0.405889982452125	1.72121766994736
1.12001220721752	-1.03150988021668	3.48210879682612
1.12306401159686	-0.396734569314107	3.63775082017243
1.10475318532082	0.137331197070268	2.28274967574578
-0.524910353246357	0.924696726939803	3.89410238803693
-2.221713588159	0.112916762035554	3.59197375448234
-2.2919050888838	-0.354009308003357	1.28786144808118
-2.98161287861448	0.460822461280232	0.695811398489357
-3.93377584496834	0.137331197070268	0.717174029144732
-2.92362859540703	-0.04272526131075	-0.488288700694285
-0.494392309452964	2.40482185091936	0.579842832074464
0.72327763790341	2.92362859540703	3.62249179827573
1.09254596780346	1.44350347142748	3.68047608148318
2.63065537499046	1.89211871519036	1.90737773708705
3.69268329900053	2.48722056916152	3.28679331654841
1.43434805828946	1.5228503852903	0.686655985351339
1.78225375753414	2.40177004654002	1.66018158236057
1.66628519111925	5.63363088426032	1.38551918822004
3.1616693369955	4.68757152666514	3.32036316472114
5.00190737773709	5.5542839703975	4.83710994125277
6.32944228274968	5.2124818799115	4.33661402304112
5.52681773098344	4.54413672083619	3.08842603189136
3.11589227130541	4.85847257190814	4.64179446097505
1.71816586556802	3.64080262455177	0.524910353246357
0.198367284657053	4.24811169604028	1.49233234149691
-0.59510185397116	4.73334859235523	3.10368505378805
-1.93484397650111	4.272526131075	1.90737773708705
0.134279392690929	6.20126649881743	1.42519264515145
-0.820935378042267	6.57358663309682	3.78118562600137
-0.839246204318303	5.12703135729	3.91851682307164
0.668345159075303	4.62958724345769	0.973525597009232
1.55947203784237	4.58686198214694	2.45059891660945
3.15251392385748	4.07721065079728	4.443427176318
3.49431601434348	2.13321126115816	1.78225375753414
5.66109712367437	4.67841611352712	2.33463035019455
5.37117570763714	4.05279621576257	4.96528572518502
4.51972228580148	5.09956511787594	5.297932402533
3.57671473258564	3.87884336614023	3.38139925230793
3.76897840848402	2.74662394140536	3.92156862745098
2.53910124361028	0.570687418936446	2.77103837644007
0.759899290455482	-1.68154421301595	0.796520943007553
2.13015945677882	-0.7690547035935	0.729381246662089
2.42313267719539	-1.37026016632334	3.64690623331044
1.78225375753414	-0.0488288700694285	2.63675898374914
0.500495918211643	-0.619516289005875	1.72121766994736
1.0406652933547	0.708018616006714	3.41496910048066
-1.90432593270771	-0.0244144350347143	1.8646524757763
-1.68154421301595	1.16884107728695	2.050812542916
-2.54520485236896	2.78324559395743	4.09552147707332
-2.18814373998627	2.97856107423514	5.44747081712062
-1.37941557946136	1.8951705195697	4.69367513542382
0.164797436484321	4.83710994125277	7.0923933775845
-0.50965133134966	3.98260471503777	6.2226291294728
-0.46997787441825	3.05180437933928	4.11688410772869
-0.860608834973678	3.15861753261616	1.66323338673991
-1.44350347142748	3.21049820706493	1.87380788891432
-1.18410009918364	2.31937132829786	1.23292896925307
0.531013962005035	1.91042954146639	-0.289921416037232
0.778210116731518	2.68558785381857	0.228885328450446
0.918593118181125	1.81887541008621	0.686655985351339
1.85854886701762	1.66323338673991	-0.103761348897536
1.85244525825895	1.59914549477379	-1.58083466849775
1.1261158159762	3.61028458075837	0.619516289005875
-1.82192721446555	2.02029449912261	1.34584573128862
-2.57267109178302	1.79751277943084	-0.323491264209964
-4.29388876173037	1.34889753566796	0.646982528419928
-4.8401617456321	1.37941557946136	1.82497901884489
-4.86762798504616	0.891126878767071	1.74563210498207
-2.04470893415732	3.50041962310216	0.949111161974517
-1.60524910353246	4.01007095445182	2.02029449912261
-2.68863965819791	2.25528343633173	0.265506981002518
-2.392614633402	1.19020370794232	0.375371938658732
-1.33363851377127	1.31837949187457	0.286869611657893
-2.02029449912261	0.183108262760357	2.71000228885328
-1.5228503852903	0.103761348897536	0.302128633554589
-1.68764782177462	1.2664988174258	0.775158312352178
-4.52277409018082	-0.604257267109178	0.695811398489357
-7.34264133669032	-3.04875257495994	-2.905317769131
-8.20630197604333	-5.79842832074464	-4.62348363469902
-8.96925307087816	-6.6346227206836	-4.92256046387427
-7.59899290455482	-6.68039978637369	-4.94697489890898
-7.94079499504082	-6.87876707103075	-6.53391317616541
-10.0984206912337	-7.32127870603494	-5.5237659266041
-10.5897611963073	-6.75974670023651	-4.44647898069734
-11.1390859845884	-7.19310292210269	-5.73434042877852
-11.5602349889372	-6.33249408712901	-5.3681239032578
-11.1299305714504	-6.64682993820096	-4.92561226825361
-10.2937361715114	-5.92965590905623	-4.85236896314946
-7.85229266803998	-2.16067750057221	-3.10063324940871
-4.80354009308003	0.46997787441825	-1.42214084077211
-3.03349355306325	1.47707331960021	-1.45571068894484
-2.34378576333257	1.3519493400473	-2.38040741588464
-1.2970168612192	0.601205462729839	-2.97245746547646
-2.79850461585412	-1.20546272983902	-4.33966582742046
-2.13015945677882	-1.1810482948043	-4.72114137483787
-1.025406271458	-0.93690394445716	-4.37018387121385
-0.476081483176928	-0.524910353246357	-5.41084916456855
-0.683604180972	-0.222781719691768	-3.03959716182193
0.265506981002518	0.146486610208286	-5.42610818646525
-1.8646524757763	-1.35805294880598	-5.48409246967269
-4.08026245517662	-4.63569085221637	-5.47493705653468
-3.82391088731212	-4.82795452811475	-5.76485847257191
-4.443427176318	-4.19928282597086	-5.2674143587396
-5.639734493019	-4.16876478217746	-3.03959716182193
-5.97543297474632	-3.87579156176089	-2.04165712977798
-5.13923857480736	-3.55840390630961	-2.66117341878386
-6.1219195849546	-1.92263675898375	-0.796520943007553
-8.58777752346075	-4.84931715877012	-1.26039520866712
-9.59487296864271	-6.63157091630427	-4.16266117341878
-7.73632410162509	-5.39253833829252	-3.51262684061952
-7.22056916151675	-5.94491493095293	-2.69169146257725
-4.96833752956436	-4.8554207675288	-3.45769436179141
-3.37834744792859	-2.78934920271611	-2.10269321736477
-3.04264896620127	-2.77103837644007	-3.53704127565423
-4.0863660639353	-3.51567864499886	-4.08331425955596
-3.30510414282444	-3.36919203479057	-2.67032883192187
-2.81376363775082	-2.99382009613184	-4.55024032959487
-1.69069962615396	-3.18608377203021	-3.05485618371862
0.85145342183566	-1.66933699549859	-2.80766002899214
1.88296330205234	-0.415045395590143	-3.1464103150988
1.00404364080262	-1.54726482032502	-3.0609597924773
0.280766002899214	-2.33768215457389	-2.32547493705653
0.366216525520714	-3.14946211947814	-3.83306630045014
-1.6235599298085	-3.15251392385748	-0.454718852521553
-3.05485618371862	-2.99992370489052	0.418097199969482
-4.04058899824521	-3.66216525520714	-1.196307316701
-5.81673914702068	-3.95208667124437	-1.94399938963912
-5.94796673533227	-3.27763790341039	-1.64187075608453
-7.27855344472419	-3.60112916762036	-1.95620660715648
-4.46784161135271	-2.21560997940032	-2.30411230640116
-3.75677119096666	-2.18814373998627	-0.0885023270008393
-2.48722056916152	-2.52994583047227	-1.24818799114977
-1.6083009079118	-3.05180437933928	-1.93179217212177
0.268558785381857	-2.53299763485161	-0.7690547035935
1.2817578393225	-1.28480964370184	0.958266575112535
-0.0518806744487678	-1.85854886701762	-0.0793469138628214
0.479133287556268	0.140383001449607	-0.241092545967803
0.21362630655375	0.0610360875867857	1.92263675898375
0.875867856870375	0.415045395590143	2.21560997940032
2.01724269474327	1.04371709773404	0.994888227664607
2.34988937209125	0.0762951094834821	1.98672465094987
1.94399938963912	0.115968566414893	2.72831311512932
2.48111696040284	-0.421149004348821	1.31837949187457
0.418097199969482	0.390630960555428	0.845349813076982
-0.485236896314946	-1.20546272983902	-1.538109407187
-0.131227588311589	0.524910353246357	-0.155642023346304
1.16884107728695	1.95620660715648	1.3519493400473
0.317387655451286	2.52384222171359	0.845349813076982
-1.04676890211337	0.323491264209964	-0.234988937209125
0.366216525520714	-1.37331197070268	-0.375371938658732
0.839246204318303	-1.43434805828946	-0.152590218966964
0.775158312352178	-0.659189745937285	-1.85244525825895
0.106813153276875	-1.17494468604562	-2.13931486991684
2.27969787136645	0.308232242313268	-3.79339284351873
1.17799649042496	-0.0671396963454643	-4.28168154421302
0.582894636453803	0.109864957656214	-2.69779507133593
2.40482185091936	0.131227588311589	-3.76592660410468
2.11795223926146	-0.72632944228275	-2.93278400854505
0.933852140077821	-1.025406271458	-2.42008087281605
0.122072175173571	-0.134279392690929	-3.59807736324102
-0.311284046692607	0.460822461280232	-2.16678110933089
1.18410009918364	0.659189745937285	-1.80361638818952
1.96231021591516	1.7242694743267	-2.28580148012512
4.20538643472953	4.39459830624857	0.0610360875867857
4.12909132524605	3.32036316472114	1.75173571374075
3.54924849317159	3.90325780117494	1.55031662470436
4.91340505073625	4.56855115587091	1.75173571374075
2.35599298084993	3.47295338368811	1.17494468604562
2.31937132829786	2.221713588159	1.76394293125811
0.55542839703975	0.0549324788281071	-3.37224383916991
1.03150988021668	0.943007553215839	-1.91042954146639
0.0610360875867857	-1.08339055466545	-2.81376363775082
-0.540169375143053	-1.6388189517052	-3.25322346837568
0.183108262760357	0.0183108262760357	-0.311284046692607
0.341802090486	0.463874265659571	1.27870603494316
2.00808728160525	0.207522697795071	2.34378576333257
3.09452964065003	0.271610589761196	1.538109407187
1.4679179064622	-0.869764248111696	0.985732814526589
2.60013733119707	-1.51979858091096	1.32753490501259
3.81170366979477	-0.787365529869535	-0.930800335698482
4.14740215152209	1.51979858091096	0.994888227664607
1.54421301594568	-0.2563515678645	0.527962157625696
1.94705119401846	-0.729381246662089	0.744640268558785
3.23491264209964	1.0955977721828	0.695811398489357
2.80155642023346	0.668345159075303	1.53505760280766
1.14442664225223	-0.146486610208286	1.89822232394903
2.92057679102769	0.747692072938125	0.827038986800946
4.62958724345769	3.63164721141375	2.59098191805905
4.2572671091783	2.85038529030289	2.36820019836728
3.51873044937819	1.96841382467384	0.888075074387732
6.66208896009766	3.50652323186084	1.74563210498207
4.58991378652628	1.88601510643168	1.65407797360189
1.51064316777295	-0.958266575112535	1.19020370794232
1.57167925535973	-1.84939345387961	-3.03349355306325
-1.15968566414893	-4.05279621576257	-2.36209658960861
-1.80666819256886	-4.76691844052796	-2.19729915312428
-1.3519493400473	-4.63874265659571	-3.10063324940871
-1.16578927290761	-2.33157854581521	-1.39162279697871
-0.317387655451286	-2.08438239108873	1.55031662470436
-2.16678110933089	-2.86869611657893	0.360112916762036
0.375371938658732	-1.39772640573739	0.350957503624018
-0.558480201419089	-2.3071641107805	0.210574502174411
0.76600289921416	-1.71511406118868	1.24513618677043
2.44449530785077	-0.177004654001679	0.0335698481727321
4.41901274128328	2.37125200274662	2.68253604943923
4.97749294270237	2.79850461585412	2.42313267719539
3.22270542458228	1.15663385976959	-1.025406271458
4.19928282597086	2.16067750057221	0.100709544518196
5.06904707408255	1.91348134584573	-0.869764248111696
3.90630960555428	1.30617227435721	-0.842298008697642
4.3274586099031	2.05386434729534	-1.15663385976959
4.29388876173037	3.46379797055009	3.25017166399634
5.0415808346685	3.62554360265507	4.1718165865568
4.02838178072786	2.64591439688716	1.44350347142748
2.392614633402	1.66933699549859	2.44449530785077
1.93484397650111	-0.372320134279393	1.73647669184405
1.74258030060273	-0.335698481727321	3.25322346837568
-0.921644922560464	-1.30312046997787	0.439459830624857
-0.473029678797589	-2.14541847867552	2.76493476768139
-0.988784618905928	-1.47707331960021	2.23086900129702
1.95925841153582	-1.17189288166629	1.29396505683986
1.38857099259937	-0.311284046692607	2.46585793850614
1.18715190356298	-1.73342488746471	0.506599526970321
1.54726482032502	-2.09964141298543	-2.96940566109712
1.98977645532921	-1.17799649042496	-0.0244144350347143
1.30006866559854	-1.87075608453498	-0.964370183871214
-0.671396963454643	-5.19417105363546	-3.04875257495994
0.46997787441825	-3.43633173113603	-2.88700694285496
0.85145342183566	-3.55840390630961	0.283817807278553
0.0183108262760357	-3.19218738078889	-0.518806744487678
1.3824673838407	-1.7944609750515	-1.6235599298085
2.75883115892271	0.424200808728161	0.2563515678645
3.45464255741207	0.741588464179446	0.7690547035935
3.13115129320211	2.10269321736477	-1.56557564660105
2.78019378957809	3.05180437933928	0.04272526131075
1.82803082322423	2.40482185091936	0.0549324788281071
2.55741206988632	2.07522697795071	0.0610360875867857
3.47295338368811	2.63981078812848	1.40993362325475
3.53093766689555	1.88296330205234	1.9653620202945
2.55436026550698	1.19325551232166	1.61440451667048
4.58075837338827	2.44144350347143	1.78835736629282
4.05279621576257	3.07316700999466	1.51064316777295
2.97245746547646	2.47196154726482	2.24307621881437
1.14137483787289	-0.109864957656214	-0.119020370794232
0.488288700694285	-1.95315480277714	-0.0823987182421607
0.341802090486	-2.76798657206073	0.717174029144732
-1.20546272983902	-4.49835965514611	-1.67544060425727
-0.964370183871214	-5.81368734264134	-3.57671473258564
-0.424200808728161	-3.12504768444343	-1.71816586556802
1.13832303349355	-3.39360646982528	-3.18913557640955
1.75783932249943	-4.0009155413138	-3.62554360265507
1.92874036774243	-2.60929274433509	-3.15556572823682
1.30312046997787	-3.37224383916991	-2.17593652246891
1.3519493400473	-4.62958724345769	-2.76188296330205
1.89822232394903	-3.64385442893111	-3.89715419241627
3.69878690775921	-2.74357213702602	-0.85145342183566
4.30304417486839	-2.0355535210193	-0.805676356145571
4.14129854276341	-2.92668039978637	-4.3274586099031
4.10772869459068	-2.20950637064164	-2.94804303044175
3.40581368734264	-3.16472114137484	-0.827038986800946
3.6591134508278	-3.24406805523766	-2.16372930495155
0.924696726939803	-2.71610589761196	-1.82192721446555
0.775158312352178	-3.97039749752041	-0.567635614557107
-1.47707331960021	-5.5542839703975	-3.20744640268559
-0.869764248111696	-4.59296559090562	-2.76798657206073
-2.79850461585412	-7.0923933775845	-5.32845044632639
-2.72831311512932	-7.29686427100023	-4.86457618066682
-3.02738994430457	-6.92454413672084	-5.63363088426032
-2.96940566109712	-6.69565880827039	-4.82795452811475
-1.65102616922255	-6.2928206301976	-4.11078049897002
-1.48317692835889	-7.04661631189441	-6.28671702143893
-0.610360875867857	-6.14023041123064	-4.29999237048905
-0.244144350347143	-4.68757152666514	-3.41496910048066
-0.512703135729	-5.21858548867018	-4.60212100404364
0.534065766384375	-3.31120775158312	-2.40482185091936
0.320439459830625	-4.59296559090562	-1.40383001449607
-0.823987182421607	-4.97138933394369	-1.27565423056382
-0.201419089036393	-4.35187304493782	-0.787365529869535
-1.47707331960021	-4.56244754711223	-1.26039520866712
-2.26138704509041	-4.91035324635691	-2.84122987716487
-1.34889753566796	-4.97138933394369	-4.15350576028077
0.805676356145571	-3.63469901579309	-3.89715419241627
-1.0101472495613	-5.91439688715953	-3.27763790341039
0.80872816052491	-7.21141374837873	-5.1972228580148
-0.366216525520714	-7.6600289921416	-3.22575722896162
-1.35500114442664	-8.67933165484092	-3.44853894865339
-2.09964141298543	-9.81765468833448	-4.74860761425193
-0.463874265659571	-7.40062561989776	-2.61844815747311
1.14442664225223	-4.34576943617914	-1.2817578393225
0.335698481727321	-3.64080262455177	-1.87075608453498
1.23292896925307	-3.65300984206912	-2.92973220416571
1.75173571374075	-3.07316700999466	-0.369268329900053
1.08644235904479	-4.29388876173037	-1.66628519111925
0.421149004348821	-4.60517280842298	-2.20950637064164
0.9399557488365	-3.97039749752041	0.588998245212482
0.454718852521553	-4.20233463035019	2.20035095750362
-0.46997787441825	-3.77508201724269	0.494392309452964
-0.860608834973678	-3.247119859617	-0.436408026245518
-0.81177996490425	-3.58587014572366	1.85549706263828
-0.787365529869535	-4.22674906538491	1.04371709773404
1.20241092545968	-2.60013733119707	0.698863202868696
3.04570077058061	-3.49126420996414	1.35805294880598
1.73647669184405	-2.95719844357977	1.85244525825895
2.62455176623178	-2.32547493705653	2.02944991226062
2.13931486991684	-2.52079041733425	2.10269321736477
0.305180437933928	-1.75173571374075	3.17998016327153
0.195315480277714	-2.70389868009461	1.61135271229114
-1.45876249332418	-3.21965362020295	0.878919661249714
-1.61745632104982	-3.65606164644846	-0.4272526131075
-4.04058899824521	-5.70077058060578	-2.16678110933089
-3.48516060120546	-5.96932936598764	-3.08842603189136
-3.49126420996414	-5.3528648813611	-2.49637598229953
-4.56855115587091	-5.38033112077516	-2.92362859540703
-1.8951705195697	-4.46784161135271	-3.43938353551537
0.424200808728161	-0.146486610208286	1.56252384222171
-0.0701915007248035	-0.271610589761196	0.497444113832303
0.817883573662928	-0.549324788281071	0.76600289921416
2.19119554436561	0.460822461280232	1.75478751812009
1.92874036774243	-1.54116121156634	2.01113908598459
1.879911497673	-2.31326771953918	2.33463035019455
3.90020599679561	-0.180056458381018	3.67132066834516
4.11383230334935	-0.711070420386053	4.9408712901503
4.0863660639353	0.125123979552911	5.63363088426032
4.32440680552377	2.06912336919203	5.90524147402152
5.2674143587396	0.717174029144732	5.92050049591821
4.25116350041962	-1.78835736629282	6.03341725795377
5.0110627908751	-2.4628061341268	4.43121995880064
4.02532997634852	-3.247119859617	5.27046616311894
2.12405584802014	-3.44548714427405	4.80964370183871
0.787365529869535	-4.40070191500725	2.95719844357977
0.210574502174411	-4.89204242008087	3.20744640268559
-0.4272526131075	-7.33653772793164	-0.0335698481727321
-0.607309071488518	-8.35278858625162	0.0610360875867857
3.09758144502937	-8.07202258335241	-0.405889982452125
1.88296330205234	-8.14221408407721	2.20950637064164
1.82497901884489	-6.42404821850919	1.47707331960021
3.03044174868391	-4.11688410772869	3.22270542458228
1.56862745098039	-2.69169146257725	4.52277409018082
1.26039520866712	-2.60929274433509	4.05889982452125
1.51369497215228	-3.23796444647898	2.93278400854505
3.70489051651789	-1.09864957656214	4.31219958800641
2.64286259250782	-1.7944609750515	4.84321355001144
1.18715190356298	-2.90226596475166	2.87479972533761
1.4526588845655	-3.02433813992523	2.82597085526818
1.42519264515145	-3.0060273136492	6.72617685206378
2.86564431219959	-2.10879682612345	6.50034332799268
4.89204242008087	-2.85648889906157	5.05683985656519
5.810635538262	-1.96231021591516	4.98664835584039
6.17990386816205	-1.3519493400473	4.38544289311055
4.90730144197757	-3.82391088731212	-0.80872816052491
5.82284275577935	-3.00907911802853	1.08644235904479
6.13412680247196	-3.0609597924773	3.35088120851453
5.11482413977264	-2.09353780422675	2.32547493705653
6.38742656595712	-1.8951705195697	-0.0854505226215
6.69871061264973	0.00915541313801785	4.88593881132219
5.38643472953384	-1.52895399404898	2.49942778667887
3.98870832379644	-5.02937361715114	-1.09254596780346
4.03448538948653	-3.95819028000305	-0.0335698481727321
5.45052262149996	-3.13115129320211	2.41397726405737
6.53391317616541	-2.8351262684062	2.01419089036393
8.3588921950103	0.842298008697642	3.56145571068894
7.29991607537957	1.71816586556802	6.84824902723735
6.93675135423819	3.11589227130541	8.96620126649882
7.05271992065309	3.55840390630961	6.97947661554894
6.0364690623331	5.74654764629587	11.3984893568322
6.3080796520943	4.34576943617914	10.4402227817197
7.53490501258869	3.95208667124437	7.84313725490196
8.64271000228885	4.28473334859236	7.80956740672923
8.30090791180285	3.39055466544594	7.35790035858701
7.37926298924239	2.81681544213016	4.01922636758984
6.2378881513695	3.88494697489891	3.57976653696498
4.57770656900893	3.17998016327153	6.19821469443809
3.55535210193027	2.74052033264668	4.24505989166094
4.19012741283284	2.85954070344091	0.842298008697642
3.99176012817578	2.00808728160525	3.27763790341039
4.956130312047	1.77615014877546	2.03860532539864
5.78316929884794	1.57167925535973	-0.146486610208286
6.29892423895628	-0.0244144350347143	0.286869611657893
5.1972228580148	-0.390630960555428	2.49637598229953
2.76493476768139	-0.698863202868696	1.51674677653162
4.71503776607919	1.77004654001678	4.30304417486839
3.09452964065003	0.601205462729839	2.54215304798962
1.98672465094987	-0.50965133134966	1.1108567940795
4.21759365224689	0.997940032043946	1.0406652933547
3.26543068589303	-1.77004654001678	2.06912336919203
2.1362630655375	-3.43938353551537	1.34584573128862
2.38040741588464	-1.76089112687877	1.44960708018616
3.38750286106661	1.2115663385977	4.18097199969482
1.49843595025559	2.30106050202182	3.70183871213855
3.46379797055009	1.83718623636225	2.9755092698558
4.58686198214694	3.27153429465171	2.10574502174411
5.25520714122225	2.22781719691768	2.24612802319371
4.84626535439078	1.6083009079118	-0.271610589761196
5.56038757915618	2.59403372243839	1.56862745098039
3.92156862745098	0.604257267109178	0.0946059357595178
3.97039749752041	0.537117570763714	2.28885328450446
