4.07814407814408	2.27106227106227	1.39194139194139
2.36874236874237	1.05006105006105	-1.83150183150183
4.51770451770452	3.24786324786325	-0.341880341880342
3.41880341880342	3.003663003663	0.708180708180708
7.93650793650794	5.1037851037851	2.73504273504274
4.85958485958486	2.36874236874237	0.854700854700855
3.54090354090354	1.22100122100122	0.879120879120879
2.22222222222222	0.317460317460317	-0.488400488400488
2.58852258852259	0.781440781440781	-0.757020757020757
2.24664224664225	0.366300366300366	-0.903540903540904
2.12454212454212	1.48962148962149	1.39194139194139
2.05128205128205	1.39194139194139	1.73382173382173
1.61172161172161	-0.21978021978022	0.879120879120879
4.37118437118437	2.27106227106227	2.36874236874237
2.61294261294261	1.02564102564103	0.879120879120879
3.90720390720391	2.17338217338217	1.39194139194139
3.41880341880342	2.93040293040293	0.952380952380952
2.83272283272283	2.1001221001221	0.244200244200244
2.97924297924298	2.49084249084249	0
3.17460317460317	3.24786324786325	-0.0976800976800977
4.12698412698413	4.44444444444444	1.95360195360195
6.27594627594628	5.1037851037851	2.73504273504274
6.4957264957265	5.93406593406593	6.34920634920635
4.85958485958486	4.51770451770452	4.2979242979243
4.83516483516483	4.07814407814408	2.66178266178266
4.2979242979243	4.3956043956044	2.78388278388278
4.05372405372405	5.12820512820513	3.12576312576313
4.83516483516483	5.76312576312576	4.56654456654457
5.54334554334554	6.56898656898657	7.10622710622711
5.83638583638584	6.54456654456654	6.27594627594628
3.73626373626374	4.2002442002442	4.004884004884
3.32112332112332	3.003663003663	2.31990231990232
4.98168498168498	3.15018315018315	1.73382173382173
0.21978021978022	0.0976800976800977	-0.0976800976800977
1.17216117216117	0.268620268620269	-1.22100122100122
3.24786324786325	1.66056166056166	0.170940170940171
3.88278388278388	2.41758241758242	-0.244200244200244
4.51770451770452	2.31990231990232	-1.56288156288156
5.25030525030525	3.24786324786325	0.0976800976800977
7.71672771672772	5.93406593406593	1.73382173382173
5.64102564102564	4.54212454212454	1.73382173382173
2.71062271062271	3.39438339438339	2.44200244200244
1.56288156288156	2.85714285714286	1.88034188034188
1.26984126984127	2.44200244200244	1.78266178266178
0.757020757020757	2.53968253968254	3.76068376068376
0.415140415140415	0.976800976800977	2.02686202686203
1.41636141636142	1.9047619047619	1.68498168498168
1.92918192918193	1.41636141636142	0.927960927960928
0.0732600732600733	0.634920634920635	-0.268620268620269
-0.415140415140415	0.317460317460317	-1.53846153846154
-0.659340659340659	-0.170940170940171	-1.83150183150183
1.26984126984127	1.07448107448107	-1.14774114774115
0.586080586080586	0.952380952380952	-0.757020757020757
1.73382173382173	1.001221001221	-0.415140415140415
3.12576312576313	3.12576312576313	0.683760683760684
2.71062271062271	2.44200244200244	0.0488400488400488
1.44078144078144	2.41758241758242	-1.24542124542125
1.36752136752137	2.002442002442	0.293040293040293
0.610500610500611	1.75824175824176	0.952380952380952
1.36752136752137	2.34432234432234	1.001221001221
0.610500610500611	0.634920634920635	0.0732600732600733
3.61416361416361	3.68742368742369	3.02808302808303
2.83272283272283	1.75824175824176	1.41636141636142
2.46642246642247	1.83150183150183	0.0976800976800977
2.39316239316239	1.83150183150183	0.512820512820513
2.68620268620269	1.70940170940171	0.854700854700855
0.903540903540904	0.757020757020757	0.488400488400488
-0.488400488400488	0.43956043956044	1.001221001221
-1.12332112332112	0.0488400488400488	-0.83028083028083
-1.58730158730159	-0.195360195360195	0.146520146520147
-2.1978021978022	-0.21978021978022	0.0732600732600733
-2.68620268620269	-1.44078144078144	0.586080586080586
-0.463980463980464	-0.781440781440781	-0.293040293040293
-2.78388278388278	-2.44200244200244	-2.31990231990232
-0.952380952380952	-1.83150183150183	-0.366300366300366
1.02564102564103	-0.293040293040293	0.195360195360195
0.610500610500611	1.22100122100122	0.805860805860806
2.14896214896215	3.003663003663	3.1013431013431
-0.488400488400488	1.0989010989011	1.80708180708181
2.78388278388278	3.63858363858364	3.58974358974359
0.512820512820513	1.53846153846154	1.95360195360195
1.02564102564103	1.12332112332112	1.34310134310134
1.95360195360195	1.75824175824176	1.02564102564103
1.58730158730159	0.390720390720391	-0.463980463980464
0.0976800976800977	-1.31868131868132	-2.56410256410256
0.268620268620269	-0.390720390720391	-1.73382173382173
1.02564102564103	-0.854700854700855	-1.9047619047619
2.14896214896215	-0.0976800976800977	-1.0989010989011
4.81074481074481	2.02686202686203	1.36752136752137
3.78510378510378	1.26984126984127	1.24542124542125
-0.268620268620269	-1.85592185592186	-1.34310134310134
0.903540903540904	-0.341880341880342	0.146520146520147
0.341880341880342	0	-0.805860805860806
0.43956043956044	1.36752136752137	1.78266178266178
0.317460317460317	0.903540903540904	1.9047619047619
1.63614163614164	2.14896214896215	2.31990231990232
1.83150183150183	2.58852258852259	3.05250305250305
2.63736263736264	2.93040293040293	3.17460317460317
1.14774114774115	2.24664224664225	2.73504273504274
2.36874236874237	2.31990231990232	2.02686202686203
3.12576312576313	2.71062271062271	2.02686202686203
1.07448107448107	0.586080586080586	0.268620268620269
-0.0976800976800977	-0.781440781440781	0.0488400488400488
0.195360195360195	1.34310134310134	1.1965811965812
5.17704517704518	6.3980463980464	4.34676434676435
3.61416361416361	5.59218559218559	3.44322344322344
6.3003663003663	7.35042735042735	4.93284493284493
4.37118437118437	5.88522588522589	2.49084249084249
3.2967032967033	4.27350427350427	0.463980463980464
1.92918192918193	3.63858363858364	1.1965811965812
0.488400488400488	2.39316239316239	0.781440781440781
-0.463980463980464	2.07570207570208	0.610500610500611
-1.58730158730159	-0.244200244200244	0.805860805860806
-3.32112332112332	-2.83272283272283	-1.95360195360195
-3.1990231990232	-1.83150183150183	-1.58730158730159
0.317460317460317	0.854700854700855	0.0244200244200244
-0.341880341880342	0.122100122100122	-2.73504273504274
1.0989010989011	1.07448107448107	-1.68498168498168
1.61172161172161	1.46520146520147	-1.44078144078144
0.390720390720391	0.415140415140415	-2.31990231990232
0.586080586080586	0.634920634920635	-2.63736263736264
3.22344322344322	3.51648351648352	-0.0488400488400488
3.71184371184371	4.02930402930403	1.97802197802198
4.1025641025641	5.3968253968254	2.93040293040293
1.80708180708181	4.15140415140415	3.93162393162393
2.44200244200244	4.46886446886447	3.36996336996337
2.63736263736264	3.80952380952381	1.51404151404151
1.88034188034188	3.17460317460317	0.879120879120879
3.02808302808303	3.12576312576313	1.0989010989011
1.92918192918193	2.14896214896215	-0.366300366300366
1.001221001221	1.24542124542125	1.58730158730159
2.27106227106227	1.83150183150183	2.71062271062271
1.24542124542125	1.73382173382173	2.02686202686203
3.07692307692308	4.15140415140415	2.97924297924298
2.97924297924298	4.95726495726496	4.44444444444444
2.36874236874237	4.90842490842491	4.12698412698413
3.34554334554335	5.15262515262515	5.17704517704518
1.39194139194139	4.51770451770452	4.73748473748474
1.02564102564103	3.003663003663	4.17582417582418
6.1050061050061	4.2002442002442	4.004884004884
1.07448107448107	0.805860805860806	-0.0488400488400488
2.12454212454212	1.14774114774115	0.586080586080586
1.97802197802198	0.146520146520147	-1.12332112332112
-0.21978021978022	-0.757020757020757	-1.48962148962149
-1.41636141636142	-1.31868131868132	-1.46520146520147
-0.293040293040293	0.683760683760684	0.390720390720391
-1.26984126984127	-0.854700854700855	-2.78388278388278
-1.88034188034188	-1.51404151404151	-2.97924297924298
-0.976800976800977	-0.781440781440781	-1.22100122100122
-2.2954822954823	-2.05128205128205	-2.39316239316239
0.659340659340659	-0.854700854700855	-1.05006105006105
0.170940170940171	-0.170940170940171	0.781440781440781
-0.976800976800977	-0.927960927960928	-0.170940170940171
-2.34432234432234	-1.83150183150183	-0.757020757020757
-1.17216117216117	-1.36752136752137	-1.56288156288156
-1.41636141636142	-1.58730158730159	-1.41636141636142
-0.708180708180708	-0.366300366300366	-0.43956043956044
0.634920634920635	1.29426129426129	0.122100122100122
3.15018315018315	3.85836385836386	2.61294261294261
3.07692307692308	4.44444444444444	2.56410256410256
1.02564102564103	2.51526251526252	1.48962148962149
3.34554334554335	4.2002442002442	3.51648351648352
0.854700854700855	2.41758241758242	2.07570207570208
3.68742368742369	4.07814407814408	3.15018315018315
0.463980463980464	2.51526251526252	1.80708180708181
3.58974358974359	4.66422466422466	3.15018315018315
1.97802197802198	4.07814407814408	4.07814407814408
1.1965811965812	2.61294261294261	2.78388278388278
0.732600732600733	1.66056166056166	2.1978021978022
2.36874236874237	1.97802197802198	1.75824175824176
0.83028083028083	1.97802197802198	1.26984126984127
-1.66056166056166	0.537240537240537	1.02564102564103
0.781440781440781	3.63858363858364	1.66056166056166
0.0732600732600733	4.51770451770452	3.85836385836386
-0.903540903540904	3.1990231990232	2.78388278388278
0.83028083028083	3.78510378510378	1.92918192918193
-0.122100122100122	2.68620268620269	1.70940170940171
-1.51404151404151	1.48962148962149	1.34310134310134
-0.21978021978022	0.781440781440781	1.36752136752137
-1.97802197802198	0.268620268620269	0.586080586080586
-0.244200244200244	1.02564102564103	1.63614163614164
0.122100122100122	0.927960927960928	2.12454212454212
-1.24542124542125	-0.268620268620269	0.0976800976800977
-1.78266178266178	-0.634920634920635	-0.903540903540904
-4.07814407814408	-1.92918192918193	-1.61172161172161
-2.24664224664225	-0.586080586080586	-0.610500610500611
-3.54090354090354	-1.56288156288156	-1.48962148962149
-3.2967032967033	-0.43956043956044	-0.0244200244200244
-2.39316239316239	-0.0976800976800977	0.488400488400488
-2.05128205128205	0.927960927960928	2.12454212454212
-1.85592185592186	0.683760683760684	2.56410256410256
-1.41636141636142	-0.0732600732600733	1.0989010989011
-1.44078144078144	-1.0989010989011	0.757020757020757
0.195360195360195	0.146520146520147	2.36874236874237
1.02564102564103	-0.488400488400488	0.83028083028083
-0.0244200244200244	-1.9047619047619	0.488400488400488
-0.634920634920635	-2.34432234432234	0.341880341880342
1.66056166056166	-0.537240537240537	1.51404151404151
0.659340659340659	-1.56288156288156	0.708180708180708
-2.17338217338217	-2.95482295482295	0.0488400488400488
-0.781440781440781	-1.51404151404151	1.51404151404151
1.95360195360195	0.976800976800977	2.39316239316239
-1.29426129426129	-1.48962148962149	1.78266178266178
2.12454212454212	0.561660561660562	1.68498168498168
1.97802197802198	-0.0488400488400488	-0.488400488400488
0.537240537240537	-1.0989010989011	-0.366300366300366
1.51404151404151	-0.512820512820513	0.293040293040293
2.31990231990232	0.170940170940171	0.610500610500611
1.39194139194139	-0.366300366300366	1.12332112332112
1.12332112332112	0.0488400488400488	0.732600732600733
-0.903540903540904	-2.2954822954823	-1.26984126984127
1.02564102564103	-0.610500610500611	0.244200244200244
0.21978021978022	-1.001221001221	0.463980463980464
-0.488400488400488	-1.80708180708181	-0.341880341880342
2.49084249084249	0.512820512820513	2.41758241758242
-1.07448107448107	-1.41636141636142	0.683760683760684
-1.36752136752137	-2.73504273504274	-0.537240537240537
-1.001221001221	-3.003663003663	-1.0989010989011
1.001221001221	-0.390720390720391	1.97802197802198
1.58730158730159	-0.512820512820513	0.805860805860806
2.1978021978022	-0.805860805860806	0.463980463980464
-0.903540903540904	-3.05250305250305	-1.46520146520147
0.0976800976800977	-2.34432234432234	-0.366300366300366
-0.757020757020757	-3.36996336996337	-1.58730158730159
-1.53846153846154	-4.1025641025641	-0.537240537240537
1.46520146520147	-2.34432234432234	1.41636141636142
0.293040293040293	-2.1001221001221	2.34432234432234
-0.708180708180708	-3.05250305250305	1.24542124542125
-1.70940170940171	-3.15018315018315	1.26984126984127
-1.51404151404151	-2.17338217338217	2.63736263736264
-1.66056166056166	-1.73382173382173	2.34432234432234
-1.75824175824176	-1.92918192918193	0.952380952380952
-0.366300366300366	-1.001221001221	1.31868131868132
2.12454212454212	1.29426129426129	3.27228327228327
0.463980463980464	0.683760683760684	1.22100122100122
2.1001221001221	3.003663003663	2.68620268620269
2.93040293040293	4.1025641025641	4.51770451770452
2.14896214896215	3.95604395604396	3.02808302808303
-0.488400488400488	1.31868131868132	0.732600732600733
-3.22344322344322	-0.683760683760684	-0.879120879120879
-0.952380952380952	0.0732600732600733	-0.537240537240537
-1.53846153846154	0	1.001221001221
-0.415140415140415	-0.0244200244200244	0.463980463980464
0.463980463980464	1.26984126984127	0.512820512820513
0.0732600732600733	0.268620268620269	0.341880341880342
0.83028083028083	0.0244200244200244	-0.976800976800977
0.43956043956044	-0.952380952380952	-1.95360195360195
-1.58730158730159	-2.31990231990232	-1.51404151404151
-1.001221001221	-3.12576312576313	-2.53968253968254
-1.14774114774115	-3.22344322344322	-2.12454212454212
-0.927960927960928	-2.44200244200244	-0.781440781440781
-1.44078144078144	-2.07570207570208	-1.07448107448107
-4.15140415140415	-4.2002442002442	-2.46642246642247
-3.88278388278388	-2.53968253968254	0.610500610500611
-0.122100122100122	-1.1965811965812	0.854700854700855
-0.586080586080586	-2.36874236874237	-0.757020757020757
-1.51404151404151	-3.58974358974359	-0.976800976800977
-2.39316239316239	-4.46886446886447	-1.46520146520147
-1.83150183150183	-4.56654456654457	-2.75946275946276
-3.54090354090354	-5.00610500610501	-2.2954822954823
-3.39438339438339	-4.44444444444444	-0.976800976800977
-1.92918192918193	-2.2954822954823	-0.0488400488400488
-2.95482295482295	-3.83394383394383	-1.22100122100122
-2.02686202686203	-2.97924297924298	-1.0989010989011
-1.29426129426129	-3.003663003663	-1.17216117216117
-0.757020757020757	-2.56410256410256	0.0732600732600733
-1.53846153846154	-3.93162393162393	-2.53968253968254
1.88034188034188	-0.927960927960928	-1.14774114774115
2.2954822954823	-0.0244200244200244	0.244200244200244
-0.854700854700855	-1.92918192918193	-2.17338217338217
-2.85714285714286	-2.75946275946276	-1.9047619047619
-1.48962148962149	-0.390720390720391	-0.561660561660562
-2.07570207570208	-1.83150183150183	-1.46520146520147
-2.68620268620269	-2.07570207570208	-2.58852258852259
-2.2954822954823	-1.73382173382173	-0.317460317460317
-0.366300366300366	-0.903540903540904	-1.44078144078144
0.21978021978022	0.0732600732600733	-0.268620268620269
-0.0976800976800977	0.854700854700855	1.9047619047619
-1.48962148962149	-0.415140415140415	-0.366300366300366
-3.49206349206349	-0.537240537240537	1.0989010989011
-2.07570207570208	0.683760683760684	0.415140415140415
-5.34798534798535	-0.976800976800977	-0.268620268620269
-6.91086691086691	-3.2967032967033	-0.146520146520147
-0.341880341880342	1.88034188034188	2.14896214896215
-1.61172161172161	0.341880341880342	0
-1.58730158730159	0.21978021978022	0.244200244200244
2.93040293040293	2.88156288156288	2.2954822954823
-0.586080586080586	0	-1.29426129426129
-2.07570207570208	-1.17216117216117	-0.976800976800977
0.586080586080586	1.68498168498168	0.781440781440781
-1.39194139194139	0.366300366300366	0.268620268620269
-4.02930402930403	-2.68620268620269	-3.32112332112332
-1.001221001221	-0.537240537240537	-1.83150183150183
-2.27106227106227	-1.66056166056166	-2.49084249084249
-2.46642246642247	-2.51526251526252	-4.56654456654457
-0.903540903540904	-0.317460317460317	-1.51404151404151
1.29426129426129	2.44200244200244	1.24542124542125
0.83028083028083	2.14896214896215	1.61172161172161
-0.927960927960928	1.53846153846154	1.58730158730159
0.146520146520147	1.44078144078144	0.561660561660562
0.927960927960928	1.88034188034188	1.29426129426129
2.88156288156288	3.95604395604396	0.634920634920635
1.70940170940171	5.15262515262515	0.146520146520147
2.49084249084249	5.88522588522589	0.805860805860806
1.61172161172161	5.93406593406593	2.56410256410256
-0.586080586080586	3.1013431013431	0.927960927960928
-0.146520146520147	2.97924297924298	1.51404151404151
0.659340659340659	2.93040293040293	2.46642246642247
-1.05006105006105	1.48962148962149	0.244200244200244
0.195360195360195	2.17338217338217	-0.244200244200244
-0.463980463980464	2.73504273504274	-0.781440781440781
-0.293040293040293	4.1025641025641	0.244200244200244
-0.927960927960928	3.61416361416361	-0.366300366300366
0.390720390720391	4.95726495726496	1.05006105006105
2.85714285714286	6.86202686202686	3.15018315018315
2.66178266178266	6.66666666666667	3.1990231990232
1.12332112332112	4.02930402930403	1.22100122100122
1.75824175824176	3.88278388278388	2.1978021978022
-0.21978021978022	1.95360195360195	0.879120879120879
0.83028083028083	3.56532356532357	2.58852258852259
-0.122100122100122	1.53846153846154	0.610500610500611
-1.68498168498168	1.46520146520147	0.195360195360195
0.268620268620269	1.88034188034188	0.317460317460317
0.170940170940171	0.683760683760684	1.22100122100122
-1.70940170940171	-0.83028083028083	-1.63614163614164
-3.44322344322344	-3.56532356532357	-3.80952380952381
-3.34554334554335	-2.58852258852259	-1.1965811965812
-2.71062271062271	-2.02686202686203	-1.97802197802198
-3.66300366300366	-2.44200244200244	-1.41636141636142
-0.757020757020757	0.903540903540904	0.244200244200244
-1.05006105006105	0.927960927960928	1.14774114774115
1.48962148962149	2.46642246642247	2.93040293040293
3.36996336996337	4.02930402930403	4.3956043956044
-0.0732600732600733	1.41636141636142	1.44078144078144
0.952380952380952	1.26984126984127	2.05128205128205
2.46642246642247	2.78388278388278	2.31990231990232
1.0989010989011	1.39194139194139	0.21978021978022
2.68620268620269	2.39316239316239	1.44078144078144
2.75946275946276	2.05128205128205	0.927960927960928
1.80708180708181	0.708180708180708	-0.366300366300366
2.53968253968254	1.39194139194139	0.805860805860806
-0.83028083028083	-1.39194139194139	-0.21978021978022
2.12454212454212	-0.415140415140415	0.244200244200244
-0.854700854700855	-2.88156288156288	-1.85592185592186
-1.29426129426129	-1.92918192918193	-0.708180708180708
0.268620268620269	-1.56288156288156	-0.415140415140415
-2.46642246642247	-3.73626373626374	-2.95482295482295
-1.95360195360195	-3.1990231990232	-2.53968253968254
-0.195360195360195	-1.80708180708181	-1.70940170940171
-1.70940170940171	-2.68620268620269	-2.46642246642247
-0.952380952380952	-2.05128205128205	-2.75946275946276
-0.952380952380952	-2.05128205128205	-2.83272283272283
1.12332112332112	0.293040293040293	-0.366300366300366
1.63614163614164	1.56288156288156	0.341880341880342
2.002442002442	1.97802197802198	1.17216117216117
4.12698412698413	3.73626373626374	3.02808302808303
2.46642246642247	2.73504273504274	3.46764346764347
2.95482295482295	3.63858363858364	4.34676434676435
1.17216117216117	1.75824175824176	2.41758241758242
1.07448107448107	1.26984126984127	2.002442002442
1.53846153846154	1.39194139194139	1.05006105006105
0.927960927960928	1.02564102564103	0.708180708180708
0.83028083028083	1.66056166056166	1.31868131868132
2.27106227106227	3.34554334554335	1.9047619047619
3.39438339438339	5.34798534798535	2.66178266178266
3.17460317460317	4.66422466422466	1.78266178266178
2.83272283272283	4.59096459096459	1.63614163614164
1.51404151404151	3.56532356532357	0.0732600732600733
5.2991452991453	5.32356532356532	2.53968253968254
4.34676434676435	6.71550671550672	6.3003663003663
3.73626373626374	5.66544566544567	5.32356532356532
4.12698412698413	6.25152625152625	4.49328449328449
2.88156288156288	5.17704517704518	4.15140415140415
2.93040293040293	3.32112332112332	1.1965811965812
0.708180708180708	2.1978021978022	-0.244200244200244
2.73504273504274	3.80952380952381	1.0989010989011
4.61538461538461	4.37118437118437	1.36752136752137
4.44444444444444	5.34798534798535	3.32112332112332
3.17460317460317	4.07814407814408	2.1001221001221
4.2002442002442	3.34554334554335	1.07448107448107
1.73382173382173	2.93040293040293	-0.146520146520147
0.976800976800977	2.12454212454212	-1.0989010989011
0.634920634920635	1.29426129426129	-1.83150183150183
-2.27106227106227	-0.732600732600733	-2.49084249084249
-1.78266178266178	-0.415140415140415	-1.9047619047619
1.9047619047619	1.29426129426129	0.586080586080586
-0.122100122100122	-0.683760683760684	0.0976800976800977
3.56532356532357	2.05128205128205	1.26984126984127
5.3968253968254	3.46764346764347	2.51526251526252
1.26984126984127	0.0488400488400488	-0.610500610500611
-1.53846153846154	-2.1001221001221	-1.88034188034188
-0.0488400488400488	-1.80708180708181	-0.83028083028083
-2.2954822954823	-3.36996336996337	-1.12332112332112
-0.170940170940171	-1.63614163614164	0.244200244200244
1.97802197802198	0.195360195360195	1.73382173382173
3.76068376068376	2.22222222222222	5.34798534798535
1.46520146520147	0.805860805860806	3.22344322344322
2.78388278388278	1.39194139194139	1.92918192918193
2.80830280830281	1.56288156288156	0.952380952380952
0.805860805860806	0.170940170940171	0.0244200244200244
-1.80708180708181	-1.92918192918193	-2.66178266178266
0.732600732600733	-0.21978021978022	-2.41758241758242
-0.952380952380952	-1.39194139194139	-1.70940170940171
-3.44322344322344	-1.95360195360195	-1.1965811965812
-1.95360195360195	-1.14774114774115	0.341880341880342
0.561660561660562	-0.317460317460317	-0.146520146520147
-0.561660561660562	-1.70940170940171	-0.781440781440781
0.0976800976800977	-0.488400488400488	0.341880341880342
1.61172161172161	0.268620268620269	0.244200244200244
-0.170940170940171	-1.34310134310134	-1.31868131868132
2.78388278388278	1.85592185592186	0.146520146520147
0.708180708180708	1.24542124542125	0.854700854700855
0.268620268620269	1.46520146520147	0.659340659340659
2.44200244200244	2.71062271062271	2.58852258852259
5.42124542124542	4.44444444444444	2.53968253968254
3.1990231990232	3.07692307692308	3.02808302808303
4.05372405372405	2.58852258852259	3.003663003663
3.05250305250305	2.1001221001221	2.44200244200244
3.32112332112332	2.02686202686203	3.41880341880342
1.83150183150183	2.44200244200244	4.63980463980464
2.36874236874237	2.61294261294261	4.05372405372405
1.78266178266178	2.27106227106227	3.49206349206349
1.63614163614164	1.36752136752137	2.1001221001221
0.781440781440781	0.927960927960928	1.78266178266178
-0.390720390720391	-0.0488400488400488	1.24542124542125
0.805860805860806	-0.927960927960928	0.0732600732600733
0.293040293040293	-1.24542124542125	0.341880341880342
1.22100122100122	-0.146520146520147	1.36752136752137
2.51526251526252	1.34310134310134	1.63614163614164
-0.0976800976800977	0.732600732600733	0.952380952380952
-1.58730158730159	0.317460317460317	1.46520146520147
-2.07570207570208	-0.317460317460317	0.781440781440781
-1.51404151404151	-1.22100122100122	0.293040293040293
-2.002442002442	-1.07448107448107	0.488400488400488
0.879120879120879	-0.244200244200244	-1.17216117216117
3.02808302808303	1.48962148962149	-0.0976800976800977
4.2979242979243	3.24786324786325	2.93040293040293
1.85592185592186	2.61294261294261	1.24542124542125
3.32112332112332	3.07692307692308	1.78266178266178
0.952380952380952	0.879120879120879	0.0732600732600733
-0.43956043956044	0.317460317460317	-1.48962148962149
1.29426129426129	1.88034188034188	-1.88034188034188
3.63858363858364	3.46764346764347	-1.1965811965812
2.85714285714286	1.9047619047619	-1.63614163614164
4.59096459096459	3.15018315018315	0.244200244200244
3.56532356532357	1.61172161172161	0.83028083028083
3.78510378510378	1.73382173382173	0.586080586080586
3.36996336996337	2.12454212454212	1.02564102564103
-0.561660561660562	-0.317460317460317	-1.12332112332112
1.22100122100122	0.512820512820513	0.0488400488400488
0.757020757020757	0.903540903540904	0.805860805860806
-0.610500610500611	-0.512820512820513	-0.195360195360195
-0.586080586080586	-1.46520146520147	1.14774114774115
4.81074481074481	2.78388278388278	3.71184371184371
4.2002442002442	3.27228327228327	3.32112332112332
4.32234432234432	4.004884004884	5.12820512820513
6.44688644688645	4.51770451770452	4.54212454212454
4.73748473748474	2.56410256410256	3.34554334554335
2.31990231990232	1.02564102564103	1.73382173382173
-0.43956043956044	-1.46520146520147	0.415140415140415
0.195360195360195	-1.07448107448107	0.463980463980464
-1.85592185592186	-2.90598290598291	-0.927960927960928
-2.46642246642247	-3.58974358974359	-0.805860805860806
-0.122100122100122	-1.85592185592186	0.781440781440781
-1.97802197802198	-2.22222222222222	0.586080586080586
-1.61172161172161	-1.95360195360195	0.366300366300366
-0.537240537240537	0.146520146520147	1.22100122100122
-0.927960927960928	-0.366300366300366	0.488400488400488
-2.17338217338217	-1.51404151404151	0.586080586080586
-2.78388278388278	-2.61294261294261	-0.463980463980464
-3.07692307692308	-4.004884004884	-1.51404151404151
-3.71184371184371	-3.88278388278388	-2.75946275946276
-2.58852258852259	-2.73504273504274	-1.39194139194139
-2.56410256410256	-2.22222222222222	-1.41636141636142
1.80708180708181	1.83150183150183	0.463980463980464
0.341880341880342	0.781440781440781	-0.195360195360195
-0.317460317460317	0.268620268620269	-0.488400488400488
-1.12332112332112	0	-0.83028083028083
-0.927960927960928	0.683760683760684	0.732600732600733
-0.83028083028083	0.708180708180708	-0.0488400488400488
-0.610500610500611	1.26984126984127	1.12332112332112
1.68498168498168	2.31990231990232	2.71062271062271
1.02564102564103	0.83028083028083	1.53846153846154
1.34310134310134	0.293040293040293	0.537240537240537
0.805860805860806	-0.122100122100122	-0.805860805860806
0.561660561660562	-0.293040293040293	0.83028083028083
2.12454212454212	2.22222222222222	1.75824175824176
0.341880341880342	0.757020757020757	0.195360195360195
1.02564102564103	2.17338217338217	0.195360195360195
1.34310134310134	2.73504273504274	1.36752136752137
-1.34310134310134	0.146520146520147	-0.805860805860806
-4.78632478632479	-2.24664224664225	-4.12698412698413
-1.41636141636142	-1.1965811965812	-2.61294261294261
-2.39316239316239	-0.805860805860806	-0.21978021978022
-1.26984126984127	0	-0.146520146520147
1.78266178266178	1.31868131868132	1.39194139194139
1.95360195360195	1.70940170940171	0.854700854700855
3.76068376068376	3.1013431013431	2.58852258852259
3.12576312576313	2.39316239316239	1.70940170940171
4.02930402930403	3.24786324786325	0.634920634920635
3.78510378510378	4.17582417582418	2.12454212454212
4.05372405372405	4.05372405372405	1.51404151404151
2.1001221001221	2.49084249084249	-0.0732600732600733
2.41758241758242	2.78388278388278	0.757020757020757
2.68620268620269	2.46642246642247	0.122100122100122
1.34310134310134	-0.21978021978022	-0.732600732600733
0.927960927960928	-0.854700854700855	-1.05006105006105
-0.366300366300366	-1.17216117216117	0.293040293040293
-3.07692307692308	-3.46764346764347	-1.51404151404151
1.36752136752137	-0.341880341880342	0.43956043956044
-3.32112332112332	-2.68620268620269	-2.34432234432234
-2.44200244200244	-2.12454212454212	-3.17460317460317
-1.12332112332112	-1.44078144078144	-2.75946275946276
-1.24542124542125	-2.34432234432234	-3.66300366300366
-2.02686202686203	-2.31990231990232	-4.46886446886447
-3.17460317460317	-3.83394383394383	-5.15262515262515
-1.53846153846154	-2.39316239316239	-2.2954822954823
1.17216117216117	-0.488400488400488	-0.293040293040293
0.952380952380952	-0.659340659340659	0.0976800976800977
-0.317460317460317	-0.976800976800977	-1.05006105006105
0.659340659340659	-0.146520146520147	0.341880341880342
0.341880341880342	0.659340659340659	-0.927960927960928
-2.49084249084249	-1.75824175824176	-2.68620268620269
-4.12698412698413	-3.17460317460317	-4.44444444444444
-4.59096459096459	-4.3956043956044	-4.42002442002442
-3.32112332112332	-2.46642246642247	-1.44078144078144
-5.54334554334554	-4.05372405372405	-3.02808302808303
-6.42246642246642	-4.34676434676435	-3.76068376068376
-3.78510378510378	-2.63736263736264	-1.70940170940171
-1.70940170940171	-1.88034188034188	-1.1965811965812
-2.17338217338217	-2.90598290598291	-2.71062271062271
-0.366300366300366	-1.29426129426129	-0.879120879120879
0.463980463980464	-0.586080586080586	-1.48962148962149
0.170940170940171	-1.07448107448107	-0.83028083028083
0.732600732600733	0.146520146520147	-0.293040293040293
0.561660561660562	-0.244200244200244	-0.879120879120879
0.0244200244200244	0.146520146520147	-0.0732600732600733
-2.002442002442	-1.56288156288156	-1.48962148962149
0.366300366300366	0.317460317460317	0.659340659340659
0.854700854700855	0.976800976800977	0.512820512820513
0.146520146520147	0.634920634920635	-0.317460317460317
-0.293040293040293	0.244200244200244	0.659340659340659
0.659340659340659	0	-1.39194139194139
-1.75824175824176	-1.51404151404151	-2.34432234432234
-2.97924297924298	-1.83150183150183	-3.61416361416361
-1.85592185592186	-1.39194139194139	-2.36874236874237
-0.293040293040293	0.659340659340659	0.683760683760684
1.80708180708181	1.39194139194139	1.001221001221
1.66056166056166	1.51404151404151	1.34310134310134
-1.07448107448107	-0.415140415140415	1.85592185592186
0.366300366300366	0.537240537240537	0.634920634920635
1.26984126984127	0.757020757020757	0.781440781440781
0.805860805860806	0.146520146520147	-0.122100122100122
-1.001221001221	-0.0976800976800977	0.659340659340659
-0.854700854700855	0.293040293040293	1.63614163614164
-0.415140415140415	-0.366300366300366	-0.122100122100122
-1.88034188034188	-2.17338217338217	-2.1001221001221
-3.1990231990232	-2.51526251526252	-2.75946275946276
-3.85836385836386	-3.78510378510378	-4.76190476190476
-2.07570207570208	-3.66300366300366	-5.81196581196581
-3.78510378510378	-5.56776556776557	-6.56898656898657
-7.57020757020757	-7.78998778998779	-8.5958485958486
-7.22832722832723	-8.2051282051282	-6.00732600732601
-6.08058608058608	-7.83882783882784	-6.42246642246642
-6.95970695970696	-8.18070818070818	-5.37240537240537
-6.08058608058608	-8.05860805860806	-5.22588522588523
-6.66666666666667	-8.32722832722833	-6.15384615384615
-5.49450549450549	-8.03418803418803	-5.27472527472527
-8.86446886446886	-9.67032967032967	-7.54578754578755
-5.54334554334554	-6.95970695970696	-6.91086691086691
-4.07814407814408	-5.93406593406593	-7.2039072039072
-2.63736263736264	-3.41880341880342	-3.54090354090354
-2.78388278388278	-3.51648351648352	-5.25030525030525
0.415140415140415	-0.83028083028083	-2.51526251526252
-0.805860805860806	-0.390720390720391	-0.610500610500611
-2.95482295482295	-2.49084249084249	-2.34432234432234
-1.14774114774115	-1.22100122100122	-0.683760683760684
-1.9047619047619	-2.56410256410256	-3.49206349206349
-4.61538461538461	-5.25030525030525	-4.90842490842491
-3.02808302808303	-4.42002442002442	-5.59218559218559
-2.63736263736264	-4.76190476190476	-6.54456654456654
-1.24542124542125	-2.51526251526252	-2.05128205128205
1.17216117216117	-0.854700854700855	0.341880341880342
0.122100122100122	-1.24542124542125	0.43956043956044
2.34432234432234	0.268620268620269	1.17216117216117
2.31990231990232	-0.537240537240537	0.757020757020757
1.14774114774115	-2.2954822954823	-1.29426129426129
2.22222222222222	-2.34432234432234	-2.1001221001221
2.58852258852259	-1.41636141636142	-1.22100122100122
1.68498168498168	-1.63614163614164	-0.805860805860806
-0.927960927960928	-3.27228327228327	0.293040293040293
-0.586080586080586	-3.49206349206349	-0.537240537240537
-0.21978021978022	-4.02930402930403	-1.39194139194139
-2.12454212454212	-4.63980463980464	-2.61294261294261
-3.46764346764347	-5.44566544566545	-4.32234432234432
-0.463980463980464	-3.51648351648352	-2.12454212454212
-2.53968253968254	-3.83394383394383	-2.2954822954823
-3.32112332112332	-3.66300366300366	-2.07570207570208
-0.903540903540904	-2.58852258852259	-1.41636141636142
-3.44322344322344	-4.49328449328449	-4.27350427350427
-2.05128205128205	-2.88156288156288	-1.92918192918193
-0.634920634920635	-1.58730158730159	-0.512820512820513
-2.88156288156288	-2.85714285714286	-1.1965811965812
-2.24664224664225	-2.95482295482295	-1.78266178266178
-1.17216117216117	-1.70940170940171	0.488400488400488
-2.2954822954823	-2.97924297924298	-1.07448107448107
-3.02808302808303	-4.15140415140415	-3.2967032967033
0.927960927960928	-0.0976800976800977	0.927960927960928
1.78266178266178	0.952380952380952	1.58730158730159
3.63858363858364	3.05250305250305	2.75946275946276
3.73626373626374	4.59096459096459	3.36996336996337
1.51404151404151	3.39438339438339	1.78266178266178
2.07570207570208	4.02930402930403	2.02686202686203
0.488400488400488	2.85714285714286	0.976800976800977
-0.781440781440781	1.75824175824176	0.21978021978022
-0.0732600732600733	2.49084249084249	2.66178266178266
-0.0976800976800977	2.17338217338217	1.14774114774115
-0.195360195360195	1.56288156288156	1.48962148962149
-0.927960927960928	2.27106227106227	3.02808302808303
-1.34310134310134	0.757020757020757	2.1978021978022
-0.0244200244200244	1.17216117216117	2.93040293040293
0.781440781440781	2.12454212454212	3.85836385836386
-0.366300366300366	1.001221001221	2.80830280830281
-0.634920634920635	0.122100122100122	2.49084249084249
0.0732600732600733	-1.31868131868132	-1.001221001221
1.02564102564103	0.586080586080586	2.22222222222222
-0.390720390720391	-1.46520146520147	0.879120879120879
-0.415140415140415	-2.24664224664225	0.927960927960928
-1.34310134310134	-3.15018315018315	0.708180708180708
-2.1001221001221	-3.32112332112332	0.244200244200244
-3.56532356532357	-4.32234432234432	-2.07570207570208
-2.66178266178266	-3.66300366300366	0.732600732600733
-2.1001221001221	-3.46764346764347	0.146520146520147
-0.341880341880342	-0.366300366300366	2.83272283272283
-0.244200244200244	0.659340659340659	4.78632478632479
-0.879120879120879	-0.927960927960928	3.24786324786325
-0.83028083028083	0.341880341880342	2.88156288156288
-1.46520146520147	-0.244200244200244	2.88156288156288
-1.58730158730159	-0.341880341880342	2.46642246642247
-2.17338217338217	-1.83150183150183	2.1978021978022
-1.83150183150183	-1.56288156288156	0.903540903540904
-1.44078144078144	-0.146520146520147	1.88034188034188
-2.27106227106227	-0.586080586080586	0.781440781440781
-2.1001221001221	-0.488400488400488	0.488400488400488
-0.854700854700855	0.586080586080586	2.22222222222222
-4.17582417582418	-2.51526251526252	-1.1965811965812
-2.88156288156288	-1.07448107448107	2.71062271062271
-0.268620268620269	0.21978021978022	3.36996336996337
-2.63736263736264	-1.31868131868132	0.927960927960928
-1.46520146520147	-0.317460317460317	1.39194139194139
-0.341880341880342	-0.293040293040293	0.488400488400488
-1.78266178266178	-1.56288156288156	-0.732600732600733
-1.70940170940171	-0.83028083028083	-1.05006105006105
-0.537240537240537	0.683760683760684	-0.0732600732600733
0.708180708180708	1.51404151404151	0.781440781440781
0.537240537240537	2.2954822954823	1.75824175824176
0.512820512820513	2.46642246642247	1.88034188034188
0.903540903540904	1.44078144078144	1.48962148962149
-0.976800976800977	1.14774114774115	0.781440781440781
-1.39194139194139	0.146520146520147	0.781440781440781
-1.83150183150183	-0.170940170940171	0.415140415140415
-2.24664224664225	-1.44078144078144	-2.2954822954823
-0.683760683760684	-0.586080586080586	-1.56288156288156
-1.17216117216117	-1.17216117216117	0.268620268620269
-2.88156288156288	-1.83150183150183	0.952380952380952
1.14774114774115	0.21978021978022	2.83272283272283
-0.976800976800977	-1.17216117216117	1.95360195360195
-2.1978021978022	-2.44200244200244	0.683760683760684
-2.90598290598291	-2.56410256410256	-1.68498168498168
-1.14774114774115	-2.07570207570208	-1.24542124542125
-2.05128205128205	-2.85714285714286	-2.02686202686203
-3.32112332112332	-3.93162393162393	-2.61294261294261
-3.90720390720391	-4.81074481074481	-0.512820512820513
-1.44078144078144	-3.17460317460317	0.903540903540904
-0.537240537240537	-2.75946275946276	0.244200244200244
0.195360195360195	-1.24542124542125	0.805860805860806
2.83272283272283	1.02564102564103	2.07570207570208
1.92918192918193	1.0989010989011	-0.21978021978022
0.805860805860806	0.195360195360195	-1.70940170940171
-1.75824175824176	-0.512820512820513	-0.390720390720391
-2.1978021978022	-1.0989010989011	-0.268620268620269
1.14774114774115	2.27106227106227	2.27106227106227
1.56288156288156	1.61172161172161	1.66056166056166
2.61294261294261	2.17338217338217	2.05128205128205
2.51526251526252	1.39194139194139	0.561660561660562
1.07448107448107	-0.268620268620269	-0.21978021978022
1.68498168498168	0.463980463980464	-0.610500610500611
1.05006105006105	1.1965811965812	0.976800976800977
-1.07448107448107	-0.0244200244200244	-0.0244200244200244
3.36996336996337	2.85714285714286	1.41636141636142
2.44200244200244	3.15018315018315	2.1978021978022
0.293040293040293	0.512820512820513	-1.34310134310134
-0.805860805860806	-1.68498168498168	-3.15018315018315
-1.53846153846154	-2.36874236874237	-3.98046398046398
-4.81074481074481	-4.85958485958486	-7.13064713064713
-5.07936507936508	-5.44566544566545	-6.34920634920635
-4.73748473748474	-5.71428571428571	-7.08180708180708
-3.39438339438339	-3.80952380952381	-5.15262515262515
-2.05128205128205	-2.39316239316239	-2.53968253968254
-1.56288156288156	-0.268620268620269	-0.854700854700855
1.56288156288156	1.66056166056166	-0.0488400488400488
0.415140415140415	0.805860805860806	0.586080586080586
3.51648351648352	2.22222222222222	1.05006105006105
1.80708180708181	-0.21978021978022	-0.537240537240537
0.732600732600733	0.488400488400488	0.146520146520147
4.1025641025641	2.66178266178266	0.244200244200244
0.0976800976800977	0.43956043956044	-1.85592185592186
1.80708180708181	1.70940170940171	-0.366300366300366
2.56410256410256	2.24664224664225	-0.122100122100122
-0.21978021978022	-0.317460317460317	-1.53846153846154
-0.512820512820513	-0.927960927960928	-1.07448107448107
-0.952380952380952	-1.29426129426129	-2.002442002442
-0.879120879120879	-1.56288156288156	-1.44078144078144
0	-1.31868131868132	-2.05128205128205
-0.390720390720391	-1.75824175824176	-3.90720390720391
-0.732600732600733	-3.07692307692308	-5.00610500610501
1.9047619047619	-0.879120879120879	-3.003663003663
0	-0.952380952380952	-3.07692307692308
-1.97802197802198	-2.46642246642247	-3.95604395604396
0.732600732600733	-0.537240537240537	-2.75946275946276
0.781440781440781	-0.512820512820513	-3.07692307692308
-1.14774114774115	-2.31990231990232	-4.15140415140415
0.43956043956044	-2.14896214896215	-3.85836385836386
-1.36752136752137	-3.41880341880342	-4.90842490842491
-0.415140415140415	-2.1978021978022	-2.97924297924298
-0.390720390720391	-2.34432234432234	-2.1978021978022
-2.44200244200244	-2.88156288156288	-3.85836385836386
-3.46764346764347	-3.71184371184371	-3.07692307692308
-0.952380952380952	-2.83272283272283	-4.27350427350427
-1.07448107448107	-2.66178266178266	-3.90720390720391
-2.73504273504274	-3.71184371184371	-3.88278388278388
-2.39316239316239	-4.42002442002442	-4.78632478632479
0.244200244200244	-1.46520146520147	-3.54090354090354
0.0732600732600733	-0.854700854700855	-1.41636141636142
0.293040293040293	-0.586080586080586	-3.98046398046398
2.1978021978022	1.68498168498168	-1.70940170940171
3.003663003663	3.24786324786325	-0.610500610500611
3.24786324786325	3.76068376068376	0.317460317460317
2.1978021978022	2.68620268620269	-1.75824175824176
1.88034188034188	2.12454212454212	-1.88034188034188
3.15018315018315	3.24786324786325	-0.0976800976800977
3.1990231990232	2.75946275946276	-0.952380952380952
1.88034188034188	1.80708180708181	-1.51404151404151
1.12332112332112	0.415140415140415	-3.56532356532357
0.561660561660562	-0.0732600732600733	-2.22222222222222
1.92918192918193	-0.537240537240537	-2.07570207570208
0.146520146520147	-2.27106227106227	-3.90720390720391
2.88156288156288	0.0732600732600733	-1.29426129426129
1.14774114774115	-0.415140415140415	-0.586080586080586
2.34432234432234	1.48962148962149	-0.43956043956044
1.97802197802198	2.46642246642247	1.46520146520147
1.68498168498168	2.83272283272283	0.122100122100122
1.24542124542125	2.2954822954823	0.683760683760684
1.46520146520147	2.31990231990232	-0.195360195360195
3.07692307692308	2.73504273504274	0.317460317460317
2.41758241758242	2.07570207570208	0.952380952380952
4.17582417582418	3.02808302808303	1.95360195360195
4.63980463980464	3.56532356532357	1.44078144078144
3.76068376068376	3.05250305250305	1.88034188034188
4.88400488400488	3.68742368742369	1.48962148962149
2.95482295482295	2.14896214896215	1.51404151404151
3.51648351648352	2.88156288156288	1.58730158730159
4.004884004884	2.49084249084249	3.12576312576313
4.02930402930403	2.27106227106227	3.32112332112332
2.2954822954823	0.83028083028083	1.46520146520147
2.66178266178266	0.952380952380952	1.44078144078144
0.43956043956044	0.21978021978022	1.70940170940171
1.88034188034188	1.001221001221	2.97924297924298
0.293040293040293	0.708180708180708	2.34432234432234
0.43956043956044	0.244200244200244	0.903540903540904
-1.001221001221	-1.9047619047619	-0.170940170940171
0.83028083028083	0.122100122100122	1.34310134310134
1.83150183150183	0.537240537240537	1.24542124542125
2.22222222222222	2.24664224664225	3.15018315018315
7.52136752136752	6.27594627594628	7.54578754578755
6.4957264957265	6.59340659340659	7.83882783882784
7.15506715506716	7.17948717948718	7.88766788766789
7.96092796092796	8.66910866910867	7.44810744810745
7.3992673992674	8.88888888888889	6.54456654456654
7.47252747252747	8.44932844932845	6.12942612942613
5.27472527472527	5.3968253968254	4.37118437118437
5.2014652014652	5.47008547008547	4.59096459096459
4.1025641025641	3.02808302808303	3.56532356532357
4.1025641025641	2.31990231990232	3.1990231990232
5.12820512820513	4.34676434676435	4.2002442002442
5.61660561660562	4.98168498168498	4.66422466422466
5.44566544566545	6.05616605616606	4.1025641025641
3.80952380952381	4.71306471306471	2.78388278388278
2.2954822954823	3.76068376068376	2.68620268620269
3.36996336996337	3.71184371184371	3.63858363858364
0.586080586080586	1.17216117216117	2.51526251526252
1.61172161172161	2.07570207570208	3.2967032967033
4.83516483516483	3.78510378510378	4.37118437118437
4.22466422466422	3.2967032967033	3.05250305250305
3.71184371184371	3.93162393162393	4.2979242979243
2.90598290598291	4.44444444444444	3.003663003663
6.3980463980464	7.59462759462759	5.22588522588523
5.34798534798535	7.17948717948718	5.15262515262515
2.31990231990232	5.07936507936508	3.07692307692308
2.75946275946276	4.98168498168498	3.36996336996337
3.24786324786325	6.22710622710623	3.73626373626374
4.2979242979243	6.73992673992674	4.83516483516483
2.56410256410256	4.68864468864469	3.41880341880342
3.24786324786325	4.95726495726496	2.2954822954823
5.07936507936508	5.98290598290598	3.36996336996337
4.88400488400488	4.78632478632479	3.58974358974359
1.78266178266178	2.41758241758242	0.43956043956044
0.170940170940171	1.36752136752137	-1.1965811965812
1.02564102564103	3.1990231990232	0.122100122100122
0.732600732600733	2.83272283272283	0.976800976800977
-1.17216117216117	1.22100122100122	-0.21978021978022
-0.146520146520147	1.12332112332112	2.1001221001221
-2.14896214896215	-1.48962148962149	1.41636141636142
0	0	2.44200244200244
1.0989010989011	0.708180708180708	2.14896214896215
0.463980463980464	0.268620268620269	1.97802197802198
0.610500610500611	1.12332112332112	2.05128205128205
-0.146520146520147	0.610500610500611	2.53968253968254
0.805860805860806	1.001221001221	2.14896214896215
-0.805860805860806	-0.586080586080586	1.14774114774115
-2.34432234432234	-1.73382173382173	-2.14896214896215
3.003663003663	2.41758241758242	1.02564102564103
3.78510378510378	2.83272283272283	2.12454212454212
3.1990231990232	2.31990231990232	1.97802197802198
1.63614163614164	1.0989010989011	0.708180708180708
4.51770451770452	3.56532356532357	3.73626373626374
1.80708180708181	0.976800976800977	2.41758241758242
-0.390720390720391	-0.43956043956044	1.78266178266178
1.0989010989011	1.56288156288156	2.34432234432234
1.70940170940171	1.70940170940171	2.51526251526252
-0.537240537240537	0.537240537240537	1.22100122100122
0.317460317460317	1.51404151404151	1.9047619047619
3.58974358974359	4.68864468864469	4.66422466422466
1.83150183150183	3.83394383394383	5.27472527472527
0.561660561660562	2.31990231990232	4.93284493284493
1.31868131868132	2.97924297924298	5.3968253968254
0.122100122100122	2.002442002442	4.95726495726496
-1.66056166056166	0.0976800976800977	2.56410256410256
-2.97924297924298	-0.83028083028083	-0.146520146520147
-2.56410256410256	-0.757020757020757	1.80708180708181
-2.95482295482295	-0.610500610500611	1.26984126984127
-1.80708180708181	0.537240537240537	0.659340659340659
2.90598290598291	2.75946275946276	2.34432234432234
2.46642246642247	1.12332112332112	0.122100122100122
4.1025641025641	3.12576312576313	2.05128205128205
3.003663003663	1.95360195360195	2.61294261294261
2.17338217338217	0.170940170940171	0.952380952380952
0.927960927960928	-0.854700854700855	1.22100122100122
-2.61294261294261	-2.44200244200244	1.24542124542125
-2.51526251526252	-3.1013431013431	0.512820512820513
1.17216117216117	-0.366300366300366	2.31990231990232
0	-0.610500610500611	1.53846153846154
0.610500610500611	-0.0976800976800977	2.36874236874237
1.61172161172161	0.659340659340659	3.07692307692308
3.66300366300366	2.24664224664225	3.68742368742369
3.58974358974359	2.05128205128205	4.34676434676435
0.488400488400488	1.1965811965812	4.51770451770452
1.66056166056166	2.12454212454212	4.54212454212454
3.66300366300366	3.32112332112332	4.56654456654457
4.44444444444444	3.41880341880342	5.03052503052503
0.805860805860806	0.976800976800977	1.88034188034188
-0.415140415140415	-1.34310134310134	0.561660561660562
1.73382173382173	0.805860805860806	3.24786324786325
1.68498168498168	0.561660561660562	2.90598290598291
0.854700854700855	0.146520146520147	2.85714285714286
3.73626373626374	2.78388278388278	4.05372405372405
3.41880341880342	1.46520146520147	1.14774114774115
1.22100122100122	-0.488400488400488	-2.24664224664225
-1.31868131868132	-1.92918192918193	-3.15018315018315
0.21978021978022	-1.9047619047619	-4.49328449328449
0.317460317460317	-2.1001221001221	-2.51526251526252
-0.781440781440781	-2.002442002442	-1.05006105006105
-0.21978021978022	-1.63614163614164	-0.903540903540904
0.293040293040293	-1.41636141636142	-1.73382173382173
-2.41758241758242	-2.53968253968254	-1.75824175824176
-0.683760683760684	-1.53846153846154	-1.44078144078144
