4.07415884641794	5.26131074998093	2.24917982757305
2.09353780422675	2.98466468299382	-0.0671396963454643
3.24406805523766	3.82696269169146	-1.16884107728695
1.02235446707866	1.7792019531548	-0.7690547035935
2.60318913557641	2.11184863050278	-2.16983291371023
5.43221179522393	3.51873044937819	0.76600289921416
3.89105058365759	3.10063324940871	-1.30617227435721
3.43022812237736	3.85748073548486	-0.289921416037232
3.1616693369955	4.96223392080568	1.55031662470436
2.56656748302434	3.588921950103	0.335698481727321
3.51873044937819	4.7699702449073	0.863660639353018
3.45159075303273	4.33051041428244	1.39772640573739
4.66315709163043	2.45059891660945	-0.308232242313268
5.37117570763714	2.42923628595407	-0.796520943007553
6.21957732509346	2.392614633402	-2.66117341878386
4.36102845807584	2.51773861295491	0.375371938658732
2.48416876478218	2.70389868009461	1.30006866559854
3.54314488441291	2.69169146257725	0.930800335698482
2.59708552681773	4.15350576028077	3.2318608377203
4.78828107118334	3.6743724727245	1.13527122911421
6.3080796520943	5.02021820401312	2.27969787136645
6.51560234988937	4.0161745632105	0.708018616006714
6.38437476157778	4.03143358510719	1.48928053711757
6.41794460975052	3.72014953841459	0.9399557488365
6.16159304188602	4.3427176317998	1.07118333714809
5.14229037918669	5.13313496604868	3.61638818951705
5.52681773098344	3.82391088731212	5.4535744258793
8.12695506218051	5.65804531929503	4.58075837338827
6.72617685206378	3.30205233844511	5.8808270389868
7.04661631189441	3.04875257495994	3.5736629282063
6.60105287251087	3.84832532234684	-0.271610589761196
4.24200808728161	2.63065537499046	1.25734340428779
5.87777523460746	4.28778515297169	0.363164721141375
6.38742656595712	5.92965590905623	3.17387655451286
5.82894636453803	3.77508201724269	0.296025024795911
6.54612039368276	3.73846036469062	2.65812161440452
5.92660410467689	3.37224383916991	1.48317692835889
6.49729152361334	3.04875257495994	3.15556572823682
6.40268558785382	3.14946211947814	2.61539635309377
5.86251621271076	4.42206454566262	3.02433813992523
6.59800106813153	4.45258258945602	3.86663614862287
5.0965133134966	3.39665827420462	2.35294117647059
5.3833829251545	2.98771648737316	1.66628519111925
5.52986953536278	4.69062333104448	4.35492484931716
3.43633173113603	4.38544289311055	4.0009155413138
5.15449759670405	4.56855115587091	3.63775082017243
6.25009536888685	5.67940794995041	5.74959945067521
5.48104066529335	4.57160296025025	4.52277409018082
4.15350576028077	3.94293125810636	2.90226596475166
3.03044174868391	4.09246967269398	2.60929274433509
3.97955291065843	4.26031891355764	3.03044174868391
4.16266117341878	5.18806744487678	5.29182879377432
3.99481193255512	4.76081483176928	6.20126649881743
6.11581597619593	4.74555580987259	5.24910353246357
6.07309071488518	4.82490272373541	6.41489280537118
5.64583810177768	4.6845197222858	4.79438467994202
5.6946669718471	5.85336079957275	4.02532997634852
6.87571526665141	5.79232471198596	3.65606164644846
7.24193179217212	5.63057907988098	4.36408026245518
8.04455634393835	5.38948653391318	5.55733577477684
8.71900511177233	6.26840619516289	4.22064545662623
10.937666895552	7.0618753337911	7.05882352941176
13.0556191348135	8.84107728694591	8.19409475852598
11.3557640955215	8.45349813076982	5.70077058060578
11.1207751583124	8.54810406652934	7.70275425345235
10.8400091554131	7.0618753337911	4.62043183031968
9.49416342412451	8.67627985046158	4.96833752956436
9.81765468833448	7.48302433813993	8.80445563439384
8.10864423590448	6.78110933089189	4.86152437628748
9.15846494239719	5.35591668574044	7.29686427100023
7.7607385366598	4.3274586099031	4.28168154421302
7.78820477607385	4.28473334859236	5.39559014267186
4.96833752956436	2.09964141298543	4.8706797894255
5.78622110322728	3.29289692530709	2.88090333409628
5.23689631494621	3.65300984206912	4.34882124055848
2.86869611657893	2.35294117647059	3.69878690775921
4.55634393835355	3.95208667124437	2.67948424505989
4.64789806973373	4.20538643472953	5.12703135729
6.46066987106127	3.53704127565423	4.03143358510719
7.23887998779278	5.2826733806363	4.66010528725109
7.36400396734569	5.77096208133059	5.84725719081407
7.51049057755398	4.38544289311055	6.15854123750668
7.83703364614328	4.70283054856184	7.2327763790341
6.5491721980621	5.68856336308843	6.39047837033646
5.468833447776	7.05271992065309	6.94895857175555
4.42511635004196	4.89509422446021	6.03036545357443
5.91134508278019	5.468833447776	4.11688410772869
5.34981307698177	6.48508430609598	5.12397955291066
3.05180437933928	3.42107270923934	3.47600518806744
3.5736629282063	4.18402380407416	3.94293125810636
5.67940794995041	4.86152437628748	5.31319142442969
4.40070191500725	3.18608377203021	1.98367284657053
2.55436026550698	1.84328984512093	0.366216525520714
2.31631952391852	0.329594872968643	-1.30312046997787
0.567635614557107	1.76394293125811	-0.585946440833143
0.567635614557107	0.241092545967803	-0.863660639353018
0	-0.170901045243	-1.86160067139696
1.61135271229114	0.625619897764553	1.73342488746471
1.37941557946136	-0.262455176623178	-0.863660639353018
0.930800335698482	-1.21766994735637	-2.33463035019455
-0.119020370794232	-0.549324788281071	0.155642023346304
-0.0762951094834821	-1.01319905394064	-1.80056458381018
-1.36415655756466	-1.07728694590677	-2.71000228885328
-0.827038986800946	-0.76600289921416	-2.92362859540703
0.134279392690929	1.55031662470436	-0.759899290455482
0.271610589761196	2.28885328450446	0.280766002899214
-0.320439459830625	2.25833524071107	0.634775310902571
1.78225375753414	3.77508201724269	2.51163500419623
1.45571068894484	2.2369726100557	3.22270542458228
2.48416876478218	3.36919203479057	3.21355001144427
1.26955062180514	2.76493476768139	1.59609369039445
1.85244525825895	0.949111161974517	0.646982528419928
1.84939345387961	-0.411993591210803	0.363164721141375
1.22987716487373	-1.73037308308537	-1.66323338673991
1.35500114442664	-1.33058670939193	-1.04676890211337
1.46486610208286	-1.46181429770352	-1.47707331960021
2.38651102464332	-1.26039520866712	-1.93789578088045
1.80666819256886	0.363164721141375	-1.74563210498207
1.41908903639277	0.881971465629053	-2.42618448157473
2.58487830930037	1.07728694590677	-2.85648889906157
-0.872816052491035	-0.0946059357595178	-4.01007095445182
-0.317387655451286	-1.25429159990845	-4.78217746242466
-2.02944991226062	-1.48317692835889	-5.10261692225528
-1.58693827725643	-1.9653620202945	-2.89616235599298
-0.665293354695964	-2.22476539253834	-2.21255817502098
-0.692759594110018	-1.95620660715648	-3.36919203479057
-1.37331197070268	-2.01419089036393	-5.70382238498512
-0.289921416037232	0.228885328450446	-4.93781948577096
-3.31120775158312	-2.44144350347143	-4.57465476462959
-2.68558785381857	-1.16578927290761	-5.67330434119173
-2.1362630655375	-1.70595864805066	-3.90325780117494
-1.32753490501259	-1.26344701304646	-1.69069962615396
-1.00099183642329	1.62661173418784	0.131227588311589
-0.964370183871214	0.518806744487678	-1.78835736629282
-0.396734569314107	2.23392080567636	-2.65812161440452
-2.13015945677882	1.57167925535973	-2.10879682612345
-1.85549706263828	0.0701915007248035	-3.58587014572366
-1.51369497215228	2.14847028305486	-2.78019378957809
-0.909437705043107	1.40993362325475	-3.32951857785916
0.231937132829786	1.44045166704814	-5.1117723353933
-0.0610360875867857	1.67544060425727	-2.88700694285496
-1.27870603494316	1.16884107728695	-4.09857328145266
-0.646982528419928	0.332646677347982	-2.90226596475166
-2.36820019836728	-1.35805294880598	-4.38239108873121
-2.13931486991684	-0.576791027695125	-3.59197375448234
-3.44853894865339	-1.79751277943084	-2.44449530785077
-3.91241321431296	-2.57267109178302	-3.37224383916991
-0.686655985351339	-0.756847486076142	-3.79644464789807
0.216678110933089	1.33363851377127	-1.55031662470436
2.39871824216068	0.85145342183566	-3.14946211947814
0.784313725490196	1.1108567940795	-3.80560006103609
1.2970168612192	-0.29907682917525	-1.77004654001678
1.8951705195697	0.991836423285267	-3.45159075303273
1.75783932249943	-0.122072175173571	0.04272526131075
1.19935912108034	-0.418097199969482	-1.08644235904479
3.12809948882277	-0.0671396963454643	0.405889982452125
2.44144350347143	0.854505226215	1.25123979552911
2.66727702754253	-0.0823987182421607	-0.961318379491875
1.13527122911421	-1.62661173418784	-1.09254596780346
0.0549324788281071	-1.53505760280766	-3.27458609903105
0.418097199969482	0.173952849622339	-3.46990157930877
-0.540169375143053	-0.714122224765393	-1.20546272983902
0.527962157625696	-0.814831769283589	-1.60524910353246
-0.390630960555428	-0.805676356145571	-3.01213092240787
0.180056458381018	-0.619516289005875	-2.92973220416571
1.1108567940795	-1.32143129625391	-1.6083009079118
0.00305180437933928	-2.01113908598459	-1.89822232394903
0.872816052491035	-0.0701915007248035	-3.3173113603418
-1.29396505683986	-0.97962920576791	-2.19119554436561
-2.53604943923095	-0.0915541313801785	-4.08331425955596
-3.20134279392691	1.35500114442664	-3.16777294575418
-4.23895628290227	-0.473029678797589	-2.50247959105821
-2.30411230640116	0.0823987182421607	-2.89311055161364
-0.799572747386893	-0.21362630655375	0.259403372243839
-0.946059357595178	-1.17189288166629	-2.61844815747311
-0.793469138628214	-0.320439459830625	-1.55642023346304
-1.05592431525139	0.122072175173571	0.442511635004196
-0.12817578393225	-0.537117570763714	-0.332646677347982
-1.58388647287709	-1.28480964370184	-1.196307316701
-0.549324788281071	-0.943007553215839	-1.72732127870604
1.03761348897536	0.292973220416571	-2.02029449912261
0.607309071488518	-1.47402151522087	-0.158693827725643
0.671396963454643	-1.73952849622339	-2.7496757457847
1.22377355611505	-1.20546272983902	-0.421149004348821
0.616464484626535	-1.29396505683986	-2.35904478522927
0.991836423285267	-0.784313725490196	-1.96841382467384
-0.418097199969482	-1.76699473563745	-3.25017166399634
0.872816052491035	-0.665293354695964	-3.1464103150988
-1.14747844663157	-1.4373998626688	-2.30106050202182
0.335698481727321	-2.10879682612345	-0.253299763485161
1.51064316777295	-0.659189745937285	-2.20950637064164
1.30617227435721	0.119020370794232	-1.00099183642329
1.9501029983978	-0.0946059357595178	-3.076218814374
2.2919050888838	2.62455176623178	0.573739223315785
1.47402151522087	1.62966353856718	-2.75272755016403
2.00808728160525	1.51979858091096	-1.90432593270771
1.41908903639277	-1.33974212252995	-1.89211871519036
1.7242694743267	-2.98771648737316	-5.09040970473793
1.93789578088045	-3.85748073548486	-2.6489662012665
-0.567635614557107	-5.36202029449912	-6.31113145647364
1.57167925535973	-3.59502555886168	-4.22369726100557
-0.521858548867018	-2.41702906843671	-2.89311055161364
-0.00610360875867857	-1.0101472495613	-4.21149004348821
0.192263675898375	-1.30312046997787	-3.81780727855344
-0.021362630655375	-1.65407797360189	-2.74357213702602
1.02845807583734	-0.830090791180285	-4.13214312962539
0.89723048752575	-1.3824673838407	-2.67338063630121
3.73846036469062	-0.393682764934768	-4.22980086976425
3.31425955596246	1.05287251087205	-2.4780651560235
2.23086900129702	0.534065766384375	-2.21866178377966
1.89211871519036	2.26443884946975	-3.67132066834516
0.5981536583505	2.76493476768139	-2.84428168154421
-0.100709544518196	2.02639810788128	-1.04676890211337
0.146486610208286	1.67238879987793	-0.2563515678645
0.381475547417411	2.22476539253834	-1.86770428015564
2.60013733119707	3.37834744792859	2.14236667429618
3.50652323186084	4.18097199969482	2.9907682917525
3.85748073548486	4.51056687266346	-0.122072175173571
2.38956282902266	2.81071183337148	0.0335698481727321
1.64492256046387	2.20950637064164	-1.66628519111925
4.07110704203861	3.80254825665675	1.99893186846723
2.63675898374914	0.866712443732357	0.610360875867857
2.21255817502098	0.799572747386893	-0.439459830624857
1.08949416342412	-0.943007553215839	-0.964370183871214
0.302128633554589	-1.51064316777295	-1.33363851377127
-1.83108262760357	-1.01625085831998	-3.51262684061952
-0.561532005798428	-1.42824444953079	-3.27763790341039
0.393682764934768	-2.02029449912261	-3.4882124055848
1.67238879987793	-0.997940032043946	-3.64995803768978
2.0355535210193	-2.41092545967803	-5.07209887846189
1.58693827725643	-2.65812161440452	-3.29594872968643
1.26955062180514	-3.03959716182193	-3.27153429465171
4.34576943617914	-0.119020370794232	-2.34988937209125
3.41802090486	0.802624551766232	-1.01625085831998
1.61440451667048	-1.14442664225223	-4.72724498359655
4.15350576028077	0.0732433051041428	-2.53910124361028
2.79850461585412	-1.86770428015564	-4.67231250476844
4.29999237048905	-1.64187075608453	-4.4281681544213
2.33157854581521	-3.38445105668727	-4.31219958800641
2.4933241779202	-2.36514839398795	-1.91348134584573
0.604257267109178	-1.05287251087205	-1.64187075608453
-1.08949416342412	-1.99893186846723	-1.92263675898375
1.16273746852827	0.354009308003357	1.07118333714809
1.98672465094987	1.43434805828946	-0.991836423285267
1.30617227435721	-1.00709544518196	-3.40581368734264
2.23392080567636	1.12001220721752	-3.18303196765087
1.44655527580682	2.03860532539864	-1.17189288166629
1.33058670939193	1.15358205539025	-2.82597085526818
-0.0610360875867857	1.13527122911421	-0.177004654001679
0.601205462729839	1.196307316701	-0.631723506523232
0.515754940108339	1.68764782177462	-0.173952849622339
-0.338750286106661	-1.00099183642329	-0.869764248111696
-0.494392309452964	-2.34683756771191	-3.48210879682612
-0.976577401388571	-2.79545281147478	-6.3080796520943
0.341802090486	-0.631723506523232	-4.12909132524605
2.10269321736477	0.747692072938125	-4.72419317921721
1.95925841153582	-0.241092545967803	-3.99786373693446
4.38849469748989	1.94399938963912	-2.03250171663996
3.47600518806744	1.22987716487373	-0.985732814526589
2.55130846112764	0.177004654001679	-0.277714198519875
3.247119859617	1.19325551232166	-0.7690547035935
0.814831769283589	-0.817883573662928	0.0946059357595178
1.42214084077211	-2.11490043488212	-1.88296330205234
1.56862745098039	-1.68154421301595	-1.37941557946136
1.23598077363241	-4.26947432669566	-4.63874265659571
0.888075074387732	-4.46173800259403	-3.06401159685664
1.72732127870604	-4.64789806973373	-2.87785152971695
4.11993591210803	-1.09254596780346	-0.354009308003357
2.221713588159	-0.463874265659571	1.90737773708705
2.60624093995575	-0.0701915007248035	1.07728694590677
2.71610589761196	-0.534065766384375	2.29800869764248
2.91752498664836	0.0823987182421607	2.563515678645
2.93278400854505	-1.5228503852903	0.534065766384375
3.0609597924773	-0.949111161974517	0.582894636453803
3.93377584496834	-0.4272526131075	1.68154421301595
3.22270542458228	-1.10475318532082	0
0.396734569314107	-2.15457389181353	0.93690394445716
2.43839169909209	-1.57778286411841	-0.973525597009232
0.573739223315785	-3.40581368734264	-1.38857099259937
-0.564583810177768	-3.62554360265507	-3.01823453116655
-0.149538414587625	-1.70901045243	-2.21560997940032
0.225833524071107	-1.37636377508202	-0.0946059357595178
0.466926070038911	-0.946059357595178	-1.22987716487373
1.22072175173571	0.152590218966964	-0.122072175173571
0.842298008697642	-1.14442664225223	-2.2064545662623
1.84634164950027	-0.21362630655375	-0.952162966353857
3.37224383916991	-0.573739223315785	-1.61745632104982
2.70084687571527	0.656137941557946	-3.41496910048066
2.71305409323262	0.189211871519036	0.0305180437933928
4.09246967269398	0.845349813076982	0.762951094834821
3.2318608377203	1.49233234149691	0.732433051041428
2.95414663920043	1.16578927290761	1.64797436484321
5.8960860608835	2.67948424505989	2.26443884946975
6.21347371633478	2.33768215457389	1.47402151522087
6.14023041123064	2.54520485236896	-1.36110475318532
6.96116578927291	2.10574502174411	0.00915541313801785
6.47287708857862	1.41603723201343	1.50759136339361
8.01403830014496	2.02029449912261	0.341802090486
6.11581597619593	-0.671396963454643	0.857557030594339
5.45052262149996	-0.183108262760357	-0.506599526970321
3.89410238803693	-0.875867856870375	-0.103761348897536
2.98161287861448	-2.28885328450446	-0.0305180437933928
3.27153429465171	-0.778210116731518	-0.796520943007553
2.23392080567636	-1.06813153276875	0.9399557488365
4.22674906538491	-0.857557030594339	-2.28274967574578
5.03852903028916	-0.415045395590143	1.00404364080262
3.07316700999466	-1.86160067139696	-0.674448767833982
4.03753719386587	-1.12306401159686	-1.16273746852827
2.84428168154421	-1.52895399404898	-0.714122224765393
2.05691615167468	-1.30312046997787	-4.66620889600977
1.36415655756466	-3.21660181582361	-7.21141374837873
0.357061112382696	-5.72213321126116	-8.22766460669871
1.12001220721752	-6.91844052796216	-6.89707789730678
1.83413443198291	-5.8808270389868	-7.36095216296635
3.43938353551537	-5.28877698939498	-5.57564660105287
1.51674677653162	-3.85748073548486	-3.25017166399634
0.604257267109178	-1.61135271229114	-4.1718165865568
-0.430304417486839	-1.80361638818952	-3.03654535744259
-0.9399557488365	-2.90226596475166	-2.5787747005417
-1.00709544518196	-2.75883115892271	-2.43533989471275
0.689707789730678	-2.72831311512932	-2.66117341878386
0.997940032043946	-2.65506981002518	-2.28274967574578
2.83207446402686	-0.662241550316625	2.49942778667887
3.27458609903105	1.54421301594568	4.02838178072786
2.89921416037232	1.9653620202945	3.43633173113603
2.74052033264668	1.89822232394903	4.73029678797589
3.54619668879225	0.790417334248875	1.50148775463493
2.16372930495155	0.253299763485161	1.1261158159762
2.91752498664836	-0.476081483176928	-3.28068970778973
5.59395742732891	-0.280766002899214	-2.04165712977798
5.25520714122225	-0.97962920576791	-2.15762569619287
5.56343938353552	-0.662241550316625	-3.51567864499886
7.30601968413825	2.42008087281605	-0.341802090486
5.6092164492256	0.381475547417411	-2.26749065384909
4.32440680552377	0.836194399938964	-4.48310063324941
4.52582589456016	2.38345922026398	-2.95719844357977
3.588921950103	1.33974212252995	-5.27046616311894
4.33966582742046	1.77615014877546	-2.39871824216068
2.16983291371023	0.479133287556268	-4.29083695735103
1.879911497673	0	-1.65407797360189
2.91752498664836	0.0732433051041428	-1.30006866559854
1.51674677653162	-0.506599526970321	-2.83207446402686
2.02029449912261	0.732433051041428	-0.677500572213321
2.27969787136645	-0.424200808728161	1.57167925535973
3.73540856031128	2.392614633402	1.72732127870604
3.4027618829633	1.32143129625391	-0.408941786831464
2.50858319981689	-0.344853894865339	2.41092545967803
2.31631952391852	-0.762951094834821	0.167849240863661
2.00503547722591	-1.23292896925307	-0.708018616006714
0.802624551766232	-1.35500114442664	-1.53200579842832
0.115968566414893	-3.38445105668727	-1.6083009079118
0.582894636453803	-3.87579156176089	-5.10261692225528
2.60624093995575	-3.25932707713436	-4.60212100404364
1.367208361944	-3.13420309758144	-4.62958724345769
3.57061112382696	-1.25429159990845	-4.66315709163043
3.32646677347982	-0.558480201419089	-2.6642252231632
0.198367284657053	-2.14236667429618	-4.97749294270237
-1.22072175173571	-1.64797436484321	-4.53192950331884
-1.58999008163577	-3.16777294575418	-3.14946211947814
-1.58388647287709	-3.41191729610132	-7.12291142137789
-1.05897611963073	-4.13214312962539	-6.6346227206836
0.164797436484321	-4.70588235294118	-8.9417868314641
-0.460822461280232	-4.30914778362707	-9.26527809567407
1.0101472495613	-4.52277409018082	-8.4596017395285
0.906385900663767	-3.95819028000305	-8.66407263294423
-1.538109407187	-3.21965362020295	-5.67330434119173
0.274662394140536	-2.58487830930037	-4.84321355001144
0.0946059357595178	-1.13527122911421	-2.76493476768139
0.210574502174411	-0.512703135729	-2.29800869764248
2.51163500419623	-0.378423743038071	-0.268558785381857
3.07316700999466	1.43434805828946	0.302128633554589
2.44449530785077	1.20851453421836	-2.3071641107805
2.53910124361028	1.15358205539025	-0.338750286106661
2.01419089036393	0.802624551766232	-1.81887541008621
-0.152590218966964	2.18204013122759	-2.62760357061112
-0.408941786831464	0.482185091935607	-3.11284046692607
0.369268329900053	0.323491264209964	-3.69878690775921
2.05691615167468	2.3071641107805	-2.45670252536812
2.31937132829786	2.43228809033341	-3.74151216906996
2.67032883192187	3.076218814374	-3.20744640268559
2.43228809033341	2.96025024795911	-3.11589227130541
0.976577401388571	1.56862745098039	-4.52277409018082
-0.918593118181125	0.247196154726482	-3.50957503624018
-1.57167925535973	-0.878919661249714	-5.03242542153048
-0.0305180437933928	-1.84023804074159	-3.65606164644846
-1.97451743343252	-2.81376363775082	-3.62249179827573
1.10780498970016	-2.6489662012665	-3.47295338368811
2.16678110933089	-1.94705119401846	-2.55130846112764
0.775158312352178	-1.44960708018616	-1.51064316777295
1.72121766994736	-0.708018616006714	-2.7191577019913
2.48722056916152	0.827038986800946	-1.30006866559854
4.09857328145266	-0.119020370794232	0.0366216525520714
3.90630960555428	-0.711070420386053	2.0355535210193
2.74662394140536	-2.01724269474327	2.32852674143587
4.17486839093614	0.50965133134966	0.708018616006714
1.66628519111925	-1.54726482032502	1.81582360570687
-0.228885328450446	-3.19218738078889	-4.44647898069734
0.442511635004196	-1.94399938963912	-2.23086900129702
-1.23598077363241	-3.64995803768978	-7.20836194399939
0.0396734569314107	-1.83413443198291	-5.74959945067521
-0.341802090486	-2.78629739833677	-5.75875486381323
-0.473029678797589	-3.13115129320211	-8.2734416723888
-2.10574502174411	-3.92156862745098	-6.02121004043641
-2.35599298084993	-5.5390249485008	-6.29587243457694
0.704966811627375	-3.5034714274815	-5.22468909742885
0.177004654001679	-3.64995803768978	-6.06393530174716
1.37941557946136	-1.5533684290837	-5.04463263904784
1.58999008163577	-0.0701915007248035	-4.00396734569314
3.73540856031128	0.80872816052491	-2.42008087281605
3.59502555886168	2.69169146257725	-2.8046082246128
5.79232471198596	2.45670252536812	-0.439459830624857
7.89806973373007	5.16365300984207	0.177004654001679
8.23376821545739	4.03753719386587	0.93690394445716
8.04455634393835	4.81574731059739	1.72121766994736
8.5999847409781	6.26840619516289	4.1870756084535
8.17578393224994	4.80964370183871	2.56656748302434
8.0170901045243	4.93781948577096	2.00503547722591
8.3436331731136	4.88288700694286	2.34073395895323
6.69871061264973	2.75577935454337	0.717174029144732
5.45967803463798	2.905317769131	-0.0762951094834821
3.96124208438239	2.15762569619287	-2.33463035019455
2.15457389181353	0.372320134279393	-4.53498130769818
1.40077821011673	-2.49942778667887	-7.14122224765393
-1.04982070649271	-5.00801098649577	-5.78316929884794
-3.28374151216907	-5.82284275577935	-8.36499580376898
-3.55535210193027	-5.50240329594873	-6.28366521705959
-3.08232242313268	-6.62241550316625	-8.203250171664
-3.09758144502937	-5.3681239032578	-7.12596322575723
-3.00907911802853	-5.20943007553216	-11.1757076371405
-1.87380788891432	-4.40985732814527	-8.08117799649042
-1.3519493400473	-3.98260471503777	-8.49927519645991
1.0955977721828	-2.15457389181353	-6.41794460975052
0.454718852521553	-0.161745632104982	-4.27557793545434
2.49027237354086	0.750743877317464	-3.56450751506828
4.76691844052796	4.46784161135271	-1.52895399404898
3.64995803768978	4.65094987411307	-3.12809948882277
3.95208667124437	6.87876707103075	0.329594872968643
3.70794232089723	5.85030899519341	-0.55542839703975
6.43320363164721	6.96726939803159	-1.46486610208286
6.3080796520943	7.36705577172503	-1.50148775463493
6.45151445792325	5.38948653391318	-1.22987716487373
4.40680552376593	5.27656977187762	-2.49637598229953
3.95208667124437	2.33157854581521	-4.15655756466011
1.40993362325475	0.0732433051041428	-6.19821469443809
-0.0549324788281071	-0.479133287556268	-6.32028686961166
-2.07827878233005	-2.15762569619287	-7.19005111772335
-0.512703135729	-2.45975432974746	-9.69558251316091
-1.05287251087205	-2.7496757457847	-5.32845044632639
-0.424200808728161	-2.50247959105821	-7.52269779507134
-2.31326771953918	-1.33669031815061	-4.51972228580148
-2.38040741588464	-2.74662394140536	-4.13824673838407
-0.491340505073625	-2.20035095750362	-4.76386663614862
-0.72327763790341	-2.25223163195239	-3.32646677347982
-1.21461814297704	-3.46379797055009	-4.89814602883955
-1.22987716487373	-4.63569085221637	-2.69779507133593
-0.192263675898375	-3.19218738078889	-1.73647669184405
3.77813382162203	-0.576791027695125	1.83108262760357
3.97650110627909	-0.445563439383536	-0.21362630655375
7.1625848783093	3.08232242313268	2.46585793850614
7.4341954680705	3.99176012817578	3.43938353551537
8.16968032349126	4.34576943617914	1.03761348897536
6.665140764477	1.32448310063325	1.08033875028611
3.39665827420462	-0.198367284657053	-1.67849240863661
2.38345922026398	-2.45975432974746	-0.323491264209964
0.964370183871214	-3.59502555886168	-2.75272755016403
-0.607309071488518	-4.46173800259403	-3.01823453116655
-1.89211871519036	-5.83810177767605	-3.28984512092775
-2.80766002899214	-6.72922865644312	-5.67940794995041
-1.92263675898375	-7.72106507972839	-7.78820477607385
-2.68558785381857	-7.6752880140383	-6.54612039368276
-4.71198596169986	-8.46875715266651	-8.49927519645991
-3.92156862745098	-7.74853131914244	-7.66308079652094
-4.9408712901503	-5.99069199664302	-4.75165941863127
-4.49530785076677	-4.82795452811475	-7.44640268558785
-3.52483405813687	-2.99687190051118	-3.14030670634012
-0.521858548867018	-0.323491264209964	-3.61028458075837
1.0406652933547	0.402838178072786	-2.83817807278553
2.42618448157473	1.28786144808118	-3.70489051651789
3.76592660410468	1.72121766994736	-4.27862973983368
4.65094987411307	2.73136491950866	-2.6489662012665
5.23384451056687	2.01113908598459	-4.88593881132219
7.35484855420767	5.47798886091402	-1.27870603494316
6.95201037613489	4.91645685511559	0.521858548867018
8.04455634393835	5.85946440833143	0.610360875867857
8.16662851911192	6.23483634699016	3.32646677347982
7.02220187685969	4.46173800259403	1.59609369039445
9.0272373540856	4.71808957045853	2.53604943923095
7.16563668268864	2.87479972533761	0.653086137178607
6.88181887541009	2.75272755016403	-2.4933241779202
5.77401388570993	2.81681544213016	-2.221713588159
4.04669260700389	0.064087891966125	-7.82482642862592
1.25123979552911	-1.49538414587625	-6.88792248416877
2.27664606698711	-1.8646524757763	-5.85336079957275
2.09658960860609	-1.77004654001678	-8.79835202563516
0.497444113832303	-2.92973220416571	-7.2327763790341
0.0457770656900893	-3.19218738078889	-9.23781185626001
-1.49843595025559	-3.08842603189136	-8.17883573662928
-2.05386434729534	-3.40581368734264	-8.09033340962844
-2.04470893415732	-2.75577935454337	-9.40871290150301
-5.49324788281071	-4.10467689021134	-10.0526436255436
-4.64179446097505	-4.24811169604028	-8.05981536583505
-2.79545281147478	-3.51567864499886	-5.48104066529335
-3.87579156176089	-2.41702906843671	-5.31319142442969
-2.5482566567483	-1.42519264515145	-3.34172579537652
-2.4933241779202	-0.451667048142214	-3.98565651941711
-4.55024032959487	0.494392309452964	-4.91035324635691
-3.94598306248569	-0.354009308003357	-4.01312275883116
-3.01518272678721	0.906385900663767	-6.21652552071412
-1.84328984512093	1.48622873273823	-1.85854886701762
-2.31631952391852	2.4628061341268	-0.326543068589303
-1.39467460135805	1.92263675898375	-0.833142595559625
-2.42923628595407	1.60219729915312	0.341802090486
-1.87685969329366	0.622568093385214	0.604257267109178
-0.198367284657053	1.34279392690929	2.74052033264668
-1.43129625391012	-1.69069962615396	0.805676356145571
-0.619516289005875	-1.44960708018616	1.08033875028611
-2.80766002899214	-2.29800869764248	1.51674677653162
-3.03654535744259	-5.22774090180819	-2.72526131074998
-5.65499351491569	-5.6946669718471	-5.0965133134966
-7.00083924620432	-6.65903715571832	-5.44136720836194
-5.16670481422141	-5.21858548867018	-4.62348363469902
-7.177843900206	-5.9510185397116	-5.15144579232471
-6.40573739223316	-6.82688639658198	-5.06294346532387
-5.96932936598764	-6.33859769588769	-7.57763027389944
-7.30601968413825	-8.49011978332189	-9.39345387960632
-6.61631189440757	-7.26939803158618	-10.5043106736858
-6.48203250171664	-7.96520943007553	-11.3160906385901
-5.81673914702068	-8.31006332494087	-12.9579613946746
-4.60822461280232	-8.50843060959792	-12.494087129015
-6.13107499809262	-10.6691081101701	-13.9101243610285
-3.27153429465171	-8.06591897459373	-14.383154039826
-2.29495689326314	-8.88380254825666	-13.9528496223392
-2.1362630655375	-6.27450980392157	-13.7483787289235
-3.06706340123598	-4.37323567559319	-10.6630045014115
-2.48416876478218	-4.8401617456321	-10.9773403524834
-1.99282825970855	-2.43839169909209	-12.637521934844
-2.91142137788968	-1.16273746852827	-7.22056916151675
-3.10978866254673	-3.51262684061952	-9.66506446936751
-1.05287251087205	-0.814831769283589	-8.85328450446326
-1.86160067139696	0.125123979552911	-5.97848477912566
-1.56252384222171	1.49843595025559	-5.15754940108339
-2.79850461585412	1.67238879987793	-3.54619668879225
-3.98260471503777	0.463874265659571	-4.71198596169986
-4.64179446097505	-0.592050049591821	-4.82185091935607
-5.55123216601816	-1.73647669184405	-7.36705577172503
-4.38849469748989	-1.00404364080262	-7.41283283741512
-6.44541084916457	-2.95109483482109	-9.10353246356908
-5.11482413977264	-3.50041962310216	-7.95605401693751
-3.85442893110552	-1.02845807583734	-6.31113145647364
-2.89311055161364	-2.29495689326314	-6.43015182726787
-2.36820019836728	-1.28786144808118	-5.0110627908751
-2.54520485236896	-2.99992370489052	-4.46784161135271
-1.84023804074159	-1.03456168459602	-4.79133287556268
-1.05592431525139	-0.146486610208286	-2.88395513847562
-3.15861753261616	-2.48722056916152	-4.60212100404364
-2.10269321736477	-1.08644235904479	-4.1870756084535
-1.42519264515145	-0.280766002899214	-2.25833524071107
-1.01319905394064	-1.01625085831998	-3.56145571068894
-2.39566643778134	-2.6337071793698	-4.12298771648737
-1.62966353856718	-0.402838178072786	-4.07110704203861
-0.704966811627375	0.167849240863661	-2.54520485236896
-2.67643244068055	-1.51674677653162	-8.78309300373846
-0.695811398489357	-1.025406271458	-6.61326009002823
-0.381475547417411	0.543221179522393	-7.98962386511025
0.021362630655375	0.805676356145571	-8.24597543297475
2.87785152971695	0.967421988250553	-5.80453192950332
3.36919203479057	0.271610589761196	-6.95506218051423
5.95407034409094	2.20950637064164	-5.13923857480736
5.81979095140002	2.55436026550698	-4.93476768139162
5.5390249485008	3.10063324940871	-7.03135728999771
5.65194171053635	5.57259479667353	-2.9755092698558
4.64484626535439	6.59189745937285	-1.67544060425727
5.83504997329671	6.28976882581826	-0.585946440833143
4.26031891355764	5.88998245212482	0.970473792629892
4.38849469748989	5.45052262149996	1.85854886701762
3.15556572823682	4.91645685511559	3.32341496910048
-0.198367284657053	3.54009308003357	2.73746852826734
-1.00404364080262	2.53299763485161	0.112916762035554
-2.56046387426566	0.418097199969482	-1.48928053711757
-3.49126420996414	-0.98268101014725	-4.29083695735103
-4.46784161135271	-1.67544060425727	-4.44647898069734
-6.79331654840925	-4.04669260700389	-7.348744945449
-6.37521934843977	-3.32951857785916	-6.82993820096132
-6.97032120241093	-4.25421530479896	-6.16159304188602
-9.93972686350805	-5.57564660105287	-8.98451209277485
-9.36293583581292	-4.94392309452964	-6.8207827878233
-6.98863202868696	-4.12298771648737	-10.0556954299229
-5.20027466239414	-2.02944991226062	-7.36705577172503
-3.37834744792859	-1.95620660715648	-5.62752727550164
0.494392309452964	-1.06202792401007	-2.70695048447395
0.863660639353018	-0.701915007248035	-3.32036316472114
0.875867856870375	-0.424200808728161	-0.671396963454643
2.47501335164416	0.415045395590143	0.63782711528191
1.96841382467384	0.802624551766232	-2.09353780422675
2.74052033264668	2.40482185091936	-4.05584802014191
3.06401159685664	2.09964141298543	-2.08438239108873
4.86152437628748	2.96330205233845	-1.45571068894484
4.48004882887007	3.759822995346	-0.63782711528191
3.41802090486	2.61539635309377	-0.485236896314946
3.41191729610132	4.09552147707332	-0.561532005798428
3.6743724727245	5.06904707408255	3.28068970778973
3.03654535744259	4.36713206683452	1.56557564660105
2.68253604943923	3.90325780117494	0.485236896314946
0.683604180972	2.60013733119707	0.430304417486839
1.40993362325475	1.55642023346304	-1.64187075608453
-0.558480201419089	0.98268101014725	-1.49233234149691
-3.247119859617	-1.60219729915312	-3.10063324940871
-2.34378576333257	-1.39467460135805	-2.60929274433509
-2.25223163195239	-1.59914549477379	-1.43129625391012
-1.6083009079118	-2.5482566567483	-3.29900053406577
-2.10879682612345	-2.56961928740368	-0.582894636453803
-2.79545281147478	-3.30815594720378	-2.02639810788128
-3.17998016327153	-2.63981078812848	-1.83718623636225
-2.44449530785077	-1.76699473563745	-0.347905699244678
-1.95925841153582	-0.00305180437933928	-3.35088120851453
-1.64492256046387	1.43129625391012	-4.19317921721218
-2.09353780422675	0.122072175173571	-2.41702906843671
-0.2563515678645	2.95719844357977	-0.885023270008392
1.33669031815061	3.95513847562371	2.85038529030289
3.37529564354925	5.34370946822309	0.335698481727321
4.55939574273289	5.56038757915618	4.15655756466011
3.28984512092775	5.11482413977264	1.73952849622339
4.00701915007248	7.08018616006714	1.33669031815061
3.84222171358816	6.32639047837034	1.07423514152743
2.98161287861448	6.43930724040589	-0.192263675898375
3.84222171358816	5.07820248722057	1.94399938963912
3.43327992675669	4.72724498359655	2.60929274433509
5.50850690470741	5.99984740978103	3.59502555886168
3.87884336614023	3.6743724727245	3.94903486686503
2.45670252536812	2.37125200274662	1.65102616922255
4.3427176317998	4.84626535439078	1.58693827725643
4.53803311207752	3.28679331654841	-0.131227588311589
5.90524147402152	3.54314488441291	-0.842298008697642
6.31723506523232	3.30205233844511	-1.1108567940795
6.1219195849546	3.47295338368811	-3.13725490196078
4.61127641718166	4.05889982452125	-2.16067750057221
3.70794232089723	3.28984512092775	-0.695811398489357
4.14740215152209	4.44953078507668	-0.866712443732357
3.68963149462119	4.67231250476844	1.58388647287709
3.65300984206912	3.21660181582361	1.72732127870604
1.86770428015564	2.4628061341268	1.86160067139696
0.738536659800107	1.12916762035554	2.72220950637064
2.08133058670939	2.57267109178302	3.4027618829633
0.311284046692607	1.46486610208286	2.32852674143587
0.613412680247196	3.32036316472114	1.62966353856718
1.54421301594568	4.55024032959487	3.84222171358816
1.12001220721752	4.80659189745937	2.06912336919203
0.891126878767071	4.44953078507668	2.17288471808957
0.436408026245518	2.36514839398795	2.27969787136645
2.00808728160525	5.20332646677348	2.79850461585412
2.16678110933089	4.30609597924773	4.90424963759823
-0.180056458381018	3.0609597924773	1.04371709773404
1.74868390936141	5.32234683756771	2.11490043488212
0.259403372243839	4.22674906538491	2.43839169909209
-0.305180437933928	1.96841382467384	1.0101472495613
-1.025406271458	2.53299763485161	-1.63576714732586
-1.60524910353246	2.33463035019455	1.71206225680934
0.155642023346304	2.30106050202182	-2.10269321736477
2.08743419546807	3.84222171358816	-0.131227588311589
1.94705119401846	3.36308842603189	-2.64286259250782
3.10673685816739	4.31219958800641	-2.60318913557641
6.17074845502403	5.58480201419089	-0.918593118181125
6.13412680247196	4.76081483176928	-0.708018616006714
5.81673914702068	4.12298771648737	-1.00099183642329
4.19012741283284	0.875867856870375	-3.21355001144427
2.14236667429618	-0.857557030594339	-2.66117341878386
-0.186160067139696	-2.55436026550698	-3.03349355306325
0.0274662394140536	-0.643930724040589	-3.05485618371862
1.10170138094148	-0.222781719691768	-3.11894407568475
1.37331197070268	1.89211871519036	-1.89211871519036
3.36003662165255	5.46578164339666	1.18410009918364
3.1464103150988	5.19111924925612	1.36110475318532
4.01922636758984	5.72823682001984	1.34279392690929
5.16365300984207	5.99679560540169	3.47905699244678
2.7191577019913	4.35187304493782	1.86160067139696
1.70595864805066	3.65606164644846	0.833142595559625
0.775158312352178	3.71709773403525	1.71206225680934
1.94399938963912	8.14221408407721	0.625619897764553
1.49538414587625	6.30502784771496	0.537117570763714
2.24307621881437	5.97238117036698	-1.45876249332418
3.65606164644846	7.40672922865644	1.65407797360189
4.29388876173037	5.47188525215534	-0.573739223315785
5.08735790035859	5.72213321126116	-0.576791027695125
5.55123216601816	5.64888990615702	-0.875867856870375
4.8401617456321	5.97848477912566	-3.54009308003357
2.72220950637064	4.76081483176928	-3.52788586251621
1.55031662470436	2.40177004654002	-6.26535439078355
1.11390859845884	2.734416723888	-4.5136186770428
1.51674677653162	3.18913557640955	-3.46990157930877
2.10574502174411	3.39665827420462	-3.54619668879225
1.61745632104982	3.72930495155261	-0.872816052491035
2.87174792095827	4.29694056610971	-1.93179217212177
3.59502555886168	6.07309071488518	-0.411993591210803
3.51567864499886	6.19516289005875	0.946059357595178
2.61234454871443	6.05477988860914	0.280766002899214
1.87075608453498	5.21553368429084	0.656137941557946
1.57473105973907	5.85946440833143	0.228885328450446
2.34683756771191	5.03547722590982	0.350957503624018
2.39871824216068	4.78217746242466	-1.03150988021668
4.11993591210803	6.26230258640421	-1.27260242618448
4.40985732814527	5.85030899519341	-0.991836423285267
3.94903486686503	4.02227817196918	-0.704966811627375
2.88395513847562	3.67742427710384	0.164797436484321
0.491340505073625	0.839246204318303	-0.701915007248035
0.549324788281071	1.40993362325475	-1.65407797360189
-1.81887541008621	0.12817578393225	0.790417334248875
-2.91447318226902	-0.677500572213321	-3.38750286106661
-3.12504768444343	0.155642023346304	-1.33363851377127
-3.66521705958648	0.341802090486	-0.164797436484321
-1.41298542763409	0.762951094834821	-3.29289692530709
0.50965133134966	0.704966811627375	-1.367208361944
0.89723048752575	0.122072175173571	-3.43633173113603
-0.930800335698482	-2.42923628595407	-5.95407034409094
-0.692759594110018	-1.77615014877546	-7.66613260090028
-1.81887541008621	-1.01930266269932	-4.62958724345769
-3.64690623331044	-1.25123979552911	-5.47798886091402
-0.857557030594339	-0.714122224765393	-5.91744869153887
0.103761348897536	0.802624551766232	-2.44754711223011
-1.57167925535973	-1.21766994735637	-2.24612802319371
1.08033875028611	-1.73037308308537	-2.905317769131
0.619516289005875	-1.54116121156634	-1.45876249332418
-0.363164721141375	-0.772106507972839	-1.92874036774243
-0.466926070038911	1.47096971084154	-1.37331197070268
-2.1362630655375	-0.283817807278553	-2.16372930495155
-2.3224231326772	1.68154421301595	-2.95414663920043
-1.15968566414893	1.34279392690929	-3.14335851071946
-0.631723506523232	-0.350957503624018	-3.59807736324102
-1.15968566414893	-1.39162279697871	-3.33867399099718
-0.115968566414893	-0.100709544518196	-4.43427176317998
-1.00404364080262	1.12306401159686	-4.14740215152209
-2.47196154726482	1.07118333714809	-2.92057679102769
-3.15861753261616	0.674448767833982	-5.33455405508507
-2.52994583047227	1.42519264515145	-3.69573510337987
-2.92057679102769	1.33974212252995	-4.2572671091783
-1.68154421301595	1.65407797360189	-4.91340505073625
-1.94705119401846	1.12916762035554	-2.40177004654002
-0.402838178072786	1.4526588845655	-3.59807736324102
-0.967421988250553	2.92362859540703	-3.43633173113603
-0.479133287556268	3.70489051651789	-5.25215533684291
2.58793011367971	7.10154879072251	-1.59609369039445
1.28786144808118	5.06294346532387	-3.81170366979477
2.97856107423514	5.43221179522393	-4.14740215152209
1.92263675898375	3.62554360265507	-1.17799649042496
1.74868390936141	2.80155642023346	-1.32143129625391
1.58693827725643	2.95109483482109	-1.64797436484321
0.0488288700694285	0.457770656900893	-3.99786373693446
0.0854505226215	1.92568856336309	-3.76592660410468
0.253299763485161	3.1464103150988	-1.86770428015564
-0.558480201419089	1.09864957656214	-5.40779736018921
-0.210574502174411	3.40886549172198	-1.98367284657053
0.836194399938964	3.15556572823682	-3.59197375448234
1.61135271229114	3.05485618371862	-2.82291905088884
1.68764782177462	1.25123979552911	-1.56252384222171
3.17387655451286	1.34584573128862	-3.70489051651789
4.06500343327993	1.97146562905318	-2.59708552681773
0.799572747386893	1.53200579842832	-4.07110704203861
0.869764248111696	1.48622873273823	-6.66819256885634
-1.07118333714809	1.04676890211337	-5.39559014267186
-2.5482566567483	-0.0183108262760357	-5.41695277332723
-1.63271534294652	1.18410009918364	-3.10368505378805
-2.71305409323262	-1.08644235904479	-6.74753948271916
0.418097199969482	2.5482566567483	-2.44144350347143
0.286869611657893	1.42824444953079	-4.8554207675288
0.0671396963454643	0.0244144350347143	-6.45761806668193
-0.604257267109178	0.689707789730678	-4.21759365224689
-2.56046387426566	-0.512703135729	-6.35690852216373
-1.32753490501259	-0.381475547417411	-5.14229037918669
-1.33363851377127	-0.714122224765393	-4.24200808728161
0.98268101014725	-0.225833524071107	-4.3579766536965
2.17288471808957	2.74357213702602	-2.61234454871443
1.33363851377127	2.99382009613184	-0.549324788281071
0.875867856870375	4.57465476462959	-0.576791027695125
0.454718852521553	4.55634393835355	-0.228885328450446
-0.372320134279393	4.70588235294118	1.12001220721752
-0.738536659800107	4.38849469748989	1.4373998626688
-1.87380788891432	3.00297550926986	0.885023270008392
-0.790417334248875	4.08331425955596	1.85854886701762
-0.320439459830625	4.06195162890059	2.48416876478218
0.244144350347143	4.40070191500725	1.08644235904479
0.00915541313801785	5.81673914702068	0.72327763790341
-1.12001220721752	5.34676127260243	0.183108262760357
-1.03150988021668	6.18905928130007	-1.12306401159686
-2.11795223926146	4.44647898069734	-1.7242694743267
-0.439459830624857	3.92767223620966	-1.36415655756466
-1.68459601739528	4.22369726100557	-0.158693827725643
-0.317387655451286	4.24505989166094	-0.814831769283589
2.2064545662623	4.72419317921721	-1.10170138094148
2.61844815747311	3.96734569314107	-0.448615243762875
2.81681544213016	5.92050049591821	-1.10780498970016
2.3071641107805	5.42610818646525	-1.53200579842832
3.52178225375753	5.47493705653468	0.286869611657893
2.82597085526818	6.86961165789273	1.12001220721752
3.42107270923934	7.51354238193332	2.05691615167468
4.91645685511559	7.73022049286641	1.42214084077211
4.55634393835355	8.68848706797894	4.25421530479896
5.21858548867018	9.06080720225834	2.44754711223011
3.21965362020295	7.59288929579614	2.22476539253834
2.50553139543755	7.42504005493248	5.1117723353933
3.75677119096666	5.7099259937438	3.05180437933928
3.14030670634012	3.94293125810636	3.28068970778973
3.22575722896162	3.84222171358816	1.16273746852827
3.38445105668727	3.6743724727245	1.30006866559854
1.62661173418784	4.80659189745937	2.02334630350195
1.22377355611505	4.64179446097505	0.540169375143053
0.503547722590982	5.64278629739834	-1.32448310063325
1.07118333714809	5.57564660105287	-0.177004654001679
0.537117570763714	4.29083695735103	-0.241092545967803
0.753795681696803	3.53093766689555	-1.42824444953079
1.55947203784237	3.37529564354925	0.488288700694285
0.445563439383536	2.89921416037232	2.02334630350195
1.52895399404898	3.66826886396582	0.64087891966125
2.90836957351034	4.30914778362707	3.86358434424353
1.48622873273823	4.77912565804532	2.51468680857557
0.122072175173571	3.55230029755093	2.34683756771191
-1.28480964370184	3.10063324940871	4.08331425955596
0.0518806744487678	3.79034103913939	4.05889982452125
0.717174029144732	4.30304417486839	4.25116350041962
0.927748531319142	4.88593881132219	3.22575722896162
4.26337071793698	7.57152666514076	5.17891203173877
5.0965133134966	8.13000686655985	5.05683985656519
5.83810177767605	8.16662851911192	3.13420309758144
3.39360646982528	5.90829327840085	2.52689402609293
4.96223392080568	4.20538643472953	2.01113908598459
4.79133287556268	5.95407034409094	3.29594872968643
4.14435034714275	5.04463263904784	3.99481193255512
6.58274204623484	7.69359884031434	2.42618448157473
5.43526359960327	7.35484855420767	6.87571526665141
6.04257267109178	7.30296787975891	3.88494697489891
6.18905928130007	6.3935301747158	2.35599298084993
3.89715419241627	3.18608377203021	-0.320439459830625
4.45258258945602	3.17692835889219	-2.35904478522927
2.67643244068055	1.71511406118868	-1.43129625391012
2.74357213702602	2.37430380712596	-1.62661173418784
2.96330205233845	2.01113908598459	-0.543221179522393
2.23392080567636	3.27458609903105	2.31937132829786
3.74151216906996	3.20439459830625	0.59510185397116
3.4027618829633	1.46181429770352	0.421149004348821
4.56244754711223	1.86770428015564	-0.363164721141375
4.25421530479896	2.62455176623178	2.20950637064164
2.16372930495155	-0.225833524071107	-1.10780498970016
2.43533989471275	1.1108567940795	-0.616464484626535
-0.827038986800946	-0.686655985351339	0.900282291905089
-2.70389868009461	-1.51979858091096	-0.875867856870375
-3.86358434424353	-1.44350347142748	-1.2970168612192
-4.23895628290227	-2.45365072098878	0.656137941557946
-1.57778286411841	-1.96231021591516	-2.70389868009461
-0.949111161974517	-2.85648889906157	-3.80865186541543
0.842298008697642	-1.98977645532921	-3.93987945372702
1.4679179064622	-1.28786144808118	-3.85137712672618
-0.473029678797589	-1.48012512397955	-4.99885557335775
0.125123979552911	2.13015945677882	-0.988784618905928
-1.47096971084154	2.62455176623178	0.491340505073625
-2.49637598229953	3.70794232089723	2.63675898374914
0.0305180437933928	5.03547722590982	7.97436484321355
0.814831769283589	3.73235675593194	7.88281071183337
1.13527122911421	4.47699702449073	4.33966582742046
0.100709544518196	2.2369726100557	5.05378805218585
0.674448767833982	1.21461814297704	1.04371709773404
-0.503547722590982	-0.0915541313801785	-1.74563210498207
-3.79034103913939	-1.90127412832837	-0.100709544518196
-5.56038757915618	-3.57976653696498	-3.86663614862287
-6.88487067978943	-4.58075837338827	-2.85343709468223
-5.62752727550164	-5.33150225070573	-0.89417868314641
-5.42000457770657	-5.5542839703975	-0.885023270008392
-5.95712214847028	-6.08529793240253	-1.85549706263828
-4.44037537193866	-3.91241321431296	-1.94705119401846
-6.2226291294728	-5.69161516746777	-1.66323338673991
-8.16968032349126	-8.47180895704585	-4.87678339818418
-5.95407034409094	-3.05485618371862	-2.98771648737316
-6.93369954985885	-4.80048828870069	-3.76287479972534
-3.3478294041352	-2.20340276188296	-2.42313267719539
-2.25528343633173	-1.2817578393225	-1.6235599298085
-0.943007553215839	-1.31837949187457	-1.10780498970016
0.241092545967803	-0.0152590218966964	-2.18814373998627
1.196307316701	-1.31532768749523	-0.100709544518196
3.95513847562371	3.06706340123598	1.87380788891432
