2.56656748302434	-0.964370183871214	-1.25734340428779
1.74563210498207	-0.793469138628214	0.21362630655375
2.90836957351034	-0.878919661249714	-0.0152590218966964
3.63469901579309	-1.06202792401007	0.418097199969482
6.42710002288853	-1.09864957656214	0.292973220416571
6.41489280537118	-1.95925841153582	-3.47905699244678
6.58579385061418	-2.21560997940032	-3.37834744792859
5.16670481422141	-1.27565423056382	-3.44243533989471
4.71503776607919	1.1261158159762	-2.3071641107805
5.16975661860075	3.36919203479057	-0.167849240863661
3.68047608148318	6.60715648126955	0.451667048142214
3.75066758220798	7.861448081178	2.61844815747311
3.24406805523766	8.39246204318303	2.42618448157473
1.69680323491264	9.67421988250553	3.29594872968643
-0.946059357595178	6.665140764477	0.354009308003357
-1.00404364080262	4.16571297779812	-0.607309071488518
-1.14137483787289	2.03250171663996	-0.857557030594339
-0.588998245212482	-0.888075074387732	-0.04272526131075
-1.93484397650111	-1.06507972838941	1.58083466849775
0.0457770656900893	0.137331197070268	1.91042954146639
-0.524910353246357	0.0915541313801785	1.72121766994736
0.198367284657053	1.13527122911421	2.36209658960861
-0.04272526131075	0.909437705043107	1.51674677653162
-0.68055237659266	1.12306401159686	-2.72526131074998
0.848401617456321	2.25528343633173	-2.04165712977798
2.06912336919203	3.17082475013352	-0.607309071488518
2.56961928740368	1.80666819256886	-0.317387655451286
1.90737773708705	1.39772640573739	-1.97451743343252
3.0060273136492	-0.146486610208286	-4.23590447852293
5.13313496604868	-0.518806744487678	-4.66926070038911
4.78217746242466	1.19325551232166	-6.30502784771496
3.27153429465171	4.14740215152209	-5.28877698939498
3.13115129320211	7.15342946517128	-4.95307850766766
2.74662394140536	6.12802319371328	-2.78934920271611
-1.45876249332418	4.30914778362707	0.198367284657053
-1.26344701304646	3.63775082017243	1.61440451667048
-2.1515220874342	1.32143129625391	1.33363851377127
-0.546272983901732	0.830090791180285	2.8046082246128
0.991836423285267	0.0122072175173571	4.38239108873121
0.588998245212482	0.674448767833982	6.03952086671244
3.54314488441291	1.80361638818952	10.0007629510948
2.4628061341268	0.659189745937285	12.0790417334249
1.68154421301595	-0.259403372243839	9.42397192339971
-0.00915541313801785	-0.674448767833982	5.69161516746777
1.12001220721752	0.161745632104982	1.73342488746471
0.64087891966125	1.79140917067216	-2.96635385671778
2.05691615167468	3.20744640268559	-4.55634393835355
5.10872053101396	4.04058899824521	-3.8452735179675
6.42710002288853	5.63668268863966	-4.01312275883116
7.37315938048371	5.39559014267186	-3.76287479972534
8.14831769283589	4.50751506828412	-3.20744640268559
8.45349813076982	5.7251850156405	-4.1870756084535
6.52170595864805	5.0110627908751	-3.076218814374
5.74349584191653	6.46677347981994	-0.881971465629053
5.71297779812314	7.38841840238041	1.12001220721752
4.40680552376593	7.22667277027543	2.2369726100557
1.52590218966964	3.58587014572366	3.33562218661784
-0.683604180972	0.448615243762875	1.46486610208286
-1.9501029983978	-1.28786144808118	2.45975432974746
-2.8046082246128	-1.67544060425727	1.36110475318532
-2.18509193560693	-2.74357213702602	1.73037308308537
-2.3224231326772	-4.1718165865568	2.59708552681773
1.00709544518196	-1.9501029983978	1.62966353856718
2.65812161440452	-1.80361638818952	2.75883115892271
4.47699702449073	-2.27664606698711	2.67032883192187
6.25314717326619	-0.537117570763714	3.3173113603418
6.55527580682078	0.98268101014725	4.40375371938659
6.85740444037537	3.4882124055848	5.75875486381323
7.12291142137789	5.98458838788434	9.25001907377737
4.08941786831464	4.785229266804	9.37209124895094
2.13015945677882	3.22880903334096	5.51461051346609
1.96231021591516	2.49942778667887	4.19623102159152
1.04371709773404	1.31837949187457	1.62661173418784
1.29091325246052	-0.683604180972	-0.720225833524071
2.26138704509041	-0.186160067139696	-1.20241092545968
3.06706340123598	-0.799572747386893	0.195315480277714
6.68039978637369	0.143434805828946	2.77409018081941
8.42298008697643	-1.0406652933547	3.03044174868391
8.27649347676814	-2.86564431219959	3.77203021286336
5.72823682001984	-3.09758144502937	3.88189517051957
0.177004654001679	-4.37628747997253	1.66018158236057
-3.24101625085832	-3.56755931944762	1.54421301594568
-9.96414129854276	-5.88998245212482	-1.4679179064622
-13.5622186617838	-7.52574959945068	-3.34172579537652
-7.40062561989776	-5.75265125505455	0.85145342183566
-2.40482185091936	-4.85847257190814	2.49637598229953
2.72526131074998	-2.16983291371023	4.33966582742046
7.18089570458534	0.55542839703975	7.2327763790341
10.1350423437858	3.32341496910048	7.97131303883421
9.30495155260548	5.22163729304952	7.65697718776226
5.37727931639582	4.91950865949493	4.37018387121385
4.97444113832303	2.32852674143587	4.8706797894255
4.13214312962539	-1.44960708018616	3.53093766689555
3.17692835889219	-4.31219958800641	1.88296330205234
2.01113908598459	-5.59090562294957	-0.0823987182421607
2.75272755016403	-6.94285496299687	0.927748531319142
3.0060273136492	-5.91134508278019	0.643930724040589
3.02738994430457	-2.14236667429618	1.5533684290837
3.61333638513771	0.103761348897536	4.01007095445182
5.85336079957275	1.60219729915312	4.63874265659571
7.26939803158618	2.86564431219959	4.13214312962539
9.40566109712367	2.76798657206073	4.34882124055848
10.7270923933776	5.02937361715114	6.35080491340505
8.4290836957351	6.50949874113069	4.30609597924773
7.4189364461738	8.10864423590448	5.26131074998093
4.60212100404364	6.63767452506294	6.25009536888685
2.48111696040284	4.61127641718166	8.45349813076982
2.36820019836728	2.65812161440452	10.0373846036469
2.05996795605402	0.653086137178607	10.0099183642329
1.18410009918364	-2.07217517357137	9.44228274967575
2.38956282902266	-1.71511406118868	6.76890211337453
-3.68657969024186	-1.65407797360189	3.63775082017243
-9.26222629129473	0.247196154726482	0.100709544518196
8.56031128404669	4.28473334859236	2.32852674143587
3.64080262455177	3.23796444647898	2.52079041733425
9.40260929274434	2.76493476768139	3.85748073548486
3.4882124055848	0.714122224765393	5.3528648813611
-9.43617914091707	-2.563515678645	4.55024032959487
-7.0771343556878	-4.08026245517662	5.74654764629587
-1.38857099259937	-3.66521705958648	4.61738002594034
-6.0517280842298	-1.9653620202945	3.94598306248569
5.57869840543221	2.56961928740368	5.67940794995041
9.08522163729305	2.78629739833677	4.18097199969482
3.247119859617	2.20950637064164	3.97955291065843
1.03761348897536	-0.704966811627375	3.54619668879225
3.77508201724269	-3.20439459830625	1.83413443198291
8.00793469138628	-3.02128633554589	2.34988937209125
9.21644922560464	-1.87380788891432	0.9399557488365
6.68650339513237	-1.48012512397955	1.87075608453498
2.31631952391852	0.457770656900893	3.69268329900053
-0.326543068589303	2.97856107423514	3.95513847562371
0.357061112382696	3.09452964065003	5.5390249485008
0.408941786831464	1.31227588311589	6.93980315861753
0.00915541313801785	-0.04272526131075	7.24498359655146
0.064087891966125	-0.375371938658732	8.04455634393835
0.833142595559625	1.7792019531548	8.52674143587396
3.60723277637903	3.67742427710384	6.6498817425803
3.87273975738155	2.80766002899214	3.3173113603418
4.06805523765927	3.50957503624018	2.75577935454337
5.99679560540169	2.43839169909209	2.15762569619287
7.28465705348287	2.16678110933089	3.93682764934768
4.30304417486839	1.90432593270771	3.55230029755093
4.91340505073625	1.3519493400473	5.01716639963378
1.32448310063325	1.58083466849775	3.57061112382696
-1.43129625391012	0.436408026245518	1.54421301594568
-2.65201800564584	-1.59304188601511	-2.38956282902266
-1.87685969329366	-2.85343709468223	-2.20035095750362
0.0732433051041428	-0.869764248111696	-0.131227588311589
1.1810482948043	-0.448615243762875	1.7242694743267
2.17288471808957	0.0152590218966964	4.26031891355764
4.16876478217746	0.454718852521553	6.38437476157778
4.8554207675288	1.03150988021668	7.8461890592813
3.63469901579309	2.03250171663996	7.95605401693751
6.51865415426871	2.95109483482109	8.0170901045243
5.16975661860075	3.46684977492943	8.13611047531853
6.40573739223316	4.41901274128328	7.20836194399939
7.62340733958953	4.83100633249409	6.26840619516289
5.33455405508507	4.37933928435187	3.28679331654841
2.32852674143587	4.91340505073625	2.98466468299382
2.60318913557641	4.443427176318	2.86564431219959
-0.671396963454643	1.82497901884489	2.94499122606241
-1.11390859845884	-0.0610360875867857	2.30106050202182
0.573739223315785	-0.0579842832074464	2.94499122606241
2.78324559395743	0.439459830624857	2.82291905088884
3.88189517051957	-0.585946440833143	2.36514839398795
5.66414892805371	-1.18715190356298	3.29594872968643
4.97749294270237	-1.16578927290761	0.131227588311589
4.00396734569314	-1.08339055466545	-1.03456168459602
2.18204013122759	-3.85748073548486	-3.40581368734264
2.28580148012512	-1.98367284657053	-3.45769436179141
0.634775310902571	-2.06301976043336	-2.00503547722591
-1.62661173418784	-2.31631952391852	-0.317387655451286
-2.3224231326772	-1.4679179064622	3.60112916762036
-5.60616464484626	-1.59304188601511	2.63675898374914
-5.78927290760662	-0.0274662394140536	5.29488059815366
-2.93888761730373	-0.341802090486	8.56031128404669
-2.94499122606241	-0.411993591210803	7.30601968413825
-1.43129625391012	-1.95925841153582	4.59601739528496
1.83108262760357	-0.567635614557107	4.02227817196918
3.03349355306325	-2.30106050202182	-0.00305180437933928
4.94392309452964	0.692759594110018	-0.610360875867857
7.06797894254978	2.34378576333257	0.683604180972
9.50942244602121	4.81879911497673	4.24811169604028
6.65903715571832	5.72823682001984	6.32639047837034
5.2826733806363	5.94796673533227	8.26428625925078
1.88906691081102	6.44235904478523	6.90012970168612
-3.11894407568475	1.67849240863661	4.53498130769818
-5.89913786526284	-3.20439459830625	0.9399557488365
-5.75875486381323	-7.28160524910353	-1.22377355611505
-5.2674143587396	-8.25207904173343	-3.43938353551537
-4.13824673838407	-7.75768673228046	-5.01411459525444
0.286869611657893	-4.52277409018082	-4.785229266804
4.45563439383536	-0.399786373693446	-1.91653315022507
5.37422751201648	2.12405584802014	-1.66628519111925
6.0669871061265	3.93987945372702	0.756847486076142
4.14129854276341	2.63981078812848	1.90432593270771
3.42717631799802	2.48416876478218	5.52071412222477
-1.73037308308537	-1.08339055466545	8.37109941252766
-1.54726482032502	-4.75471122301061	8.92042420080873
-4.70283054856184	-7.05577172503243	6.08224612802319
-7.53795681696803	-7.22972457465476	2.8900587472343
-8.22156099794003	-6.17990386816205	0.653086137178607
-8.37720302128634	-4.40070191500725	-2.30106050202182
-8.40466926070039	-1.9653620202945	-4.8554207675288
-4.52277409018082	-0.714122224765393	-4.46478980697337
-1.99588006408789	-0.543221179522393	-5.60616464484626
0.277714198519875	0.167849240863661	-4.46478980697337
1.43434805828946	1.36415655756466	-4.68146791790646
0.405889982452125	0.180056458381018	-3.57976653696498
0.750743877317464	-1.89822232394903	-3.97344930189975
-0.698863202868696	-3.80865186541543	-5.42610818646525
-3.63775082017243	-2.75883115892271	-5.8655680170901
-2.92362859540703	1.67238879987793	-4.64484626535439
-4.36713206683452	2.68863965819791	-4.62348363469902
-5.55733577477684	5.17586022735943	-1.50453955901427
-6.21347371633478	6.30197604333562	0.363164721141375
-7.04356450751507	3.97344930189975	0.708018616006714
-5.98764019226368	0.601205462729839	-2.24612802319371
-2.82291905088884	0.439459830624857	-2.38651102464332
-0.875867856870375	1.4526588845655	-1.33669031815061
2.23392080567636	1.39162279697871	0.787365529869535
2.95719844357977	0.63782711528191	2.90226596475166
2.34073395895323	0.613412680247196	3.78728923476005
1.42824444953079	-0.775158312352178	2.22476539253834
-1.09864957656214	-2.01724269474327	0.106813153276875
-2.47196154726482	-0.305180437933928	-0.949111161974517
-3.55535210193027	1.7242694743267	-1.33058670939193
-4.99885557335775	2.59098191805905	-0.170901045243
-4.17486839093614	4.15350576028077	2.25833524071107
-3.52483405813687	6.27756160830091	4.36102845807584
-2.77103837644007	6.27145799954223	5.14229037918669
-1.41603723201343	5.56954299229419	5.03852903028916
-0.848401617456321	2.00503547722591	4.65705348287175
-2.04165712977798	-0.228885328450446	1.37636377508202
-0.839246204318303	-0.488288700694285	1.45876249332418
-0.189211871519036	-0.479133287556268	1.48928053711757
-0.588998245212482	0.976577401388571	1.75173571374075
-0.549324788281071	3.02738994430457	1.71206225680934
-0.607309071488518	4.78217746242466	2.30411230640116
0.0823987182421607	5.21553368429084	2.92668039978637
0.674448767833982	3.76592660410468	4.15655756466011
0.329594872968643	0.497444113832303	4.19317921721218
0.683604180972	0.292973220416571	5.22468909742885
1.37636377508202	-1.90432593270771	5.70687418936446
1.12916762035554	-5.13618677042802	6.31418326085298
-1.10780498970016	-6.08529793240253	5.02937361715114
-0.0976577401388571	-4.31830319676509	4.58991378652628
-0.863660639353018	-3.46684977492943	5.13923857480736
-1.47707331960021	-1.67544060425727	4.11993591210803
-1.88906691081102	-0.881971465629053	3.01518272678721
-1.66323338673991	-1.77309834439612	3.79949645227741
-2.4078736552987	-2.35599298084993	3.86663614862287
-2.82597085526818	-3.59807736324102	1.90432593270771
0.433356221866178	-1.88296330205234	1.84023804074159
0.488288700694285	0.674448767833982	2.69779507133593
1.78225375753414	0.885023270008392	2.41397726405737
2.10269321736477	1.71511406118868	2.1210040436408
0.692759594110018	1.02235446707866	2.56961928740368
-0.4272526131075	0.503547722590982	3.18608377203021
1.27565423056382	2.19119554436561	4.00396734569314
0.424200808728161	1.48012512397955	2.82902265964752
-0.134279392690929	2.05691615167468	0.628671702143893
0.518806744487678	2.27664606698711	-1.42824444953079
-1.48928053711757	0.50965133134966	-1.17799649042496
-1.43434805828946	-2.09658960860609	0.21362630655375
-0.463874265659571	-2.42923628595407	2.93278400854505
2.25528343633173	-2.04165712977798	5.76791027695125
2.69474326695659	-3.87579156176089	5.45967803463798
1.70290684367132	-4.24811169604028	1.07423514152743
-0.582894636453803	-3.38139925230793	-2.51163500419623
0.216678110933089	-2.73136491950866	-1.53200579842832
-2.3773556115053	-5.29182879377432	-4.07721065079728
-2.77103837644007	-2.86259250782025	-3.61638818951705
-0.875867856870375	-3.43022812237736	-3.39055466544594
-1.48012512397955	-5.46272983901732	-3.32036316472114
0.228885328450446	-6.00595101853971	-3.9154650186923
0.0915541313801785	-2.59708552681773	-3.00907911802853
-0.506599526970321	-1.53505760280766	-0.823987182421607
0.12817578393225	0.2563515678645	2.17288471808957
0.442511635004196	0.921644922560464	3.46379797055009
-2.16678110933089	-0.430304417486839	2.4628061341268
-3.62554360265507	-1.61440451667048	-1.30006866559854
-4.96223392080568	-3.43327992675669	-4.11688410772869
-4.92561226825361	-4.49835965514611	-3.24101625085832
-6.86961165789273	-4.82795452811475	-4.443427176318
-5.37117570763714	-4.98970016021973	-1.39162279697871
-3.65606164644846	-4.20843823910887	0.363164721141375
-1.94399938963912	-3.29900053406577	2.87785152971695
-0.997940032043946	-2.02029449912261	3.08232242313268
1.62661173418784	-1.57473105973907	1.367208361944
-0.540169375143053	-3.37224383916991	0.500495918211643
0.634775310902571	-4.29388876173037	0.552376592660411
1.24818799114977	-5.93575951781491	-0.259403372243839
-0.0701915007248035	-8.79224841687648	-2.04165712977798
-0.0885023270008393	-9.36598764019226	-2.67032883192187
1.50453955901427	-8.97535667963684	-3.50652323186084
0.970473792629892	-7.2632944228275	-2.24612802319371
0.112916762035554	-6.22873273823148	-1.1810482948043
-0.524910353246357	-6.0364690623331	1.72732127870604
-0.485236896314946	-4.63569085221637	2.68558785381857
-0.451667048142214	-2.84428168154421	3.58281834134432
1.73342488746471	-0.704966811627375	3.31425955596246
1.025406271458	1.06507972838941	3.07316700999466
3.076218814374	2.33768215457389	2.43839169909209
2.12710765239948	2.91447318226902	1.95925841153582
-0.122072175173571	3.11589227130541	1.57778286411841
-1.196307316701	2.72526131074998	1.66628519111925
-2.5787747005417	-0.546272983901732	0.0885023270008393
-3.64385442893111	-1.49233234149691	-0.210574502174411
-5.64278629739834	-2.67032883192187	-1.73342488746471
-4.49530785076677	-4.01007095445182	-1.17494468604562
-4.20538643472953	-5.92660410467689	-2.12405584802014
-2.41397726405737	-5.34676127260243	-1.08949416342412
0.665293354695964	-1.76089112687877	0.973525597009232
2.03250171663996	0.946059357595178	2.37125200274662
3.83306630045014	3.68047608148318	2.85038529030289
2.88090333409628	3.61333638513771	2.96025024795911
0.775158312352178	3.22575722896162	1.2970168612192
-0.735484855420768	1.91348134584573	-0.790417334248875
-2.02334630350195	0.198367284657053	-2.70084687571527
-4.36713206683452	-1.82497901884489	-3.17387655451286
-4.22980086976425	-1.6083009079118	-2.72526131074998
-3.45159075303273	-1.15053025101091	-3.21049820706493
-2.24612802319371	-2.47196154726482	-3.62859540703441
0.762951094834821	-2.80766002899214	-2.31937132829786
0.750743877317464	-3.91851682307164	-0.0610360875867857
-0.0274662394140536	-3.81475547417411	-0.323491264209964
-0.59510185397116	-5.52986953536278	-0.506599526970321
-2.35294117647059	-6.33859769588769	-2.52079041733425
-1.2115663385977	-5.17891203173877	-4.36713206683452
-1.48317692835889	-3.02128633554589	-4.93476768139162
1.0101472495613	-0.558480201419089	-6.44541084916457
-0.967421988250553	0.5981536583505	-7.59899290455482
-2.74357213702602	0.781261921110857	-8.06591897459373
-3.54314488441291	1.01319905394064	-6.93064774547952
-5.24299992370489	1.52895399404898	-5.04463263904784
-4.28778515297169	1.15053025101091	-2.58793011367971
-2.905317769131	2.10269321736477	-0.479133287556268
-4.79438467994202	0.564583810177768	0.683604180972
-7.24498359655146	-3.930724040589	-1.19325551232166
-6.6346227206836	-5.57564660105287	-4.98664835584039
-6.44235904478523	-6.60410467689021	-6.08834973678187
-3.64690623331044	-7.01915007248035	-6.69871061264973
0.607309071488518	-5.67635614557107	-6.82383459220264
4.94392309452964	-0.888075074387732	-6.69565880827039
4.66926070038911	0.875867856870375	-4.75165941863127
4.91950865949493	2.04470893415732	-2.78629739833677
3.52483405813687	1.51979858091096	-2.71305409323262
0.659189745937285	1.96231021591516	-0.845349813076982
0.820935378042267	1.03150988021668	-3.28068970778973
0.857557030594339	-1.73342488746471	-4.05584802014191
-0.198367284657053	-0.216678110933089	-2.02029449912261
-1.46486610208286	-1.1810482948043	-2.87174792095827
0.231937132829786	-0.0244144350347143	0.2563515678645
1.40383001449607	0.134279392690929	3.78423743038071
2.79545281147478	0.970473792629892	5.34370946822309
3.28984512092775	1.70595864805066	4.43121995880064
5.50545510032807	-0.5981536583505	1.6083009079118
7.3182269016556	-1.24208438239109	0.973525597009232
4.96528572518502	-2.98771648737316	-0.973525597009232
3.91851682307164	-2.08133058670939	-0.802624551766232
1.04676890211337	-2.12405584802014	-1.50453955901427
-1.38857099259937	-0.558480201419089	0.677500572213321
-2.36820019836728	-0.695811398489357	-0.363164721141375
-4.02532997634852	-0.955214770733196	-3.14030670634012
-3.74151216906996	-0.0793469138628214	-6.52475776302739
-2.8198672465095	-2.3071641107805	-6.73838406958114
-0.146486610208286	-1.78835736629282	-8.11474784466316
1.98672465094987	-1.01930266269932	-6.17685206378271
2.80766002899214	-0.393682764934768	-2.59098191805905
3.6743724727245	0.674448767833982	-1.14747844663157
3.38750286106661	0.732433051041428	0.122072175173571
1.538109407187	-0.479133287556268	-1.84023804074159
1.76394293125811	-0.228885328450446	-2.58182650492103
1.38551918822004	-0.5981536583505	-3.59197375448234
1.50148775463493	-0.9399557488365	-5.07209887846189
0.463874265659571	-2.01419089036393	-5.67025253681239
-0.772106507972839	-2.59708552681773	-6.73228046082246
-3.90325780117494	-2.52689402609293	-7.66613260090028
-5.55123216601816	-1.61440451667048	-6.17685206378271
-4.87983520256352	-0.72327763790341	-2.55436026550698
-3.28679331654841	-0.0793469138628214	0.506599526970321
-2.99687190051118	0.89723048752575	1.40993362325475
-0.787365529869535	2.94499122606241	3.47295338368811
0.418097199969482	2.6337071793698	4.24200808728161
2.56961928740368	4.37933928435187	2.72831311512932
3.16777294575418	5.21858548867018	3.17692835889219
6.67734798199435	7.56237125200275	5.13923857480736
6.07919432364385	8.43823910887312	3.55535210193027
5.44441901274128	6.54612039368276	2.06912336919203
4.74860761425193	4.54108491645685	2.05386434729534
2.75883115892271	2.40177004654002	1.7944609750515
-0.238040741588464	0.0732433051041428	2.19729915312428
-0.717174029144732	0.125123979552911	2.19424734874495
0.265506981002518	0.436408026245518	3.59807736324102
-1.03456168459602	3.72625314717327	6.49118791485466
1.00709544518196	6.78416113527123	8.52063782711528
2.76188296330205	4.86152437628748	10.1594567788205
3.83916990920882	3.90020599679561	9.79324025329976
1.96841382467384	3.39665827420462	10.4890516517891
2.92668039978637	0.900282291905089	9.40260929274434
3.16472114137484	1.34584573128862	8.27649347676814
3.7445639734493	4.43121995880064	6.75364309147784
4.31525139238575	6.44541084916457	4.66620889600977
4.99580376897841	7.5043869687953	3.29594872968643
2.93583581292439	6.97032120241093	0.784313725490196
1.3519493400473	5.87167162584878	0.799572747386893
0.167849240863661	4.5288776989395	2.33157854581521
-2.06301976043336	2.35294117647059	3.83306630045014
-3.53093766689555	0.0366216525520714	0.259403372243839
-2.85648889906157	-0.515754940108339	-1.7792019531548
-1.64797436484321	-1.95620660715648	-4.85847257190814
-1.42214084077211	-2.78934920271611	-7.67833981841764
1.14747844663157	-0.488288700694285	-7.36400396734569
3.87273975738155	-1.73037308308537	-5.53597314412146
4.63263904783703	-0.805676356145571	-3.3478294041352
5.45662623025864	1.22072175173571	-1.87075608453498
6.9916838330663	3.37224383916991	-0.888075074387732
8.45654993514916	4.97749294270237	1.35500114442664
7.68139162279698	5.92355230029755	2.54520485236896
8.79530022125582	7.40672922865644	1.99282825970855
9.24391546501869	7.08323796444648	1.73342488746471
8.31311512932021	6.98252841992828	0.958266575112535
7.82177462424659	5.98458838788434	-0.354009308003357
8.70374608987564	6.79636835278859	1.04371709773404
9.09742885481041	9.1432059205005	5.52681773098344
8.16662851911192	9.14015411612116	5.63363088426032
6.26840619516289	8.00793469138628	5.99679560540169
5.38033112077516	7.91027695124743	3.53093766689555
2.68558785381857	7.16563668268864	-1.78530556191348
1.39162279697871	4.23590447852293	-4.47089341573205
-0.665293354695964	1.49843595025559	-6.34164950026703
-1.01625085831998	0.439459830624857	-5.84725719081407
-2.35294117647059	-0.89723048752575	-5.60006103608759
-2.11184863050278	0.274662394140536	-5.30403601129168
-4.18402380407416	0.140383001449607	-3.38445105668727
-3.56145571068894	1.81277180132753	-2.92057679102769
-2.58182650492103	3.27458609903105	-0.305180437933928
-2.41092545967803	4.51667048142214	1.42214084077211
-0.234988937209125	4.24811169604028	4.13519493400473
-0.189211871519036	1.16273746852827	5.73434042877852
1.32448310063325	2.00808728160525	8.52063782711528
3.14335851071946	1.44350347142748	7.02220187685969
4.47089341573205	3.05485618371862	7.9163805600061
5.28877698939498	4.13824673838407	7.30907148851759
6.78721293965057	5.75265125505455	8.42298008697643
7.28465705348287	7.09849698634318	7.19310292210269
6.07614251926451	7.28465705348287	5.86251621271076
5.96322575722896	7.5898374914168	5.45662623025864
5.70077058060578	6.82383459220264	3.4882124055848
4.67841611352712	6.65598535133898	4.37933928435187
5.20027466239414	7.61425192645151	3.89715419241627
6.42404821850919	6.9764248111696	5.63057907988098
7.37315938048371	6.74753948271916	6.47287708857862
6.90012970168612	5.61532005798428	7.63866636148623
4.54718852521553	4.69672693980316	6.72922865644312
3.03654535744259	1.85549706263828	4.58075837338827
0.302128633554589	0.244144350347143	2.53910124361028
-0.335698481727321	1.35500114442664	1.18410009918364
1.9501029983978	2.9755092698558	-1.82497901884489
2.00808728160525	3.19523918516823	-1.24208438239109
1.95925841153582	4.71808957045853	-3.1464103150988
4.00396734569314	6.152437628748	-1.7242694743267
1.71206225680934	2.905317769131	-0.274662394140536
0.38452735179675	1.75173571374075	0.503547722590982
0.103761348897536	1.4373998626688	3.15251392385748
1.05592431525139	1.5533684290837	4.57465476462959
-0.375371938658732	-0.500495918211643	4.76386663614862
1.08644235904479	-1.07118333714809	6.09445334554055
2.36820019836728	0.0579842832074464	6.12497138933394
5.79232471198596	3.39665827420462	5.47493705653468
7.94384679942016	3.02738994430457	4.78217746242466
8.10559243152514	4.43732356755932	3.40886549172198
11.8410009918364	4.64484626535439	3.81475547417411
10.4768444342718	3.87884336614023	2.36209658960861
10.1564049744411	4.28778515297169	2.10879682612345
9.08522163729305	4.39765011062791	1.62661173418784
6.75974670023651	3.78423743038071	0.735484855420768
5.16365300984207	4.04364080262455	0.00915541313801785
3.02128633554589	3.19218738078889	-1.95620660715648
1.31227588311589	1.66933699549859	-2.392614633402
-0.064087891966125	-1.15053025101091	-4.23895628290227
-1.20241092545968	-3.67742427710384	-7.56237125200275
-1.95925841153582	-4.43121995880064	-7.59899290455482
-3.38750286106661	-4.9408712901503	-6.32944228274968
-4.63874265659571	-4.28778515297169	-5.32539864194705
-5.89303425650416	-4.94697489890898	-2.50858319981689
-3.17387655451286	-4.49530785076677	0.064087891966125
0.0366216525520714	-2.19729915312428	3.37834744792859
1.09864957656214	-0.781261921110857	6.14633401998932
3.24101625085832	1.15053025101091	8.02624551766232
4.78828107118334	3.04570077058061	8.22461280231937
3.61943999389639	4.06500343327993	7.88281071183337
1.36415655756466	4.82795452811475	5.8655680170901
1.28480964370184	5.94491493095293	1.44350347142748
1.92874036774243	6.92759594110018	0.122072175173571
2.93278400854505	8.66102082856489	-0.784313725490196
2.56656748302434	12.7565423056382	1.95925841153582
5.23384451056687	11.9874876020447	1.95620660715648
4.3274586099031	11.7189288166629	1.75173571374075
4.77302204928664	9.10048065918975	2.92668039978637
