3.14946211947814	-2.17441062027924	2.59250782024872
0.788891432059205	-4.26184481574731	2.95414663920043
-2.10421911955444	-3.56145571068894	1.57930876630808
-3.5736629282063	-3.78881513694972	-0.971999694819562
-1.04219119554437	-2.2369726100557	-0.749217975127794
0.245670252536812	-0.775158312352178	-2.74204623483635
5.13618677042802	-1.84176394293126	-2.26596475165942
4.65705348287175	-1.43587396047913	-2.63828488593881
5.18959334706645	-0.816357671473259	-1.62966353856718
-0.306706340123598	-3.36308842603189	-2.05996795605402
-1.13832303349355	-2.03707942320897	-3.6087586785687
-2.84580758373388	-2.9755092698558	-2.34378576333257
-3.68505378805219	-3.92156862745098	-3.76745250629435
-0.711070420386053	-2.98771648737316	-3.72777904936294
-1.46944380865187	-5.53292133974212	-1.31990539406424
-1.39314869916838	-4.48615243762875	-2.87327382314794
0.837720302128634	-4.53650720988785	-0.614938582436866
3.44853894865339	-1.94705119401846	-0.424200808728161
7.01762417029068	0.328068970778973	-0.801098649576562
8.25970855268177	-3.76134889753567	-1.71206225680934
8.53894865339132	-4.14435034714275	-2.4429694056611
6.58121614404517	-3.68657969024186	-1.17647058823529
3.05638208590829	-4.40527962157626	-1.48928053711757
0.0106813153276875	-5.69314106965744	-1.85244525825895
-0.807202258335241	-5.09346150911727	-1.74258030060273
0.569161516746777	-3.15556572823682	-1.04371709773404
-0.68207827878233	-2.74509803921569	0.534065766384375
-0.415045395590143	-1.47554741741054	0.207522697795071
4.22980086976425	1.78072785534447	1.87075608453498
5.16365300984207	0.950637064164187	2.58182650492103
7.87670710307469	2.19424734874495	0.422674906538491
11.792172121767	1.6083009079118	1.37636377508202
11.8883039597162	1.29854276340887	2.27664606698711
15.2864881361105	3.85900663767453	1.5228503852903
13.2188906691081	1.96078431372549	1.73647669184405
12.4589913786526	3.54009308003357	1.58693827725643
11.3786526283665	2.62302586404211	3.26543068589303
9.68642710002289	1.6739147020676	2.34683756771191
9.52162966353857	1.12001220721752	1.71663996337835
6.11123826962692	1.51216906996262	4.53803311207752
4.34882124055848	3.35698481727321	2.12252994583047
6.38895246814679	1.3168535896849	2.25833524071107
8.92652780956741	0.0183108262760357	2.07522697795071
6.8055237659266	-0.0167849240863661	0.563057907988098
8.74189364461738	-0.180056458381018	0.877393759060044
8.0521858548867	1.26344701304646	-1.19478141451133
4.27710383764401	0.152590218966964	-1.22072175173571
3.77660791943236	2.17593652246891	1.73952849622339
3.75219348439765	1.52132448310063	-0.320439459830625
4.27405203326467	-0.560006103608759	0.471503776607919
2.61692225528344	1.78225375753414	0.549324788281071
4.36255436026551	2.2720683604181	1.96231021591516
3.94140535591669	2.51010910200656	0.59662775616083
1.93331807431144	2.14084077210651	0.0946059357595178
0.0350957503624018	-0.650034332799268	1.61593041886015
0.505073624780652	0.190737773708705	-0.230411230640116
-1.75783932249943	-1.25581750209812	0.436408026245518
-0.0442511635004196	-2.27054245822843	-0.135805294880598
1.76394293125811	0.735484855420768	0.89723048752575
3.90936140993362	0.720225833524071	2.5986114290074
6.43778133821622	3.58434424353399	1.94552529182879
7.44182497901885	2.07827878233005	3.5233081559472
5.55123216601816	0.576791027695125	1.51522087434195
2.86564431219959	1.15968566414893	2.67643244068055
0.196841382467384	-1.91348134584573	1.5884641794461
-0.0717174029144732	-4.42664225223163	-1.76394293125811
0.451667048142214	-3.91393911650263	-0.228885328450446
3.21965362020295	-1.7792019531548	1.12458991378653
5.01258869306477	2.45975432974746	2.51468680857557
7.49523155565728	5.76333257038224	6.17837796597238
9.77187762264439	8.75562676432441	6.60715648126955
7.66460669871061	6.29434653238727	7.39604791332876
6.25467307545586	4.50598916609445	4.32440680552377
4.47699702449073	3.82696269169146	2.04623483634699
0.514229037918669	4.01922636758984	3.20286869611658
-2.22934309910735	3.91241321431296	2.79697871366445
-4.43579766536965	2.88090333409628	3.11741817349508
0.692759594110018	5.36202029449912	4.00396734569314
4.78828107118334	6.01815823605707	4.81574731059739
6.1173418783856	4.48004882887007	5.90676737621119
6.7704280155642	4.5136186770428	2.86564431219959
5.18196383611811	4.93324177920195	2.36057068741894
2.37430380712596	4.16571297779812	1.83413443198291
0.387579156176089	2.57419699397269	-1.10933089188983
0.59510185397116	1.85702296482795	-1.08949416342412
2.2919050888838	5.33760585946441	1.10627908751049
1.49080643930724	4.39612420843824	3.26237888151369
2.20492866407263	4.614328221561	3.37376974135958
3.588921950103	5.12092774853132	4.28625925078202
4.20996414129854	3.98413061722744	4.69062333104448
2.0660715648127	4.08789196612497	0.573739223315785
2.57419699397269	1.17952239261463	1.17647058823529
2.25223163195239	1.83413443198291	-1.41908903639277
3.25017166399634	4.04974441138323	-0.788891432059205
3.40733958953231	3.19829098954757	2.96482795452811
3.37376974135958	1.84176394293126	1.19020370794232
2.67490653849088	-0.251773861295491	2.31784542610819
1.96993972686351	-0.715648126955062	-0.0991836423285267
0.0961318379491875	-3.04417486839094	-2.70695048447395
0.277714198519875	-2.01724269474327	-1.71816586556802
0.354009308003357	0.781261921110857	-4.74250400549325
4.80354009308003	3.25627527275502	-2.06149385824369
2.77103837644007	4.54718852521553	0.109864957656214
1.879911497673	4.70283054856184	0.0976577401388571
2.22934309910735	4.22064545662623	1.08339055466545
1.23750667582208	6.05783169298848	0.312809948882277
0.732433051041428	3.49431601434348	1.73342488746471
2.52079041733425	3.73846036469062	4.14435034714275
2.35294117647059	3.50804913405051	3.759822995346
-0.857557030594339	0.756847486076142	1.25429159990845
-0.0381475547417411	0.874341954680705	-1.33516441596094
0.579842832074464	1.50606546120394	-1.2314030670634
-1.31380178530556	1.58388647287709	-4.32593270771344
-1.82040131227588	2.00961318379492	-5.15602349889372
-2.20798046845197	1.49843595025559	-1.18867780575265
-1.03761348897536	1.10170138094148	-1.44808117799649
-2.77103837644007	-0.877393759060044	-0.656137941557946
-1.10017547875181	-3.13725490196078	-2.01113908598459
0.485236896314946	-4.82185091935607	-2.52079041733425
2.45670252536812	-3.39665827420462	-1.15053025101091
2.71152819104295	1.0101472495613	-1.56710154879072
0.25482566567483	2.04776073853666	0.494392309452964
1.61898222323949	4.74555580987259	1.52132448310063
0.572213321126116	6.36301213092241	2.221713588159
-1.34279392690929	6.79331654840925	2.84885938811322
-1.60219729915312	6.86045624475471	-1.79598687724117
-1.54268711375601	4.82795452811475	-1.2466620889601
-0.164797436484321	4.2221713588159	-2.84275577935454
-0.0656137941557946	4.1870756084535	-3.29594872968643
2.83665217059586	2.69779507133593	-0.570687418936446
1.97146562905318	4.09094377050431	-0.21515220874342
2.40329594872969	5.48256656748302	2.51010910200656
3.88799877927825	6.88792248416877	3.10978866254673
3.36919203479057	9.07911802853437	2.30411230640116
2.5833524071107	6.16464484626535	2.20950637064164
-0.675974670023652	6.08072022583352	-0.164797436484321
-2.58030060273137	1.025406271458	-1.07423514152743
-2.56198977645533	0.202944991226062	-1.75478751812009
-3.07011520561532	-0.827038986800946	-3.72930495155261
-1.99282825970855	-2.40482185091936	-1.95162890058747
0.367742427710384	0.534065766384375	-0.709544518196384
1.29854276340887	0.244144350347143	1.18715190356298
-0.152590218966964	1.79293507286183	2.1560997940032
-2.08743419546807	3.34172579537652	3.51110093842985
-5.06294346532387	-0.654612039368276	2.14694438086519
-5.52834363317311	-0.903334096284428	-0.920119020370794
-5.39559014267186	-4.12756542305638	-2.44144350347143
-4.08026245517662	-4.85999847409781	-5.60006103608759
-4.19775692378119	-4.63874265659571	-7.52422369726101
-1.3870450904097	-5.02327000839246	-5.48104066529335
1.25429159990845	-3.44090943770504	-3.49584191653315
2.4124513618677	-2.12710765239948	0.563057907988098
4.34729533836881	-1.2466620889601	5.23384451056687
5.59090562294957	-0.219729915312428	5.64583810177768
2.69779507133593	-1.91195544365606	4.58075837338827
1.08339055466545	-0.0778210116731518	3.56145571068894
1.98214694438087	0.4272526131075	4.58686198214694
2.51773861295491	-0.0503547722590982	2.24460212100404
3.23338673990997	2.14541847867552	1.77615014877546
3.91088731212329	1.01930266269932	1.02693217364767
2.14694438086519	1.96688792248417	-1.88601510643168
1.37331197070268	1.16426337071794	-2.17288471808957
0.881971465629053	0.625619897764553	-3.58587014572366
0.697337300679026	1.5228503852903	-3.07316700999466
2.67795834287022	2.40634775310903	0.0656137941557946
3.96429388876173	3.96734569314107	-1.95773250934615
2.3773556115053	3.8803692683299	-1.99282825970855
3.34172579537652	5.93881132219425	-1.26192111085679
2.36362249179828	6.10818646524758	-0.712596322575723
2.22323949034867	4.61738002594034	0.933852140077821
3.20897230487526	5.05683985656519	-0.326543068589303
1.41145952544442	3.7094682230869	1.52742809185931
0.988784618905928	4.77759975585565	1.06813153276875
2.98924238956283	4.31372549019608	0.968947890440223
1.11390859845884	4.37323567559319	4.25116350041962
-1.48317692835889	4.76081483176928	0.956740672922866
-2.30106050202182	3.27458609903105	2.18509193560693
-2.56809338521401	0.541695277332723	2.0706492713817
-0.993362325474937	0.573739223315785	-0.932326237888151
-1.46486610208286	-2.29343099107347	-3.27611200122072
-0.100709544518196	-3.34630350194553	-3.42412451361868
2.05539024948501	-5.25368123903258	-2.33920805676356
1.14747844663157	-4.76539253833829	-2.63828488593881
1.89059281300069	-3.95208667124437	-1.8142977035172
-1.34737163347829	-4.25879301136797	-1.16884107728695
-2.27359426260777	-4.37933928435187	-3.54161898222324
-4.38086518654154	-5.32387273975738	-3.26390478370336
-6.08377203021286	-6.53696498054475	-4.101625085832
-7.22667277027543	-7.42198825055314	-6.95353627832456
-6.25009536888685	-8.2536049439231	-5.12550545510033
-4.272526131075	-7.93316548409247	-8.56794079499504
-4.3427176317998	-9.34157320515755	-8.14373998626688
-4.48004882887007	-6.63920042725261	-6.93369954985885
-3.84985122453651	-5.98611429007401	-7.32738231479362
-5.39711604486152	-4.74860761425193	-4.0863660639353
-4.44953078507668	-3.42565041580835	-4.67231250476844
-5.32082093537804	-4.2923628595407	-3.94293125810636
-4.90272373540856	-5.6046387426566	-4.52582589456016
-4.97138933394369	-5.68856336308843	-8.32532234683757
-7.7958342870222	-6.73075455863279	-8.72510872053101
-8.09185931181811	-4.5487144274052	-9.50026703288319
-8.36346990157931	-4.81727321278706	-8.04608224612802
-5.11329823758297	-4.81269550621805	-7.62645914396887
-5.04310673685817	-2.90379186694133	-5.17128252079042
-1.34737163347829	-3.88342107270924	-3.69878690775921
-1.0605020218204	-2.54062714579995	-5.85641260395209
-1.19172961013199	-1.48928053711757	-5.64278629739834
-1.98825055313954	-1.20851453421836	-5.39101243610285
-3.87426565957122	-1.69069962615396	-5.97848477912566
-3.86968795300221	-0.546272983901732	-4.8050659952697
-2.79850461585412	0.81025406271458	-4.83253223468376
-0.692759594110018	1.24818799114977	-3.34019989318685
3.17082475013352	2.31326771953918	-3.03959716182193
3.98413061722744	2.54215304798962	-2.69321736476692
3.72930495155261	0.277714198519875	0.0274662394140536
3.00450141145953	0.891126878767071	-0.0411993591210803
1.52132448310063	0.988784618905928	0.871290150301366
0.447089341573205	-0.38452735179675	0.450141145952544
-0.968947890440223	1.43434805828946	-0.439459830624857
0.799572747386893	1.58236057068742	1.06965743495842
-0.0152590218966964	0.830090791180285	-1.23445487144274
-0.132753490501259	0.268558785381857	-0.352483405813687
0.738536659800107	0.521858548867018	0.12817578393225
1.03456168459602	-1.02693217364767	-0.567635614557107
3.70794232089723	-3.07774471656367	0.199893186846723
1.59304188601511	-3.78423743038071	-2.53910124361028
0.668345159075303	-4.93018997482261	-1.9501029983978
-0.657663843747616	-4.35645075150683	-1.31380178530556
-1.9851987487602	-2.64286259250782	-1.47402151522087
-3.18303196765087	-1.99893186846723	0.453192950331884
-3.32036316472114	1.71816586556802	-1.93331807431144
-4.62043183031968	1.65407797360189	-1.63118944075685
-4.88288700694286	4.04058899824521	-1.03608758678569
-5.51003280689708	3.30663004501411	-0.668345159075303
-3.64843213550011	1.94552529182879	1.79598687724117
-2.22476539253834	3.61791409170672	2.76493476768139
0.154116121156634	1.70290684367132	4.92713817044327
1.33363851377127	2.19424734874495	3.47295338368811
-0.17242694743267	3.22423132677195	2.2919050888838
-1.07423514152743	2.9755092698558	2.2369726100557
-0.523384451056687	5.05683985656519	-0.17242694743267
-3.41191729610132	0.845349813076982	-0.901808194094759
-6.01510643167773	-0.651560234988937	-0.309758144502937
-3.95513847562371	1.83260852979324	-1.48622873273823
-4.91493095292592	-0.361638818951705	-0.21362630655375
-6.36606393530175	-0.621042191195544	0.216678110933089
-4.40680552376593	-0.999465934233616	2.32394903486687
-2.48722056916152	-2.02487220569162	0.859082932784008
-3.07469291218433	-0.906385900663767	-0.120546272983902
-2.87937743190661	-0.917067215991455	1.51369497215228
-2.47501335164416	1.50148775463493	0.16937514305333
-2.6993209735256	2.11490043488212	1.44197756923781
-0.732433051041428	3.08842603189136	0.360112916762036
0.799572747386893	4.03753719386587	1.30006866559854
1.30922407873655	4.02075226977951	4.69672693980316
2.51926451514458	6.18142977035172	4.40375371938659
3.97497520408942	4.57770656900893	6.12649729152361
5.55580987258717	2.76798657206073	5.29640650034333
3.63775082017243	2.19577325093462	4.16571297779812
0.271610589761196	-1.86770428015564	3.30510414282444
-4.26489662012665	-2.90379186694133	-1.15968566414893
-9.17677576867323	-4.75928892957961	-1.36263065537499
-10.1167315175097	-3.58739604791333	-2.01419089036393
-10.2800030518044	-1.70138094148165	-3.87731746395056
-6.82230869001297	0.703440909437705	-3.44396124208438
-4.4632639047837	1.84328984512093	-3.99023422598611
-2.65049210345617	1.24208438239109	-1.40993362325475
-2.91599908445869	0.813305867093919	0.584420538643473
-4.05737392233158	0.46997787441825	1.06813153276875
-5.00190737773709	-0.889600976577401	3.83306630045014
-7.69970244907301	-1.58693827725643	2.04470893415732
-8.13611047531853	-2.75883115892271	2.82444495307851
-7.04966811627375	-1.82650492103456	3.10063324940871
-6.10055695429923	-1.61287861448081	2.18051422903792
-4.10772869459068	-3.83764400701915	2.15457389181353
-1.91958495460441	-2.78171969176776	-1.82803082322423
-1.14137483787289	-3.45616845960174	-2.734416723888
-2.71610589761196	-3.35545891508354	-3.25474937056535
-3.46227206836042	-0.965896086060884	-3.55840390630961
-6.02273594262608	0.04272526131075	-2.58945601586938
-6.45761806668193	2.39414053559167	-1.99588006408789
-9.07606622415503	-2.58487830930037	-0.498970016021973
-6.56900892652781	-4.91035324635691	-1.46944380865187
-4.44190127412833	-3.56603341725795	-3.02738994430457
-5.26894026092927	-2.64591439688716	-3.08842603189136
-3.48363469901579	0.975051499198901	-3.01670862897688
-3.94140535591669	3.0411230640116	-0.389105058365759
-3.16929884794385	3.85290302891585	0.00305180437933928
-3.79797055008774	2.71457999542229	-0.471503776607919
-5.24605172808423	-0.961318379491875	2.51468680857557
-6.00747692072938	0.108339055466545	1.92111085679408
-5.2628366521706	-0.802624551766232	2.75883115892271
-6.05935759517815	-0.0549324788281071	1.49538414587625
-3.87579156176089	-2.04470893415732	0.0869764248111696
-5.17280842298009	-4.8554207675288	0.550850690470741
-3.38750286106661	-4.38239108873121	-3.93377584496834
-0.63782711528191	-4.47089341573205	-4.55481803616388
-1.02693217364767	-4.15808346684978	-4.77149614709697
-2.21408407721065	-2.66727702754253	-4.64484626535439
-3.55992980849927	-2.76188296330205	-3.36156252384222
-7.83398184176394	-3.23949034866865	-4.54718852521553
-10.0160219729915	-5.15297169451438	-3.67132066834516
-9.43770504310674	-3.06706340123598	-2.30411230640116
-6.25314717326619	-0.131227588311589	-3.09910734721904
-3.14488441290913	1.5030136568246	-2.20798046845197
1.34584573128862	1.15510795757992	-3.22728313115129
4.63263904783703	0.0717174029144732	-0.303654535744259
2.43533989471275	0.868238345922026	0.76752880140383
3.97192339971008	1.89364461738003	-0.482185091935607
1.4175631342031	0.303654535744259	1.47402151522087
0.12817578393225	-0.411993591210803	-1.48165102616922
0.0335698481727321	-1.19935912108034	-2.1011673151751
-0.807202258335241	-2.86106660563058	-2.43839169909209
0.180056458381018	-1.83566033417258	-3.16472114137484
1.879911497673	-1.92263675898375	-1.77309834439612
0.416571297779812	0.167849240863661	-1.59151598382544
4.06805523765927	1.89059281300069	1.60677500572213
4.36255436026551	3.02281223773556	2.00198367284657
4.55176623178454	4.17792019531548	1.74868390936141
6.22568093385214	6.03952086671244	4.41748683909361
5.80300602731365	9.92599374380102	1.40077821011673
6.11429007400626	10.267795834287	1.61898222323949
7.00083924620432	12.0622568093385	2.63675898374914
6.85130083161669	10.9117265583276	1.90280003051804
4.60822461280232	8.0521858548867	0.485236896314946
4.57770656900893	5.88693064774548	-1.88601510643168
3.47142748149844	2.73594262607767	-2.91294728007935
3.29137102311742	-0.663767452506294	-5.94338902876326
4.4632639047837	-1.18257419699397	-7.85229266803998
2.36209658960861	-1.72121766994736	-6.21652552071412
2.75577935454337	-0.985732814526589	-6.79026474402991
0.273136491950866	0.610360875867857	-5.00953688868544
1.58541237506676	2.58945601586938	-3.80560006103609
1.18867780575265	2.78782330052644	-4.21454184786755
2.47653925383383	4.40070191500725	-0.560006103608759
4.3427176317998	6.28976882581826	-1.82803082322423
5.54512855725948	4.60364690623331	-1.84786755168994
3.62859540703441	3.14335851071946	-1.50453955901427
2.68101014724956	1.62203402761883	-1.86160067139696
0.689707789730678	0.55542839703975	-0.109864957656214
-1.39314869916838	1.59761959258412	-0.622568093385214
-1.83566033417258	2.20492866407263	0.0701915007248035
-2.1515220874342	1.37483787289235	0.46997787441825
-2.22476539253834	2.38193331807431	-0.55390249485008
0.164797436484321	2.37277790493629	0.630197604333562
1.88296330205234	5.53597314412146	0.100709544518196
-1.05745021744106	4.42511635004196	-0.271610589761196
-1.12916762035554	5.58175020981155	-0.0823987182421607
-0.715648126955062	5.7801174944686	-0.42572671091783
-3.23491264209964	1.26802471961547	-1.12916762035554
-7.32433051041428	-2.49942778667887	-3.62554360265507
-9.51094834821088	-5.97390707255665	-4.86610208285649
-9.27443350881209	-4.26642252231632	-4.36560616464485
-8.24139772640574	-1.52132448310063	-4.02990768291752
-6.99473563744564	-2.21408407721065	-2.45365072098878
-5.19264515144579	1.98214694438087	-2.21255817502098
-3.11436636911574	2.96482795452811	-0.843823910887312
-0.871290150301366	3.01823453116655	-0.996414129854276
-1.35957885099565	3.63012130922408	-3.24254215304799
-2.91752498664836	2.27969787136645	-3.10215915159838
-1.60982681010147	2.93125810635538	-4.95765621423667
-1.99740596627756	2.72373540856031	-2.26443884946975
-1.57473105973907	3.90478370336461	-1.49996185244526
1.6433966582742	6.21805142290379	-0.209048599984741
0.273136491950866	6.67582207980468	0.990310521095598
0.862134737163348	7.43114366369116	-1.30312046997787
-2.73289082169833	5.19264515144579	-1.6739147020676
-4.28778515297169	3.82391088731212	-3.51567864499886
-3.63012130922408	5.0415808346685	-4.74097810330358
-5.63363088426032	2.68711375600824	-4.27862973983368
-4.17792019531548	3.95208667124437	-4.05432211795224
-3.98565651941711	4.48310063324941	-2.3071641107805
-1.82345311665522	2.36362249179828	-1.49080643930724
-3.93530174715801	2.29495689326314	-3.03807125963226
-1.81734950789654	1.33363851377127	-1.38551918822004
-2.86259250782025	2.21866178377966	-2.26749065384909
-2.71610589761196	2.392614633402	-0.372320134279393
-2.91142137788968	2.65354390783551	-0.535591668574044
0.645456626230259	5.26436255436027	-0.825513084611276
-0.267032883192187	4.45105668726635	-0.398260471503777
-1.84939345387961	2.9755092698558	-2.53757534142061
-4.30304417486839	-0.248722056916152	-2.36514839398795
-4.55481803616388	-1.87075608453498	-3.24864576180667
-5.36659800106813	-2.96330205233845	-3.13572899977111
-7.65239948119326	-5.40016784924086	-1.00556954299229
-3.9505607690547	-3.8956282902266	-2.33157854581521
-2.85038529030289	-2.88242923628595	-0.689707789730678
-1.25276569771878	0.0549324788281071	0.238040741588464
0.123598077363241	3.89715419241627	0.856031128404669
-0.943007553215839	4.27100022888533	4.13519493400473
0.00762951094834821	6.18905928130007	3.58129243915465
0.89723048752575	5.4337376974136	4.51514457923247
1.93331807431144	3.65300984206912	2.49179827573053
0.378423743038071	3.59197375448234	0.592050049591821
-0.746166170748455	1.23292896925307	0.698863202868696
3.08995193408103	5.88845654993515	1.74868390936141
3.51110093842985	6.67887388418402	3.63164721141375
4.59296559090562	6.94285496299687	5.11482413977264
6.92912184328985	6.89250019073777	4.21454184786755
6.55527580682078	6.21652552071412	4.72877088578622
8.24597543297475	6.76890211337453	3.01213092240787
3.95819028000305	1.538109407187	1.86312657358663
1.13832303349355	-0.17242694743267	2.01419089036393
1.42671854734112	0.587472343022812	1.94705119401846
2.16678110933089	0.672922865644312	2.58030060273137
2.45059891660945	0.817883573662928	1.6388189517052
3.56908522163729	1.16273746852827	2.70389868009461
3.81170366979477	2.01419089036393	1.87685969329366
0.659189745937285	0.889600976577401	-0.34027618829633
-1.11848630502785	-2.54215304798962	-1.2664988174258
-2.89311055161364	-0.418097199969482	-3.0609597924773
-2.95262073701076	0.209048599984741	-2.15915159838254
-1.0101472495613	0.790417334248875	-1.17647058823529
-0.34027618829633	1.44655527580682	0.265506981002518
-0.0411993591210803	1.0406652933547	2.62302586404211
0.0305180437933928	1.32753490501259	1.27870603494316
-0.160219729915312	1.31837949187457	-0.195315480277714
-1.13527122911421	1.84939345387961	1.97756923781186
1.58083466849775	4.62500953688868	-0.177004654001679
0.245670252536812	5.26436255436027	0.863660639353018
-0.741588464179446	6.79636835278859	0.746166170748455
-2.58640421149004	4.01922636758984	1.06507972838941
-2.77256427862974	3.70641641870756	0.506599526970321
-0.108339055466545	5.89150835431449	0.502021820401312
-0.671396963454643	0.602731364919509	0.445563439383536
1.97451743343252	1.48470283054856	0.677500572213321
3.84679942015717	1.49843595025559	1.71358815899901
3.56603341725795	0.909437705043107	-0.440985732814527
0.688181887541009	-0.746166170748455	-4.65705348287175
-0.744640268558785	-1.32600900282292	-4.5288776989395
-2.98466468299382	-0.613412680247196	-5.02937361715114
-5.8457312886244	-2.16220340276188	-5.00343327992676
-3.67589837491417	-0.888075074387732	-2.71610589761196
-3.08232242313268	0.415045395590143	-2.1560997940032
-1.73495078965438	-0.610360875867857	-0.827038986800946
-0.691233691920348	-1.26955062180514	-3.18913557640955
1.18562600137331	-1.99130235751888	-2.40177004654002
0.788891432059205	-1.50911726558328	-1.11696040283818
-2.08133058670939	0.280766002899214	-0.0579842832074464
-2.11795223926146	1.06965743495842	1.76089112687877
-1.52437628747997	3.68963149462119	0.585946440833143
-0.140383001449607	5.32387273975738	1.6235599298085
1.70138094148165	6.84367132066834	3.00907911802853
3.7247272449836	7.52574959945068	1.88296330205234
2.47501335164416	6.54612039368276	4.24353398947127
2.4780651560235	8.24444953078508	3.74761577782864
3.07927061875334	6.88181887541009	2.90836957351034
1.80666819256886	3.39208056763561	-0.476081483176928
1.49233234149691	3.11894407568475	-2.97245746547646
2.31326771953918	2.6642252231632	0.119020370794232
2.23392080567636	3.40581368734264	-1.20088502327001
-1.13679713130388	1.45723659113451	-0.230411230640116
-0.997940032043946	1.46944380865187	1.76089112687877
-0.503547722590982	1.43282215609979	2.08285648889906
-1.51522087434195	0.184634164950027	3.7949187457084
-3.03501945525292	-1.65102616922255	-0.117494468604562
-3.15098802166781	-4.35645075150683	-1.13527122911421
-2.28732738231479	-3.35698481727321	-0.776684214541848
-2.72831311512932	-2.82597085526818	-2.2720683604181
-2.25070572976272	-1.52437628747997	-0.798046845197223
0.508125429159991	0.289921416037232	-1.63729304951553
0.0534065766384375	-0.164797436484321	-0.303654535744259
-2.24917982757305	-0.930800335698482	-0.373846036469062
-2.99534599832151	-2.62912947280079	-3.4027618829633
-0.668345159075303	-4.95918211642634	-2.3773556115053
-0.915541313801785	-2.88395513847562	-3.62706950484474
-0.4272526131075	-1.2664988174258	-2.40177004654002
1.0452429999237	-0.280766002899214	-1.59609369039445
-0.512703135729	2.17898832684825	-2.56504158083467
0.442511635004196	2.53604943923095	-0.863660639353018
-0.0396734569314107	2.5284199282826	-1.5533684290837
-0.00610360875867857	1.72732127870604	-0.753795681696803
3.08842603189136	-0.602731364919509	1.17189288166629
3.93987945372702	-0.372320134279393	-0.685130083161669
5.58327611200122	-0.418097199969482	2.40634775310903
3.6591134508278	1.4724956130312	1.34126802471962
2.55130846112764	1.4023041123064	2.05844205386435
2.15762569619287	0.944533455405508	2.70084687571527
-0.303654535744259	1.27870603494316	1.21766994735637
-0.471503776607919	-1.49691004806592	1.66018158236057
2.75120164797436	-2.14847028305486	-0.778210116731518
2.17593652246891	-3.79644464789807	-0.291447318226902
2.26291294728008	-4.17334248874647	1.98367284657053
2.96940566109712	-3.58739604791333	1.196307316701
2.98619058518349	-7.51659418631266	-0.080872816052491
-0.0183108262760357	-7.60662241550317	-2.38345922026398
-2.04928664072633	-10.1472495613031	-2.43076218814374
-2.09353780422675	-9.33089188982986	-4.30151827267872
-4.1718165865568	-7.73785000381476	-5.78927290760662
-4.54718852521553	-4.89967193102922	-2.67795834287022
-3.79797055008774	-1.87838559548333	-4.13977264057374
-1.09864957656214	-2.9556725413901	-4.83100633249409
-1.11390859845884	-3.94598306248569	-3.68810559243153
-0.349431601434348	-0.984206912336919	-2.97703517204547
0.253299763485161	-1.70748455024033	-1.55031662470436
1.06813153276875	-1.31380178530556	-2.1560997940032
-2.83360036621653	-3.27458609903105	-3.17235065232319
-3.3524071107042	-2.81681544213016	-1.59456778820478
-2.50247959105821	-1.50911726558328	-1.82192721446555
-4.32440680552377	-4.61127641718166	-0.305180437933928
-3.74608987563897	-3.34935530632486	-1.04371709773404
-4.1718165865568	-3.3478294041352	-0.81177996490425
-3.25627527275502	-1.44960708018616	0.320439459830625
-3.04264896620127	-1.16731517509728	-1.91958495460441
-5.62905317769131	-3.70489051651789	-2.46738384069581
-4.44190127412833	-3.22575722896162	-5.98306248569467
-3.69573510337987	-5.61074235141527	-7.03135728999771
-2.25986114290074	-5.63210498207065	-5.08125429159991
-1.96841382467384	-3.77355611505303	-3.07316700999466
-2.19119554436561	-1.2314030670634	4.35187304493782
1.00099183642329	3.01365682459754	10.591287098497
1.52895399404898	3.63622491798276	12.4559395742733
1.63424124513619	2.04623483634699	11.108567940795
2.13778896772717	0.317387655451286	6.17990386816205
1.86770428015564	-2.10727092393378	2.59403372243839
-4.12909132524605	-3.3478294041352	-2.94804303044175
-3.06401159685664	-4.50751506828412	-3.61333638513771
-2.5986114290074	-4.24048218509194	-2.61081864652476
-2.71457999542229	-4.04211490043488	-3.17387655451286
-1.55947203784237	-5.66262302586404	-3.49126420996414
-0.877393759060044	-2.08133058670939	-3.67284657053483
-0.685130083161669	-0.917067215991455	1.32295719844358
-0.433356221866178	0.170901045243	2.6489662012665
-1.31532768749523	1.37331197070268	-0.187685969329366
-3.36003662165255	-0.437933928435187	-0.0839246204318303
-6.46982528419928	-0.260929274433509	-3.16777294575418
-6.11429007400626	-2.19577325093462	-3.31425955596246
-6.59037155718318	-5.1773861295491	-5.9159227893492
-6.69413290608072	-5.59243152513924	-8.07354848554208
-4.65247577630274	-6.17685206378271	-3.69115739681086
-4.55634393835355	-4.42206454566262	-1.54116121156634
-5.44747081712062	-6.05783169298848	-0.585946440833143
-5.62905317769131	-6.26840619516289	0.29907682917525
-4.43121995880064	-2.72526131074998	1.3015945677882
-3.70031280994888	-2.74052033264668	2.62455176623178
-1.51216906996262	-1.55947203784237	-0.477607385366598
-1.9501029983978	-1.28328374151217	-3.47905699244678
-0.140383001449607	0.483710994125277	-0.976577401388571
0.0656137941557946	2.58030060273137	-0.282291905088884
3.1815060654612	-1.5732051575494	1.56099794003204
1.97604333562219	-2.95872434576944	0.605783169298848
-0.778210116731518	-4.52429999237049	1.44960708018616
0.605783169298848	-5.83657587548638	1.45418478675517
-0.584420538643473	-5.52834363317311	-1.44197756923781
-2.36667429617762	-3.50804913405051	-0.704966811627375
0.231937132829786	0.0900282291905089	-1.9653620202945
3.36614023041123	2.38345922026398	-1.80514229037919
4.76844434271763	3.56145571068894	0.909437705043107
4.79743648432135	5.35744258793011	0.0366216525520714
4.03448538948653	4.89967193102922	2.27359426260777
0.782787823300526	3.36919203479057	1.9851987487602
-0.16937514305333	-0.0534065766384375	1.66018158236057
-0.944533455405508	-1.97604333562219	0.0106813153276875
-1.45113298237583	1.10017547875181	-2.58793011367971
1.98825055313954	3.8452735179675	-0.546272983901732
2.60166323338674	4.76386663614862	-3.55077439536126
3.17540245670253	3.91241321431296	-2.44907301441978
3.25627527275502	3.22880903334096	-1.01167315175097
4.00396734569314	0.415045395590143	-2.45822842755779
0.622568093385214	-3.75066758220798	-0.72327763790341
0.0701915007248035	-3.08232242313268	-0.04272526131075
-1.07728694590677	-3.59197375448234	-0.788891432059205
-0.631723506523232	-2.42923628595407	-0.621042191195544
-2.05539024948501	-1.34889753566796	-1.6235599298085
-0.657663843747616	-2.85801480125124	-0.263981078812848
1.70901045243	-1.5533684290837	-1.4373998626688
2.31631952391852	-2.39566643778134	-3.00450141145953
1.09407186999313	-2.84885938811322	-2.53299763485161
0.929274433508812	-1.16884107728695	-1.93331807431144
3.74761577782864	-1.66628519111925	1.40383001449607
4.90119783321889	-0.0106813153276875	2.84428168154421
4.71351186388952	2.45517662317845	6.38284885938811
5.45662623025864	4.10009918364233	6.76737621118486
4.96070801861601	5.38643472953384	4.68909742885481
1.44808117799649	2.19577325093462	3.86358434424353
1.67238879987793	1.96231021591516	-0.317387655451286
2.60166323338674	0.584420538643473	-1.24208438239109
2.29953459983215	-0.114442664225223	-1.15205615320058
2.3575188830396	-0.9399557488365	-4.54261081864652
3.67284657053483	-3.24101625085832	-5.72823682001984
4.15503166247044	-2.92668039978637	-7.06950484473945
3.37529564354925	-5.06294346532387	-5.55123216601816
3.37987335011826	-6.50949874113069	-2.98313878080415
4.50751506828412	-3.6392767223621	-1.87838559548333
2.30869001297017	-1.7593652246891	-0.544747081712062
0.173952849622339	0.566109712367437	-1.65255207141222
-2.50400549324788	-0.587472343022812	-2.38651102464332
-2.59098191805905	-1.82650492103456	-5.40474555580987
-3.26848249027237	-3.10826276035706	-7.37315938048371
-3.80102235446708	-3.93377584496834	-4.26642252231632
-1.94552529182879	-1.89059281300069	-2.98466468299382
-1.6235599298085	-0.534065766384375	0.0625619897764553
0.459296559090562	-1.20393682764935	2.9404135194934
2.71000228885328	0.517280842298009	4.39765011062791
1.80819409475853	-0.747692072938125	4.85084306095979
0.303654535744259	-2.98008697642481	0.819409475852598
-2.25833524071107	-5.66567483024338	-1.48012512397955
-1.68154421301595	-5.01869230182345	-3.34630350194553
-3.40733958953231	-4.05279621576257	-7.28923476005188
-5.88540474555581	-5.6244754711223	-7.41741054398413
-3.86205844205386	-5.80148012512398	-7.40062561989776
-3.96734569314107	-4.36102845807584	-3.95819028000305
-1.83718623636225	-3.7247272449836	-2.17746242465858
-0.538643472953384	-3.75066758220798	-3.56603341725795
-1.23598077363241	-4.41901274128328	-2.01724269474327
-1.15663385976959	-3.20897230487526	-3.05485618371862
-2.29037918669413	-2.34073395895323	-3.87579156176089
-1.90890363927672	-2.5986114290074	-3.7247272449836
-2.99839780270085	-0.46845197222858	-3.3325703822385
-0.233463035019455	1.69680323491264	0.0244144350347143
0.300602731364919	2.33920805676356	-1.15053025101091
0.00915541313801785	1.06507972838941	-1.4724956130312
-0.436408026245518	3.46074616617075	1.51827267872129
-3.25932707713436	4.98054474708171	1.64492256046387
-4.4785229266804	4.53498130769818	2.61539635309377
-4.11841000991836	5.52834363317311	2.06301976043336
-2.80003051804379	6.06088349736782	3.24254215304799
-4.02532997634852	2.74052033264668	2.42313267719539
-1.0101472495613	1.68917372396429	-0.714122224765393
-1.196307316701	-0.489814602883955	-0.205996795605402
-4.76386663614862	-1.76241702906844	-3.10215915159838
-6.59342336156252	-2.76188296330205	-2.62149996185245
-7.29686427100023	-3.41954680704967	-2.07522697795071
-6.62699320973526	-0.814831769283589	-3.07316700999466
-4.62653543907836	-2.31631952391852	-0.965896086060884
-3.83764400701915	-1.24361028458076	-2.20187685969329
-1.01930266269932	-1.93789578088045	-1.81582360570687
0.064087891966125	-4.44647898069734	-1.49080643930724
-0.305180437933928	-5.03089951934081	-2.56809338521401
-3.64538033112078	-7.74700541695277	-2.11642633707179
-4.86457618066682	-7.73327229724575	-4.19928282597086
-4.57160296025025	-7.67681391622797	-5.23079270618753
-2.12558175020981	-3.5736629282063	-2.42465857938506
-2.14541847867552	-0.643930724040589	-3.13115129320211
1.5030136568246	0.434882124055848	-0.416571297779812
2.22934309910735	2.78019378957809	0.633249408712901
-0.549324788281071	0.433356221866178	-1.10627908751049
-3.25780117494469	-1.76546883344778	-3.00144960708019
-4.21149004348821	-3.19829098954757	-5.61837186236362
-5.89150835431449	-3.56908522163729	-2.5787747005417
-3.247119859617	-0.546272983901732	-3.61181048294804
-1.28786144808118	1.05134660868238	-0.474555580987259
-0.242618448157473	1.58999008163577	1.23445487144274
-0.547798886091402	3.26543068589303	-0.685130083161669
-1.54879072251469	0.204470893415732	-1.57167925535973
-2.5986114290074	-2.34683756771191	-5.9159227893492
-5.30251010910201	-5.1468680857557	-7.93011367971313
-4.49683375295644	-7.54863813229572	-9.01350423437858
-4.84321355001144	-8.23682001983673	-11.4869916838331
-4.98359655146105	-8.17120622568093	-8.17425803006027
-0.622568093385214	-5.03852903028916	-6.21194781414511
-2.96177615014878	-4.53498130769818	-4.614328221561
-1.12153810940719	-2.45822842755779	-1.84328984512093
-0.321965362020295	-0.843823910887312	-0.0305180437933928
-1.19783321889067	-1.95162890058747	2.16830701152056
-0.341802090486	1.63118944075685	1.53047989623865
0.651560234988937	2.13015945677882	1.45723659113451
-2.00198367284657	0.122072175173571	0.796520943007553
-3.42259861142901	-0.868238345922026	-4.10620279240101
-3.78423743038071	-2.80613412680247	-5.18959334706645
-3.75371938658732	-2.87174792095827	-5.52834363317311
-3.10673685816739	-2.61234454871443	-5.13466086823835
-1.77157244220645	-0.364690623331044	-1.51979858091096
0.335698481727321	4.54718852521553	-2.13321126115816
-1.06965743495842	4.70740825513085	0.422674906538491
-0.294499122606241	5.29030289158465	0.741588464179446
0.657663843747616	4.31525139238575	1.42061493858244
3.09758144502937	1.5732051575494	0.756847486076142
2.7542534523537	-0.238040741588464	-2.97245746547646
2.20798046845197	-2.58640421149004	-2.69779507133593
0.886549172198062	-3.49584191653315	-5.76333257038224
-1.51064316777295	-5.24605172808423	-6.67277027542535
-1.36873426413367	-4.07263294422827	-4.05432211795224
-2.39871824216068	-2.02029449912261	-1.08796826123445
-3.25474937056535	-1.55031662470436	4.49835965514611
-1.90280003051804	0.0976577401388571	5.1972228580148
-1.3519493400473	-1.04829480430304	5.02327000839246
-0.740062561989776	-0.0274662394140536	5.67940794995041
3.22575722896162	0.29907682917525	0.9399557488365
2.92057679102769	-2.08285648889906	-1.42366674296178
0.962844281681544	-2.0859082932784	-4.40680552376593
-1.22529945830472	-2.74204623483635	-3.76287479972534
-3.09452964065003	-2.4979018844892	-1.98214694438087
-3.47905699244678	-0.0976577401388571	0.227359426260777
-2.20340276188296	3.88189517051957	4.05889982452125
0.935378042267491	8.11169604028382	5.59395742732891
0.993362325474937	8.42145418478676	5.37880521858549
-1.7242694743267	6.97795071335927	5.54970626382849
-3.86053253986419	5.91897459372854	1.86007476920729
-5.13923857480736	1.87075608453498	2.54215304798962
-6.70481422140841	-0.117494468604562	0.199893186846723
-4.65400167849241	-0.106813153276875	-2.05386434729534
-1.55031662470436	1.85549706263828	-1.04371709773404
-2.94499122606241	2.98619058518349	-4.49988555733577
-2.52994583047227	2.6993209735256	-2.93430991073472
-0.915541313801785	4.85084306095979	0.367742427710384
-1.23598077363241	4.91340505073625	4.97901884489204
0.627145799954223	6.72159914549477	9.09590295262074
1.3824673838407	8.16968032349126	9.58876935988403
-1.53963530937667	4.98359655146105	8.72510872053101
-0.628671702143893	5.62142366674296	6.32486457618067
-1.39009689478904	2.74814984359503	1.32448310063325
-3.25474937056535	0.0579842832074464	-1.39009689478904
-2.73136491950866	-0.401312275883116	-3.60112916762036
-0.866712443732357	0.337224383916991	-3.29442282749676
1.17952239261463	1.52742809185931	-3.61028458075837
2.3773556115053	1.01167315175097	-2.47653925383383
2.89158464942397	1.21919584954604	-0.389105058365759
5.02479591058213	4.35339894712749	2.28885328450446
4.15655756466011	4.17639429312581	5.87777523460746
1.73189898527504	3.71404592965591	3.78118562600137
1.33516441596094	2.62760357061112	1.78530556191348
2.1210040436408	-1.63424124513619	-0.573739223315785
1.43282215609979	-2.33157854581521	-4.6494239719234
-2.00350957503624	-5.83810177767605	-5.16365300984207
-2.46585793850614	-5.4032196536202	-5.92507820248722
-1.68612191958495	-6.30960555428397	-3.90173189898527
-0.0167849240863661	-4.44037537193866	1.07423514152743
2.85343709468223	0.987258716716259	4.39612420843824
4.6845197222858	1.25123979552911	7.52727550164034
3.39208056763561	1.49385824368658	7.30754558632792
0.677500572213321	1.06355382619974	7.27244983596551
1.03761348897536	-0.451667048142214	5.8457312886244
-1.09407186999313	-1.33974212252995	1.18867780575265
-1.03913939116503	-3.79644464789807	0.617990386816205
-2.42618448157473	-5.40627145799954	-3.51262684061952
-3.34630350194553	-6.39810788128481	-4.79133287556268
-3.64995803768978	-5.43526359960327	-4.59449149309529
-2.8549629968719	-3.52941176470588	-5.49477378500038
-2.7191577019913	-3.37682154573892	-1.5533684290837
0.0885023270008393	2.07980468451972	1.73495078965438
1.1306935225452	5.8808270389868	4.5487144274052
-1.4175631342031	4.85084306095979	5.09346150911727
-2.50858319981689	4.0009155413138	1.9653620202945
-1.24513618677043	2.81834134431983	1.64797436484321
-2.05844205386435	3.73235675593194	-0.437933928435187
-0.55542839703975	2.37277790493629	-0.898756389715419
0.485236896314946	1.25581750209812	-1.29243915465019
0.332646677347982	2.97093156328679	-2.16983291371023
1.196307316701	2.61997405966278	-0.89570458533608
3.07164110780499	5.21705958648051	0.967421988250553
0.923170824750134	4.3778133821622	1.76852063782712
2.1011673151751	5.59090562294957	4.51972228580148
3.82085908293278	8.58625162127108	6.58731975280384
2.72526131074998	5.70229648279545	7.67223620965896
0.164797436484321	4.79133287556268	5.8457312886244
-0.918593118181125	4.51819638361181	4.68909742885481
-3.43022812237736	3.1265735866331	2.31937132829786
-4.78675516899367	2.3071641107805	0.0717174029144732
-5.98764019226368	1.88754100862135	-0.0335698481727321
-6.26993209735256	-0.294499122606241	0.0473029678797589
-2.22934309910735	-1.85397116044862	0.178530556191348
0.21362630655375	-3.47142748149844	3.8452735179675
-0.122072175173571	-2.62149996185245	3.08232242313268
-0.550850690470741	-4.05889982452125	5.31166552224002
-1.09864957656214	-4.27405203326467	1.08339055466545
-1.95468070496681	-3.87884336614023	1.37178606851301
-0.137331197070268	-2.26749065384909	0.00305180437933928
-0.944533455405508	-0.650034332799268	-1.62508583199817
0.0717174029144732	1.17647058823529	0.807202258335241
3.81170366979477	3.55992980849927	1.22529945830472
3.08995193408103	3.1815060654612	3.45769436179141
0.735484855420768	0.616464484626535	3.74914168001831
2.14389257648585	2.42618448157473	4.84168764782177
0.601205462729839	1.5732051575494	7.19005111772335
1.16273746852827	3.78423743038071	6.0013733119707
3.1113145647364	5.53597314412146	7.11375600823987
1.38551918822004	6.57511253528649	9.8466468299382
4.81422140840772	10.7743953612573	9.60860608834974
2.26596475165942	8.77393759060044	9.09742885481041
-1.70138094148165	7.26024261844816	5.48256656748302
-1.65102616922255	4.75165941863127	4.50904097047379
-2.07675288014038	0.790417334248875	4.75928892957961
-3.71709773403525	0.2563515678645	0.958266575112535
-3.37224383916991	-0.990310521095598	2.1866178377966
-3.18913557640955	-1.29091325246052	1.02998397802701
-3.22117952239261	-0.747692072938125	2.84580758373388
-1.37788967727169	0.00305180437933928	5.10872053101396
-0.151064316777295	1.64034485389487	5.40932326237888
2.17746242465858	2.15304798962387	6.40726329442283
1.69680323491264	1.196307316701	4.49530785076677
1.56862745098039	3.10215915159838	5.36964980544747
2.31021591515984	4.30457007705806	3.04570077058061
1.8951705195697	2.8198672465095	0.752269779507134
1.43892576485847	1.24208438239109	2.32852674143587
4.65705348287175	2.21713588158999	0.669871061264973
6.45761806668193	3.23491264209964	2.43991760128176
7.38078889143206	1.62966353856718	3.51873044937819
5.61226825360494	1.90585183489738	3.30052643625544
6.19668879224842	2.19577325093462	7.06797894254978
7.10917830167086	2.31937132829786	7.20225833524071
3.22575722896162	-0.149538414587625	5.73434042877852
1.9851987487602	-1.84176394293126	4.14129854276341
2.44754711223011	-0.00762951094834821	2.0660715648127
2.34073395895323	-1.00404364080262	3.22270542458228
-0.593575951781491	-1.54116121156634	2.36057068741894
-0.959792477302205	-3.22117952239261	0.335698481727321
-0.164797436484321	-1.83871213855192	1.01472495613031
0.186160067139696	0.320439459830625	2.2720683604181
0.526436255436027	0.352483405813687	4.81879911497673
0.822461280231937	1.367208361944	5.49324788281071
2.15762569619287	-0.842298008697642	5.47493705653468
3.64538033112078	0.645456626230259	8.44281681544213
4.95918211642634	1.95773250934615	4.78675516899367
4.26642252231632	0.103761348897536	5.21553368429084
5.36659800106813	2.4628061341268	3.55535210193027
6.31570916304265	4.89509422446021	5.20637827115282
5.61837186236362	3.55687800411994	4.21454184786755
5.59090562294957	4.07721065079728	1.63118944075685
5.38185702296483	3.02128633554589	2.41092545967803
3.21049820706493	1.96078431372549	-0.494392309452964
0.247196154726482	0.836194399938964	-2.5833524071107
-1.28328374151217	-1.96688792248417	-1.87228198672465
-2.4277103837644	-2.65506981002518	-4.74250400549325
-2.95109483482109	-6.20431830319677	-4.81879911497673
-3.38902876325628	-6.09292744335088	-6.43930724040589
-1.99588006408789	-5.68551155870909	-3.59807736324102
-1.2314030670634	-5.49629968719005	-2.45059891660945
-1.39772640573739	-2.48111696040284	-3.66826886396582
0.708018616006714	-2.24612802319371	-1.27565423056382
0.993362325474937	0.650034332799268	-1.96078431372549
1.27412832837415	-0.55390249485008	-2.392614633402
3.28679331654841	-0.665293354695964	-1.0406652933547
2.27969787136645	-0.772106507972839	-2.2568093385214
2.50858319981689	-2.27817196917678	-1.8097199969482
5.32692454413672	-2.17898832684825	-0.479133287556268
6.81620508125429	-1.89059281300069	-0.799572747386893
4.35645075150683	-2.66269932097353	0.990310521095598
1.73952849622339	-1.37178606851301	-1.96078431372549
-1.60524910353246	-1.82345311665522	-0.85297932402533
-0.291447318226902	0.914015411612116	-1.2664988174258
-0.445563439383536	3.20439459830625	-1.03150988021668
1.61287861448081	5.0263218127718	0.326543068589303
4.55481803616388	6.37521934843977	0.314335851071946
7.62645914396887	7.46623941405356	5.71755550469215
8.21240558480201	6.96269169146258	4.16266117341878
6.72465094987411	6.27756160830091	3.68505378805219
8.23376821545739	4.8203250171664	4.11841000991836
9.16762035553521	5.12855725947967	1.36110475318532
4.82642862592508	4.50598916609445	2.46433203631647
5.02174410620279	5.22011139085985	0.437933928435187
4.29694056610971	3.91851682307164	0.405889982452125
2.96940566109712	1.5732051575494	1.26039520866712
3.76440070191501	2.30106050202182	0.413519493400473
2.47653925383383	-0.0656137941557946	1.51522087434195
5.15144579232471	1.17036697947662	1.04371709773404
5.65499351491569	0.544747081712062	-0.157167925535973
4.78217746242466	-0.715648126955062	1.34279392690929
1.94552529182879	-0.787365529869535	0.102235446707866
0.944533455405508	-0.541695277332723	0.601205462729839
0.973525597009232	0.329594872968643	0.354009308003357
1.93942168307012	1.33516441596094	2.18051422903792
3.97039749752041	1.91805905241474	2.53299763485161
5.86861982146944	3.0106050202182	1.06813153276875
4.51667048142214	0.558480201419089	1.01625085831998
3.96124208438239	-0.196841382467384	-2.31937132829786
2.08743419546807	0.352483405813687	-3.77660791943236
2.04013122758831	0.679026474402991	-2.41550316624704
3.48516060120546	5.16823071641108	-2.13168535896849
5.83657587548638	4.06500343327993	0.0579842832074464
7.26939803158618	4.7699702449073	1.17341878385595
5.88235294117647	2.90989547570001	1.51064316777295
4.60212100404364	0.5981536583505	1.46334019989319
3.12962539101244	0.480659189745937	-1.49385824368658
1.46181429770352	0.323491264209964	1.22377355611505
3.5538261997406	2.65201800564584	0.46845197222858
3.34325169756619	4.60059510185397	1.91958495460441
4.17639429312581	3.47600518806744	4.10620279240101
5.72976272220951	2.99839780270085	1.20851453421836
6.09903105210956	1.33363851377127	1.20393682764935
7.26787212939651	0.692759594110018	0.534065766384375
6.59800106813153	0.402838178072786	0.741588464179446
7.18699931334401	0.308232242313268	2.10269321736477
4.67841611352712	1.56710154879072	0.755321583886473
4.61127641718166	-1.18562600137331	3.06706340123598
4.29694056610971	-0.0549324788281071	2.05233844510567
