16.8535896849012	14.9980926222629	3.0960555428397
15.0820172426947	12.3216601815824	2.5833524071107
11.635004196231	9.80392156862745	1.3015945677882
9.40260929274434	9.13099870298314	0.602731364919509
7.1427481498436	8.42603189135576	0.610360875867857
5.5390249485008	8.41535057602808	0.242618448157473
4.09246967269398	5.31319142442969	-0.344853894865339
2.87479972533761	2.96482795452811	-0.480659189745937
4.53955901426719	3.32799267566949	0.0488288700694285
4.66315709163043	3.47142748149844	0.473029678797589
5.51766231784543	5.01411459525444	0.138857099259937
6.323338673991	4.53040360112917	0.175478751812009
6.19363698786908	6.0318913557641	-0.0915541313801785
5.54512855725948	7.09697108415351	0.630197604333562
6.44846265354391	7.41741054398413	3.05943389028763
8.08117799649042	9.57656214236667	5.01258869306477
8.99977111467155	11.1070420386053	5.810635538262
12.0851453421836	15.2681773098344	8.06897077897307
11.8684672312505	17.2411688410773	7.56389715419242
13.5393301289387	18.4359502555886	7.29228656443122
13.4950789654383	18.9959563591974	4.91035324635691
13.5179674982834	18.9196612497139	4.51209277485313
12.7016098268101	19.7680628671702	3.82391088731212
11.1985961699855	18.8540474555581	3.47295338368811
10.0587472343023	17.8057526512551	2.26138704509041
8.32837415121691	18.2406347753109	1.57930876630808
5.67788204776074	16.3775082017243	1.52132448310063
4.48615243762875	13.4721904325933	0.89417868314641
3.44243533989471	12.1141374837873	1.22987716487373
4.14435034714275	11.1070420386053	1.60982681010147
6.08072022583352	9.84054322117952	1.65255207141222
7.7454795147631	9.28511482413977	1.72121766994736
8.92042420080873	9.20881971465629	1.29396505683986
8.70222018768597	7.37315938048371	-0.622568093385214
7.86449988555734	4.29541466392004	-0.915541313801785
6.57053482871748	4.18860151064317	-1.02845807583734
5.27809567406729	3.78881513694972	1.72579537651637
5.47035934996567	4.91950865949493	1.97604333562219
6.56900892652781	8.05981536583505	4.81574731059739
6.71702143892576	11.4824139772641	5.59548332951858
6.84214541847868	13.4126802471962	6.2882429236286
6.93064774547952	14.4747081712062	5.77096208133059
8.55725947966735	14.9767299916075	4.22064545662623
9.22255283436332	16.1394674601358	2.88242923628595
10.5592431525139	16.7101548790723	1.40993362325475
11.6731517509728	17.2823682001984	0.920119020370794
11.5754940108339	16.932936598764	0.0686655985351339
12.651255054551	18.3718623636225	0.102235446707866
12.2133211261158	17.7431906614786	-1.33516441596094
12.4864576180667	16.572823682002	-0.98268101014725
12.9549095902953	17.2945754177157	-0.81025406271458
11.5953307392996	16.2050812542916	-0.622568093385214
10.3181506065461	15.025558861677	1.04219119554437
9.67879758907454	12.7168688487068	2.18356603341726
7.23430228122377	10.4585336079957	2.11947814145113
6.47592889295796	9.04097047379263	3.26848249027237
5.62294956893263	6.81010147249561	3.37529564354925
4.0665293354696	4.956130312047	3.54467078660258
4.46021210040436	2.392614633402	2.60624093995575
3.34172579537652	3.82238498512245	3.10521095597772
4.55329213397421	5.87014572365911	4.12909132524605
4.82948043030442	6.22873273823148	4.12451361867704
6.01968413824674	5.91287098496986	3.27458609903105
6.92607003891051	5.98458838788434	4.10009918364233
6.58884565499351	2.02182040131228	2.34378576333257
6.43930724040589	1.67849240863661	0.819409475852598
8.73731593804837	4.83100633249409	2.36667429617762
8.39246204318303	7.08171206225681	2.41550316624704
9.84206912336919	11.7174029144732	2.71610589761196
9.11116197451743	12.3887998779278	3.588921950103
10.0328068970779	12.0531013962005	3.32341496910048
6.12039368276493	7.51354238193332	2.53910124361028
4.67078660257877	6.21805142290379	2.75577935454337
4.75318532082094	5.96932936598764	2.80918593118181
3.87121385519188	4.19623102159152	1.89059281300069
2.31479362172885	2.50400549324788	0.674448767833982
4.3076218814374	4.07721065079728	0.0137331197070268
5.68093385214008	5.11635004196231	0.106813153276875
7.20836194399939	7.50133516441596	0.714122224765393
6.75211718928817	7.90875104905776	1.09712367437247
7.19462882429236	8.66102082856489	1.59456778820478
6.51255054551003	8.47791256580453	2.52231631952392
6.79636835278859	7.64782177462425	2.67032883192187
5.60769054703593	7.81872281986725	3.18913557640955
5.99221789883268	7.86755168993667	4.36713206683452
5.6748302433814	8.71747920958266	3.19523918516823
5.32997634851606	8.51148241397726	2.48264286259251
4.22674906538491	6.77347981994354	0.108339055466545
5.43526359960327	4.6341649500267	-2.13015945677882
7.21904325932708	5.39711604486152	-0.910963607232776
9.60708018616007	6.59647516594186	-1.81734950789654
10.5226214999619	8.25970855268177	-1.15053025101091
10.2082856488899	9.83443961242084	-0.250247959105821
11.2199588006409	10.1686121919585	1.37026016632334
11.1848630502785	11.5892271305409	2.55741206988632
9.30647745479515	12.6588845654994	2.50247959105821
8.17883573662928	11.7433432516976	3.49889372091249
8.69611657892729	13.168535896849	2.51163500419623
6.45304036011292	10.1640344853895	-0.881971465629053
4.86457618066682	7.49980926222629	-1.99740596627756
3.46379797055009	4.59296559090562	-4.48310063324941
0.997940032043946	-1.22529945830472	-5.61989776455329
-1.24818799114977	-4.17639429312581	-6.72465094987411
-3.65453574425879	-8.6152437628748	-7.90264744029908
-5.42763408865492	-12.1004043640803	-7.6554512855726
-5.54055085069047	-14.355687800412	-8.00640878919661
-5.32082093537804	-15.7732509346151	-7.80041199359121
-4.75623712520027	-16.0677500572213	-8.207827878233
-4.50598916609445	-16.3469901579309	-9.77492942702373
-4.70588235294118	-16.8474860761425	-10.1930266269932
-5.8655680170901	-16.235599298085	-10.5088883802548
-5.64278629739834	-17.445639734493	-12.3735408560311
-4.52735179674983	-15.4268711375601	-11.2993057145037
-3.0106050202182	-12.2453650720989	-10.1686121919585
-1.95773250934615	-9.72152285038529	-10.5653467612726
2.32852674143587	-4.97138933394369	-10.0373846036469
2.98161287861448	-2.44144350347143	-8.93263141832609
3.68505378805219	-2.54215304798962	-10.5928130006867
3.80407415884642	-2.20340276188296	-10.6080720225834
3.8803692683299	-0.0991836423285267	-9.10658426794842
4.64789806973373	2.62455176623178	-7.90569924467842
4.43427176317998	3.20286869611658	-5.33913176165408
4.272526131075	3.99023422598611	-2.55436026550698
2.65659571221485	4.30304417486839	-0.547798886091402
2.6138704509041	1.56557564660105	0.138857099259937
1.83718623636225	0.926222629129473	0.143434805828946
1.21004043640803	1.0406652933547	-0.460822461280232
2.27664606698711	4.13824673838407	0.393682764934768
1.86923018234531	2.98008697642481	-0.46997787441825
3.73540856031128	3.85442893110552	-0.479133287556268
4.03906309605554	4.272526131075	0.476081483176928
2.05996795605402	-0.492866407263294	-1.23598077363241
0.349431601434348	-3.71252002746624	-3.04875257495994
-0.875867856870375	-6.59647516594186	-3.45464255741207
-2.77103837644007	-6.69108110170138	-2.76798657206073
-3.4531166552224	-5.11024643320363	-2.65659571221485
-2.99382009613184	-4.37476157778286	-1.10933089188983
-2.06301976043336	-2.11642633707179	-0.762951094834821
0.532539864194705	0.311284046692607	-1.17189288166629
1.88448920424201	0.202944991226062	-2.01419089036393
3.4882124055848	-0.241092545967803	-3.64538033112078
5.61226825360494	1.30617227435721	-3.87426565957122
6.19516289005875	1.95925841153582	-4.80354009308003
5.85793850614176	0.837720302128634	-6.0318913557641
5.76333257038224	0.442511635004196	-4.91340505073625
5.03700312809949	-0.880445563439384	-6.01205462729839
3.70794232089723	-1.4023041123064	-5.34676127260243
3.33714808880751	-1.26192111085679	-5.55123216601816
2.61081864652476	-0.627145799954223	-5.68856336308843
1.22682536049439	-1.03150988021668	-5.16060120546273
1.66170748455024	-1.26802471961547	-5.26588845654994
0.720225833524071	-2.01724269474327	-4.15045395590143
1.33821622034028	-2.03707942320897	-2.51010910200656
1.43282215609979	-1.61745632104982	-0.347905699244678
1.8097199969482	0.4272526131075	1.23903257801175
2.28732738231479	2.54062714579995	0.988784618905928
3.23491264209964	3.17235065232319	1.2466620889601
3.28984512092775	2.66727702754253	-0.460822461280232
3.0060273136492	3.10368505378805	-0.502021820401312
2.1866178377966	4.32440680552377	0.590524147402152
1.47402151522087	4.64179446097505	0.0183108262760357
0.672922865644312	4.46631570916304	0.463874265659571
0.439459830624857	5.82894636453803	0.0930800335698482
2.56046387426566	7.36705577172503	-0.184634164950027
3.53246356908522	5.7755397878996	-1.57625696192874
3.72014953841459	4.31219958800641	-4.09704737926299
4.2374303807126	3.49584191653315	-5.00801098649577
5.06904707408255	2.09201190203708	-5.24147402151522
3.24254215304799	-1.18715190356298	-6.77500572213321
1.88754100862135	-4.09246967269398	-5.72213321126116
0.285343709468223	-6.34012359807736	-4.86762798504616
-1.5533684290837	-9.45601586938277	-5.16365300984207
-3.2822156099794	-9.570458533608	-4.92866407263294
-3.49126420996414	-10.4737926298924	-6.60563057907988
-3.59807736324102	-8.56031128404669	-7.519645990692
-3.43022812237736	-6.57511253528649	-8.26886396581979
-2.58487830930037	-5.99374380102235	-8.89295796139467
-1.63729304951553	-4.48462653543908	-8.6305027847715
-1.2817578393225	-4.07568474860761	-8.30701152056153
-2.25833524071107	-5.68093385214008	-8.21698329137102
-2.40939955748836	-8.04760814831769	-8.14526588845655
-3.97955291065843	-9.50179293507286	-8.23682001983673
-2.98771648737316	-9.56588082703899	-7.348744945449
-1.92416266117342	-8.63660639353017	-5.4032196536202
-1.30617227435721	-6.5995269703212	-3.39360646982528
0.643930724040589	-2.63523308155947	-0.477607385366598
2.76188296330205	1.20698863202869	1.44960708018616
3.57671473258564	3.92919813839933	2.40024414435035
2.78171969176776	4.30609597924773	2.16678110933089
3.68352788586252	3.13725490196078	1.95773250934615
4.75471122301061	3.97344930189975	2.6642252231632
5.5542839703975	3.23338673990997	2.74052033264668
4.96833752956436	1.87685969329366	1.93636987869078
5.07820248722057	0.909437705043107	1.34279392690929
4.54718852521553	-0.204470893415732	0.756847486076142
2.81528953994049	-0.921644922560464	-0.247196154726482
2.08133058670939	-2.30411230640116	-0.16937514305333
0.0991836423285267	-4.7348744945449	-0.715648126955062
0.209048599984741	-7.20073243305104	-1.28938735027085
-0.668345159075303	-8.45044632639048	-1.15510795757992
-1.27260242618448	-9.37056534676127	-1.73800259403372
-2.90684367132067	-11.9050888838025	-1.12764171816587
-2.71000228885328	-11.787594415198	-1.52895399404898
-3.47905699244678	-10.7927061875334	-2.07827878233005
-2.39871824216068	-10.434119172961	-2.6642252231632
-1.51827267872129	-8.82734416723888	-3.69878690775921
-1.09712367437247	-8.53894865339132	-4.33508812085145
-0.772106507972839	-7.11528191042954	-3.80560006103609
-0.814831769283589	-5.50850690470741	-4.33966582742046
0.341802090486	-4.614328221561	-4.34119172961013
1.41603723201343	-0.923170824750134	-3.82696269169146
1.53963530937667	1.84939345387961	-3.27153429465171
3.59197375448234	7.14579995422293	-2.06912336919203
4.5838101777676	10.5424582284276	-0.814831769283589
5.40016784924086	12.4116884107729	0.25482566567483
6.22873273823148	12.9045548180362	-0.63782711528191
5.93728542000458	13.4584573128862	1.08491645685512
8.06134126802472	13.0769817654688	2.28732738231479
8.38025482566568	11.4061188677806	3.45922026398108
7.80651560234989	9.82986190585184	4.33813992523079
6.1219195849546	7.88891432059205	4.443427176318
4.28931105516136	3.94598306248569	2.95262073701076
-0.183108262760357	0.831616693369955	1.62203402761883
-2.46890974288548	-1.49080643930724	0.112916762035554
-3.22423132677195	-4.28931105516136	0.402838178072786
-4.17792019531548	-6.12039368276493	-0.770580605783169
-5.61379415579461	-7.76684214541848	-1.71511406118868
-4.92408636606394	-7.15800717174029	-1.55184252689403
-5.0919356069276	-5.84267948424506	-0.89417868314641
-5.11940184634165	-4.45716029602502	-0.289921416037232
-4.46173800259403	-2.19577325093462	0.386053253986419
-5.47951476310369	-3.63012130922408	0.372320134279393
-3.96276798657206	-4.60975051499199	0.181582360570687
-4.78217746242466	-7.177843900206	-1.57625696192874
-3.55077439536126	-9.31563286793317	-2.59555962462806
-2.23544670786603	-8.64423590447852	-2.00656137941558
-1.27870603494316	-6.28976882581826	-0.923170824750134
0.358587014572366	-1.97604333562219	0.224307621881437
1.03150988021668	2.18814373998627	2.50858319981689
1.0452429999237	5.96932936598764	4.62653543907836
1.39772640573739	8.7663080796521	4.94239719233997
0.927748531319142	9.37361715114061	4.60364690623331
3.0914778362707	10.582131685359	3.79644464789807
3.95971618219272	10.9391927977417	2.78934920271611
5.55123216601816	11.284046692607	2.50247959105821
7.31364919508659	11.7586022735943	2.06149385824369
9.12184328984512	10.1823453116655	2.51468680857557
8.28412298771649	7.54711223010605	2.0355535210193
7.2480354009308	4.63721675440604	1.196307316701
6.19668879224842	1.83260852979324	1.88754100862135
4.33661402304112	-0.703440909437705	2.02182040131228
1.26497291523613	-2.39108873121233	3.29289692530709
-1.41451132982376	-4.43274586099031	3.92156862745098
-4.71503776607919	-8.73273823147936	2.90989547570001
-7.86449988555734	-14.6654459449149	0.535591668574044
-9.18287937743191	-17.7141985198749	-2.52384222171359
-9.85275043869688	-20.6805523765927	-5.21858548867018
-10.1487754634928	-21.6769665064469	-6.69413290608072
-10.0862134737163	-21.8173495078965	-8.05371175707637
-9.73983367666133	-20.7812619211109	-7.98962386511025
-8.11627374685283	-17.3098344396124	-7.98657206073091
-6.19211108567941	-13.9696345464256	-6.32486457618067
-4.42359044785229	-8.62745098039216	-5.43984130617227
-1.86770428015564	-3.96124208438239	-4.38544289311055
-0.782787823300526	-1.3870450904097	-3.87121385519188
0.0259403372243839	-0.0762951094834821	-3.70336461432822
0.0839246204318303	-1.54268711375601	-3.10826276035706
0.421149004348821	-3.03807125963226	-3.22728313115129
1.14290074006256	-3.67589837491417	-2.85954070344091
1.14747844663157	-3.5736629282063	-1.95315480277714
-2.09658960860609	-6.48661020828565	-3.24406805523766
-6.99778744182498	-9.98855573357748	-4.42206454566262
-10.5653467612726	-14.6364538033112	-6.11276417181659
-15.4283970397498	-19.851987487602	-7.61425192645151
-19.1775387197681	-21.7959868772412	-8.03997863736934
-20.1159685664149	-22.1316853589685	-7.33958953231098
-18.974593728542	-20.1586938277256	-7.42656595712215
-18.471046005951	-17.3113603418021	-6.1173418783856
-15.2758068207828	-12.5688563363088	-4.67383840695811
-10.6569008926528	-8.40009155413138	-2.57572289616236
-7.45250629434653	-3.25932707713436	-0.860608834973678
-4.06805523765927	-0.701915007248035	1.23598077363241
-0.964370183871214	1.90585183489738	2.59250782024872
0.138857099259937	2.23544670786603	2.73594262607767
0.201419089036393	1.13984893568322	2.60624093995575
0.306706340123598	2.26443884946975	1.83566033417258
0.244144350347143	2.70695048447395	1.7441062027924
-0.247196154726482	1.96841382467384	0.331120775158312
-2.27664606698711	0.102235446707866	-0.790417334248875
-2.4124513618677	-2.39719233997101	-1.05897611963073
-2.50858319981689	-3.78881513694972	-1.27412832837415
-3.46379797055009	-6.67582207980468	-2.05844205386435
-2.21255817502098	-6.65751125352865	-2.81528953994049
-1.5228503852903	-5.981536583505	-3.6392767223621
-1.19478141451133	-6.75974670023651	-5.07209887846189
-1.75478751812009	-7.81261921110857	-6.35690852216373
-4.52277409018082	-10.9819180590524	-6.58274204623484
-7.38078889143206	-13.0205233844511	-5.83352407110704
-9.42854962996872	-13.2890821698329	-3.16319523918517
-11.0078583962768	-12.3430228122377	-0.141908903639277
-11.5220874341955	-9.35225452048524	1.6586556801709
-10.1350423437858	-5.60311284046693	2.78324559395743
-7.37010757610437	-2.05233844510567	2.1866178377966
-4.23895628290227	0.410467689021134	-0.12970168612192
-1.79293507286183	-0.875867856870375	-3.47447928587778
0.448615243762875	-3.07316700999466	-7.03440909437705
1.61593041886015	-5.09803921568627	-8.6655985351339
1.59304188601511	-6.02883955138476	-9.4193942168307
0.569161516746777	-7.55626764324407	-9.90768291752499
-1.45113298237583	-10.2189669642176	-8.87464713511864
-2.57267109178302	-11.1924925612268	-7.49370565346761
-4.07873655298695	-14.04135194934	-5.32997634851606
-4.74708171206226	-18.1597619592584	-5.12550545510033
-5.07209887846189	-19.9664301518273	-3.57518883039597
-8.18188754100862	-21.9653620202945	-3.18455786984054
-8.78156710154879	-21.6800183108263	-2.77866788738842
-10.3852903028916	-21.5396353093767	-3.34630350194553
-11.113145647364	-20.2365148393988	-3.41344319829099
-9.8268101014725	-18.6388952468147	-3.88799877927825
-9.46517128252079	-18.3642328526741	-3.66521705958648
-8.56794079499504	-18.443579766537	-4.61890592813001
-10.1579308766308	-20.1968413824674	-3.83611810482948
-10.9849698634318	-20.0900282291905	-3.64538033112078
-12.2438391699092	-20.7934691386282	-1.77767605096513
-13.1929503318837	-19.977111467155	0.0610360875867857
-11.8348973830777	-15.4985885404746	2.563515678645
-11.9249256122683	-12.9198138399329	4.60364690623331
-10.0984206912337	-8.99366750591287	6.45609216449226
-7.91790646219577	-6.69108110170138	8.29327840085451
-7.18394750896468	-3.48668650339513	9.10200656137942
-4.9912260624094	-1.04829480430304	9.30800335698482
-3.13267719539178	-0.250247959105821	9.01045242999924
-1.23750667582208	1.80666819256886	7.46471351186389
0.677500572213321	1.86770428015564	5.37727931639582
3.35088120851453	1.93331807431144	4.36102845807584
5.29335469596399	2.54673075455863	2.96635385671778
4.55939574273289	-0.0610360875867857	1.91195544365606
2.35599298084993	-2.40482185091936	-0.372320134279393
0.494392309452964	-4.443427176318	-1.89211871519036
-1.84939345387961	-6.7353322652018	-2.79240100709545
-2.42465857938506	-8.203250171664	-3.14030670634012
-4.56549935149157	-9.10048065918975	-2.74509803921569
-3.45922026398108	-7.17631799801633	-3.31425955596246
-2.41092545967803	-4.14587624933242	-2.36362249179828
-2.70237277790494	-2.73136491950866	-2.02029449912261
-0.224307621881437	0.462348363469902	-1.17036697947662
-0.418097199969482	1.69832913710231	-0.230411230640116
-0.221255817502098	3.25017166399634	0.216678110933089
-0.0244144350347143	3.16014343480583	-0.167849240863661
-0.239566643778134	2.55130846112764	-1.46639200427253
0.566109712367437	2.87937743190661	-3.08537422751202
0.370794232089723	1.43434805828946	-2.20187685969329
0.912489509422446	1.21309224078737	-2.1210040436408
0.370794232089723	0.108339055466545	-2.82597085526818
-1.82650492103456	-2.50858319981689	-1.96688792248417
-3.0411230640116	-4.77302204928664	-2.39719233997101
-4.15808346684978	-5.81826504921035	-2.19424734874495
-5.75722896162356	-7.1625848783093	-1.57930876630808
-6.91844052796216	-8.63355458915083	-1.94857709620813
-5.43984130617227	-7.0771343556878	-2.02792401007095
-5.0263218127718	-4.37476157778286	-1.06507972838941
-2.92362859540703	-1.12306401159686	0.932326237888151
-1.29091325246052	-0.167849240863661	1.94094758525978
0.483710994125277	1.31227588311589	2.99534599832151
0.498970016021973	2.04623483634699	3.68200198367285
-0.813305867093919	1.04219119554437	2.8900587472343
-1.15663385976959	-1.65255207141222	0.813305867093919
-1.30006866559854	-3.21660181582361	-0.120546272983902
-2.29037918669413	-6.72922865644312	-0.271610589761196
-2.55130846112764	-7.08476386663615	-0.399786373693446
-2.9755092698558	-6.48661020828565	-0.204470893415732
-3.21049820706493	-5.59395742732891	-1.11543450064851
-2.40634775310903	-3.05333028152895	-1.68001831082628
0.198367284657053	1.2115663385977	-1.55184252689403
2.10574502174411	2.33157854581521	-3.60418097199969
3.86358434424353	4.13977264057374	-4.66773479819944
5.95864805065995	8.00488288700694	-2.89463645380331
6.89250019073777	9.0928511482414	-1.45723659113451
6.76737621118486	10.9697108415351	-0.375371938658732
7.31975280384527	14.4304570077058	2.29037918669413
6.60105287251087	14.6349279011215	1.42519264515145
5.94491493095293	13.5942626077668	1.80819409475853
5.52224002441443	13.141069657435	1.4877546349279
4.76539253833829	10.263218127718	0.114442664225223
4.0009155413138	6.46982528419928	1.30617227435721
5.03395132372015	4.41443503471428	0.531013962005035
4.94544899671931	3.05027847714961	0.265506981002518
4.5792324711986	4.36408026245518	0.947585259784848
5.03089951934081	5.639734493019	1.70290684367132
6.12802319371328	8.56031128404669	3.57213702601663
6.1020828564889	12.1889066910811	6.07461661707485
5.06599526970321	13.0663004501411	7.83550774395361
5.34676127260243	14.5143816281376	8.12542915999084
5.16517891203174	14.5586327916381	7.98352025635157
4.59754329747463	12.3521782253758	6.82688639658198
5.16060120546273	9.9824521248188	5.28572518501564
4.8355840390631	7.52117189288167	4.3579766536965
6.04867627985046	5.89913786526284	3.67742427710384
6.35538261997406	4.84473945220111	2.58182650492103
5.89913786526284	3.18303196765087	1.21766994735637
6.67124437323568	1.98214694438087	-0.119020370794232
5.29945830472267	-0.325017166399634	-1.26802471961547
4.75318532082094	-0.933852140077821	-1.91042954146639
4.06958113984894	-1.88296330205234	-2.85801480125124
3.588921950103	-2.8198672465095	-2.28885328450446
4.21149004348821	-0.245670252536812	-1.77767605096513
5.62905317769131	0.497444113832303	-1.60524910353246
4.94392309452964	0.21362630655375	-2.10727092393378
4.614328221561	0.323491264209964	-1.9653620202945
3.60570687418936	1.82192721446555	-1.21309224078737
5.96475165941863	5.26894026092927	0.418097199969482
5.981536583505	7.53490501258869	2.22629129472801
7.54863813229572	9.14015411612116	3.24101625085832
8.55573357747768	9.59487296864271	3.33714808880751
7.59136339360647	7.90722514686809	3.58434424353399
7.64782177462425	6.41794460975052	2.90989547570001
6.89250019073777	4.97291523613336	2.24460212100404
5.78927290760662	5.84115358205539	3.30815594720378
5.68398565651942	6.98405432211795	3.5034714274815
4.95460440985733	7.62340733958953	3.46990157930877
6.30045014114595	8.47333485923552	3.26237888151369
5.75265125505455	8.43518730449378	4.32135500114443
5.70077058060578	6.27756160830091	2.2568093385214
5.85641260395209	5.6244754711223	2.72831311512932
6.24399176012818	5.8457312886244	2.71763179980163
6.43625543602655	7.00846875715267	2.10269321736477
5.27046616311894	7.74242771038376	2.19577325093462
4.3427176317998	8.77851529716945	1.60372320134279
4.1718165865568	9.80544747081712	2.07675288014038
3.57671473258564	8.78004119935912	2.31937132829786
3.20134279392691	9.30800335698482	1.28786144808118
2.25833524071107	6.51560234988937	0.564583810177768
3.86663614862287	5.46730754558633	-0.12664988174258
5.04005493247883	5.87319752803845	-1.08033875028611
5.17586022735943	3.39818417639429	-2.74662394140536
6.34775310902571	4.48310063324941	-2.6337071793698
7.61730373083085	5.96322575722896	-2.31631952391852
7.67833981841764	9.11573968108644	-1.95773250934615
7.15037766079194	12.3353933012894	-0.842298008697642
7.87975890745403	14.378576333257	0.93690394445716
7.63408865491722	17.1923399710079	2.83054856183719
6.66971847104601	17.7996490424964	4.45716029602502
6.68802929732204	18.3352407110704	5.20027466239414
6.32944228274968	17.2411688410773	5.03395132372015
5.1972228580148	16.2035553521019	5.66872663462272
5.42153047989624	18.2223239490349	6.83146410315099
6.86503395132372	20.1419089036393	6.72617685206378
8.52521553368429	21.1688410772869	8.37109941252766
9.33089188982986	19.6459906919966	7.690547035935
8.71900511177233	17.2091248950942	7.83398184176394
7.58831158922713	16.2478065156023	6.66819256885634
6.19516289005875	13.5133897917144	5.69924467841611
4.66926070038911	10.8110170138094	4.19165331502251
4.04974441138323	10.3013656824598	2.37125200274662
4.07721065079728	9.53688868543526	2.10574502174411
3.28068970778973	8.03997863736934	0.666819256885634
3.41496910048066	4.61280231937133	-0.332646677347982
3.75829709315633	3.05180437933928	-0.363164721141375
2.96025024795911	0.109864957656214	-1.91653315022507
3.13878080415045	-3.82848859388113	-2.71152819104295
3.41191729610132	-4.272526131075	-3.29442282749676
3.03807125963226	-5.22011139085985	-3.56603341725795
1.61135271229114	-3.57518883039597	-2.44449530785077
1.99740596627756	0.421149004348821	-0.978103303578241
2.905317769131	4.27557793545434	-0.0320439459830625
1.76241702906844	4.92256046387427	0.527962157625696
0.831616693369955	5.32234683756771	1.53658350499733
0.753795681696803	7.75005722133211	2.45822842755779
0.506599526970321	10.1426718547341	2.8900587472343
-0.498970016021973	11.3206683451591	3.91699092088197
-0.0167849240863661	12.97932402533	3.15098802166781
0.189211871519036	13.2158388647288	3.51873044937819
1.1459525444419	14.2412451361868	3.9810788128481
3.48973830777447	15.8190280003052	3.6743724727245
4.41138323033494	17.5417715724422	4.86610208285649
6.3431754024567	18.2177462424659	4.69825284199283
6.19516289005875	18.115510795758	4.54413672083619
5.3177691309987	14.9385824368658	2.43228809033341
4.4632639047837	10.5638208590829	0.624093995574884
2.14694438086519	4.36713206683452	-2.07370107576104
2.56198977645533	1.04219119554437	-2.65506981002518
0.605783169298848	-0.668345159075303	-1.9851987487602
0.209048599984741	-1.27107652399481	-1.22224765392538
-0.0747692072938125	-0.953688868543526	0.679026474402991
0.193789578088045	-2.83665217059586	1.91195544365606
0.471503776607919	-0.407415884641794	2.09048599984741
3.07469291218433	1.36415655756466	3.14793621728847
4.01464866102083	2.17441062027924	2.93430991073472
5.46272983901732	5.23994811932555	3.40581368734264
5.14229037918669	4.6494239719234	3.41649500267033
4.58686198214694	5.18654154268711	4.51514457923247
3.0258640421149	4.4083314259556	5.14534218356603
2.04928664072633	5.4337376974136	6.26077668421454
1.86007476920729	5.29335469596399	7.36705577172503
1.16731517509728	6.45304036011292	7.60662241550317
1.54573891813535	6.72465094987411	6.54001678492409
0.167849240863661	4.60975051499199	5.33913176165408
1.66781109330892	3.92004272526131	3.96276798657206
1.22835126268406	2.89463645380331	3.82696269169146
1.1261158159762	0.502021820401312	2.09658960860609
1.61135271229114	-0.242618448157473	0.988784618905928
0.840772106507973	-2.43686579690242	-0.988784618905928
0.613412680247196	-4.4785229266804	-3.40733958953231
0.486762798504616	-4.67689021133745	-3.59502555886168
-0.505073624780652	-6.52475776302739	-3.3524071107042
-0.248722056916152	-6.24399176012818	-4.04211490043488
-2.23392080567636	-7.20836194399939	-3.61943999389639
-1.62050812542916	-7.84008545052262	-3.31578545815213
-1.41603723201343	-5.77401388570993	-3.61638818951705
0.186160067139696	-4.41748683909361	-2.86106660563058
-0.0305180437933928	-3.17540245670253	-3.57976653696498
0.0381475547417411	-2.01113908598459	-2.51010910200656
0.0244144350347143	-1.47554741741054	-1.8097199969482
0.123598077363241	-2.23392080567636	-1.63576714732586
0.601205462729839	-0.831616693369955	-0.636301213092241
0.190737773708705	0.218204013122759	0.460822461280232
0.12817578393225	0.0228885328450446	1.20698863202869
-0.633249408712901	-0.021362630655375	1.11238269626917
0.0762951094834821	1.11238269626917	1.92416266117342
-0.794995040817884	-0.154116121156634	2.53910124361028
0.608834973678187	-0.120546272983902	3.17998016327153
1.367208361944	-0.532539864194705	4.02990768291752
0.636301213092241	-1.55947203784237	3.98565651941711
0.280766002899214	-0.0976577401388571	2.84885938811322
-0.158693827725643	0.856031128404669	2.12710765239948
0.994888227664607	2.42465857938506	0.440985732814527
1.0406652933547	3.12962539101244	0.277714198519875
2.16830701152056	4.25268940260929	-0.0762951094834821
3.0914778362707	3.01365682459754	1.05287251087205
1.23445487144274	-0.712596322575723	0.515754940108339
1.06355382619974	-2.02792401007095	0.686655985351339
0.248722056916152	-2.24307621881437	1.56252384222171
-0.923170824750134	-4.33661402304112	-0.466926070038911
-0.665293354695964	-5.57717250324254	-1.26192111085679
-1.27107652399481	-6.65751125352865	-1.75020981155108
-2.31937132829786	-8.0674448767834	-3.01518272678721
-4.12756542305638	-7.80193789578088	-3.59044785229267
-2.4933241779202	-3.47142748149844	-1.44045166704814
-2.78629739833677	-1.24055848020142	-0.901808194094759
-3.1616693369955	0.210574502174411	-0.00610360875867857
-1.75173571374075	0.845349813076982	-0.337224383916991
-1.35347524223697	0.386053253986419	-1.06507972838941
-2.39719233997101	-1.71663996337835	-1.02845807583734
-3.80560006103609	-4.17639429312581	-1.55947203784237
-3.59349965667201	-4.48920424200809	-0.849927519645991
-3.73846036469062	-3.08537422751202	-0.158693827725643
-4.04669260700389	-5.20485236896315	-0.315861753261616
-4.1519798580911	-4.34576943617914	0.0137331197070268
-3.95971618219272	-4.3076218814374	0.196841382467384
-2.50247959105821	-4.43884946974899	0.674448767833982
-1.40535591668574	-4.04211490043488	0.550850690470741
-1.14290074006256	-2.89768825818265	2.10574502174411
-1.04676890211337	-2.91142137788968	2.38345922026398
-1.25581750209812	-2.45822842755779	2.54978255893797
-0.950637064164187	-0.679026474402991	3.14946211947814
-0.491340505073625	2.24460212100404	4.47699702449073
-1.51674677653162	2.44602121004044	4.12756542305638
-1.13832303349355	2.59098191805905	3.44396124208438
-1.67238879987793	1.60524910353246	3.72320134279393
-1.38399328603037	-1.58236057068742	3.26237888151369
-0.830090791180285	-2.68558785381857	2.88700694285496
-0.102235446707866	-4.04364080262455	2.8046082246128
-1.34431982909895	-5.56038757915618	2.03860532539864
-1.74258030060273	-6.01052872510872	1.9653620202945
-2.54520485236896	-7.00846875715267	0.903334096284428
-2.50400549324788	-6.64377813382162	0.155642023346304
-1.95468070496681	-5.62142366674296	0.434882124055848
-0.744640268558785	-3.07927061875334	0.741588464179446
0.733958953231098	0.477607385366598	0.744640268558785
-0.250247959105821	0.921644922560464	1.32143129625391
-0.0579842832074464	1.39162279697871	1.80361638818952
-0.624093995574884	0.753795681696803	2.27664606698711
-0.0549324788281071	-0.132753490501259	2.60776684214542
0.802624551766232	0.97962920576791	2.93278400854505
1.71511406118868	0.447089341573205	2.93278400854505
0.866712443732357	0.367742427710384	2.56198977645533
-0.964370183871214	-1.71816586556802	2.33463035019455
-1.12001220721752	-2.45822842755779	1.76241702906844
-3.2822156099794	-3.12352178225376	0.29907682917525
-5.24299992370489	-4.25879301136797	-0.141908903639277
-4.03753719386587	-2.07827878233005	1.06660563057908
-2.83207446402686	-1.74105439841306	0.834668497749294
-2.25986114290074	-0.0381475547417411	0.205996795605402
-0.317387655451286	2.48569466697185	2.80613412680247
-0.218204013122759	3.08995193408103	3.21355001144427
0.872816052491035	4.25879301136797	2.82444495307851
0.0366216525520714	2.83360036621653	4.15655756466011
-2.14999618524453	1.51064316777295	4.33508812085145
-2.40939955748836	-0.819409475852598	5.07972838941024
-0.98268101014725	-1.41451132982376	5.74807354848554
-2.40329594872969	-1.3321126115816	6.41336690318151
-2.93430991073472	-1.65255207141222	5.96932936598764
-5.05683985656519	-4.42511635004196	4.38391699092088
-4.3076218814374	-7.43114366369116	2.07675288014038
-5.7450217441062	-12.4864576180667	-0.834668497749294
-5.55580987258717	-15.9273670557717	-5.06599526970321
-4.56549935149157	-16.3393606469825	-7.55626764324407
-2.39719233997101	-13.9238574807355	-8.93110551613642
-1.63729304951553	-11.8440527962158	-11.0627908751049
-0.347905699244678	-8.43671320668345	-10.928511482414
-1.36110475318532	-5.85793850614176	-10.3944457160296
-3.47295338368811	-6.93827725642786	-10.3852903028916
-5.36659800106813	-9.20119020370794	-9.71389333943694
-6.84061951628901	-9.01808194094759	-8.58472571908141
-6.69260700389105	-7.36247806515602	-5.39406424048219
-6.05630579079881	-6.22720683604181	-2.13321126115816
-5.25825894560159	-6.37216754406043	-0.906385900663767
-4.12756542305638	-5.39406424048219	0.715648126955062
-5.54207675288014	-3.93835355153735	1.01167315175097
-3.6743724727245	-3.28374151216907	1.02998397802701
-3.18455786984054	-0.408941786831464	0.343327992675669
-1.38551918822004	2.69016556038758	1.62661173418784
-0.102235446707866	5.34065766384375	2.36057068741894
-0.462348363469902	5.59853513389792	2.86411841000992
-1.13832303349355	3.54009308003357	3.56908522163729
-1.82650492103456	2.23392080567636	4.28320744640269
-3.87579156176089	-0.0503547722590982	4.90730144197757
-5.81979095140002	-2.85343709468223	4.74708171206226
-6.1219195849546	-3.20439459830625	4.59143968871595
-8.14679179064622	-3.78423743038071	5.55275806820783
-8.80750743877318	-4.2374303807126	4.75471122301061
-9.51552605477989	-4.68146791790646	4.81574731059739
-8.26123445487144	-5.92660410467689	4.91340505073625
-6.49881742580301	-7.61272602426184	4.15960936903944
-5.22926680399786	-9.51400015259022	3.41802090486
-2.73136491950866	-7.31364919508659	2.38193331807431
-1.8142977035172	-6.04257267109178	1.40383001449607
-2.15762569619287	-3.55840390630961	0.518806744487678
-2.50095368886854	-3.37834744792859	-0.669871061264973
-4.38696879530022	-2.23544670786603	-1.51674677653162
-5.05073624780652	-1.45418478675517	-2.76493476768139
-6.10666056305791	-1.63118944075685	-3.69115739681086
-6.9413290608072	-2.64438849469749	-5.07972838941024
-6.08529793240253	-1.71663996337835	-5.56343938353552
-6.16769665064469	-3.62096589608606	-5.19569695582513
-5.88845654993515	-3.40886549172198	-5.42610818646525
-6.09292744335088	-4.76691844052796	-4.74860761425193
-5.08735790035859	-2.56198977645533	-2.82444495307851
-3.77203021286336	-0.987258716716259	-1.93789578088045
-2.79850461585412	0.376897840848402	-0.825513084611276
-1.2466620889601	1.66933699549859	-0.0167849240863661
-1.48165102616922	1.57625696192874	1.31227588311589
-1.29854276340887	0.488288700694285	0.332646677347982
-1.3015945677882	-0.965896086060884	-0.605783169298848
-3.79339284351873	-4.76691844052796	-1.70138094148165
-5.37727931639582	-8.85938811322194	-3.53551537346456
-5.7099259937438	-11.0109102006561	-3.64690623331044
-4.55024032959487	-10.5180437933928	-3.54619668879225
-4.2923628595407	-9.18593118181125	-1.98977645532921
-2.98008697642481	-7.43114366369116	-0.814831769283589
-2.40482185091936	-6.34164950026703	-0.227359426260777
-2.57724879835203	-7.33043411917296	-0.238040741588464
-2.32547493705653	-6.31113145647364	1.0452429999237
-0.428778515297169	-4.10009918364233	2.61539635309377
-0.326543068589303	-3.25932707713436	1.58236057068742
0.296025024795911	-2.42465857938506	1.94399938963912
-0.0198367284657053	-0.283817807278553	2.82902265964752
0.376897840848402	0.621042191195544	1.49233234149691
-1.43434805828946	1.11390859845884	0.646982528419928
-0.97962920576791	2.69626916914626	-0.00152590218966964
0.379949645227741	6.87724116884108	0.344853894865339
0.276188296330205	8.5801480125124	0.265506981002518
0.433356221866178	9.61318379491875	0.654612039368276
0.970473792629892	8.7510490577554	0.770580605783169
0.0106813153276875	6.46219577325093	2.49027237354086
-1.41298542763409	6.44541084916457	3.42107270923934
-1.82040131227588	4.05279621576257	3.77203021286336
-4.15808346684978	3.0060273136492	3.66521705958648
-3.89257648584726	2.2415503166247	3.31273365377279
-4.14740215152209	1.82345311665522	2.83360036621653
-3.4027618829633	1.88448920424201	2.50247959105821
-2.05233844510567	2.17288471808957	3.94445716029603
-0.949111161974517	2.4780651560235	3.97802700846876
-1.23903257801175	2.0706492713817	3.72930495155261
-3.45159075303273	-0.134279392690929	3.55687800411994
-1.94094758525978	0.0564583810177768	3.31425955596246
-1.94094758525978	-0.450141145952544	2.39719233997101
-2.65354390783551	-1.44197756923781	4.06042572671092
-1.85244525825895	-1.33974212252995	3.9810788128481
-4.01464866102083	-2.10574502174411	3.38902876325628
-3.8651102464332	-1.40535591668574	2.26901655603876
-4.16418707560845	-2.83054856183719	1.65102616922255
-4.03753719386587	-2.00961318379492	-0.585946440833143
-4.1718165865568	-1.83871213855192	-1.64187075608453
-3.44548714427405	-0.746166170748455	-2.2919050888838
-3.26390478370336	0.276188296330205	-2.25070572976272
-3.39971007858396	1.17189288166629	-2.25375753414206
-3.25780117494469	2.82291905088884	-2.54673075455863
-4.12756542305638	3.88952468146792	-1.37026016632334
-3.68505378805219	1.99893186846723	-1.23903257801175
-3.24864576180667	2.86411841000992	-0.799572747386893
-2.52384222171359	1.94857709620813	0.286869611657893
-2.78324559395743	0.859082932784008	0.576791027695125
-2.9404135194934	-1.60524910353246	-0.55542839703975
-2.38193331807431	-3.85137712672618	-0.636301213092241
-3.79797055008774	-5.18959334706645	-0.689707789730678
-4.55176623178454	-6.36301213092241	-0.660715648126955
-3.92614633401999	-7.3838406958114	0.363164721141375
-3.39055466544594	-7.93469138628214	0.00610360875867857
-0.971999694819562	-6.37369344625009	1.77309834439612
0.512703135729	-5.87014572365911	1.58236057068742
0.170901045243	-5.33607995727474	1.37788967727169
0.193789578088045	-3.64843213550011	2.66727702754253
1.52742809185931	-2.5833524071107	1.75020981155108
0.944533455405508	-2.22323949034867	2.82444495307851
2.26291294728008	-0.947585259784848	2.93125810635538
2.31631952391852	-1.37788967727169	2.87632562752728
2.34988937209125	-0.239566643778134	3.57671473258564
2.60166323338674	1.17341878385595	3.1815060654612
1.99130235751888	0.685130083161669	2.45822842755779
0.790417334248875	1.40535591668574	1.57167925535973
0.247196154726482	1.51674677653162	0.442511635004196
-0.376897840848402	1.87380788891432	0.309758144502937
-0.985732814526589	2.83207446402686	-0.312809948882277
-1.30769817654688	1.91653315022507	-0.367742427710384
-1.58693827725643	1.56557564660105	0.0503547722590982
-1.21919584954604	0.619516289005875	1.43892576485847
-0.480659189745937	-0.480659189745937	2.14999618524453
0.154116121156634	-0.021362630655375	2.98466468299382
-0.0183108262760357	0.177004654001679	3.3173113603418
-0.900282291905089	0.543221179522393	3.20592050049592
-2.77866788738842	-1.06507972838941	2.37125200274662
-3.73998626688029	-1.5732051575494	0.608834973678187
-3.35545891508354	-2.25070572976272	-0.796520943007553
-3.58281834134432	-2.1011673151751	-1.44502937361715
-2.19424734874495	-2.00961318379492	-1.39009689478904
-0.144960708018616	0.0366216525520714	-1.60067139696345
0.903334096284428	1.05745021744106	-0.793469138628214
1.05592431525139	1.21004043640803	1.17952239261463
-0.108339055466545	-0.619516289005875	2.05539024948501
-1.01319905394064	-1.68459601739528	2.8198672465095
-1.3168535896849	-3.73388265812161	3.29442282749676
-2.40329594872969	-7.63103685053788	2.16525520714122
-3.99938963912413	-10.2861066605631	0.920119020370794
-4.14740215152209	-12.3643854428931	0.987258716716259
-4.22064545662623	-12.8114747844663	-1.61440451667048
-4.00244144350347	-12.9961089494163	-3.3325703822385
-3.49889372091249	-10.8323796444648	-3.76592660410468
-1.45113298237583	-5.27962157625696	-2.89158464942397
1.51064316777295	-1.21919584954604	-1.18257419699397
2.7496757457847	2.40024414435035	0.636301213092241
3.08995193408103	3.92614633401999	0.794995040817884
3.07927061875334	4.0009155413138	0.0793469138628214
3.50041962310216	2.38803692683299	-2.96177615014878
3.39360646982528	-0.134279392690929	-3.70031280994888
2.12863355458915	-1.36110475318532	-3.36003662165255
1.0955977721828	-2.12863355458915	-1.36568245975433
0.308232242313268	-0.624093995574884	0.63782711528191
-0.105287251087205	-0.72480354009308	1.7441062027924
-1.7288471808957	-1.3870450904097	1.45571068894484
-0.918593118181125	-1.03150988021668	0.814831769283589
-0.804150453955901	-2.18509193560693	0.755321583886473
-2.59250782024872	-2.18204013122759	-0.621042191195544
-3.64385442893111	-3.66826886396582	-0.660715648126955
-3.74761577782864	-4.60364690623331	-2.1362630655375
-2.08133058670939	-1.04676890211337	-1.94705119401846
-2.24612802319371	-0.805676356145571	-2.10421911955444
0.437933928435187	-0.16937514305333	-1.31837949187457
1.40993362325475	-1.46486610208286	-1.32143129625391
0.930800335698482	-3.63012130922408	-0.63935301747158
0.486762798504616	-3.96429388876173	0.436408026245518
1.14747844663157	-5.26436255436027	1.64492256046387
1.26955062180514	-4.46784161135271	2.21713588158999
2.40634775310903	-2.93278400854505	1.99740596627756
1.2161440451667	-2.04470893415732	3.15709163042649
0.442511635004196	-1.1810482948043	1.77157244220645
-0.270084687571527	1.74258030060273	1.85702296482795
0.968947890440223	4.79591058213169	2.06912336919203
1.79293507286183	5.69771877622644	1.70595864805066
2.60318913557641	5.42610818646525	0.89570458533608
4.17334248874647	6.80704966811627	-0.131227588311589
4.48767833981842	5.90524147402152	-0.140383001449607
4.78065156023499	7.60204470893416	0.869764248111696
4.93476768139162	8.25055313954376	2.13931486991684
4.09246967269398	9.33852140077821	3.75066758220798
2.22781719691768	7.76226443884947	4.51209277485313
2.0355535210193	6.64835584039063	5.44136720836194
1.12916762035554	5.6946669718471	4.41290913252461
0.566109712367437	4.89356832227054	3.01365682459754
-0.744640268558785	4.58228427557794	3.65148393987945
-0.85145342183566	4.42206454566262	2.0660715648127
-1.21004043640803	2.76646066987106	1.71053635461967
0.274662394140536	1.43587396047913	0.955214770733196
0.131227588311589	0.422674906538491	0.0503547722590982
1.91348134584573	0.135805294880598	0.0396734569314107
3.96887159533074	0.962844281681544	-0.0228885328450446
3.60723277637903	-0.76600289921416	-0.677500572213321
1.77004654001678	-2.97398336766613	-1.77157244220645
2.24765392538338	-3.89105058365759	-2.82139314869917
1.99435416189822	-5.34523537041276	-2.62302586404211
1.95773250934615	-5.26131074998093	-2.3224231326772
2.55283436331731	-4.16723887998779	-1.94399938963912
2.87174792095827	-1.71206225680934	-0.814831769283589
2.73594262607767	0.762951094834821	0.994888227664607
0.970473792629892	0.738536659800107	0.161745632104982
-0.881971465629053	0.210574502174411	-0.863660639353018
-1.20546272983902	-2.44754711223011	-3.30663004501411
-2.96330205233845	-3.51567864499886	-4.51667048142214
-2.20492866407263	-4.27710383764401	-4.38239108873121
-2.49179827573053	-6.52475776302739	-3.0609597924773
-2.92820630197604	-5.9311818112459	-2.75272755016403
-2.99839780270085	-7.61577782864118	-1.67849240863661
-2.72831311512932	-6.93217364766918	-0.628671702143893
-0.540169375143053	-4.53345540550851	-0.361638818951705
-1.82650492103456	-4.79133287556268	0.112916762035554
0.392156862745098	-2.00961318379492	0.779736018921187
-0.309758144502937	-1.1306935225452	1.09102006561379
-2.28580148012512	-0.607309071488518	1.96993972686351
-2.73594262607767	-1.71816586556802	-0.193789578088045
-3.81170366979477	-3.23491264209964	-1.04829480430304
-3.99633783474479	-3.87273975738155	-1.34126802471962
-4.89967193102922	-5.81368734264134	-1.76089112687877
-4.38544289311055	-5.5191882200351	-1.30006866559854
-3.77508201724269	-5.71297779812314	-0.260929274433509
-1.98672465094987	-4.48767833981842	0.885023270008392
-1.09712367437247	0.0152590218966964	2.73136491950866
-0.337224383916991	1.27107652399481	4.33356221866178
-0.305180437933928	1.33974212252995	3.30357824063478
0.0411993591210803	0.971999694819562	1.64797436484321
-1.9501029983978	-2.33005264362554	-1.30006866559854
-1.8295567254139	-3.99633783474479	-1.87075608453498
-3.33562218661784	-6.22415503166247	-2.81681544213016
-3.46990157930877	-5.93270771343557	-2.20950637064164
-2.00808728160525	-2.90074006256199	-0.692759594110018
-2.48416876478218	-1.83566033417258	-0.794995040817884
-1.01777676050965	-0.205996795605402	-0.866712443732357
-0.733958953231098	0.262455176623178	-1.36263065537499
1.10933089188983	1.60372320134279	-0.416571297779812
1.35347524223697	1.57778286411841	-1.06355382619974
0.433356221866178	1.14137483787289	-0.29755092698558
0.344853894865339	1.96231021591516	-0.669871061264973
-2.64591439688716	1.59914549477379	-0.0442511635004196
-2.75730525673304	0.227359426260777	0.222781719691768
-3.29594872968643	-2.02334630350195	-0.267032883192187
-4.84473945220111	-4.26031891355764	-0.386053253986419
-2.37430380712596	-4.51667048142214	-1.21766994735637
-1.60677500572213	-5.13923857480736	-2.3773556115053
-1.64187075608453	-6.13565270466163	-3.7445639734493
-1.43587396047913	-5.35744258793011	-4.61127641718166
-1.93636987869078	-5.19569695582513	-3.84222171358816
-1.70595864805066	-3.64080262455177	-3.96429388876173
-1.28480964370184	-2.8900587472343	-2.21713588158999
-2.00656137941558	-1.7944609750515	-0.987258716716259
-0.0106813153276875	1.63424124513619	1.43587396047913
-0.111390859845884	1.74258030060273	3.73540856031128
0.622568093385214	2.14541847867552	4.01159685664149
-1.00556954299229	0.325017166399634	4.02685587853819
-1.09407186999313	-0.190737773708705	4.09246967269398
-1.21461814297704	-0.253299763485161	1.97909514000153
-2.4078736552987	-2.68711375600824	0.674448767833982
-2.28122377355611	-1.2314030670634	-0.361638818951705
-2.09658960860609	-1.00099183642329	-1.39467460135805
-2.32394903486687	-1.3015945677882	-2.44144350347143
-1.85702296482795	-0.335698481727321	-3.0609597924773
-1.48012512397955	0.251773861295491	-2.05844205386435
0.402838178072786	1.0605020218204	-1.53047989623865
0.505073624780652	2.52994583047227	0.483710994125277
1.06202792401007	3.76745250629435	2.17441062027924
2.17593652246891	6.12039368276493	3.87884336614023
1.69069962615396	5.94949263752194	4.65247577630274
1.08339055466545	6.28213931486992	3.66979476615549
-0.909437705043107	5.66567483024338	2.58487830930037
-0.219729915312428	4.69062333104448	2.04165712977798
-2.21713588158999	2.93736171511406	0.579842832074464
-2.4124513618677	-0.932326237888151	-0.869764248111696
-2.50553139543755	-2.03097581445029	-2.79850461585412
-3.36156252384222	-5.15907530327306	-5.18806744487678
-3.55535210193027	-8.80292973220417	-6.35385671778439
-4.8401617456321	-8.78767071030747	-6.17685206378271
-4.57770656900893	-10.1533531700618	-4.3274586099031
-4.64789806973373	-7.97894254978256	-1.24513618677043
-5.08430609597925	-6.15854123750668	1.85702296482795
-5.22468909742885	-7.08934157320516	3.16472114137484
-3.99023422598611	-6.19821469443809	3.34630350194553
-2.22934309910735	-6.51255054551003	3.06401159685664
-1.46486610208286	-6.37674525062944	1.85091935606928
