0.360112916762036	-1.32448310063325	-1.93179217212177
1.08644235904479	-1.5533684290837	-1.22682536049439
-0.653086137178607	-2.54978255893797	-1.39620050354772
-1.0605020218204	-3.32646677347982	-3.18760967421988
-3.22575722896162	-3.27000839246204	-5.18806744487678
-3.71099412527657	-3.0106050202182	-4.31525139238575
-2.5482566567483	-1.57625696192874	-4.14282444495308
-3.29442282749676	-2.221713588159	-5.86709391927977
-1.83108262760357	-3.1616693369955	-4.87678339818418
-2.61539635309377	-2.77714198519875	-3.27458609903105
-2.92820630197604	-3.82391088731212	-3.92462043183032
-1.22835126268406	-3.54161898222324	-3.81933318074311
-0.672922865644312	-0.706492713817044	-4.11078049897002
1.29854276340887	1.39467460135805	-1.4679179064622
3.71862363622492	1.61287861448081	-2.13321126115816
3.90173189898527	2.87174792095827	-0.975051499198901
4.94392309452964	2.29343099107347	1.40383001449607
2.42313267719539	0.0961318379491875	-0.437933928435187
1.53200579842832	-0.106813153276875	0.98268101014725
0.440985732814527	0.505073624780652	1.51979858091096
-0.5981536583505	0.886549172198062	0.912489509422446
0.360112916762036	1.98367284657053	0.457770656900893
-0.46997787441825	2.72373540856031	0.871290150301366
-0.00152590218966964	2.70389868009461	0.98268101014725
1.05287251087205	2.21713588158999	-0.227359426260777
-0.0564583810177768	1.33058670939193	0.0549324788281071
0.280766002899214	0.448615243762875	-1.13527122911421
0.12664988174258	1.34737163347829	-0.616464484626535
0.833142595559625	2.51010910200656	0.628671702143893
-0.247196154726482	3.76134889753567	1.4175631342031
-0.355535210193027	4.38239108873121	4.31525139238575
-0.807202258335241	4.65094987411307	5.57106889448386
-1.79903868162051	2.46128023193713	2.51621271076524
-1.13374532692454	2.17593652246891	4.29541466392004
-0.918593118181125	0.764476997024491	3.32951857785916
-0.0473029678797589	0.144960708018616	2.51468680857557
2.00503547722591	0.0381475547417411	2.54520485236896
0.7690547035935	0.0198367284657053	0.9399557488365
0.947585259784848	0.0183108262760357	1.66475928892958
0.672922865644312	0.288395513847562	0.875867856870375
-0.0869764248111696	0.891126878767071	0.868238345922026
-0.46997787441825	0.886549172198062	1.92721446555276
-1.74258030060273	0.419623102159152	0.396734569314107
-1.34584573128862	-0.474555580987259	0.859082932784008
-1.03761348897536	-0.408941786831464	1.02235446707866
-1.09407186999313	-0.0717174029144732	1.15663385976959
-1.84328984512093	-1.26192111085679	0.775158312352178
0.694285496299687	0.790417334248875	4.29388876173037
0.494392309452964	1.58236057068742	4.38391699092088
0.68055237659266	2.75120164797436	4.37628747997253
0.381475547417411	3.59502555886168	3.50652323186084
0.85145342183566	4.26642252231632	3.31120775158312
0.373846036469062	3.61486228732738	3.01518272678721
-1.95315480277714	2.70084687571527	3.96124208438239
-0.177004654001679	1.62050812542916	1.39772640573739
-1.47859922178988	0.572213321126116	1.8097199969482
-2.1362630655375	0.927748531319142	1.40535591668574
-2.41397726405737	0.17242694743267	0.137331197070268
0.0411993591210803	1.57473105973907	-0.180056458381018
0.312809948882277	1.67849240863661	-2.69016556038758
0.9399557488365	1.14137483787289	-1.63271534294652
-0.857557030594339	-0.541695277332723	-1.60372320134279
-1.28480964370184	-0.9399557488365	-1.7288471808957
-2.44754711223011	-0.869764248111696	-1.2161440451667
-3.21049820706493	-1.25276569771878	-2.04928664072633
-3.48516060120546	-0.152590218966964	-2.95109483482109
-2.31479362172885	0.804150453955901	-3.17082475013352
-2.23544670786603	0.776684214541848	-4.03143358510719
-3.19829098954757	-0.732433051041428	-3.09758144502937
-3.45159075303273	-0.984206912336919	-1.66475928892958
-3.26848249027237	-0.387579156176089	0.529488059815366
-1.64950026703288	0.959792477302205	1.67696650644694
-2.79392690928511	2.02334630350195	2.05233844510567
-1.27565423056382	2.30258640421149	3.02281223773556
-2.19272144655528	2.42008087281605	4.36408026245518
-3.23643854428931	-0.231937132829786	2.38040741588464
-4.38696879530022	-1.5228503852903	1.70901045243
-4.51056687266346	-1.6235599298085	2.62760357061112
-3.12352178225376	-2.85191119249256	2.65964751659419
-2.02334630350195	-1.32143129625391	2.91599908445869
1.18715190356298	-0.341802090486	3.42717631799802
2.77866788738842	-0.456244754711223	4.18249790188449
1.96993972686351	0.140383001449607	1.53200579842832
2.8198672465095	-0.730907148851759	-1.22987716487373
-0.830090791180285	-1.45418478675517	-2.10879682612345
-1.7944609750515	-0.903334096284428	-1.75173571374075
-2.02029449912261	-0.0335698481727321	-0.144960708018616
-1.25734340428779	0.608834973678187	1.06965743495842
0.227359426260777	2.65049210345617	2.31631952391852
1.1306935225452	4.07721065079728	-0.105287251087205
1.58541237506676	4.10925459678035	0.672922865644312
0.178530556191348	4.03448538948653	0.120546272983902
-2.07675288014038	3.20286869611658	0.439459830624857
-1.93331807431144	2.12558175020981	3.02128633554589
-3.5034714274815	1.90280003051804	2.81223773556115
-3.93224994277867	1.25429159990845	1.45723659113451
-4.44647898069734	0.0152590218966964	0.599679560540169
-4.56702525368124	0.827038986800946	-0.695811398489357
-4.34576943617914	-0.161745632104982	-0.158693827725643
-3.588921950103	-1.54421301594568	-1.19020370794232
-3.21355001144427	-1.80209048599985	-0.267032883192187
-1.22072175173571	-1.09102006561379	0.85145342183566
0.360112916762036	-0.856031128404669	-2.22629129472801
0.251773861295491	0.0411993591210803	-1.57625696192874
-0.718699931334401	0.859082932784008	-1.12764171816587
-0.471503776607919	1.69069962615396	-1.13832303349355
-0.227359426260777	1.32753490501259	-0.750743877317464
-1.53658350499733	0.912489509422446	-1.22072175173571
-2.01419089036393	-0.155642023346304	-0.387579156176089
-3.24101625085832	0.703440909437705	0.0152590218966964
-2.44907301441978	1.77615014877546	-0.93690394445716
-2.50858319981689	1.61898222323949	0.175478751812009
-3.34019989318685	2.2720683604181	0.288395513847562
-1.81124589913787	1.90432593270771	2.09353780422675
-0.663767452506294	0.7690547035935	0.331120775158312
-1.16731517509728	0.0122072175173571	1.64797436484321
-1.42519264515145	-0.700389105058366	-0.0534065766384375
-2.32394903486687	-1.52895399404898	-2.65049210345617
-1.19020370794232	-0.486762798504616	-2.21408407721065
-2.48874647135119	-1.20088502327001	-2.08285648889906
-2.06149385824369	-1.88754100862135	-2.050812542916
-0.228885328450446	-0.875867856870375	-0.599679560540169
1.94094758525978	-0.21210040436408	0.802624551766232
4.09246967269398	0.059510185397116	1.58693827725643
2.7847714961471	0.303654535744259	0.973525597009232
4.17792019531548	1.08033875028611	0.801098649576562
2.62607766842145	1.23903257801175	-0.369268329900053
-0.102235446707866	1.08796826123445	0.372320134279393
-1.35957885099565	1.99130235751888	1.42061493858244
-0.98115510795758	2.79850461585412	1.95162890058747
-1.25123979552911	3.74761577782864	2.53299763485161
-2.50095368886854	5.14991989013504	3.49431601434348
-1.8295567254139	5.55886167696651	2.58640421149004
-1.19478141451133	4.28168154421302	1.21919584954604
-0.64087891966125	5.11024643320363	1.83413443198291
1.1261158159762	4.8050659952697	3.1815060654612
1.44655527580682	3.6591134508278	2.38956282902266
-1.3870450904097	2.33310444800488	2.22018768596933
-2.44602121004044	1.90127412832837	1.98977645532921
-4.73945220111391	0.656137941557946	1.32448310063325
-6.0669871061265	0.352483405813687	0.625619897764553
-4.51972228580148	1.23598077363241	0.29907682917525
-2.38498512245365	1.57473105973907	0.143434805828946
-1.03456168459602	2.43839169909209	1.62813763637751
-2.8046082246128	1.25123979552911	-0.17242694743267
-2.00198367284657	1.10780498970016	0.691233691920348
-3.24864576180667	-0.0167849240863661	-0.770580605783169
-3.45922026398108	-0.0717174029144732	-0.0122072175173571
-2.11642633707179	0.613412680247196	0.402838178072786
-2.04470893415732	0.93690394445716	0.64087891966125
-2.14389257648585	1.76546883344778	1.01930266269932
-2.38040741588464	1.41603723201343	1.56404974441138
-4.84626535439078	1.00556954299229	0.860608834973678
-4.9408712901503	1.07881284809644	0.479133287556268
-6.94895857175555	-0.89570458533608	0.112916762035554
-6.53696498054475	-1.07881284809644	0.346379797055009
-6.09140154116121	-1.61287861448081	0.740062561989776
-6.30197604333562	-2.20492866407263	-1.35805294880598
-5.8808270389868	-1.91805905241474	-1.30312046997787
-5.97695887693599	-3.39055466544594	-3.7094682230869
-6.64225223163195	-3.41039139391165	-3.70183871213855
-3.93682764934768	-3.67132066834516	-2.94956893263142
-4.77607385366598	-4.52277409018082	-2.57572289616236
-2.79850461585412	-4.05889982452125	-3.20897230487526
-3.30968184939345	-4.28931105516136	-3.65758754863813
-1.66018158236057	-3.53093766689555	-5.39253833829252
-2.33615625238422	-4.14435034714275	-5.39864194705119
-3.8803692683299	-4.53650720988785	-6.1219195849546
-3.57824063477531	-3.97497520408942	-5.20485236896315
-2.9556725413901	-4.2374303807126	-3.60265506981003
-2.1560997940032	-2.8397039749752	-2.57572289616236
-1.34279392690929	-1.61745632104982	-1.92721446555276
0.195315480277714	-1.13679713130388	-2.42618448157473
0.831616693369955	-0.546272983901732	-0.741588464179446
0.0564583810177768	-0.781261921110857	-1.9851987487602
-0.614938582436866	-0.669871061264973	-2.20035095750362
-0.230411230640116	-1.44197756923781	-1.22682536049439
-0.148012512397955	-1.42366674296178	-1.58693827725643
0.549324788281071	-1.21004043640803	-0.309758144502937
0.405889982452125	-1.72579537651637	0.231937132829786
0.181582360570687	-2.41855497062638	-0.140383001449607
-0.161745632104982	-3.17540245670253	-0.46997787441825
-1.44350347142748	-4.16266117341878	-2.11032272831312
1.33363851377127	-4.01159685664149	-3.06553749904631
1.34889753566796	-3.03196765087358	-2.80003051804379
1.20851453421836	-3.54314488441291	-4.75623712520027
0.0106813153276875	-2.66575112535286	-3.43480582894636
-2.01876859693294	-2.39108873121233	-1.90890363927672
-3.04417486839094	-1.80514229037919	-0.85297932402533
-3.58587014572366	-1.93179217212177	-1.69680323491264
-2.37888151369497	-0.473029678797589	-0.990310521095598
-3.05180437933928	-0.994888227664607	-3.29900053406577
-2.75883115892271	-0.302128633554589	-3.79339284351873
-2.92362859540703	-1.22529945830472	-5.40169375143053
-1.93484397650111	-0.325017166399634	-2.8702220187686
-2.12558175020981	0.132753490501259	-2.31937132829786
-1.05439841306172	0.729381246662089	-0.466926070038911
-0.273136491950866	1.71206225680934	2.27359426260777
0.0411993591210803	2.63828488593881	2.6138704509041
-1.4023041123064	2.03250171663996	0.221255817502098
-0.0335698481727321	1.87075608453498	2.03097581445029
0.0137331197070268	1.90127412832837	0.491340505073625
1.31227588311589	0.946059357595178	0.621042191195544
2.78934920271611	0.947585259784848	1.2314030670634
3.65606164644846	1.27870603494316	0.138857099259937
4.79438467994202	2.02639810788128	-1.01625085831998
6.79331654840925	3.40886549172198	1.26344701304646
5.49935149156939	3.96429388876173	0.399786373693446
5.48104066529335	4.44190127412833	-0.398260471503777
4.3579766536965	5.12550545510033	0.817883573662928
1.66018158236057	4.0863660639353	-0.364690623331044
2.1515220874342	4.38544289311055	0.0259403372243839
1.32600900282292	4.50141145952544	-0.656137941557946
1.77615014877546	4.38391699092088	1.72274357213703
1.99588006408789	5.28725108720531	-0.199893186846723
2.94499122606241	5.53139543755245	-0.0442511635004196
2.73746852826734	5.61989776455329	0.518806744487678
-1.08186465247578	5.52529182879377	-1.92721446555276
-1.33974212252995	4.74555580987259	-0.701915007248035
-3.42717631799802	4.12756542305638	-0.968947890440223
-3.77355611505303	1.94094758525978	-0.546272983901732
-4.28015564202335	0.993362325474937	1.06355382619974
-2.2720683604181	-0.593575951781491	1.51064316777295
-0.634775310902571	-1.20393682764935	0.89723048752575
-1.21309224078737	-1.27565423056382	-0.0793469138628214
-0.973525597009232	-1.7441062027924	0.669871061264973
-1.40077821011673	-1.20241092545968	0.0152590218966964
-2.03097581445029	-2.63218127718013	-3.9154650186923
-1.83566033417258	-3.40581368734264	-2.65201800564584
-2.07522697795071	-4.93629358358129	-2.12710765239948
-1.10017547875181	-4.69214923323415	-4.18554970626383
-1.42061493858244	-5.09803921568627	-2.04623483634699
-0.543221179522393	-3.37682154573892	-2.7542534523537
-1.63576714732586	-2.00350957503624	-2.11490043488212
-2.35141527428092	-1.70595864805066	-2.80613412680247
-3.82085908293278	-1.93179217212177	-1.70748455024033
-2.9404135194934	-2.3575188830396	-1.90890363927672
-4.42664225223163	-2.81376363775082	-3.82238498512245
-4.89662012664988	-3.32646677347982	-1.52437628747997
-4.24658579385061	-3.58587014572366	-3.34325169756619
-5.66872663462272	-2.14236667429618	-2.96635385671778
-6.58426794842451	-1.40383001449607	-1.61898222323949
-5.89456015869383	-1.68612191958495	-1.61898222323949
-6.96726939803159	-2.6138704509041	-2.13015945677882
-6.06546120393683	-3.54924849317159	-1.56404974441138
-4.14587624933242	-3.9505607690547	-1.14442664225223
-2.64133669031815	-4.38086518654154	-2.02792401007095
-3.49584191653315	-3.52025635156786	-2.6138704509041
-2.2720683604181	-1.80056458381018	-2.42465857938506
-3.15403982604715	0.161745632104982	-3.07469291218433
-4.18249790188449	-0.218204013122759	-2.46890974288548
-3.43938353551537	-1.86312657358663	-2.64133669031815
-5.468833447776	-3.43938353551537	-3.08537422751202
-5.52224002441443	-3.70641641870756	-2.49942778667887
-4.74555580987259	-2.50247959105821	-2.73136491950866
-3.88799877927825	-1.13679713130388	-2.35141527428092
-2.8900587472343	0.442511635004196	-1.85702296482795
-4.48615243762875	1.73037308308537	-0.694285496299687
-3.69268329900053	1.48317692835889	0.634775310902571
-4.98664835584039	1.14747844663157	0.480659189745937
-5.36659800106813	1.0452429999237	2.86717021438926
-4.19928282597086	1.06202792401007	2.80766002899214
-4.82795452811475	0.5981536583505	3.11284046692607
-2.01266498817426	0.776684214541848	4.03753719386587
-3.62249179827573	0.338750286106661	3.63622491798276
-3.08842603189136	0.164797436484321	1.46028839551385
-2.75272755016403	0.0961318379491875	2.11337453269245
-0.773632410162509	0.369268329900053	3.18608377203021
0.376897840848402	0.323491264209964	3.33562218661784
2.87937743190661	0.775158312352178	3.10063324940871
2.38193331807431	-0.357061112382696	3.39055466544594
2.18814373998627	0.337224383916991	0.772106507972839
-0.25787747005417	-0.131227588311589	-0.794995040817884
-0.418097199969482	-0.752269779507134	-1.13679713130388
-2.99534599832151	-0.749217975127794	-1.88754100862135
-3.52178225375753	-0.961318379491875	-0.677500572213321
-3.6743724727245	-1.47859922178988	-1.32600900282292
-4.33508812085145	-0.271610589761196	-0.502021820401312
-5.66262302586404	0.205996795605402	0.0289921416037232
-6.06546120393683	-0.0335698481727321	-0.865186541542687
-6.19211108567941	-0.572213321126116	-1.10933089188983
-6.48203250171664	-0.38452735179675	-0.579842832074464
-4.74097810330358	-1.15205615320058	-0.520332646677348
-3.10521095597772	-0.924696726939803	0.546272983901732
-2.18204013122759	-0.68207827878233	0.387579156176089
-1.48622873273823	0.64087891966125	2.33005264362554
-0.587472343022812	2.75730525673304	3.9505607690547
0.158693827725643	5.20332646677348	4.23895628290227
1.34431982909895	5.86251621271076	5.4184786755169
3.2974746318761	5.93270771343557	5.27656977187762
2.36820019836728	5.73891813534752	5.6946669718471
2.81376363775082	4.62806134126803	3.88952468146792
0.547798886091402	3.54314488441291	2.63065537499046
0.186160067139696	3.18303196765087	2.563515678645
0.239566643778134	3.65606164644846	1.21919584954604
-1.88296330205234	3.13420309758144	0.463874265659571
-1.89059281300069	2.09201190203708	1.89669642175937
-2.25070572976272	1.54573891813535	1.31380178530556
-4.11078049897002	1.39314869916838	2.40177004654002
-3.27611200122072	1.19935912108034	1.0452429999237
-3.84985122453651	0.177004654001679	1.83260852979324
-3.62249179827573	0.997940032043946	1.78835736629282
-4.71046005951019	0.399786373693446	1.0452429999237
-1.9302662699321	0.437933928435187	2.96635385671778
-2.45975432974746	0.796520943007553	3.30510414282444
-2.50553139543755	1.10780498970016	2.97398336766613
0.0442511635004196	1.78530556191348	3.76897840848402
0.338750286106661	3.59349965667201	3.37224383916991
-0.410467689021134	4.55634393835355	3.45922026398108
0.125123979552911	5.16060120546273	4.24048218509194
0.524910353246357	6.50644693675135	5.20485236896315
2.99992370489052	7.09544518196384	6.58274204623484
3.33714808880751	7.91943236438544	6.08072022583352
3.04570077058061	8.12542915999084	6.76890211337453
1.50148775463493	7.57000076295109	4.7501335164416
-0.419623102159152	6.05020218204013	1.50453955901427
-2.28274967574578	5.15907530327306	0.816357671473259
-4.36255436026551	3.09758144502937	-0.764476997024491
-2.0660715648127	0.782787823300526	-4.53650720988785
-1.89669642175937	-0.569161516746777	-4.95307850766766
-1.39314869916838	-0.221255817502098	-4.69367513542382
-1.25886930647745	-1.94094758525978	-5.81216144045167
-3.39971007858396	-1.12001220721752	-3.51262684061952
-3.96276798657206	-0.447089341573205	-2.25375753414206
-5.21705958648051	-0.123598077363241	-1.10780498970016
-5.2674143587396	-0.665293354695964	-0.68207827878233
-3.99786373693446	-0.0473029678797589	-0.329594872968643
-2.95414663920043	0.315861753261616	1.53658350499733
0.497444113832303	-0.224307621881437	1.7242694743267
-0.59662775616083	0.0579842832074464	0.656137941557946
-1.76394293125811	1.4373998626688	1.47707331960021
0.581368734264134	1.51674677653162	3.22880903334096
-0.00915541313801785	0.221255817502098	1.49538414587625
0.285343709468223	0.166323338673991	3.41039139391165
-0.679026474402991	-0.816357671473259	2.88548104066529
1.59456778820478	-0.863660639353018	1.8951705195697
0.00915541313801785	-1.26497291523613	2.07370107576104
-0.608834973678187	-0.306706340123598	1.20393682764935
-0.141908903639277	0.329594872968643	1.12153810940719
-0.338750286106661	0.195315480277714	1.88296330205234
-0.273136491950866	-0.514229037918669	4.09399557488365
-0.270084687571527	-2.26749065384909	1.22072175173571
-1.6937514305333	-4.33813992523079	-1.84328984512093
-3.5034714274815	-4.73029678797589	-1.13374532692454
-3.92309452964065	-6.12344548714427	-4.27557793545434
-4.66315709163043	-5.70840009155413	-4.20538643472953
-3.76592660410468	-5.63668268863966	-3.90783550774395
-3.79644464789807	-5.99984740978103	-1.73037308308537
-2.99229419394217	-6.2073701075761	-2.61234454871443
-2.51468680857557	-6.70328831921874	-2.88395513847562
-1.94857709620813	-7.03135728999771	-3.92156862745098
-1.41908903639277	-5.48409246967269	-3.07316700999466
0.0244144350347143	-4.57618066681926	-2.19272144655528
1.13527122911421	-3.37834744792859	-0.444037537193866
-0.547798886091402	-1.64492256046387	0.160219729915312
0.764476997024491	-1.28938735027085	-0.267032883192187
1.59151598382544	-0.421149004348821	1.72579537651637
0.85297932402533	-0.730907148851759	0.711070420386053
1.24513618677043	0.440985732814527	1.32295719844358
1.39772640573739	0.599679560540169	2.79087510490578
3.3478294041352	2.15915159838254	4.45868619821469
1.60219729915312	2.15304798962387	4.93476768139162
1.49080643930724	3.13572899977111	3.74151216906996
1.94552529182879	2.73899443045701	4.42969405661097
-0.0625619897764553	0.888075074387732	1.93331807431144
0.0122072175173571	-0.378423743038071	1.79598687724117
-0.167849240863661	-2.82139314869917	-0.636301213092241
-1.50911726558328	-4.50904097047379	-3.61943999389639
-2.09964141298543	-5.29640650034333	-4.6646829938201
-2.33920805676356	-5.39711604486152	-4.26337071793698
-3.03807125963226	-6.2882429236286	-5.5191882200351
-1.69832913710231	-5.88540474555581	-5.3482871747921
-0.842298008697642	-5.2323186083772	-3.86968795300221
0.440985732814527	-4.74402990768292	-3.39360646982528
1.27107652399481	-4.76234073395895	-3.48210879682612
0.915541313801785	-4.05432211795224	-3.68657969024186
-0.21210040436408	-2.51010910200656	-2.36514839398795
1.19020370794232	-1.69680323491264	-0.590524147402152
0.788891432059205	-1.02235446707866	1.37941557946136
0.730907148851759	-0.72632944228275	-0.0305180437933928
1.06507972838941	-0.268558785381857	0.746166170748455
2.39871824216068	-0.5981536583505	1.41603723201343
1.52437628747997	-1.4526588845655	1.65102616922255
1.33058670939193	-0.81025406271458	1.97756923781186
0.781261921110857	-0.860608834973678	2.44144350347143
-0.308232242313268	-1.20393682764935	2.65049210345617
-1.02388036926833	-1.53505760280766	2.5482566567483
-2.27512016479744	-2.0355535210193	0.207522697795071
-0.849927519645991	-2.82139314869917	-1.20546272983902
-0.0503547722590982	-2.42923628595407	-1.2115663385977
0.737010757610437	-1.89059281300069	-0.317387655451286
1.94094758525978	-0.544747081712062	1.08796826123445
3.55077439536126	-0.134279392690929	-0.0747692072938125
4.24200808728161	0.201419089036393	1.15663385976959
2.56198977645533	0.836194399938964	-0.671396963454643
1.84328984512093	-0.737010757610437	-2.43991760128176
2.04470893415732	-0.790417334248875	-1.59456778820478
-1.44502937361715	-3.34019989318685	-3.54924849317159
-2.17898832684825	-2.74662394140536	-2.97856107423514
-1.84328984512093	-2.6489662012665	-2.91294728007935
-0.978103303578241	-1.37483787289235	-2.050812542916
-1.02845807583734	-0.515754940108339	-1.90432593270771
-1.16884107728695	-0.00457770656900893	-1.38399328603037
-1.2115663385977	-0.0122072175173571	1.15205615320058
-0.588998245212482	-0.135805294880598	0.737010757610437
-1.51827267872129	-0.158693827725643	2.48264286259251
-1.43129625391012	0.283817807278553	2.13015945677882
-0.968947890440223	0.891126878767071	1.24513618677043
-1.72274357213703	1.88143739986267	0.16937514305333
-1.3015945677882	1.56099794003204	-0.379949645227741
0.608834973678187	1.59151598382544	-0.0396734569314107
0.837720302128634	1.57778286411841	-0.868238345922026
2.28732738231479	2.84580758373388	-0.854505226215
3.62096589608606	2.69321736476692	-0.605783169298848
2.88853284504463	3.06401159685664	-1.16731517509728
-0.471503776607919	1.42519264515145	-2.28427557793545
-1.93331807431144	0.450141145952544	-3.35851071946288
-0.605783169298848	0.161745632104982	-2.12252994583047
-3.85900663767453	-1.49843595025559	-2.52994583047227
-2.60929274433509	-2.49485008010986	-3.93835355153735
0.529488059815366	-2.23392080567636	-1.6937514305333
0.135805294880598	-2.33005264362554	-2.34683756771191
-0.802624551766232	-0.831616693369955	-3.28679331654841
-0.0473029678797589	-0.0350957503624018	-2.33005264362554
1.06813153276875	0.291447318226902	-2.08438239108873
-0.0274662394140536	0.517280842298009	-0.537117570763714
1.2664988174258	0.367742427710384	0.0930800335698482
0.714122224765393	-0.268558785381857	-0.494392309452964
-0.556954299229419	-1.34126802471962	-0.17242694743267
0.529488059815366	0.55390249485008	0.68055237659266
0.621042191195544	0.778210116731518	0.485236896314946
3.57671473258564	2.91905088883803	2.54978255893797
2.96635385671778	3.14030670634012	1.196307316701
6.16159304188602	3.1113145647364	2.3224231326772
4.95765621423667	2.68711375600824	0.415045395590143
3.02738994430457	1.15510795757992	-2.23239490348669
2.26749065384909	0.0366216525520714	-0.691233691920348
1.30006866559854	-0.358587014572366	-0.758373388265812
0.0534065766384375	0.186160067139696	0.289921416037232
-1.13679713130388	-0.601205462729839	0.259403372243839
-1.55489433127337	-0.691233691920348	-1.05897611963073
-0.854505226215	-1.62050812542916	-2.07675288014038
-0.907911802853437	-1.77615014877546	-2.10269321736477
0.0656137941557946	-2.09048599984741	-0.63935301747158
-0.122072175173571	-2.22323949034867	-0.947585259784848
-0.134279392690929	-2.31631952391852	0.379949645227741
-0.114442664225223	-2.20340276188296	1.55642023346304
-0.473029678797589	-1.72732127870604	1.20393682764935
0.0183108262760357	-2.42313267719539	0.474555580987259
-0.350957503624018	-1.46334019989319	0.953688868543526
1.03150988021668	-0.636301213092241	1.17036697947662
1.13679713130388	-0.29907682917525	0.109864957656214
2.38651102464332	-0.12664988174258	-2.01724269474327
4.9057755397879	1.08644235904479	0.787365529869535
5.77096208133059	1.62508583199817	0.677500572213321
7.92248416876478	2.75577935454337	1.12153810940719
6.30045014114595	2.18966964217594	1.82803082322423
4.04058899824521	2.23086900129702	1.63576714732586
3.79797055008774	2.16067750057221	-0.0823987182421607
1.0452429999237	0.776684214541848	-2.21408407721065
0.85297932402533	0.633249408712901	-2.23544670786603
1.29854276340887	-0.962844281681544	-2.49942778667887
-0.344853894865339	-1.67849240863661	-3.1967650873579
1.00709544518196	-2.12252994583047	-2.81071183337148
0.0122072175173571	-2.62455176623178	-1.92416266117342
-1.82650492103456	-3.07927061875334	-2.19272144655528
-2.45822842755779	-3.60112916762036	-3.96276798657206
-2.14694438086519	-3.20592050049592	-3.05790798809796
-0.729381246662089	-3.0258640421149	-2.19272144655528
-1.1612115663386	-3.70183871213855	-1.2970168612192
1.07270923933776	-2.58945601586938	0.122072175173571
4.37476157778286	-1.30617227435721	-0.42572671091783
5.34676127260243	-0.378423743038071	0.646982528419928
7.90112153810941	0.743114366369116	2.30411230640116
8.37109941252766	0.807202258335241	1.89059281300069
7.09544518196384	1.66628519111925	3.06706340123598
7.07408255130846	1.56252384222171	2.6138704509041
6.75669489585718	2.47959105821317	2.37888151369497
2.73136491950866	2.18966964217594	0.531013962005035
2.35599298084993	3.58434424353399	1.24208438239109
2.0859082932784	2.221713588159	0.55542839703975
0.950637064164187	1.64187075608453	1.88448920424201
-1.20393682764935	1.06355382619974	3.18913557640955
1.32448310063325	0.34027618829633	2.63828488593881
0.674448767833982	0.265506981002518	2.48722056916152
1.60372320134279	0.738536659800107	2.33615625238422
2.79240100709545	1.18562600137331	2.39108873121233
-0.0411993591210803	0.543221179522393	1.0452429999237
0.320439459830625	1.10933089188983	0.999465934233616
-1.27870603494316	0.387579156176089	0.447089341573205
-2.23239490348669	0.0747692072938125	-0.292973220416571
-1.15510795757992	0.335698481727321	0.405889982452125
-2.29495689326314	-0.0167849240863661	-1.90585183489738
-1.04219119554437	-0.479133287556268	-0.927748531319142
-0.321965362020295	1.39772640573739	-1.86007476920729
0.863660639353018	1.57625696192874	0.0137331197070268
2.54367895017929	2.25528343633173	-0.700389105058366
2.57572289616236	2.8397039749752	-0.946059357595178
2.89616235599298	2.91447318226902	-2.46738384069581
1.65712977798123	2.48569466697185	-3.54467078660258
2.60776684214542	2.6337071793698	-3.27611200122072
2.50095368886854	1.84634164950027	-3.20134279392691
2.36514839398795	2.46890974288548	-0.622568093385214
3.30663004501411	1.20088502327001	0.312809948882277
2.42465857938506	1.75020981155108	2.5482566567483
2.72526131074998	0.946059357595178	2.64438849469749
2.66269932097353	0.0778210116731518	0.653086137178607
-0.360112916762036	-1.48928053711757	-0.692759594110018
-2.27054245822843	-2.79697871366445	-2.34378576333257
-3.35698481727321	-1.89669642175937	-3.02433813992523
-2.392614633402	-1.55489433127337	-2.96330205233845
-0.657663843747616	-0.546272983901732	0.0106813153276875
0.180056458381018	0.962844281681544	0.267032883192187
1.9851987487602	0.524910353246357	2.72983901731899
3.23338673990997	1.44808117799649	2.8046082246128
2.14999618524453	1.75173571374075	2.69626916914626
0.0366216525520714	1.43587396047913	1.15205615320058
0.0503547722590982	2.06759746700237	0.198367284657053
1.7792019531548	2.90074006256199	-0.021362630655375
1.56099794003204	3.50652323186084	-0.738536659800107
1.53963530937667	3.61028458075837	-0.195315480277714
1.08339055466545	3.26085297932403	-1.17494468604562
0.268558785381857	2.94804303044175	-1.96993972686351
-0.112916762035554	2.61081864652476	-0.184634164950027
0.80872816052491	0.927748531319142	-0.695811398489357
0.344853894865339	-0.117494468604562	-1.88448920424201
1.61135271229114	0.120546272983902	1.46181429770352
0.502021820401312	0.303654535744259	0.964370183871214
2.43381399252308	0.0411993591210803	0.694285496299687
2.77103837644007	1.42977035172045	0.424200808728161
3.84679942015717	0.801098649576562	1.2970168612192
3.59960326543069	0.134279392690929	-0.332646677347982
2.32089723048753	-0.190737773708705	-1.59456778820478
1.01777676050965	-0.520332646677348	-0.236514839398795
-0.04272526131075	-0.881971465629053	-0.799572747386893
-0.752269779507134	-1.22682536049439	-2.16678110933089
0.216678110933089	-1.59151598382544	-2.16830701152056
1.93179217212177	-1.06507972838941	-3.7796597238117
1.54116121156634	-0.886549172198062	-2.77561608300908
0.0930800335698482	-0.929274433508812	-3.19829098954757
-2.00961318379492	-0.875867856870375	-0.935378042267491
-2.56198977645533	-0.418097199969482	0.0869764248111696
-3.04570077058061	-0.286869611657893	-0.843823910887312
-4.03295948729686	-1.3168535896849	-2.05844205386435
-1.83871213855192	-0.0976577401388571	-3.00755321583886
-1.70443274586099	0.558480201419089	-3.61638818951705
-1.17036697947662	0.863660639353018	-2.32547493705653
-1.76241702906844	1.02082856488899	-1.22072175173571
-1.30464637216754	0.695811398489357	-0.0900282291905089
-2.53147173266194	-0.221255817502098	-0.753795681696803
-2.68711375600824	-0.993362325474937	-3.6591134508278
-2.34378576333257	-1.93636987869078	-3.03501945525292
-2.73899443045701	-2.1560997940032	-3.83611810482948
-0.262455176623178	-0.285343709468223	-2.7496757457847
-0.485236896314946	-0.210574502174411	-1.86160067139696
2.17441062027924	1.31227588311589	-1.01167315175097
3.16472114137484	2.11184863050278	1.84328984512093
3.65300984206912	3.53398947127489	2.83817807278553
3.076218814374	2.4429694056611	0.920119020370794
2.94651712825208	2.43839169909209	2.11490043488212
1.6388189517052	3.39513237201495	2.11490043488212
1.7242694743267	4.12451361867704	3.22728313115129
2.80766002899214	5.14839398794537	2.67795834287022
4.3274586099031	5.71755550469215	2.56809338521401
1.69527733272297	4.05889982452125	2.94193942168307
1.51369497215228	3.18608377203021	2.5131609063859
2.00961318379492	1.78835736629282	0.588998245212482
0.453192950331884	0.334172579537652	0.820935378042267
1.63729304951553	1.17341878385595	1.00556954299229
1.15358205539025	2.0706492713817	0.833142595559625
1.72121766994736	2.10269321736477	0.762951094834821
0.325017166399634	2.18966964217594	0.274662394140536
-0.663767452506294	1.87533379110399	-0.610360875867857
0.270084687571527	0.689707789730678	-0.872816052491035
1.26192111085679	0.434882124055848	-1.55031662470436
1.35500114442664	0.386053253986419	-2.43228809033341
2.42618448157473	0.558480201419089	-2.1210040436408
2.98466468299382	0.531013962005035	-0.148012512397955
3.57061112382696	0.582894636453803	0.178530556191348
3.02281223773556	1.07270923933776	0.500495918211643
2.37582970931563	0.955214770733196	0.360112916762036
2.563515678645	2.35446707866026	1.15358205539025
1.05439841306172	2.13473716334783	0.137331197070268
1.4373998626688	1.879911497673	-0.280766002899214
0.0869764248111696	2.25223163195239	0.135805294880598
-0.106813153276875	1.33363851377127	0.332646677347982
-0.407415884641794	0.064087891966125	0.502021820401312
-0.611886778057527	0.125123979552911	-0.787365529869535
-1.68917372396429	-0.843823910887312	-1.05592431525139
-1.22529945830472	-0.68055237659266	-1.92416266117342
-0.978103303578241	-0.445563439383536	-0.341802090486
-0.0747692072938125	-0.72632944228275	-0.985732814526589
-0.575265125505455	-1.25734340428779	-3.4531166552224
0.0473029678797589	-1.10475318532082	-1.93636987869078
0.262455176623178	-1.26039520866712	-3.59197375448234
0.946059357595178	-0.500495918211643	-5.3177691309987
1.20241092545968	-0.479133287556268	-5.13313496604868
1.70138094148165	1.78988326848249	-4.19623102159152
3.37682154573892	1.69069962615396	-2.40024414435035
1.72732127870604	2.00503547722591	-1.34126802471962
3.47753109025711	2.7847714961471	-0.424200808728161
2.4124513618677	2.10421911955444	1.21919584954604
-0.286869611657893	2.5787747005417	1.50453955901427
0.822461280231937	4.48462653543908	1.8097199969482
1.13984893568322	3.90173189898527	1.83108262760357
1.4877546349279	3.58587014572366	0.512703135729
1.17189288166629	3.2120241092546	-0.0976577401388571
-1.1810482948043	1.90585183489738	-0.0732433051041428
-0.273136491950866	-0.29755092698558	0.413519493400473
-4.80048828870069	-1.81582360570687	0.0564583810177768
-3.40886549172198	-1.5884641794461	1.26344701304646
-2.6337071793698	-1.66781109330892	2.21103227283131
-1.71053635461967	-1.20698863202869	-0.00152590218966964
-1.96078431372549	-1.68001831082628	-0.842298008697642
0.910963607232776	-1.5732051575494	-1.97756923781186
0.262455176623178	-1.16731517509728	-2.26749065384909
1.76241702906844	-1.17494468604562	-4.0512703135729
1.9150072480354	-1.08796826123445	-3.79339284351873
3.03196765087358	-0.326543068589303	-1.50911726558328
1.71663996337835	0.697337300679026	-0.111390859845884
2.05386434729534	1.12916762035554	1.15663385976959
3.29900053406577	0.482185091935607	1.66781109330892
3.16624704356451	0.233463035019455	2.16678110933089
3.22880903334096	1.25276569771878	2.07827878233005
2.80766002899214	2.28274967574578	1.53200579842832
0.689707789730678	2.42923628595407	1.23598077363241
0.318913557640955	1.7441062027924	0.579842832074464
-0.55390249485008	1.22224765392538	1.11390859845884
-1.03303578240635	1.75326161593042	0.396734569314107
-0.376897840848402	1.04219119554437	0.820935378042267
-0.207522697795071	0.248722056916152	2.4979018844892
0.247196154726482	0.04272526131075	1.29396505683986
1.30922407873655	1.47707331960021	1.75631342030976
2.43686579690242	1.54573891813535	0.302128633554589
4.60822461280232	-0.532539864194705	-0.492866407263294
4.29846646829938	-0.755321583886473	-1.75173571374075
5.63668268863966	-0.747692072938125	-2.73136491950866
5.48104066529335	-1.10475318532082	-3.02433813992523
4.65400167849241	-1.47554741741054	-4.30457007705806
3.46379797055009	-1.08491645685512	-2.36514839398795
3.29289692530709	-0.0305180437933928	-2.8351262684062
2.0859082932784	0.376897840848402	-1.91805905241474
1.54116121156634	-0.42572671091783	-1.20088502327001
0.973525597009232	-0.177004654001679	-0.476081483176928
1.45571068894484	-0.177004654001679	0.0274662394140536
1.70138094148165	0.616464484626535	0.964370183871214
0.80872816052491	0.976577401388571	1.14900434882124
1.68917372396429	2.1011673151751	0.860608834973678
1.1612115663386	1.76241702906844	2.1011673151751
-1.01167315175097	0.857557030594339	1.58236057068742
-2.34683756771191	0.701915007248035	1.58083466849775
0.314335851071946	0.491340505073625	2.83360036621653
-0.746166170748455	-0.0839246204318303	3.93682764934768
2.62149996185245	0.625619897764553	5.13771267261769
5.31929503318837	1.55184252689403	1.40840772106508
5.63363088426032	1.54726482032502	1.60067139696345
6.14023041123064	1.34584573128862	0.328068970778973
5.29030289158465	-0.021362630655375	0.0839246204318303
4.33966582742046	0.405889982452125	1.80514229037919
4.30914778362707	0.175478751812009	1.38094148165103
3.10521095597772	0.900282291905089	2.2919050888838
4.40070191500725	0.929274433508812	1.59761959258412
4.42206454566262	2.11032272831312	2.1011673151751
2.22476539253834	2.36972610055695	0.756847486076142
3.17235065232319	2.32089723048753	-0.202944991226062
1.57167925535973	2.49027237354086	0.709544518196384
1.19020370794232	2.75730525673304	0.271610589761196
-0.0930800335698482	2.05691615167468	-0.396734569314107
-0.0274662394140536	2.11184863050278	-0.239566643778134
-1.30464637216754	0.915541313801785	-0.531013962005035
-0.790417334248875	0.506599526970321	-0.457770656900893
1.34431982909895	0.312809948882277	2.29953459983215
1.28480964370184	0.0152590218966964	1.66170748455024
4.18249790188449	0.0396734569314107	2.91447318226902
3.7445639734493	-0.857557030594339	0.25787747005417
4.12756542305638	-0.486762798504616	-0.505073624780652
3.08232242313268	-0.242618448157473	0.421149004348821
3.04570077058061	0.701915007248035	0.924696726939803
1.81734950789654	1.20241092545968	2.47653925383383
2.66727702754253	2.1713588158999	4.15960936903944
2.02487220569162	2.88242923628595	4.31677729457542
2.10879682612345	2.49485008010986	3.56908522163729
2.40482185091936	2.48264286259251	1.01930266269932
3.13572899977111	2.11337453269245	1.81582360570687
2.67185473411154	1.06660563057908	0.38300144960708
0.946059357595178	0.717174029144732	1.20393682764935
-0.718699931334401	0.703440909437705	1.60067139696345
-1.64492256046387	0.25787747005417	2.59403372243839
-2.11490043488212	-0.0534065766384375	1.70595864805066
-2.9404135194934	-0.408941786831464	3.1616693369955
-1.6083009079118	-0.321965362020295	2.81071183337148
-2.7847714961471	0.308232242313268	2.84428168154421
-2.46128023193713	0.393682764934768	1.45571068894484
-1.2466620889601	1.11543450064851	2.7542534523537
-0.125123979552911	1.76546883344778	2.05691615167468
2.55283436331731	1.85244525825895	0.874341954680705
3.54772259098192	1.5228503852903	1.74563210498207
4.57160296025025	0.654612039368276	0.753795681696803
4.01312275883116	1.1108567940795	1.34584573128862
2.96177615014878	1.0101472495613	0.650034332799268
2.33310444800488	0.593575951781491	0.633249408712901
1.76852063782712	0.801098649576562	2.04776073853666
1.74563210498207	2.63065537499046	2.78171969176776
1.0955977721828	2.11184863050278	1.82040131227588
1.31380178530556	2.82597085526818	3.56298161287861
2.93125810635538	3.57518883039597	4.44953078507668
2.44602121004044	3.0258640421149	3.0609597924773
2.80918593118181	4.08941786831464	2.82902265964752
2.55283436331731	3.07927061875334	3.97650110627909
1.41145952544442	2.46890974288548	4.09399557488365
0.064087891966125	1.96688792248417	4.10772869459068
-1.27870603494316	0.350957503624018	4.03906309605554
-0.521858548867018	-0.207522697795071	3.77203021286336
1.07118333714809	0.663767452506294	4.61280231937133
1.96078431372549	1.06813153276875	4.20386053253986
5.0766765850309	1.65255207141222	3.11741817349508
5.60769054703593	2.03707942320897	1.20088502327001
5.6900892652781	1.5030136568246	-0.5981536583505
6.90012970168612	1.86007476920729	0.97962920576791
5.50698100251774	2.22934309910735	2.90836957351034
5.18348973830777	2.28580148012512	4.56549935149157
4.99580376897841	3.10978866254673	5.61684596017395
4.92408636606394	2.69626916914626	6.15396353093767
4.43121995880064	2.88700694285496	3.59197375448234
3.02128633554589	2.34531166552224	1.66781109330892
1.93331807431144	1.10933089188983	-0.514229037918669
4.03295948729686	0.866712443732357	0.187685969329366
-0.0961318379491875	-0.537117570763714	0.202944991226062
-0.233463035019455	-0.779736018921187	0.81177996490425
-0.436408026245518	-0.387579156176089	-0.318913557640955
-0.567635614557107	-0.279240100709545	0.279240100709545
-0.773632410162509	-0.619516289005875	0.613412680247196
-1.55642023346304	-1.02693217364767	0.0747692072938125
-0.173952849622339	-0.187685969329366	1.26955062180514
0.270084687571527	0.375371938658732	1.73037308308537
0.370794232089723	0.161745632104982	2.09964141298543
1.51369497215228	0.631723506523232	2.60776684214542
0.0350957503624018	-0.372320134279393	-0.422674906538491
2.58487830930037	-0.859082932784008	-1.73647669184405
1.88143739986267	-0.917067215991455	-2.59098191805905
2.03860532539864	-0.0732433051041428	-3.19829098954757
2.07522697795071	0.68207827878233	-1.88601510643168
2.93583581292439	1.92416266117342	-1.01625085831998
4.13977264057374	3.04417486839094	0.317387655451286
3.89868009460594	3.22880903334096	0.494392309452964
4.36865796902419	3.58434424353399	2.29953459983215
4.07873655298695	3.43480582894636	1.75631342030976
1.86770428015564	2.60166323338674	1.64034485389487
1.28328374151217	2.04165712977798	1.16578927290761
1.10627908751049	2.54367895017929	0.556954299229419
2.08896009765774	1.8295567254139	0.7690547035935
1.20851453421836	2.42618448157473	1.05592431525139
1.93179217212177	3.15098802166781	2.38040741588464
2.050812542916	1.33516441596094	2.21560997940032
1.58388647287709	-0.357061112382696	1.22987716487373
2.78934920271611	-0.823987182421607	1.13832303349355
5.07820248722057	-0.578316929884794	1.80361638818952
5.0110627908751	-2.12558175020981	-0.534065766384375
5.89303425650416	-0.81177996490425	0.98268101014725
2.56046387426566	-0.856031128404669	0.0823987182421607
1.80514229037919	-0.0579842832074464	0.807202258335241
0.376897840848402	-1.8646524757763	-0.737010757610437
-1.28023193713283	-2.18966964217594	-0.360112916762036
-1.06507972838941	-1.26802471961547	-0.874341954680705
-1.64034485389487	-0.585946440833143	-1.78530556191348
-1.33974212252995	0.0244144350347143	-1.78988326848249
-1.28786144808118	0.404364080262455	-2.8351262684062
-2.04165712977798	0.999465934233616	-3.29594872968643
-2.563515678645	0.846875715266651	-2.89311055161364
-1.66933699549859	0.659189745937285	-2.42008087281605
-2.56046387426566	0.715648126955062	-1.4526588845655
-2.82597085526818	-0.0564583810177768	-2.39871824216068
-3.21660181582361	-0.408941786831464	-2.59250782024872
-2.69474326695659	-1.60982681010147	-2.563515678645
-3.71557183184558	-4.90424963759823	-5.68093385214008
-3.66674296177615	-5.79842832074464	-6.38132295719844
-1.93331807431144	-5.25062943465324	-7.60051880674449
0.0564583810177768	-4.52582589456016	-6.53696498054475
1.06507972838941	-2.92362859540703	-1.75173571374075
2.6642252231632	-1.20088502327001	-0.634775310902571
3.22423132677195	0.805676356145571	-0.599679560540169
1.24055848020142	0.59662775616083	0.161745632104982
-0.566109712367437	0.98115510795758	1.24818799114977
-2.11337453269245	1.80514229037919	-0.183108262760357
-3.21965362020295	0.76752880140383	-2.14847028305486
-5.15754940108339	0.628671702143893	-2.20035095750362
-2.43533989471275	1.57930876630808	-1.31227588311589
-0.573739223315785	3.11894407568475	-1.85091935606928
0.102235446707866	3.77813382162203	-1.80209048599985
-0.184634164950027	4.04058899824521	-1.56099794003204
0.872816052491035	4.18249790188449	0.308232242313268
0.0518806744487678	3.40733958953231	-0.286869611657893
-1.91653315022507	3.08690012970169	-1.38857099259937
-2.63675898374914	1.44045166704814	-3.39665827420462
-5.92202639810788	0.00152590218966964	-4.60059510185397
-4.33661402304112	-0.564583810177768	-4.99732967116808
-4.5639734493019	-1.76089112687877	-2.87174792095827
-4.48920424200809	-2.84275577935454	-3.83611810482948
-0.358587014572366	-3.15709163042649	-2.9907682917525
0.64087891966125	-1.91348134584573	-3.4683756771191
2.02639810788128	-0.0320439459830625	-1.43282215609979
1.98672465094987	0.453192950331884	-0.389105058365759
-0.650034332799268	0.703440909437705	-0.653086137178607
0.842298008697642	1.9302662699321	0.00762951094834821
-0.929274433508812	1.39620050354772	-0.405889982452125
-2.31631952391852	0.691233691920348	-2.563515678645
-5.18806744487678	-0.625619897764553	-3.57213702601663
-6.27756160830091	-0.834668497749294	-3.95513847562371
-6.61783779659724	-0.967421988250553	-3.16624704356451
-7.73327229724575	-1.71358815899901	-3.588921950103
-5.45204852368963	0.0106813153276875	-2.91142137788968
-4.22522316319524	0.677500572213321	-2.85954070344091
-1.76852063782712	1.00862134737163	-3.5034714274815
0.155642023346304	1.21309224078737	-3.7796597238117
-2.48416876478218	-0.830090791180285	-4.58075837338827
-4.42969405661097	-2.87937743190661	-5.89303425650416
-4.48462653543908	-3.30663004501411	-6.41794460975052
-6.44998855573358	-3.49736781872282	-3.85595483329519
-5.5893797207599	-1.96688792248417	0.00457770656900893
-3.61638818951705	-0.274662394140536	0.923170824750134
-1.49843595025559	0.799572747386893	1.41908903639277
-0.325017166399634	0.926222629129473	2.04776073853666
1.14900434882124	0.869764248111696	0.804150453955901
1.2970168612192	-0.813305867093919	-1.00556954299229
-0.888075074387732	-1.00251773861295	-0.877393759060044
0.175478751812009	-0.750743877317464	-0.787365529869535
-1.25123979552911	-0.930800335698482	-0.500495918211643
-3.14488441290913	-1.36873426413367	-1.77462424658579
-1.89669642175937	-0.761425192645151	-1.19478141451133
-2.17898832684825	-1.50606546120394	-3.50499732967117
-1.56710154879072	-1.41145952544442	-2.67643244068055
-1.4526588845655	-1.05439841306172	-2.97856107423514
-1.40383001449607	-1.367208361944	-4.07568474860761
-2.34531166552224	-2.13321126115816	-6.78873884184024
-3.24254215304799	-3.19371328297856	-8.46570534828717
-4.04364080262455	-4.57007705806058	-8.64881361104753
-5.31013962005035	-4.7348744945449	-7.78362706950484
-6.19668879224842	-4.6997787441825	-5.20637827115282
-5.17128252079042	-3.15251392385748	0.117494468604562
-4.69367513542382	-0.347905699244678	2.39414053559167
-3.99633783474479	1.24361028458076	2.1362630655375
-3.73388265812161	1.25734340428779	0.971999694819562
-3.6240177004654	0.901808194094759	-0.738536659800107
-1.81124589913787	0.752269779507134	-2.33310444800488
-2.72068360418097	-0.556954299229419	-4.79743648432135
-0.497444113832303	-1.09864957656214	-4.08026245517662
-1.45723659113451	-0.177004654001679	-3.86968795300221
-1.19172961013199	-0.634775310902571	-5.01411459525444
-2.86411841000992	-0.364690623331044	-6.09445334554055
-4.39459830624857	-0.560006103608759	-6.0868238345922
-5.00343327992676	-0.570687418936446	-4.94697489890898
-5.42915999084459	-0.0778210116731518	-6.13565270466163
-5.5542839703975	0.16937514305333	-4.07721065079728
-4.63263904783703	-0.59510185397116	-3.78881513694972
-4.87525749599451	-1.34279392690929	-6.07614251926451
-3.92309452964065	-1.95925841153582	-4.45410849164569
-2.95109483482109	-2.6840619516289	-6.33554589150835
-3.95819028000305	-2.05844205386435	-4.93781948577096
-2.1560997940032	-0.718699931334401	-1.10017547875181
-1.2115663385977	0.361638818951705	0.81177996490425
-0.285343709468223	0.793469138628214	2.88548104066529
-0.923170824750134	1.40840772106508	1.92263675898375
-0.0335698481727321	1.6083009079118	0.633249408712901
1.39620050354772	1.97451743343252	-0.996414129854276
1.06202792401007	0.978103303578241	-3.23033493553063
1.11238269626917	1.67849240863661	-1.23903257801175
2.34683756771191	0.89723048752575	-2.59555962462806
2.15457389181353	0.860608834973678	-2.45975432974746
1.25429159990845	1.70290684367132	-0.906385900663767
0.660715648126955	0.822461280231937	-2.2568093385214
0.747692072938125	0.848401617456321	-2.18814373998627
1.53047989623865	-0.329594872968643	-3.05485618371862
1.08949416342412	-0.517280842298009	-3.6591134508278
1.51674677653162	-0.192263675898375	-2.83360036621653
1.6739147020676	0.0411993591210803	-4.02075226977951
1.66628519111925	-0.715648126955062	-4.51667048142214
