-0.515754940108339	-1.76394293125811	-5.57869840543221
-1.82192721446555	-3.57976653696498	-6.07919432364385
-3.42717631799802	-3.38139925230793	-5.468833447776
-3.25017166399634	-5.297932402533	-5.33150225070573
-3.32341496910048	-6.28061341268025	-5.07820248722057
-2.06301976043336	-6.25009536888685	-5.15754940108339
-2.01419089036393	-4.58075837338827	-3.21049820706493
-2.41092545967803	-2.71000228885328	-2.18204013122759
0.482185091935607	-2.42618448157473	-0.421149004348821
1.7944609750515	-1.1108567940795	0.592050049591821
1.92874036774243	-0.482185091935607	3.13420309758144
1.71511406118868	-1.94705119401846	1.79751277943084
0.396734569314107	-2.6642252231632	0.93690394445716
1.09254596780346	-1.13527122911421	-0.0732433051041428
1.39772640573739	-0.183108262760357	1.97756923781186
-0.488288700694285	-0.216678110933089	0.949111161974517
-2.70695048447395	-0.344853894865339	0.515754940108339
-1.48928053711757	0.476081483176928	-0.952162966353857
-2.20340276188296	0.930800335698482	-0.0732433051041428
-4.47089341573205	-0.576791027695125	-2.56046387426566
-6.3080796520943	-2.82597085526818	-4.26947432669566
-6.44235904478523	-2.96940566109712	-3.23491264209964
-6.25619897764553	-2.71305409323262	-3.59502555886168
-5.21858548867018	-3.80560006103609	-4.38239108873121
-5.37422751201648	-4.56855115587091	-4.69062333104448
-5.65804531929503	-4.11688410772869	-4.90730144197757
-3.42107270923934	-3.85442893110552	-2.44449530785077
-2.88090333409628	-3.37834744792859	-2.95719844357977
-1.05287251087205	-2.9755092698558	-1.7792019531548
0.448615243762875	-1.13832303349355	0.109864957656214
4.14129854276341	0.0823987182421607	1.51064316777295
5.8655680170901	1.03150988021668	3.00297550926986
5.83199816891737	2.49027237354086	2.96025024795911
5.75265125505455	2.42008087281605	2.31021591515984
3.75677119096666	2.30106050202182	2.52689402609293
1.88906691081102	1.38857099259937	1.33363851377127
1.16578927290761	-0.231937132829786	-1.49843595025559
-5.12092774853132	-1.42824444953079	-4.57160296025025
-1.92263675898375	-1.30617227435721	-3.98565651941711
-4.52277409018082	-2.12405584802014	-6.02121004043641
-4.3579766536965	-2.03860532539864	-5.69771877622644
-1.87380788891432	-2.09658960860609	-4.73029678797589
-0.0976577401388571	-1.64797436484321	-5.61532005798428
-0.881971465629053	-3.33562218661784	-2.95719844357977
-2.37125200274662	-3.72320134279393	-2.31937132829786
-2.6337071793698	-3.66521705958648	-2.78934920271611
-2.95719844357977	-4.67231250476844	-4.10467689021134
-1.61440451667048	-3.23796444647898	-1.55947203784237
0.292973220416571	-2.7496757457847	-2.43533989471275
1.27565423056382	-2.0660715648127	-3.0060273136492
1.65712977798123	-1.71816586556802	-2.53299763485161
4.48004882887007	-0.778210116731518	-1.13221942473487
3.95513847562371	-0.93690394445716	0.280766002899214
5.96322575722896	-0.878919661249714	1.20241092545968
6.73838406958114	-0.021362630655375	1.83413443198291
6.54612039368276	-0.0854505226215	1.18715190356298
5.48409246967269	0.50965133134966	1.08949416342412
4.12603952086671	1.56252384222171	1.06507972838941
1.92874036774243	0.924696726939803	0.662241550316625
0.601205462729839	0.900282291905089	1.65407797360189
0.189211871519036	1.76699473563745	1.65407797360189
-1.538109407187	1.33974212252995	-0.564583810177768
-0.329594872968643	3.46684977492943	-0.610360875867857
-0.00915541313801785	1.42824444953079	-1.05897611963073
-1.84939345387961	-0.485236896314946	-1.59609369039445
-1.34584573128862	0.68055237659266	-1.73342488746471
0.204470893415732	0.219729915312428	-2.46890974288548
1.15663385976959	-0.0305180437933928	-1.77615014877546
1.36415655756466	1.25429159990845	-0.524910353246357
3.32646677347982	3.10368505378805	2.19424734874495
3.6743724727245	3.70183871213855	2.89921416037232
3.67742427710384	2.02639810788128	4.11383230334935
4.69672693980316	0.360112916762036	5.31929503318837
3.23491264209964	-0.949111161974517	4.37628747997253
4.62348363469902	-1.48317692835889	2.23392080567636
8.86549172198062	0.558480201419089	1.9653620202945
10.9498741130694	2.63981078812848	3.34477759975586
11.4290074006256	3.19829098954757	3.07316700999466
10.1167315175097	3.1464103150988	1.46486610208286
9.14015411612116	3.42717631799802	2.97245746547646
8.24597543297475	2.50247959105821	2.00808728160525
5.29182879377432	1.77309834439612	3.88189517051957
2.45059891660945	2.33768215457389	3.59807736324102
0.0335698481727321	0.729381246662089	1.1810482948043
-1.51064316777295	1.41603723201343	-0.0701915007248035
-3.02128633554589	-0.967421988250553	-1.27870603494316
-4.01007095445182	-2.19424734874495	-4.03143358510719
-3.10368505378805	-1.47096971084154	-3.41802090486
-3.77203021286336	-1.71206225680934	-0.387579156176089
-2.96025024795911	-0.659189745937285	-0.524910353246357
-1.16884107728695	-0.131227588311589	-0.146486610208286
0.89417868314641	1.61745632104982	1.9806210421912
2.15762569619287	1.40993362325475	1.73037308308537
3.92767223620966	2.69474326695659	2.85343709468223
5.47188525215534	3.8300144960708	3.46684977492943
4.73945220111391	3.28374151216907	3.72014953841459
3.06706340123598	3.04875257495994	3.21965362020295
3.87884336614023	1.91958495460441	2.39566643778134
1.56252384222171	-0.283817807278553	0.80872816052491
1.57167925535973	-0.564583810177768	-0.4272526131075
2.52384222171359	-0.460822461280232	-2.67643244068055
3.53398947127489	-0.735484855420768	-2.55741206988632
0.625619897764553	-0.064087891966125	-3.89410238803693
1.04371709773404	0.775158312352178	-3.21660181582361
-0.155642023346304	0.238040741588464	-1.60524910353246
-2.47196154726482	-0.704966811627375	-2.00503547722591
-0.531013962005035	-0.366216525520714	-0.0183108262760357
-0.286869611657893	-0.00915541313801785	1.03761348897536
-0.109864957656214	-0.0488288700694285	1.91958495460441
1.27870603494316	1.70901045243	4.06805523765927
2.07827878233005	1.15053025101091	4.40070191500725
0.735484855420768	0.369268329900053	2.82291905088884
0.759899290455482	0.0885023270008393	2.93278400854505
-1.33058670939193	-0.714122224765393	-0.839246204318303
-2.24002441443503	-2.16678110933089	-1.67238879987793
-1.23598077363241	-1.85549706263828	-2.27359426260777
1.64187075608453	-2.20950637064164	-1.50453955901427
1.0406652933547	-2.02639810788128	-0.991836423285267
3.97039749752041	-1.10475318532082	1.38551918822004
6.02731364919509	0.891126878767071	2.10269321736477
4.21454184786755	1.44960708018616	2.33157854581521
2.19424734874495	1.73952849622339	1.34584573128862
-0.799572747386893	-0.430304417486839	0.158693827725643
-2.07217517357137	-1.91042954146639	-2.61234454871443
-1.9653620202945	-1.56862745098039	-2.67032883192187
-2.07217517357137	-1.29396505683986	-3.42412451361868
-1.15358205539025	-0.622568093385214	-1.8951705195697
0.149538414587625	0.741588464179446	-1.14137483787289
-0.234988937209125	0.500495918211643	-1.27565423056382
0.296025024795911	0.424200808728161	-1.24513618677043
-0.369268329900053	0.0335698481727321	-1.93484397650111
-0.585946440833143	-2.31326771953918	-1.46486610208286
-1.06202792401007	-2.44449530785077	-1.46181429770352
0.131227588311589	-2.16372930495155	-0.997940032043946
-0.952162966353857	-2.07522697795071	-1.22377355611505
-0.103761348897536	-1.88296330205234	-0.967421988250553
0.576791027695125	-1.42519264515145	-0.970473792629892
0.482185091935607	-0.515754940108339	-0.698863202868696
0.173952849622339	-0.561532005798428	-1.08033875028611
0.219729915312428	-2.78019378957809	-2.37430380712596
0.683604180972	-2.4628061341268	0.0793469138628214
3.21660181582361	-0.418097199969482	1.73647669184405
6.26230258640421	1.82497901884489	4.05889982452125
9.20729381246662	4.40375371938659	4.82795452811475
10.6294346532387	6.28366521705959	4.27557793545434
8.09643701838712	8.32837415121691	4.09857328145266
7.10154879072251	7.14122224765393	1.20241092545968
4.75776302738994	5.14229037918669	-0.55542839703975
2.20035095750362	2.18814373998627	-1.33974212252995
0.241092545967803	-0.143434805828946	-2.59708552681773
-2.16067750057221	-3.50041962310216	-3.69573510337987
-4.1718165865568	-4.14435034714275	-3.02433813992523
-5.17586022735943	-5.810635538262	-2.4933241779202
-7.22056916151675	-6.53086137178607	-3.08842603189136
-4.37933928435187	-5.77096208133059	-2.85343709468223
-3.32036316472114	-3.73540856031128	-2.85648889906157
-1.53200579842832	-3.39665827420462	-3.76897840848402
-0.109864957656214	-2.30106050202182	-2.98466468299382
0.354009308003357	-0.588998245212482	-1.57778286411841
0.451667048142214	-0.222781719691768	-2.4780651560235
-0.588998245212482	0.219729915312428	-3.81475547417411
1.32143129625391	-0.0793469138628214	0.225833524071107
0.848401617456321	-0.00915541313801785	-1.27565423056382
3.38139925230793	2.49027237354086	1.00099183642329
4.79133287556268	3.70489051651789	3.95513847562371
5.0263218127718	3.91851682307164	6.0669871061265
6.47592889295796	5.57564660105287	6.44541084916457
9.08216983291371	8.20935378042267	5.06294346532387
7.69665064469368	7.49217975127794	3.51873044937819
8.23682001983673	7.53795681696803	2.58487830930037
5.60311284046693	6.48508430609598	2.04165712977798
4.65400167849241	6.41794460975052	-0.369268329900053
3.13115129320211	5.9662775616083	-2.26749065384909
0.799572747386893	4.21759365224689	-1.93789578088045
0.201419089036393	3.588921950103	-1.38857099259937
-1.7944609750515	3.44243533989471	-2.56046387426566
-2.20035095750362	2.0660715648127	-0.866712443732357
-2.99992370489052	2.11795223926146	-0.173952849622339
-1.08339055466545	2.07827878233005	0.927748531319142
-3.90630960555428	2.2064545662623	1.47707331960021
-1.33974212252995	3.00907911802853	0.994888227664607
-0.653086137178607	2.4078736552987	-0.415045395590143
-0.933852140077821	1.93789578088045	-0.341802090486
0.219729915312428	1.15053025101091	0.189211871519036
-1.15968566414893	1.09864957656214	0.567635614557107
-0.72327763790341	0.582894636453803	-1.89822232394903
0.854505226215	2.99382009613184	2.08438239108873
2.8046082246128	4.10467689021134	4.14435034714275
2.86564431219959	3.02128633554589	3.04570077058061
4.01922636758984	5.85946440833143	2.94193942168307
4.88288700694286	4.75165941863127	3.18608377203021
4.66620889600977	3.90936140993362	3.78728923476005
2.86259250782025	5.16975661860075	2.21560997940032
1.85549706263828	3.77508201724269	3.68657969024186
0.564583810177768	2.80155642023346	3.05180437933928
0.021362630655375	2.27359426260777	0.912489509422446
0.335698481727321	0.72327763790341	0.341802090486
-0.326543068589303	0.662241550316625	-2.27359426260777
-0.354009308003357	1.26955062180514	-2.25528343633173
0.631723506523232	3.11284046692607	-3.47600518806744
0.833142595559625	1.96231021591516	-2.88090333409628
2.10574502174411	2.04776073853666	-0.933852140077821
-1.08644235904479	0.662241550316625	-0.131227588311589
-0.363164721141375	0.540169375143053	0.784313725490196
0.265506981002518	1.48928053711757	2.13321126115816
-0.540169375143053	1.99588006408789	3.01823453116655
0.12817578393225	2.66727702754253	3.0914778362707
-1.33669031815061	3.51567864499886	1.91042954146639
1.62661173418784	4.79438467994202	2.23392080567636
1.78530556191348	5.78927290760662	4.18402380407416
0.479133287556268	6.01205462729839	4.60212100404364
1.32753490501259	5.48409246967269	3.93987945372702
2.45059891660945	4.86457618066682	4.70588235294118
0.38452735179675	3.66521705958648	2.23086900129702
0.0701915007248035	3.56755931944762	1.99282825970855
-0.323491264209964	2.63065537499046	0.753795681696803
-0.0732433051041428	3.50652323186084	0.436408026245518
2.905317769131	4.71198596169986	0.921644922560464
-0.149538414587625	3.30205233844511	0.476081483176928
-0.0579842832074464	3.38445105668727	0.265506981002518
-0.354009308003357	3.69878690775921	0.573739223315785
-1.23292896925307	2.20950637064164	1.12306401159686
-2.85648889906157	0.988784618905928	-0.231937132829786
-1.84634164950027	-1.47707331960021	1.36110475318532
-2.221713588159	-3.69268329900053	0.00305180437933928
-3.12199588006409	-4.06500343327993	-1.39772640573739
-0.89723048752575	-3.94293125810636	-1.70290684367132
-0.866712443732357	-2.15457389181353	-0.170901045243
1.8646524757763	-0.64087891966125	0.906385900663767
2.75883115892271	1.44350347142748	0.885023270008392
3.84832532234684	3.48210879682612	2.93278400854505
3.41191729610132	3.46990157930877	4.38544289311055
1.879911497673	4.39154650186923	6.67429617761502
-1.36415655756466	2.81071183337148	6.0669871061265
-1.53505760280766	1.84939345387961	3.52483405813687
-4.83710994125277	2.12405584802014	4.11383230334935
-5.86251621271076	0.283817807278553	2.5787747005417
-4.96528572518502	0.549324788281071	0.12817578393225
-2.07827878233005	0.68055237659266	0.0946059357595178
-1.07728694590677	1.26955062180514	1.28480964370184
-0.0244144350347143	0.354009308003357	-1.27260242618448
2.23392080567636	1.69985503929198	-0.125123979552911
0.457770656900893	1.29396505683986	-1.78835736629282
-1.56557564660105	2.08743419546807	-1.4679179064622
0.80872816052491	2.78629739833677	2.14541847867552
2.51163500419623	2.60318913557641	3.24406805523766
2.09658960860609	1.62966353856718	2.0355535210193
2.70389868009461	1.39467460135805	1.34279392690929
5.59700923170825	1.87380788891432	5.5390249485008
4.97444113832303	1.54421301594568	2.9907682917525
6.93980315861753	1.879911497673	3.33867399099718
9.26222629129473	2.63675898374914	4.50751506828412
10.5622949568933	4.80048828870069	6.06393530174716
10.8583199816892	4.79133287556268	6.36911573968109
10.7392996108949	4.65400167849241	7.15037766079194
8.16662851911192	4.89509422446021	7.32738231479362
5.35896849011978	2.03250171663996	7.54711223010605
3.36003662165255	1.91653315022507	6.74753948271916
0.64087891966125	0.109864957656214	6.53391317616541
-1.9501029983978	-0.98268101014725	4.58686198214694
-3.1616693369955	-1.61440451667048	3.36308842603189
-3.50957503624018	-2.35294117647059	3.63469901579309
-2.221713588159	-2.905317769131	1.33363851377127
-2.905317769131	-1.57778286411841	0.308232242313268
-3.96124208438239	-2.97245746547646	-0.888075074387732
-2.99382009613184	-1.76089112687877	-0.762951094834821
-3.97955291065843	-0.906385900663767	-0.314335851071946
-1.40688181887541	0.592050049591821	0.250247959105821
1.60524910353246	1.61745632104982	1.48012512397955
0.997940032043946	0.399786373693446	1.62661173418784
2.38040741588464	1.30312046997787	2.05691615167468
2.85954070344091	0.497444113832303	1.30312046997787
2.12710765239948	0.787365529869535	1.08339055466545
1.77004654001678	-0.134279392690929	1.3824673838407
0.643930724040589	-0.964370183871214	1.47707331960021
0.643930724040589	-1.33058670939193	1.91348134584573
1.17494468604562	-0.500495918211643	2.79545281147478
0.741588464179446	-0.912489509422446	3.247119859617
2.31021591515984	-1.80361638818952	3.076218814374
-0.0152590218966964	-1.08033875028611	2.51773861295491
-0.698863202868696	0.152590218966964	2.6642252231632
-0.448615243762875	0.04272526131075	1.33058670939193
-0.396734569314107	1.22072175173571	1.29091325246052
-2.54215304798962	-0.491340505073625	0.622568093385214
-5.86251621271076	-1.48622873273823	-1.04982070649271
-3.83611810482948	-2.68253604943923	-2.3224231326772
-3.38139925230793	-3.46074616617075	-1.8951705195697
-2.53910124361028	-2.59708552681773	-3.3478294041352
-2.12405584802014	-2.95719844357977	-2.94499122606241
-0.320439459830625	-2.56961928740368	-2.4933241779202
2.25833524071107	0.253299763485161	-2.02639810788128
1.68154421301595	-0.158693827725643	-3.36003662165255
2.78324559395743	1.1810482948043	-3.19218738078889
2.02944991226062	0.622568093385214	-2.37125200274662
4.37933928435187	2.92362859540703	-0.878919661249714
4.45563439383536	2.18509193560693	-1.63271534294652
4.36713206683452	2.78324559395743	-2.34683756771191
6.10360875867857	3.74761577782864	-0.98268101014725
5.0110627908751	3.46379797055009	-1.47402151522087
4.61127641718166	2.734416723888	0.253299763485161
2.80155642023346	1.22987716487373	1.55031662470436
0.204470893415732	0.833142595559625	3.08537422751202
-1.71206225680934	-0.411993591210803	3.03959716182193
-1.08949416342412	-1.48317692835889	3.87884336614023
0.442511635004196	-1.55642023346304	3.75066758220798
0.686655985351339	-2.08438239108873	4.10467689021134
1.36415655756466	-2.85648889906157	2.83817807278553
-0.152590218966964	-3.46684977492943	0.750743877317464
-2.02944991226062	-2.92362859540703	0.0396734569314107
-2.39871824216068	-3.46074616617075	-2.8046082246128
-2.64286259250782	-2.49942778667887	-3.86053253986419
-3.99481193255512	-3.47600518806744	-4.60517280842298
-3.62859540703441	-4.70283054856184	-4.35492484931716
-1.90432593270771	-4.18402380407416	-3.53398947127489
-1.44960708018616	-3.28068970778973	-4.64789806973373
0.0305180437933928	-3.59197375448234	-2.00808728160525
1.30617227435721	-1.6235599298085	-0.134279392690929
2.51468680857557	0.588998245212482	0.921644922560464
2.10574502174411	0.970473792629892	2.32852674143587
2.51773861295491	1.93179217212177	3.46990157930877
3.26848249027237	1.02845807583734	3.99176012817578
3.67742427710384	1.75478751812009	5.04463263904784
3.89410238803693	1.03150988021668	4.83100633249409
2.03250171663996	-0.289921416037232	2.8198672465095
-1.85854886701762	-0.527962157625696	0.790417334248875
-3.10673685816739	-2.01724269474327	-1.29396505683986
-4.56549935149157	-2.69474326695659	-5.41390096894789
-6.71091783016709	-2.16372930495155	-7.18089570458534
-1.99893186846723	-2.18509193560693	-4.48920424200809
-1.2664988174258	-1.39467460135805	-2.61844815747311
-1.83413443198291	-2.51773861295491	-4.06500343327993
1.56862745098039	-2.77714198519875	-3.48516060120546
-1.71206225680934	-3.69268329900053	-4.37628747997253
-0.747692072938125	-2.93583581292439	-4.24811169604028
-1.0101472495613	-2.57267109178302	-6.42404821850919
-2.57267109178302	-3.61333638513771	-7.1473258564126
-0.332646677347982	-2.74052033264668	-4.63263904783703
0.759899290455482	-2.37430380712596	-4.80964370183871
1.31837949187457	-1.22682536049439	-5.88998245212482
2.81681544213016	-2.03250171663996	-3.58281834134432
1.0406652933547	-1.78835736629282	-2.15762569619287
-0.845349813076982	-2.27054245822843	-2.29495689326314
-1.27870603494316	-3.45159075303273	-1.98672465094987
-3.14335851071946	-4.39154650186923	-0.787365529869535
-4.1870756084535	-3.49126420996414	-0.357061112382696
-4.06195162890059	-2.67032883192187	-0.393682764934768
-2.83207446402686	-2.8046082246128	0.280766002899214
-1.28480964370184	-0.540169375143053	0.524910353246357
0.653086137178607	0.296025024795911	-0.393682764934768
0.854505226215	-0.4272526131075	0.732433051041428
0.524910353246357	-0.0915541313801785	0.46997787441825
-0.411993591210803	-1.21766994735637	-2.17898832684825
-1.55642023346304	-2.20950637064164	-3.74151216906996
-3.37834744792859	-3.34172579537652	-5.34676127260243
-4.31219958800641	-4.20233463035019	-6.62546730754559
-3.49431601434348	-3.64385442893111	-7.01609826810101
-1.67544060425727	-4.0009155413138	-6.40268558785382
0.244144350347143	-2.33157854581521	-3.89715419241627
1.08949416342412	-2.10269321736477	-2.221713588159
1.8951705195697	-1.84328984512093	-0.817883573662928
2.83817807278553	0.112916762035554	1.99893186846723
2.56961928740368	-0.296025024795911	2.67338063630121
2.2369726100557	0.601205462729839	1.13832303349355
1.25429159990845	0.531013962005035	2.02334630350195
1.16578927290761	0.0457770656900893	2.22476539253834
-1.0406652933547	1.81277180132753	1.67849240863661
0.671396963454643	1.04371709773404	0.4272526131075
-0.173952849622339	0.189211871519036	-0.573739223315785
-1.00709544518196	-0.610360875867857	-1.67544060425727
-1.29396505683986	-2.16678110933089	-3.42412451361868
-2.72526131074998	-2.86564431219959	-4.19928282597086
-2.63065537499046	-4.04669260700389	-5.60311284046693
-2.34988937209125	-3.85748073548486	-5.95407034409094
-3.43022812237736	-4.45258258945602	-6.0364690623331
-3.48516060120546	-2.87785152971695	-5.85030899519341
-4.75471122301061	-2.50247959105821	-6.4087891966125
-5.13618677042802	-3.00297550926986	-5.86251621271076
-4.79438467994202	-2.90836957351034	-5.32845044632639
-3.35393301289387	-4.96833752956436	-4.73029678797589
-1.01319905394064	-4.48004882887007	-4.91950865949493
-1.27260242618448	-5.05378805218585	-4.75471122301061
-0.924696726939803	-4.96528572518502	-3.70183871213855
-1.55642023346304	-3.63164721141375	-1.37941557946136
-1.27870603494316	-3.33867399099718	-2.11795223926146
-2.37125200274662	-3.16472114137484	-1.96231021591516
-0.512703135729	-2.03250171663996	-1.05287251087205
1.4373998626688	-3.28068970778973	-2.51773861295491
-0.564583810177768	-4.49835965514611	-3.76592660410468
-1.44960708018616	-4.76691844052796	-3.30815594720378
-3.08537422751202	-5.88998245212482	-4.89509422446021
-2.91142137788968	-6.11886778057526	-5.77401388570993
-5.16060120546273	-4.5136186770428	-5.00495918211643
-6.21042191195544	-4.101625085832	-5.64583810177768
-3.75677119096666	-4.24505989166094	-5.55733577477684
-4.01922636758984	-2.86564431219959	-4.73640039673457
-3.52178225375753	-3.28068970778973	-5.8808270389868
-2.53299763485161	-3.59502555886168	-6.59800106813153
-1.1108567940795	-3.41802090486	-3.35393301289387
-2.35904478522927	-3.42107270923934	-2.86869611657893
-2.71000228885328	-3.43327992675669	-3.5034714274815
-1.34279392690929	-4.19317921721218	-2.58182650492103
-1.06813153276875	-3.62859540703441	-1.78835736629282
-0.411993591210803	-3.02128633554589	-0.460822461280232
0.381475547417411	-2.31021591515984	0.271610589761196
-0.799572747386893	-1.92263675898375	0.534065766384375
1.17189288166629	-2.8198672465095	0.448615243762875
0.561532005798428	-1.90127412832837	0.628671702143893
-1.04676890211337	-3.36614023041123	0.280766002899214
-1.93179217212177	-3.78118562600137	-0.00610360875867857
-2.24612802319371	-3.88494697489891	-0.363164721141375
-1.67238879987793	-2.86564431219959	-0.186160067139696
-1.71816586556802	-2.10879682612345	-0.836194399938964
-1.89211871519036	-3.5034714274815	-0.677500572213321
0.262455176623178	-2.36209658960861	-1.1261158159762
-1.91348134584573	-1.80666819256886	-1.65407797360189
-1.24818799114977	-0.671396963454643	-0.958266575112535
-1.367208361944	-0.836194399938964	-1.02845807583734
-2.35294117647059	-0.451667048142214	0.0671396963454643
-2.3224231326772	0.274662394140536	-0.109864957656214
0.021362630655375	-0.0823987182421607	-0.021362630655375
0.628671702143893	-0.473029678797589	-0.564583810177768
0.665293354695964	-0.402838178072786	-1.30617227435721
1.23903257801175	0.00610360875867857	0.842298008697642
3.95208667124437	0.570687418936446	-0.0915541313801785
2.49942778667887	1.01930266269932	0.549324788281071
0.772106507972839	0.311284046692607	1.87380788891432
-0.0701915007248035	-1.73952849622339	1.196307316701
-1.23598077363241	-2.78629739833677	-0.0579842832074464
-0.68055237659266	-3.17082475013352	-0.534065766384375
-3.35088120851453	-3.81475547417411	-0.512703135729
-1.20546272983902	-2.0355535210193	0
-1.14747844663157	-3.90936140993362	-2.6489662012665
-0.189211871519036	-3.85137712672618	-0.561532005798428
-0.787365529869535	-2.37430380712596	-0.872816052491035
-1.83718623636225	-3.94903486686503	-1.50759136339361
-2.25223163195239	-5.27656977187762	-1.57778286411841
0	-3.29594872968643	0.286869611657893
-1.04371709773404	-4.34576943617914	-1.7944609750515
-0.253299763485161	-3.65300984206912	-1.20546272983902
1.19935912108034	-1.91348134584573	-1.59609369039445
1.30312046997787	-1.51064316777295	-0.97962920576791
0.408941786831464	-1.30006866559854	-2.17898832684825
-0.396734569314107	-0.225833524071107	-1.73647669184405
-1.02235446707866	-0.0244144350347143	-1.879911497673
0.0396734569314107	0.115968566414893	0.357061112382696
-0.357061112382696	0.238040741588464	1.4679179064622
-0.146486610208286	-0.885023270008392	1.28480964370184
-1.37636377508202	0.460822461280232	1.97146562905318
0.5981536583505	1.17799649042496	2.33463035019455
-0.55542839703975	1.45571068894484	2.21866178377966
-0.976577401388571	2.61234454871443	1.37026016632334
-1.44960708018616	2.83817807278553	0.231937132829786
0.0549324788281071	3.66521705958648	-0.305180437933928
-0.701915007248035	0.473029678797589	-1.98672465094987
-2.24917982757305	-1.30006866559854	-3.74151216906996
-3.33867399099718	-3.60723277637903	-4.95002670328832
-3.69878690775921	-4.58075837338827	-4.11688410772869
-3.79644464789807	-5.99069199664302	-3.81475547417411
-6.6498817425803	-7.31517509727626	-2.77714198519875
-5.19417105363546	-7.29076066224155	-1.53200579842832
-2.31937132829786	-5.11482413977264	0.888075074387732
-3.04264896620127	-4.98054474708171	0.891126878767071
-0.628671702143893	-2.55130846112764	0.943007553215839
0.393682764934768	0.186160067139696	0.823987182421607
1.48012512397955	2.08438239108873	0.582894636453803
1.11390859845884	2.99992370489052	0.958266575112535
-0.80872816052491	2.76188296330205	-1.07728694590677
1.31837949187457	3.70489051651789	-0.421149004348821
0.683604180972	4.00701915007248	1.49843595025559
0.543221179522393	4.11383230334935	1.29091325246052
-1.33363851377127	1.51369497215228	3.92156862745098
-1.66933699549859	1.66018158236057	2.94193942168307
-0.225833524071107	1.93179217212177	3.68657969024186
1.30922407873655	2.35904478522927	5.54207675288014
-1.40383001449607	2.23392080567636	4.58991378652628
-0.558480201419089	1.33363851377127	4.08331425955596
-0.0488288700694285	-0.228885328450446	1.6937514305333
-1.56557564660105	-1.23598077363241	-0.0518806744487678
-3.13115129320211	-1.94705119401846	-1.2817578393225
-2.74357213702602	-2.14541847867552	-3.05485618371862
-2.82597085526818	-1.29091325246052	-3.55535210193027
-0.881971465629053	0.759899290455482	-2.70084687571527
0.738536659800107	1.88296330205234	-1.1108567940795
1.17189288166629	0.631723506523232	-0.0823987182421607
2.58793011367971	2.30106050202182	1.69069962615396
4.33966582742046	4.02532997634852	3.25932707713436
4.37323567559319	3.93682764934768	4.89814602883955
5.23689631494621	5.24910353246357	5.67025253681239
5.34981307698177	4.76081483176928	7.60204470893416
5.51461051346609	5.67330434119173	7.84313725490196
5.0263218127718	5.76180666819257	7.10154879072251
4.33661402304112	5.92355230029755	6.83299000534066
3.70489051651789	6.17380025940337	6.60105287251087
2.53910124361028	5.52071412222477	6.78721293965057
2.58793011367971	5.48104066529335	8.0170901045243
0.955214770733196	3.588921950103	6.38132295719844
-0.192263675898375	4.46173800259403	7.54100862134737
-1.59914549477379	2.34988937209125	6.5491721980621
1.12916762035554	3.59807736324102	8.56641489280537
4.43732356755932	4.47394522011139	8.17578393224994
6.67734798199435	4.41901274128328	7.08323796444648
