3.79949645227741	3.57213702601663	5.47035934996567
3.2120241092546	1.27718013275349	3.16472114137484
1.1459525444419	-1.21766994735637	4.0161745632105
-0.4272526131075	-3.29900053406577	4.41596093690394
-1.96383611810483	-3.19981689173724	0.0747692072938125
-3.1464103150988	-5.25215533684291	0.576791027695125
-2.92820630197604	-4.44647898069734	0.378423743038071
-3.80865186541543	-2.81528953994049	-0.708018616006714
-5.62294956893263	-4.02075226977951	1.8448157473106
-3.41191729610132	-2.36667429617762	-1.0757610437171
-4.12298771648737	-1.81277180132753	-0.405889982452125
-3.85137712672618	-1.70595864805066	-2.69169146257725
-3.78881513694972	-1.34279392690929	-1.60524910353246
-2.26901655603876	-1.17647058823529	1.08949416342412
-2.32089723048753	1.44808117799649	0.459296559090562
-3.01213092240787	0.830090791180285	1.9806210421912
0.152590218966964	4.88288700694286	2.21866178377966
0.845349813076982	4.28931105516136	1.33516441596094
-0.276188296330205	2.84885938811322	3.60418097199969
-3.27458609903105	3.21507591363394	1.13832303349355
-2.53757534142061	1.95162890058747	2.97093156328679
-2.34531166552224	1.1108567940795	0.564583810177768
-2.90989547570001	0.985732814526589	1.12458991378653
-1.01167315175097	1.93331807431144	2.17441062027924
1.13679713130388	2.83054856183719	-0.17242694743267
1.78530556191348	1.59761959258412	2.29648279545281
1.6388189517052	1.41908903639277	0.581368734264134
-0.288395513847562	1.59151598382544	-1.15205615320058
-1.5732051575494	3.03959716182193	1.63576714732586
1.02388036926833	4.85999847409781	0.964370183871214
-1.96688792248417	4.1519798580911	3.98565651941711
-2.25528343633173	7.46471351186389	3.61333638513771
-1.22835126268406	7.19615472648203	3.10826276035706
-0.978103303578241	6.05935759517815	5.29488059815366
-1.17189288166629	6.77805752651255	1.47554741741054
-2.58030060273137	6.05783169298848	4.00854505226215
-1.15663385976959	3.6392767223621	2.52231631952392
-2.28122377355611	2.36820019836728	1.82345311665522
-4.15808346684978	0.669871061264973	2.71610589761196
-3.44701304646372	0.796520943007553	0.907911802853437
-4.43427176317998	-1.0101472495613	2.74814984359503
-2.57572289616236	-0.317387655451286	0.573739223315785
-3.20897230487526	-0.158693827725643	2.73136491950866
-4.5487144274052	-1.56862745098039	3.45616845960174
-5.26894026092927	-0.984206912336919	0.836194399938964
-7.1976806286717	-1.71511406118868	2.6993209735256
-8.15594720378424	-1.88601510643168	1.32295719844358
-7.50743877317464	-1.97299153124285	2.41702906843671
-7.10154879072251	-2.27359426260777	3.72014953841459
-5.7251850156405	-1.2664988174258	3.67132066834516
-4.75318532082094	-1.57167925535973	6.7353322652018
-3.9505607690547	-1.29091325246052	4.36102845807584
-2.90989547570001	-2.09201190203708	3.48973830777447
-2.39719233997101	-0.563057907988098	4.77302204928664
-0.621042191195544	0.16937514305333	2.20492866407263
-3.11741817349508	-0.439459830624857	3.12199588006409
-3.39208056763561	-0.703440909437705	1.68154421301595
-2.49027237354086	-1.33363851377127	2.08438239108873
-2.52689402609293	-2.90379186694133	4.64026855878538
-1.7441062027924	-0.827038986800946	1.82345311665522
-1.3015945677882	-0.63782711528191	4.74402990768292
0.386053253986419	0.971999694819562	3.84374761577783
-0.445563439383536	0.976577401388571	2.23239490348669
-0.997940032043946	0.656137941557946	3.33714808880751
-0.999465934233616	-0.173952849622339	-0.350957503624018
-2.74509803921569	-2.72983901731899	-0.453192950331884
-3.43022812237736	-1.69527733272297	-1.56099794003204
-3.82085908293278	-2.67338063630121	-2.65812161440452
-2.1210040436408	-4.48157473105974	-2.63065537499046
-1.48165102616922	-3.80407415884642	-4.27710383764401
-1.31990539406424	-4.04516670481422	-0.486762798504616
0.741588464179446	-2.96940566109712	0.532539864194705
1.42366674296178	-3.930724040589	1.80209048599985
0.988784618905928	-3.08384832532235	5.46425574120699
-0.277714198519875	-2.4078736552987	1.538109407187
1.7792019531548	-3.61181048294804	1.47402151522087
0.741588464179446	-3.06553749904631	-0.332646677347982
1.43587396047913	-4.11383230334935	-2.56961928740368
1.33821622034028	-3.96429388876173	-0.537117570763714
1.52742809185931	-1.01625085831998	0.230411230640116
2.40482185091936	-1.35805294880598	2.98924238956283
2.53910124361028	-0.715648126955062	1.34737163347829
3.13878080415045	-1.32143129625391	0.572213321126116
5.22468909742885	-1.2466620889601	2.65049210345617
5.95864805065995	1.66018158236057	1.44197756923781
7.31517509727626	0.872816052491035	3.37834744792859
5.72365911345083	0.521858548867018	2.11032272831312
4.3778133821622	2.36972610055695	2.57724879835203
3.84985122453651	2.0004577706569	1.59456778820478
3.49584191653315	1.58999008163577	-0.0778210116731518
2.33615625238422	0.323491264209964	1.49385824368658
4.48157473105974	1.71511406118868	1.40840772106508
2.34378576333257	0.482185091935607	0.715648126955062
2.50247959105821	0.405889982452125	2.050812542916
0.791943236438544	1.42824444953079	-0.305180437933928
0.0762951094834821	2.1362630655375	2.43991760128176
-0.547798886091402	1.95620660715648	3.04875257495994
0.138857099259937	1.94552529182879	4.39612420843824
1.9302662699321	0.85145342183566	4.97138933394369
2.40024414435035	-0.761425192645151	1.98672465094987
0.355535210193027	-2.58030060273137	3.20592050049592
1.8646524757763	-0.42572671091783	-0.117494468604562
-1.28328374151217	-2.76798657206073	0.532539864194705
-1.025406271458	-2.905317769131	1.35500114442664
0.419623102159152	-2.22934309910735	-1.35347524223697
0.753795681696803	-2.96177615014878	-0.537117570763714
0.250247959105821	-3.30052643625544	-1.3870450904097
1.72732127870604	-3.59655146105135	-2.47043564507515
3.79186694132906	-2.26749065384909	0.488288700694285
4.94544899671931	1.22224765392538	2.86564431219959
5.77706569008927	3.33562218661784	6.52780956740673
7.30449378194858	4.99275196459907	6.03341725795377
7.41435873960479	4.69520103761349	8.00335698481727
6.46677347981994	4.48615243762875	8.9921416037232
5.0614175631342	4.46173800259403	5.63057907988098
3.52178225375753	3.076218814374	5.62142366674296
4.12298771648737	2.8046082246128	3.07316700999466
4.01922636758984	3.90173189898527	2.62302586404211
3.12352178225376	2.6138704509041	4.35492484931716
2.90836957351034	1.87228198672465	2.45212481879912
4.98664835584039	1.08949416342412	6.61936369878691
3.24101625085832	1.21919584954604	5.4032196536202
3.0411230640116	2.50858319981689	4.89967193102922
1.68307011520562	1.48622873273823	5.78774700541695
1.93789578088045	0.874341954680705	2.76493476768139
1.33516441596094	-0.976577401388571	3.63469901579309
0.7690547035935	0.89723048752575	3.93835355153735
1.26802471961547	1.19935912108034	4.9057755397879
3.09300373846036	0.195315480277714	5.34370946822309
5.57564660105287	4.26031891355764	3.27611200122072
5.26436255436027	3.15098802166781	3.54619668879225
4.04821850919356	1.96841382467384	2.09353780422675
4.62500953688868	1.11848630502785	1.88143739986267
2.18814373998627	-1.13221942473487	3.82391088731212
1.66018158236057	-0.720225833524071	2.19729915312428
1.22072175173571	-0.590524147402152	3.76440070191501
2.2919050888838	0.624093995574884	1.74258030060273
2.97398336766613	1.03608758678569	3.47753109025711
4.18860151064317	1.51216906996262	4.85999847409781
3.88952468146792	1.91653315022507	3.21812771801328
2.91294728007935	-1.54268711375601	4.32898451209277
0.646982528419928	-1.90127412832837	1.94094758525978
0.883497367818723	-2.27969787136645	1.37941557946136
-0.260929274433509	-2.24307621881437	2.34836346990158
0.271610589761196	-1.40993362325475	0.0656137941557946
1.20393682764935	0.398260471503777	1.52437628747997
0.0122072175173571	-0.151064316777295	-0.122072175173571
1.60524910353246	-0.961318379491875	-1.75783932249943
1.61287861448081	0.889600976577401	1.20088502327001
2.90379186694133	2.75883115892271	-0.416571297779812
3.79186694132906	3.85595483329519	3.3478294041352
3.3325703822385	5.26131074998093	3.23491264209964
3.30357824063478	5.94491493095293	4.95155260547799
4.39459830624857	4.26489662012665	4.49073014419776
2.2720683604181	3.05027847714961	3.51110093842985
0.531013962005035	-0.222781719691768	4.71351186388952
0.512703135729	0.961318379491875	3.31883726253147
0.00610360875867857	-0.975051499198901	3.39818417639429
-2.69474326695659	-1.45113298237583	5.15907530327306
0.389105058365759	3.50499732967117	5.18043793392844
-0.239566643778134	4.00244144350347	6.84367132066834
1.06507972838941	5.46730754558633	5.31319142442969
0.903334096284428	5.02937361715114	5.31013962005035
0.688181887541009	3.8300144960708	4.19623102159152
1.23598077363241	2.64133669031815	1.37331197070268
1.27260242618448	0.494392309452964	2.77409018081941
2.09658960860609	1.05287251087205	1.06660563057908
1.24208438239109	-2.06454566262303	-0.0488288700694285
-0.209048599984741	-1.54268711375601	0.814831769283589
-0.21362630655375	-4.23590447852293	-1.30617227435721
-1.8997482261387	-3.53093766689555	2.27664606698711
-1.41298542763409	-2.87937743190661	1.16578927290761
-0.567635614557107	-1.98825055313954	1.06355382619974
1.20241092545968	0.366216525520714	4.32135500114443
1.16884107728695	0.570687418936446	1.42671854734112
0.523384451056687	-1.33974212252995	3.05180437933928
-1.10780498970016	-2.90074006256199	-0.576791027695125
-4.09552147707332	-4.29388876173037	-1.41145952544442
-4.956130312047	-7.85992217898833	-2.78934920271611
-3.7247272449836	-6.43625543602655	-4.61738002594034
-3.22423132677195	-4.33508812085145	-1.99435416189822
0.927748531319142	-2.05691615167468	-2.28580148012512
2.50400549324788	-1.00709544518196	-1.46944380865187
6.04867627985046	-0.0152590218966964	-0.730907148851759
5.21400778210117	1.61745632104982	-2.96330205233845
3.17387655451286	0.347905699244678	-0.776684214541848
0.0183108262760357	-1.41603723201343	-0.996414129854276
-3.13725490196078	-1.67544060425727	-1.01167315175097
-2.17746242465858	-0.199893186846723	1.0955977721828
-1.60982681010147	1.06965743495842	-1.09864957656214
-0.0946059357595178	1.0406652933547	1.79751277943084
4.08178835736629	2.62455176623178	2.63828488593881
4.08331425955596	1.46486610208286	2.87327382314794
4.0863660639353	-0.436408026245518	4.89356832227054
2.18814373998627	-1.08796826123445	2.66269932097353
-0.976577401388571	-2.01724269474327	3.27153429465171
-2.2919050888838	-2.34378576333257	1.11696040283818
-2.03250171663996	-3.05790798809796	0.950637064164187
-1.44502937361715	-0.64087891966125	3.30357824063478
-0.12817578393225	0.912489509422446	1.45571068894484
1.48928053711757	0.122072175173571	5.45510032806897
2.12252994583047	0.584420538643473	4.77759975585565
2.61844815747311	2.62912947280079	4.53192950331884
1.61287861448081	1.97756923781186	5.37117570763714
1.75020981155108	1.65712977798123	0.901808194094759
1.07270923933776	1.39162279697871	1.93484397650111
-0.12970168612192	0.987258716716259	2.11337453269245
-1.61593041886015	-0.0396734569314107	3.83459220263981
-0.488288700694285	-0.718699931334401	3.87579156176089
0.187685969329366	-1.80361638818952	3.07774471656367
-1.43434805828946	-0.360112916762036	3.73540856031128
-0.381475547417411	-1.03456168459602	0.308232242313268
-0.367742427710384	-2.43228809033341	-1.78835736629282
-2.4078736552987	-2.37430380712596	-1.93942168307012
-3.03501945525292	-1.25276569771878	-3.49126420996414
-2.563515678645	-2.11184863050278	-2.37277790493629
-2.81681544213016	-1.71663996337835	-6.4591439688716
-1.20393682764935	-1.59761959258412	-4.79438467994202
-2.03707942320897	-1.72732127870604	-1.33821622034028
-2.54215304798962	-0.0671396963454643	-1.54573891813535
-3.73235675593194	-1.58693827725643	1.43282215609979
-3.8803692683299	-0.17242694743267	0.343327992675669
-4.74708171206226	-2.42465857938506	-0.0671396963454643
-4.38544289311055	-4.05737392233158	-0.335698481727321
-1.52895399404898	-2.29495689326314	-2.94651712825208
-1.55031662470436	-3.13878080415045	-1.08339055466545
-1.68307011520562	-1.85091935606928	-1.28633554589151
-2.44602121004044	-1.7441062027924	0.404364080262455
-3.51262684061952	-1.59151598382544	1.2664988174258
-3.95208667124437	-1.63118944075685	0.320439459830625
-3.88647287708858	-3.89868009460594	1.67544060425727
-1.47096971084154	-3.84069581139849	-1.36568245975433
-0.576791027695125	-2.05386434729534	-0.0869764248111696
-0.338750286106661	-2.58182650492103	-0.755321583886473
-0.732433051041428	-1.367208361944	-1.56099794003204
-0.508125429159991	-0.523384451056687	-0.405889982452125
-0.0915541313801785	1.87075608453498	-1.4526588845655
0.302128633554589	-0.630197604333562	-1.9851987487602
-0.334172579537652	0.642404821850919	0.108339055466545
1.38399328603037	2.58640421149004	-1.30464637216754
-0.111390859845884	1.14442664225223	-0.0335698481727321
-0.38300144960708	1.71816586556802	0.244144350347143
-1.45113298237583	2.14236667429618	1.37026016632334
1.53963530937667	2.25986114290074	0.103761348897536
1.11238269626917	2.5787747005417	-1.49538414587625
-1.2115663385977	-0.12970168612192	-1.05592431525139
-0.834668497749294	-0.114442664225223	-3.0960555428397
-0.672922865644312	0.663767452506294	-2.58640421149004
-1.04371709773404	-0.378423743038071	-0.909437705043107
0.375371938658732	-0.825513084611276	-2.90684367132067
1.44045166704814	-0.653086137178607	-2.16220340276188
2.05539024948501	-0.0198367284657053	-3.21965362020295
2.21866178377966	-0.364690623331044	-2.48111696040284
2.8397039749752	0.207522697795071	-0.166323338673991
2.88242923628595	3.0258640421149	-0.9399557488365
3.73998626688029	2.3071641107805	1.64644846265354
1.26039520866712	1.25734340428779	-0.756847486076142
0.447089341573205	0.970473792629892	-0.949111161974517
-2.77409018081941	-0.874341954680705	-0.437933928435187
-1.47402151522087	-0.219729915312428	-2.78019378957809
-3.23949034866865	-1.60982681010147	-1.09407186999313
-3.58129243915465	-1.26344701304646	-3.56908522163729
-2.96482795452811	-0.929274433508812	-2.30411230640116
-0.428778515297169	-0.877393759060044	-1.78835736629282
-3.57061112382696	-2.14389257648585	-2.00198367284657
-2.59708552681773	-1.87380788891432	1.25886930647745
-1.82650492103456	-0.698863202868696	-0.782787823300526
-2.11032272831312	-2.95872434576944	-0.89570458533608
-3.79797055008774	-3.73083085374228	-1.54726482032502
-3.48973830777447	-2.50553139543755	-3.99023422598611
-2.92210269321736	-2.31021591515984	-2.32394903486687
-1.22529945830472	-0.167849240863661	-2.9404135194934
0.584420538643473	0.276188296330205	-1.13832303349355
1.07118333714809	2.6642252231632	0.534065766384375
1.01472495613031	4.1519798580911	-1.55489433127337
2.84733348592355	4.8905165178912	1.02388036926833
2.04013122758831	6.42252231631952	-1.71053635461967
1.83413443198291	5.71755550469215	-0.134279392690929
1.33516441596094	3.1967650873579	1.04982070649271
1.90127412832837	3.22270542458228	-0.0350957503624018
-0.402838178072786	1.11696040283818	2.01113908598459
-0.703440909437705	2.14999618524453	1.48622873273823
1.69832913710231	2.33920805676356	1.46944380865187
4.5639734493019	3.67895017929351	2.16220340276188
5.8457312886244	2.11490043488212	-1.98825055313954
5.43678950179294	1.80209048599985	-0.465400167849241
6.65751125352865	3.02128633554589	-1.29091325246052
6.03799496452277	2.26901655603876	-1.01472495613031
4.64484626535439	2.45059891660945	1.77767605096513
5.80910963607233	6.07766842145418	1.67696650644694
5.80300602731365	4.70435645075151	3.50804913405051
4.11078049897002	2.48416876478218	-1.20698863202869
2.55588616769665	2.12710765239948	-0.671396963454643
1.75173571374075	1.66628519111925	0.665293354695964
2.23544670786603	2.51621271076524	-1.92874036774243
2.905317769131	-0.439459830624857	0.151064316777295
3.6743724727245	-0.697337300679026	-2.34836346990158
2.22018768596933	-0.679026474402991	-2.2064545662623
3.30968184939345	-1.87075608453498	-1.17036697947662
3.04264896620127	-0.965896086060884	-4.59601739528496
1.7944609750515	0.924696726939803	-3.28526741435874
0.627145799954223	1.06813153276875	-5.87014572365911
2.52384222171359	-1.21461814297704	-5.47951476310369
1.15815976195926	-1.92568856336309	-4.45563439383536
1.29854276340887	-0.778210116731518	-4.84168764782177
-1.58083466849775	-1.367208361944	-2.76340886549172
-2.74052033264668	-1.69832913710231	-3.43480582894636
-3.20439459830625	-2.55741206988632	-3.8956282902266
-6.93980315861753	-3.72014953841459	-4.81879911497673
-7.17631799801633	-4.9057755397879	-5.99679560540169
-7.51354238193332	-5.6900892652781	-3.29442282749676
-5.35896849011978	-4.0665293354696	-2.11032272831312
-4.78828107118334	-3.32494087129015	-0.288395513847562
-5.27962157625696	-2.10574502174411	-0.344853894865339
-2.67795834287022	-0.204470893415732	-2.27054245822843
-3.17540245670253	-0.25787747005417	1.06507972838941
-5.09498741130693	-0.840772106507973	-2.02639810788128
-5.50087739375906	-1.14290074006256	-1.30006866559854
-4.30151827267872	-0.46997787441825	-0.245670252536812
-2.15304798962387	0.0854505226215	-0.762951094834821
-2.95262073701076	-2.81223773556115	0.665293354695964
-2.31479362172885	-2.55436026550698	-0.949111161974517
-1.59609369039445	-1.14747844663157	0.997940032043946
-0.987258716716259	-1.82345311665522	1.367208361944
-1.95620660715648	-2.74662394140536	-0.540169375143053
0.579842832074464	-1.63729304951553	2.59403372243839
2.28122377355611	-0.480659189745937	1.40383001449607
4.3930724040589	-0.451667048142214	1.72274357213703
4.82185091935607	-0.0610360875867857	2.25223163195239
3.44853894865339	2.15304798962387	2.11032272831312
3.23491264209964	2.43381399252308	4.62653543907836
2.34531166552224	1.4023041123064	1.93179217212177
1.3168535896849	0.0900282291905089	2.76646066987106
1.41298542763409	-1.33058670939193	5.4535744258793
3.51262684061952	0.370794232089723	2.72068360418097
3.68657969024186	-0.859082932784008	4.44953078507668
4.35034714274815	-0.0457770656900893	1.56404974441138
3.50041962310216	-2.69169146257725	0.347905699244678
2.63981078812848	-4.82490272373541	0.886549172198062
3.18760967421988	-3.8803692683299	-1.34126802471962
2.95872434576944	-5.9159227893492	-0.311284046692607
0.921644922560464	-3.77660791943236	-2.09964141298543
0.727855344472419	-4.76081483176928	-1.66475928892958
-0.935378042267491	-4.57160296025025	-2.19424734874495
-2.55893797207599	-4.5639734493019	-5.33150225070573
-1.17341878385595	-4.20843823910887	-4.46173800259403
-0.439459830624857	-3.94445716029603	-4.23895628290227
-2.08896009765774	-4.21911955443656	-4.54108491645685
-0.949111161974517	-3.64843213550011	-3.36308842603189
0.103761348897536	-2.47653925383383	-3.56908522163729
0.202944991226062	-2.6642252231632	0.222781719691768
0.379949645227741	-1.74105439841306	-2.73136491950866
0.494392309452964	-0.788891432059205	-1.13679713130388
2.07522697795071	-0.437933928435187	-1.03150988021668
3.03807125963226	0.320439459830625	-3.62554360265507
2.52536812390326	-1.94399938963912	-1.24361028458076
0.785839627679866	-2.18204013122759	-4.42359044785229
1.0452429999237	-3.076218814374	-3.88799877927825
0.779736018921187	-3.36461432822156	-3.68200198367285
1.37331197070268	-2.03402761882963	-6.00900282291905
0.741588464179446	-2.03860532539864	-3.0914778362707
4.62653543907836	-1.78225375753414	-3.53704127565423
7.00846875715267	-0.405889982452125	-0.0289921416037232
4.85694666971847	-0.518806744487678	1.68764782177462
5.14534218356603	-0.436408026245518	0.366216525520714
2.67643244068055	-1.196307316701	2.46128023193713
1.10475318532082	-1.17952239261463	0.796520943007553
-0.675974670023652	-0.614938582436866	-0.588998245212482
0.198367284657053	-0.376897840848402	0.76600289921416
1.3321126115816	0.0305180437933928	-2.28885328450446
2.28122377355611	-0.76752880140383	-1.21309224078737
1.54573891813535	-0.0900282291905089	-3.06706340123598
2.21713588158999	-1.15815976195926	-3.31120775158312
0.611886778057527	-0.776684214541848	-2.31174181734951
0.187685969329366	-0.772106507972839	-3.3478294041352
0.280766002899214	-0.849927519645991	-2.53299763485161
0.648508430609598	-0.349431601434348	-4.24505989166094
-0.460822461280232	-1.8295567254139	-3.86358434424353
-1.75020981155108	-2.12558175020981	-3.45616845960174
-2.47348744945449	1.68154421301595	-3.69726100556954
-1.17036697947662	4.60669871061265	1.55642023346304
-3.48363469901579	4.45410849164569	-0.119020370794232
-1.45113298237583	4.92866407263294	1.22835126268406
-1.48317692835889	3.84222171358816	2.2415503166247
-0.413519493400473	1.03303578240635	-0.755321583886473
-1.70901045243	-1.55184252689403	-0.148012512397955
-2.37582970931563	-1.43282215609979	-2.99992370489052
-2.14847028305486	-2.66575112535286	-2.23849851224537
-0.840772106507973	-2.92057679102769	-3.00144960708019
0.080872816052491	-0.207522697795071	-6.57053482871748
0.738536659800107	-0.360112916762036	-5.13771267261769
-0.0122072175173571	0.508125429159991	-6.46524757763027
0.51117723353933	0.428778515297169	-5.24605172808423
-0.494392309452964	-1.8295567254139	-5.01258869306477
2.00350957503624	-2.47043564507515	-5.92202639810788
1.44655527580682	-3.3478294041352	-2.37430380712596
2.45212481879912	-2.08896009765774	-4.43579766536965
2.74357213702602	0.358587014572366	-4.15503166247044
3.48973830777447	-0.592050049591821	-3.09300373846036
1.81277180132753	-0.183108262760357	-6.14633401998932
-0.497444113832303	-1.20393682764935	-5.07057297627222
0.833142595559625	1.36873426413367	-6.55832761120012
1.09407186999313	0.497444113832303	-6.01205462729839
0.711070420386053	0.12664988174258	-3.7445639734493
0.5981536583505	2.23544670786603	-3.80102235446708
1.38094148165103	1.77004654001678	-0.646982528419928
1.31074998092622	0.558480201419089	-2.77866788738842
0.411993591210803	-1.59609369039445	-1.9851987487602
0.704966811627375	-2.48111696040284	-1.55031662470436
-1.63576714732586	-0.25787747005417	-5.07209887846189
0.457770656900893	-0.396734569314107	-3.99633783474479
0.830090791180285	0.665293354695964	-6.49118791485466
-0.442511635004196	-0.358587014572366	-6.07461661707485
-0.202944991226062	-0.608834973678187	-5.70229648279545
-1.31837949187457	-0.308232242313268	-6.2928206301976
-0.431830319676509	-2.65506981002518	-2.97093156328679
-1.93636987869078	-2.73746852826734	-5.71145189593347
-2.85191119249256	-1.92416266117342	-5.54360265506981
-1.42977035172045	-0.537117570763714	-3.11741817349508
0.16937514305333	1.1108567940795	-3.94140535591669
0.0518806744487678	0.604257267109178	-1.69069962615396
3.33562218661784	1.75478751812009	-1.42671854734112
3.98565651941711	0.439459830624857	1.27718013275349
5.02784771496147	1.73342488746471	3.6743724727245
4.9408712901503	5.07972838941024	3.1967650873579
3.21965362020295	6.65751125352865	5.81673914702068
0.785839627679866	7.14427405203327	4.06805523765927
-1.70748455024033	6.85740444037537	0.392156862745098
-3.22728313115129	3.08537422751202	-1.38399328603037
-2.85801480125124	2.83817807278553	-4.51819638361181
-2.72678721293965	1.06202792401007	-2.40482185091936
0.360112916762036	2.32394903486687	-2.91599908445869
3.04722667277028	5.04005493247883	1.60524910353246
3.27306019684138	5.95712214847028	3.05943389028763
2.0355535210193	4.79591058213169	2.19119554436561
1.6937514305333	1.94247348744945	1.38094148165103
1.4373998626688	1.31380178530556	-2.94499122606241
0.917067215991455	-0.778210116731518	-3.54619668879225
1.34889753566796	-0.55390249485008	-3.59655146105135
2.60013733119707	1.8097199969482	-5.37880521858549
2.50858319981689	0.402838178072786	-1.83260852979324
2.10727092393378	2.18966964217594	-2.09964141298543
1.35500114442664	2.35599298084993	-0.888075074387732
1.07728694590677	4.55329213397421	1.26039520866712
1.4373998626688	4.85389486533913	0.76752880140383
1.29396505683986	5.03089951934081	3.07774471656367
1.82497901884489	4.76691844052796	1.86312657358663
3.39208056763561	3.63469901579309	1.47707331960021
3.21049820706493	2.08285648889906	0.964370183871214
3.56450751506828	2.40634775310903	-1.63271534294652
2.28274967574578	2.21560997940032	2.35294117647059
2.72220950637064	2.29495689326314	-0.29907682917525
4.88746471351186	2.41550316624704	2.72831311512932
4.85847257190814	1.28023193713283	2.37125200274662
8.24597543297475	5.92050049591821	2.85343709468223
7.51659418631266	4.97138933394369	4.54718852521553
8.72205691615167	4.46021210040436	1.18867780575265
8.17730983443961	3.11284046692607	2.4124513618677
8.10559243152514	2.83817807278553	2.19882505531395
5.15602349889372	2.14694438086519	-1.26497291523613
6.21042191195544	0.325017166399634	0.408941786831464
7.79278248264286	1.28480964370184	-1.34737163347829
5.87777523460746	-0.416571297779812	-2.0706492713817
6.2027924010071	-2.22476539253834	-0.89570458533608
8.39093614099336	-0.955214770733196	-1.98825055313954
6.22873273823148	-2.02639810788128	0.328068970778973
5.7450217441062	0.651560234988937	0.952162966353857
5.95864805065995	0.993362325474937	3.50957503624018
3.70489051651789	0.00915541313801785	1.29396505683986
4.75776302738994	0.994888227664607	0.122072175173571
3.63775082017243	1.1612115663386	2.41702906843671
2.87632562752728	0.205996795605402	-1.09864957656214
1.31532768749523	-0.253299763485161	1.67544060425727
1.76546883344778	-0.76600289921416	2.34683756771191
3.68352788586252	0.0137331197070268	1.86160067139696
4.33813992523079	1.45876249332418	3.42107270923934
4.37933928435187	4.3274586099031	2.68101014724956
4.78065156023499	3.29442282749676	3.11436636911574
4.34882124055848	3.34477759975586	3.247119859617
4.03143358510719	5.92965590905623	2.00961318379492
2.07980468451972	3.3829251544976	3.67284657053483
1.7288471808957	1.98367284657053	1.879911497673
1.17189288166629	1.39620050354772	1.99740596627756
0.917067215991455	0.967421988250553	2.36972610055695
-2.01724269474327	1.37636377508202	-1.70138094148165
-0.0564583810177768	-0.337224383916991	0.328068970778973
1.44960708018616	2.19882505531395	-2.77103837644007
-0.329594872968643	2.53757534142061	-0.740062561989776
0.131227588311589	2.27817196917678	1.25886930647745
1.70595864805066	1.69985503929198	1.27870603494316
1.39162279697871	3.47295338368811	5.23079270618753
2.85648889906157	6.0669871061265	4.21606775005722
3.68505378805219	5.09346150911727	5.67940794995041
5.12092774853132	5.12703135729	6.66208896009766
4.6997787441825	5.21858548867018	3.26237888151369
5.38643472953384	3.98718242160678	4.08026245517662
5.67940794995041	3.96276798657206	0.401312275883116
6.23941405355917	2.08438239108873	0.837720302128634
6.50797283894102	2.66575112535286	2.04470893415732
7.73937590600443	3.36308842603189	1.24055848020142
7.33806363012131	1.59914549477379	4.62043183031968
6.68192568856336	0.833142595559625	2.25375753414206
7.64171816586557	3.52635996032654	3.95513847562371
7.21446555275807	4.64179446097505	2.57267109178302
5.07057297627222	3.62554360265507	-0.576791027695125
3.84679942015717	1.58083466849775	0.334172579537652
4.3076218814374	0.390630960555428	-3.05333028152895
4.00701915007248	-0.00305180437933928	-3.08384832532235
5.03852903028916	-0.581368734264134	-1.87685969329366
6.54154268711376	2.563515678645	-3.83611810482948
7.2327763790341	4.66163118944076	0.268558785381857
8.35278858625162	5.12703135729	-0.962844281681544
6.72617685206378	4.53040360112917	2.19729915312428
4.92713817044327	4.04516670481422	3.14335851071946
5.02174410620279	3.26390478370336	1.01319905394064
4.7501335164416	0.921644922560464	1.0757610437171
1.7441062027924	0.465400167849241	-2.85343709468223
3.91699092088197	-2.43228809033341	-4.75318532082094
4.4083314259556	-2.99687190051118	-3.78118562600137
5.99069199664302	-2.44144350347143	-4.8203250171664
6.51560234988937	-1.93942168307012	-1.42366674296178
5.35896849011978	-0.881971465629053	-3.42107270923934
5.61226825360494	0.566109712367437	-1.49996185244526
4.9759670405127	-1.30312046997787	-1.38551918822004
3.90173189898527	-1.22682536049439	-3.92767223620966
3.85748073548486	-3.46074616617075	-2.49485008010986
4.50598916609445	-2.9755092698558	-4.11688410772869
0.210574502174411	-4.41443503471428	-4.53498130769818
0.247196154726482	-4.43884946974899	-2.07522697795071
1.55947203784237	-1.9806210421912	-1.46944380865187
0.997940032043946	-1.32295719844358	0.918593118181125
1.24208438239109	1.87075608453498	0.930800335698482
1.08949416342412	0.762951094834821	-0.320439459830625
4.91798275730526	1.5579461356527	0.205996795605402
5.92355230029755	3.34477759975586	-0.500495918211643
4.75318532082094	2.63065537499046	1.92416266117342
2.8397039749752	3.10215915159838	-0.785839627679866
2.63218127718013	2.78019378957809	1.30617227435721
3.55535210193027	2.96025024795911	2.82139314869917
3.2669565880827	1.13374532692454	0.430304417486839
0.581368734264134	-1.31837949187457	0.831616693369955
2.91905088883803	0.111390859845884	-0.822461280231937
2.99534599832151	0.109864957656214	1.14442664225223
1.81582360570687	-0.0747692072938125	0.444037537193866
-0.521858548867018	-0.320439459830625	-2.8549629968719
1.27260242618448	-1.10017547875181	-0.683604180972
1.25429159990845	-2.17746242465858	-2.29495689326314
-0.965896086060884	-4.33203631647211	-3.77660791943236
-1.72121766994736	-5.97085526817731	-3.49431601434348
-1.40383001449607	-4.71656366826886	-2.27969787136645
-1.47096971084154	-3.05333028152895	-1.15053025101091
0.433356221866178	-2.26596475165942	-4.03753719386587
0.848401617456321	-2.80613412680247	-2.31479362172885
1.96993972686351	-1.93331807431144	-2.47959105821317
0.999465934233616	-3.0960555428397	-4.49683375295644
-0.830090791180285	-6.25009536888685	-3.14335851071946
-1.79140917067216	-6.4438849469749	-4.00244144350347
-0.918593118181125	-5.94338902876326	-4.48157473105974
-0.764476997024491	-5.08125429159991	-5.44899671931029
1.12306401159686	-2.19882505531395	-8.55573357747768
0.540169375143053	-0.956740672922866	-5.31166552224002
1.58999008163577	0.234988937209125	-7.19157701991302
0.263981078812848	0.573739223315785	-4.56549935149157
-0.154116121156634	-0.489814602883955	-3.22880903334096
2.13321126115816	0.701915007248035	-4.71503776607919
2.22781719691768	0.175478751812009	-2.12710765239948
2.61234454871443	0.149538414587625	-3.47295338368811
1.37636377508202	-0.991836423285267	-3.23949034866865
0.878919661249714	-0.431830319676509	-1.66933699549859
1.39162279697871	1.80514229037919	-1.85854886701762
-1.57625696192874	0.746166170748455	-0.55390249485008
-2.27512016479744	1.99893186846723	-1.87838559548333
-0.527962157625696	1.71663996337835	0.457770656900893
-1.00862134737163	1.48928053711757	0.563057907988098
-1.32906080720226	-0.190737773708705	-1.025406271458
-0.610360875867857	0.141908903639277	1.36873426413367
2.17898832684825	0.205996795605402	-1.73037308308537
1.17952239261463	1.52437628747997	-0.633249408712901
0.0244144350347143	0.732433051041428	0.72480354009308
0.325017166399634	2.82444495307851	-0.457770656900893
-1.13984893568322	3.85290302891585	3.05027847714961
-0.775158312352178	5.99679560540169	1.67544060425727
-1.0101472495613	5.59243152513924	2.35904478522927
-0.181582360570687	4.101625085832	0.231937132829786
0.898756389715419	5.94491493095293	-1.06813153276875
0.791943236438544	4.19928282597086	1.4023041123064
0.572213321126116	2.94956893263142	-3.86663614862287
-2.82291905088884	1.7792019531548	-4.18249790188449
-0.543221179522393	1.81887541008621	-5.21095597772183
-1.91195544365606	1.62661173418784	-6.5995269703212
-1.1459525444419	-0.622568093385214	-5.30861371786068
-2.44602121004044	-0.558480201419089	-7.30601968413825
-2.86411841000992	-1.83566033417258	-3.01976043335622
-4.21301594567788	-3.50499732967117	-1.71663996337835
-6.14480811779965	-3.36308842603189	-3.66979476615549
-5.29182879377432	-3.37071793698024	-1.19172961013199
-5.99984740978103	-2.87174792095827	-2.7496757457847
-1.34737163347829	-1.85549706263828	-0.064087891966125
-1.69222552834363	-2.26443884946975	0.456244754711223
-1.2161440451667	-1.30769817654688	2.00350957503624
-2.47959105821317	-2.95109483482109	4.1870756084535
-1.50911726558328	-4.5990691996643	2.27664606698711
-4.63111314564736	-6.12497138933394	2.11490043488212
-3.09300373846036	-3.89410238803693	3.20897230487526
-1.56252384222171	0.445563439383536	1.93331807431144
0.735484855420768	0.738536659800107	3.50957503624018
1.40688181887541	2.16220340276188	1.32143129625391
0.914015411612116	2.31479362172885	2.24612802319371
0.859082932784008	0.0320439459830625	1.52742809185931
-0.521858548867018	-2.45670252536812	-2.54367895017929
-1.58693827725643	-2.96025024795911	-0.120546272983902
-1.74868390936141	-1.33821622034028	-1.13221942473487
-0.352483405813687	-2.03097581445029	0.25482566567483
-0.178530556191348	-2.55130846112764	0.85145342183566
-0.315861753261616	-2.40177004654002	0.561532005798428
-0.715648126955062	-3.71557183184558	2.99839780270085
0.0167849240863661	-3.20897230487526	0.631723506523232
-1.90280003051804	-3.54772259098192	2.10269321736477
-0.743114366369116	-2.67185473411154	3.03654535744259
-1.17799649042496	-2.0157167925536	0.820935378042267
-3.44396124208438	-3.23949034866865	0.834668497749294
-3.41649500267033	-3.3829251544976	-1.04982070649271
-4.16266117341878	-5.01716639963378	0.154116121156634
-4.00396734569314	-5.70840009155413	1.68001831082628
-3.73693446250095	-4.20996414129854	1.63118944075685
-3.76897840848402	-4.28625925078202	4.99275196459907
-1.75783932249943	-1.16578927290761	2.41855497062638
1.22529945830472	1.3519493400473	3.52178225375753
2.36820019836728	1.68917372396429	2.87937743190661
1.2664988174258	2.5131609063859	0.822461280231937
-0.210574502174411	2.03402761882963	3.21507591363394
0.602731364919509	2.83665217059586	2.45212481879912
-1.73189898527504	1.25581750209812	4.04821850919356
-2.34073395895323	-0.506599526970321	4.92866407263294
-0.434882124055848	-0.29755092698558	3.15709163042649
0.845349813076982	-1.81277180132753	4.70435645075151
1.49538414587625	-3.12809948882277	0.965896086060884
-0.996414129854276	-4.52124818799115	1.81124589913787
-1.61898222323949	-4.83710994125277	1.31990539406424
-2.54978255893797	-3.91393911650263	-0.183108262760357
-2.29495689326314	-3.26085297932403	2.90684367132067
-3.19829098954757	-1.85091935606928	1.80819409475853
-2.01876859693294	-3.65148393987945	3.02891584649424
-2.30563820859083	-5.33455405508507	2.96482795452811
-1.31990539406424	-5.28419928282597	0.665293354695964
0.89570458533608	-4.39765011062791	4.59143968871595
0.787365529869535	-3.23033493553063	0.372320134279393
1.55642023346304	-1.3321126115816	1.60982681010147
0.134279392690929	-0.0900282291905089	0.2563515678645
-0.021362630655375	1.5579461356527	-1.1261158159762
0.445563439383536	0.572213321126116	1.19478141451133
0.201419089036393	2.48874647135119	1.02998397802701
0.617990386816205	2.13778896772717	4.62653543907836
0.277714198519875	1.78835736629282	6.33249408712901
-0.0396734569314107	2.34683756771191	4.6646829938201
-1.97756923781186	0.436408026245518	5.03395132372015
-2.70084687571527	-0.993362325474937	-0.721751735713741
-2.78324559395743	-1.62508583199817	-0.300602731364919
-3.52025635156786	-2.50095368886854	0.0244144350347143
-2.45975432974746	-3.21355001144427	-1.03456168459602
-3.20439459830625	-3.81170366979477	2.89463645380331
-3.11589227130541	-3.4882124055848	1.24818799114977
-3.07011520561532	-4.53803311207752	2.78629739833677
-3.55535210193027	-2.50705729762722	3.61181048294804
-1.80666819256886	-0.29755092698558	1.97909514000153
-0.668345159075303	-0.619516289005875	4.90730144197757
-2.14389257648585	-1.06202792401007	2.0859082932784
-2.17288471808957	-2.48874647135119	1.47859922178988
-1.76241702906844	-1.70443274586099	1.63118944075685
-1.47707331960021	-2.36820019836728	-0.701915007248035
-4.50904097047379	-3.4683756771191	1.53047989623865
-3.8803692683299	-3.54772259098192	-0.21210040436408
-3.88189517051957	-4.81269550621805	0.605783169298848
-4.85847257190814	-4.956130312047	1.35347524223697
-3.62706950484474	-4.56855115587091	-1.12764171816587
-2.82597085526818	-4.33661402304112	0.962844281681544
-1.98825055313954	-0.976577401388571	-2.73594262607767
-0.704966811627375	-1.55184252689403	-2.35599298084993
-0.772106507972839	-2.91447318226902	-2.79545281147478
0.102235446707866	-3.38597695887694	-3.85748073548486
-1.06660563057908	-4.76081483176928	-1.70138094148165
-1.78377965972381	-3.41039139391165	-2.54367895017929
-2.01266498817426	-2.55130846112764	-0.329594872968643
-2.49942778667887	-1.66018158236057	0.175478751812009
-3.25474937056535	0.592050049591821	-1.5228503852903
-3.47753109025711	1.28023193713283	1.07423514152743
-1.41145952544442	2.12558175020981	-1.1810482948043
-1.27260242618448	-1.45113298237583	-1.15053025101091
-1.13984893568322	-2.05844205386435	-1.19325551232166
-1.69985503929198	-5.06294346532387	-2.19119554436561
-0.758373388265812	-5.99069199664302	1.30769817654688
-3.02738994430457	-5.13771267261769	-0.164797436484321
-3.63317311360342	-3.73235675593194	2.29800869764248
-2.43076218814374	-1.59304188601511	1.8997482261387
-2.13931486991684	0.718699931334401	-0.268558785381857
-4.92866407263294	0.834668497749294	-0.572213321126116
-5.11329823758297	0.582894636453803	-4.18249790188449
-5.85641260395209	-3.66063935301747	-5.40474555580987
-5.41542687113756	-4.05432211795224	-5.05226214999619
-3.37529564354925	-2.30258640421149	-5.02327000839246
-3.56145571068894	-1.59456778820478	-3.55077439536126
-2.21103227283131	0.164797436484321	-4.19317921721218
-1.24971389333944	1.95162890058747	-1.03303578240635
-0.544747081712062	2.59555962462806	-0.720225833524071
-0.0457770656900893	3.54314488441291	-1.45876249332418
1.32295719844358	2.45975432974746	-1.17799649042496
2.9907682917525	2.68558785381857	-3.23796444647898
4.35492484931716	3.09452964065003	-0.0289921416037232
4.28168154421302	1.93636987869078	-2.00198367284657
4.71503776607919	1.19478141451133	-3.78728923476005
6.36453803311208	1.63271534294652	-0.833142595559625
4.74250400549325	1.70443274586099	-2.05539024948501
4.50904097047379	-0.473029678797589	-2.20035095750362
4.7196154726482	-1.83260852979324	-3.36156252384222
1.83871213855192	-2.62149996185245	-6.32181277180133
0.813305867093919	-1.79903868162051	-2.80003051804379
0.286869611657893	-1.55489433127337	-6.01968413824674
-2.95414663920043	-2.86106660563058	-4.81879911497673
-4.38239108873121	-1.05134660868238	-1.71358815899901
-4.13977264057374	1.00404364080262	0.0701915007248035
-4.29999237048905	0.0137331197070268	2.4124513618677
-1.86007476920729	1.55642023346304	1.24818799114977
-1.41908903639277	1.91042954146639	1.1261158159762
0.68207827878233	2.53604943923095	0.0518806744487678
1.04982070649271	2.04776073853666	-1.98977645532921
0.750743877317464	-0.709544518196384	-2.06759746700237
0.541695277332723	-0.860608834973678	-1.71511406118868
-0.277714198519875	-0.260929274433509	0.296025024795911
2.55588616769665	-0.703440909437705	0.900282291905089
3.46074616617075	2.45517662317845	2.40482185091936
4.9408712901503	2.56656748302434	2.76646066987106
3.0258640421149	2.31479362172885	0.245670252536812
3.84222171358816	2.76646066987106	2.50247959105821
3.27916380560006	1.44350347142748	3.37834744792859
1.41908903639277	2.5284199282826	-0.306706340123598
0.456244754711223	1.80666819256886	0.0701915007248035
-0.55542839703975	1.35957885099565	-4.15655756466011
0.920119020370794	1.37178606851301	-3.52025635156786
0.775158312352178	0.857557030594339	-4.10772869459068
-0.904859998474098	-0.975051499198901	-5.87014572365911
-0.863660639353018	-2.97856107423514	-4.14587624933242
-1.37788967727169	-1.19478141451133	-3.56145571068894
-0.233463035019455	-1.26497291523613	-2.44449530785077
-0.326543068589303	0.665293354695964	-0.283817807278553
0.944533455405508	3.87579156176089	-0.0717174029144732
0.0961318379491875	3.12352178225376	0.187685969329366
-0.367742427710384	2.05844205386435	-2.61234454871443
-4.98054474708171	-0.862134737163348	-5.41542687113756
-2.58793011367971	-3.76440070191501	-6.27145799954223
-3.70183871213855	-5.4886701762417	-7.88281071183337
-2.734416723888	-4.93476768139162	-3.13115129320211
-4.11535820553902	-3.93224994277867	-3.63775082017243
-4.93018997482261	-3.87731746395056	-3.48516060120546
-4.6494239719234	-3.56908522163729	-2.93430991073472
-3.85748073548486	-2.55588616769665	-2.84275577935454
-5.08735790035859	-1.67086289768826	-0.708018616006714
-3.32951857785916	0.296025024795911	-1.3870450904097
-3.11436636911574	-0.234988937209125	0.0244144350347143
-3.95971618219272	0.282291905088884	-0.863660639353018
-4.7699702449073	2.70847638666362	-1.10017547875181
-3.47447928587778	0.103761348897536	0.0991836423285267
-4.80048828870069	0.569161516746777	-2.81681544213016
-4.61585412375067	-0.642404821850919	-1.73800259403372
-3.77203021286336	-1.65560387579156	-2.55283436331731
-0.463874265659571	0.309758144502937	-4.19928282597086
-0.590524147402152	0.16937514305333	-2.01113908598459
-2.3071641107805	1.28023193713283	-3.70183871213855
-1.81887541008621	2.21408407721065	-1.69832913710231
-1.87533379110399	2.25070572976272	-2.09048599984741
-2.58793011367971	2.67948424505989	-3.02891584649424
-2.11490043488212	0.447089341573205	-1.71206225680934
-0.143434805828946	1.77615014877546	-3.88342107270924
0.5981536583505	2.90989547570001	-1.19783321889067
1.57473105973907	3.17387655451286	-1.28786144808118
-1.03608758678569	4.93934538796063	-3.08842603189136
-2.44907301441978	3.96276798657206	-1.6433966582742
-1.23750667582208	4.16266117341878	-2.87785152971695
-0.352483405813687	3.47600518806744	-1.34584573128862
-2.31174181734951	1.1810482948043	-1.6235599298085
-3.20897230487526	0.0122072175173571	-2.60776684214542
-2.28732738231479	-1.15358205539025	-0.59510185397116
0.285343709468223	-0.750743877317464	-1.37483787289235
0.161745632104982	-2.87327382314794	2.05386434729534
1.86160067139696	-2.4078736552987	2.92820630197604
1.77615014877546	-0.289921416037232	2.61081864652476
2.04318303196765	-0.746166170748455	3.21355001144427
0.932326237888151	1.62050812542916	-0.396734569314107
0.234988937209125	1.60677500572213	-0.830090791180285
-0.270084687571527	2.4979018844892	-3.08995193408103
3.11894407568475	2.99229419394217	-2.23544670786603
2.38193331807431	1.80514229037919	1.08796826123445
1.51674677653162	3.65606164644846	0.2563515678645
1.89364461738003	3.75371938658732	2.1210040436408
1.64492256046387	3.12809948882277	2.56504158083467
2.80308232242313	2.88395513847562	0.274662394140536
1.01625085831998	1.8448157473106	-0.0717174029144732
3.53704127565423	3.41802090486	-3.48516060120546
5.5741206988632	2.04318303196765	-2.73746852826734
4.78980697337301	2.92820630197604	-3.11741817349508
5.00343327992676	3.11284046692607	-2.53757534142061
3.3676661326009	1.77309834439612	0.0625619897764553
0.764476997024491	1.42519264515145	-1.6083009079118
-1.58236057068742	-1.78530556191348	0.155642023346304
1.0757610437171	-2.24612802319371	-1.09102006561379
2.09353780422675	0.192263675898375	-2.64438849469749
4.44800488288701	1.77615014877546	-0.0625619897764553
5.37575341420615	2.21560997940032	-1.47554741741054
3.41496910048066	0.915541313801785	-1.57167925535973
4.84626535439078	1.89059281300069	0.38300144960708
5.60311284046693	3.87426565957122	-2.01419089036393
6.55832761120012	3.54161898222324	0.878919661249714
6.75211718928817	2.87937743190661	0.0762951094834821
6.95811398489357	3.56298161287861	2.41855497062638
4.26947432669566	3.50499732967117	3.39055466544594
5.18501564049744	2.65201800564584	1.12306401159686
3.28374151216907	1.16578927290761	0.0793469138628214
4.69367513542382	1.95315480277714	-2.23239490348669
4.34576943617914	3.7094682230869	-0.407415884641794
4.70740825513085	2.0706492713817	1.6083009079118
5.37422751201648	3.61943999389639	3.49889372091249
3.1265735866331	3.32341496910048	5.49324788281071
5.85946440833143	3.99023422598611	4.51514457923247
4.00549324788281	1.68001831082628	3.7247272449836
2.74814984359503	-0.064087891966125	2.95719844357977
0.695811398489357	-1.64644846265354	-0.386053253986419
-2.33768215457389	-2.67032883192187	-0.833142595559625
-4.55024032959487	-2.45365072098878	-3.28374151216907
-4.84321355001144	-3.39818417639429	-2.1713588158999
-4.16723887998779	-4.54718852521553	-3.07164110780499
-1.96078431372549	-2.48722056916152	-3.09758144502937
-2.09353780422675	-2.23239490348669	-0.473029678797589
-0.276188296330205	-1.57167925535973	0.601205462729839
1.17341878385595	-2.01724269474327	2.28274967574578
-2.11795223926146	-1.07270923933776	2.3575188830396
-4.47699702449073	0.375371938658732	2.55741206988632
-4.28931105516136	-0.334172579537652	3.00907911802853
-3.4683756771191	-0.993362325474937	0.727855344472419
-1.8097199969482	-0.89723048752575	2.13778896772717
0.506599526970321	-0.878919661249714	0.230411230640116
0.784313725490196	-1.48928053711757	-0.460822461280232
-0.344853894865339	-0.98268101014725	2.24307621881437
-1.82192721446555	-0.486762798504616	-2.16220340276188
-4.51209277485313	-2.26291294728008	-1.46334019989319
-4.24200808728161	-1.37636377508202	1.80361638818952
0.328068970778973	0.442511635004196	1.86007476920729
0.157167925535973	-0.0274662394140536	2.49637598229953
0.550850690470741	2.48264286259251	0.900282291905089
-0.146486610208286	0.0625619897764553	-1.50453955901427
-2.22323949034867	-0.665293354695964	-5.27351796749828
-2.47653925383383	-1.03761348897536	-8.94483863584344
-3.58434424353399	-3.16777294575418	-7.45708400091554
-3.66216525520714	-2.77561608300908	-8.16510261692225
-4.00396734569314	-1.57778286411841	-4.65094987411307
-2.97856107423514	0.592050049591821	-2.10421911955444
-1.51522087434195	1.04219119554437	-1.87533379110399
-0.0488288700694285	-0.663767452506294	1.44655527580682
1.13984893568322	-1.39314869916838	-0.880445563439384
0.369268329900053	-0.950637064164187	-0.59662775616083
-1.78225375753414	-1.95620660715648	-3.50652323186084
-3.37376974135958	-1.93636987869078	-6.05630579079881
-4.22980086976425	-1.57778286411841	-3.67284657053483
-3.1464103150988	-0.292973220416571	-5.86709391927977
0.433356221866178	0.611886778057527	-1.6433966582742
2.07827878233005	0.492866407263294	0.122072175173571
4.11383230334935	0.366216525520714	-0.474555580987259
2.31937132829786	-0.837720302128634	1.97146562905318
1.54573891813535	-0.311284046692607	2.12405584802014
-0.706492713817044	-2.37888151369497	3.27306019684138
-2.9907682917525	-3.10063324940871	1.95162890058747
-4.82795452811475	-3.0106050202182	-1.70595864805066
-4.00854505226215	-3.42412451361868	-0.930800335698482
-3.38597695887694	-1.64187075608453	-4.98970016021973
-3.08232242313268	-1.78225375753414	-3.41191729610132
-0.407415884641794	-0.482185091935607	-0.474555580987259
1.08033875028611	-0.335698481727321	-1.23750667582208
-2.01113908598459	-2.04013122758831	3.26085297932403
