-8.74236874236874	-8.44932844932845	-6.59340659340659
-11.5995115995116	-8.18070818070818	-7.10622710622711
-8.64468864468864	-6.69108669108669	-6.52014652014652
-7.4969474969475	-5.98290598290598	-4.05372405372405
-6.93528693528694	-4.3956043956044	-2.63736263736264
-6.17826617826618	-4.51770451770452	-5.71428571428571
-5.37240537240537	-4.37118437118437	-2.44200244200244
-5.2991452991453	-4.27350427350427	-5.17704517704518
-3.80952380952381	-3.88278388278388	-4.42002442002442
-1.29426129426129	-3.22344322344322	-3.2967032967033
-6.32478632478632	-2.56410256410256	2.46642246642247
-1.85592185592186	-2.68620268620269	-4.78632478632479
-1.73382173382173	-3.36996336996337	-0.708180708180708
-2.88156288156288	-3.1990231990232	-0.610500610500611
-2.27106227106227	-4.12698412698413	-4.49328449328449
-3.90720390720391	-5.15262515262515	-1.80708180708181
-2.58852258852259	-4.46886446886447	1.66056166056166
-1.44078144078144	-5.00610500610501	-2.31990231990232
-5.73870573870574	-5.25030525030525	0.854700854700855
-4.76190476190476	-3.85836385836386	-1.73382173382173
-2.22222222222222	-4.71306471306471	-3.73626373626374
-5.61660561660562	-3.36996336996337	1.68498168498168
-3.54090354090354	-1.14774114774115	4.02930402930403
-2.71062271062271	-1.41636141636142	1.14774114774115
-5.42124542124542	-1.29426129426129	3.49206349206349
-3.88278388278388	-0.757020757020757	2.36874236874237
-0.708180708180708	1.56288156288156	2.88156288156288
-1.80708180708181	2.12454212454212	6.27594627594628
-1.24542124542125	1.75824175824176	2.80830280830281
0.0732600732600733	4.12698412698413	0.854700854700855
3.83394383394383	5.56776556776557	4.3956043956044
2.78388278388278	5.25030525030525	2.31990231990232
2.46642246642247	7.35042735042735	4.34676434676435
3.24786324786325	6.47130647130647	5.78754578754579
3.27228327228327	8.35164835164835	8.25396825396825
4.78632478632479	8.5958485958486	7.78998778998779
5.07936507936508	5.93406593406593	3.1013431013431
4.32234432234432	5.47008547008547	7.3992673992674
2.68620268620269	3.34554334554335	1.95360195360195
3.003663003663	4.2002442002442	3.73626373626374
5.51892551892552	6.54456654456654	6.32478632478632
3.66300366300366	6.00732600732601	5.93406593406593
2.53968253968254	7.15506715506716	5.71428571428571
9.3040293040293	9.47496947496948	8.64468864468864
9.62148962148962	11.2820512820513	10.8180708180708
2.53968253968254	10.4029304029304	13.2844932844933
0.43956043956044	7.91208791208791	8.37606837606838
1.56288156288156	8.05860805860806	7.52136752136752
-1.88034188034188	6.4957264957265	9.54822954822955
-1.12332112332112	5.59218559218559	10.03663003663
-0.146520146520147	4.83516483516483	1.14774114774115
1.31868131868132	6.32478632478632	6.64224664224664
0.976800976800977	7.37484737484737	7.74114774114774
3.07692307692308	7.98534798534799	6.86202686202686
3.1013431013431	9.23076923076923	6.69108669108669
3.66300366300366	9.89010989010989	11.965811965812
2.97924297924298	9.54822954822955	4.3956043956044
3.15018315018315	8.37606837606838	6.56898656898657
1.22100122100122	6.59340659340659	2.63736263736264
0.122100122100122	4.54212454212454	-2.02686202686203
-3.1013431013431	1.68498168498168	-1.68498168498168
-0.512820512820513	0.634920634920635	0.634920634920635
-2.002442002442	0.317460317460317	-0.415140415140415
-1.22100122100122	1.0989010989011	2.83272283272283
-2.56410256410256	1.31868131868132	5.00610500610501
-2.46642246642247	1.53846153846154	4.78632478632479
1.0989010989011	3.71184371184371	1.41636141636142
1.22100122100122	4.78632478632479	6.44688644688645
3.32112332112332	6.81318681318681	6.34920634920635
2.24664224664225	6.91086691086691	5.83638583638584
4.56654456654457	9.05982905982906	7.22832722832723
4.98168498168498	10.9157509157509	9.74358974358974
3.15018315018315	9.35286935286935	8.86446886446886
2.49084249084249	10.1831501831502	9.05982905982906
2.17338217338217	12.2100122100122	7.71672771672772
3.63858363858364	11.6239316239316	10.03663003663
5.3968253968254	12.5763125763126	13.4554334554335
5.1037851037851	11.9169719169719	9.54822954822955
2.68620268620269	10.1831501831502	7.69230769230769
6.59340659340659	10.3785103785104	8.08302808302808
2.85714285714286	6.00732600732601	3.34554334554335
0.659340659340659	6.32478632478632	9.93894993894994
4.95726495726496	6.61782661782662	12.991452991453
4.56654456654457	4.1025641025641	-4.2002442002442
0.683760683760684	2.85714285714286	2.56410256410256
-0.757020757020757	-0.317460317460317	-2.46642246642247
-2.97924297924298	-3.24786324786325	-6.83760683760684
-2.05128205128205	-2.78388278388278	-2.02686202686203
-1.73382173382173	-2.44200244200244	1.85592185592186
-1.39194139194139	-1.17216117216117	3.24786324786325
0.537240537240537	0.0976800976800977	2.58852258852259
2.17338217338217	0.415140415140415	-2.1978021978022
-1.63614163614164	-2.68620268620269	-3.90720390720391
-1.36752136752137	-2.07570207570208	-2.85714285714286
0.317460317460317	-1.24542124542125	-1.85592185592186
1.68498168498168	-0.854700854700855	-0.683760683760684
2.41758241758242	0.732600732600733	-0.512820512820513
0.317460317460317	1.1965811965812	1.02564102564103
2.36874236874237	1.58730158730159	4.42002442002442
3.24786324786325	1.9047619047619	-1.1965811965812
2.53968253968254	3.78510378510378	2.2954822954823
0.268620268620269	5.61660561660562	11.2332112332112
3.15018315018315	4.17582417582418	-2.49084249084249
-2.49084249084249	3.22344322344322	-0.317460317460317
0.146520146520147	5.15262515262515	1.24542124542125
-0.757020757020757	4.73748473748474	-0.0488400488400488
4.49328449328449	6.3003663003663	-2.24664224664225
7.81440781440781	7.81440781440781	1.001221001221
6.25152625152625	8.71794871794872	4.07814407814408
4.90842490842491	9.76800976800977	5.2014652014652
5.03052503052503	10.6715506715507	4.78632478632479
1.78266178266178	7.52136752136752	3.63858363858364
0.659340659340659	9.15750915750916	11.7460317460317
2.1001221001221	10.3296703296703	8.66910866910867
4.17582417582418	11.3064713064713	11.013431013431
1.66056166056166	10.7936507936508	13.2112332112332
3.46764346764347	10.3296703296703	14.5299145299145
1.46520146520147	9.3040293040293	12.3321123321123
0.659340659340659	7.76556776556777	8.44932844932845
0.146520146520147	6.93528693528694	2.24664224664225
6.22710622710623	8.10744810744811	2.07570207570208
-2.68620268620269	8.44932844932845	1.07448107448107
1.001221001221	8.2051282051282	0.634920634920635
-0.757020757020757	7.47252747252747	4.46886446886447
-0.122100122100122	6.76434676434676	5.25030525030525
-0.195360195360195	5.42124542124542	2.97924297924298
-0.610500610500611	4.81074481074481	1.17216117216117
2.83272283272283	5.54334554334554	1.29426129426129
4.76190476190476	6.95970695970696	4.66422466422466
-1.78266178266178	5.17704517704518	1.26984126984127
0.0488400488400488	5.42124542124542	0.415140415140415
-0.903540903540904	3.71184371184371	0.732600732600733
1.61172161172161	2.51526251526252	-1.14774114774115
1.34310134310134	1.41636141636142	-4.2979242979243
-1.29426129426129	-1.22100122100122	-2.17338217338217
-2.41758241758242	-2.56410256410256	1.26984126984127
-3.41880341880342	-1.92918192918193	-1.80708180708181
-1.58730158730159	-0.244200244200244	-0.708180708180708
-2.73504273504274	-1.83150183150183	-4.32234432234432
-0.610500610500611	-0.537240537240537	-2.36874236874237
-0.390720390720391	1.29426129426129	-0.317460317460317
1.26984126984127	3.36996336996337	3.49206349206349
3.36996336996337	2.12454212454212	2.02686202686203
-4.17582417582418	1.001221001221	2.2954822954823
1.001221001221	4.61538461538461	4.59096459096459
-0.146520146520147	5.17704517704518	4.46886446886447
4.83516483516483	7.35042735042735	6.56898656898657
5.73870573870574	6.15384615384615	5.07936507936508
2.80830280830281	7.93650793650794	8.42490842490843
-1.83150183150183	7.64346764346764	7.74114774114774
0.586080586080586	6.22710622710623	4.12698412698413
-7.59462759462759	5.76312576312576	3.15018315018315
-3.85836385836386	8.54700854700855	6.44688644688645
0.561660561660562	11.3553113553114	12.4053724053724
5.27472527472527	14.0659340659341	10.6715506715507
6.27594627594628	13.2356532356532	6.17826617826618
5.98290598290598	13.5775335775336	8.91330891330891
2.97924297924298	14.993894993895	9.79242979242979
4.3956043956044	14.0659340659341	1.39194139194139
3.66300366300366	12.5518925518926	4.15140415140415
4.66422466422466	12.2100122100122	6.2026862026862
3.63858363858364	10.4273504273504	2.58852258852259
1.88034188034188	8.00976800976801	2.12454212454212
3.83394383394383	7.3992673992674	-1.14774114774115
-2.31990231990232	4.68864468864469	-1.70940170940171
-0.463980463980464	4.81074481074481	-0.805860805860806
-2.80830280830281	4.66422466422466	-2.22222222222222
-1.26984126984127	3.34554334554335	-3.76068376068376
-1.12332112332112	2.39316239316239	-1.51404151404151
-1.80708180708181	1.61172161172161	-3.85836385836386
-2.68620268620269	0.244200244200244	2.02686202686203
-2.002442002442	-1.95360195360195	-9.91452991452991
-6.42246642246642	-3.95604395604396	-6.88644688644689
-3.44322344322344	-2.68620268620269	-6.3003663003663
-3.07692307692308	-1.66056166056166	-7.08180708180708
1.05006105006105	-0.952380952380952	-6.37362637362637
-4.98168498168498	-3.46764346764347	-7.44810744810745
-8.84004884004884	-4.2002442002442	-4.93284493284493
-7.3992673992674	-5.17704517704518	-2.27106227106227
-9.37728937728938	-4.63980463980464	-0.952380952380952
-9.69474969474969	-5.54334554334554	-5.88522588522589
-4.59096459096459	-5.44566544566545	-3.51648351648352
-5.61660561660562	-4.88400488400488	-1.85592185592186
-7.61904761904762	-6.59340659340659	-4.71306471306471
-8.5958485958486	-6.83760683760684	-5.34798534798535
-9.25518925518926	-6.54456654456654	-3.46764346764347
-8.18070818070818	-7.74114774114774	-5.03052503052503
-6.2026862026862	-7.69230769230769	-3.80952380952381
-4.61538461538461	-6.56898656898657	0.659340659340659
-2.80830280830281	-5.71428571428571	-8.44932844932845
-2.53968253968254	-5.2014652014652	-0.854700854700855
-3.76068376068376	-4.44444444444444	3.39438339438339
-6.3980463980464	-4.34676434676435	-5.42124542124542
-2.73504273504274	-4.15140415140415	-2.2954822954823
-5.86080586080586	-5.03052503052503	-2.27106227106227
-7.08180708180708	-5.25030525030525	-2.36874236874237
-1.95360195360195	-2.73504273504274	-1.001221001221
-2.95482295482295	-3.15018315018315	0.488400488400488
-3.54090354090354	-1.63614163614164	1.17216117216117
-4.78632478632479	-0.683760683760684	3.93162393162393
-5.07936507936508	-0.610500610500611	4.71306471306471
-3.83394383394383	1.26984126984127	0.390720390720391
-2.1001221001221	3.05250305250305	2.66178266178266
-1.46520146520147	2.31990231990232	2.02686202686203
-0.341880341880342	2.66178266178266	-0.0976800976800977
-3.51648351648352	3.003663003663	2.002442002442
-0.903540903540904	2.85714285714286	4.51770451770452
-0.708180708180708	2.66178266178266	-2.02686202686203
-1.92918192918193	3.17460317460317	1.001221001221
2.80830280830281	4.93284493284493	-0.146520146520147
2.1001221001221	5.05494505494505	-1.85592185592186
-7.54578754578755	1.14774114774115	-1.001221001221
-4.66422466422466	0.634920634920635	-3.76068376068376
-8.32722832722833	-0.586080586080586	-1.56288156288156
-11.5262515262515	-1.9047619047619	-5.54334554334554
-8.27838827838828	-0.976800976800977	-5.17704517704518
-3.71184371184371	0.170940170940171	-4.2979242979243
-5.88522588522589	0.341880341880342	-1.1965811965812
-3.51648351648352	0.488400488400488	-1.53846153846154
-2.07570207570208	1.53846153846154	-1.78266178266178
-0.903540903540904	1.75824175824176	-5.44566544566545
0.43956043956044	3.88278388278388	-2.97924297924298
4.15140415140415	5.2014652014652	-1.85592185592186
2.63736263736264	4.63980463980464	-0.781440781440781
6.76434676434676	7.42368742368742	1.17216117216117
4.34676434676435	7.05738705738706	5.95848595848596
3.98046398046398	6.34920634920635	5.25030525030525
4.78632478632479	3.36996336996337	0.317460317460317
-0.43956043956044	2.71062271062271	1.78266178266178
-2.1001221001221	1.46520146520147	-0.122100122100122
-2.56410256410256	-0.610500610500611	-2.75946275946276
-1.39194139194139	1.70940170940171	-1.26984126984127
-5.86080586080586	0.83028083028083	0.146520146520147
-3.73626373626374	2.90598290598291	2.07570207570208
-2.12454212454212	2.56410256410256	0.708180708180708
-3.39438339438339	1.78266178266178	-0.0244200244200244
-1.34310134310134	1.75824175824176	-0.757020757020757
-0.586080586080586	2.88156288156288	0.976800976800977
-0.317460317460317	3.58974358974359	2.78388278388278
-0.976800976800977	4.004884004884	3.54090354090354
2.53968253968254	4.88400488400488	4.59096459096459
2.97924297924298	6.76434676434676	9.45054945054945
6.17826617826618	7.59462759462759	5.47008547008547
7.15506715506716	7.76556776556777	7.83882783882784
3.95604395604396	6.56898656898657	9.81684981684982
3.39438339438339	3.78510378510378	-3.1013431013431
2.66178266178266	2.2954822954823	1.24542124542125
1.29426129426129	1.31868131868132	0.537240537240537
-0.0244200244200244	-1.85592185592186	-1.83150183150183
-0.976800976800977	-4.54212454212454	-6.93528693528694
-4.68864468864469	-5.15262515262515	-4.54212454212454
-8.4981684981685	-7.10622710622711	-4.46886446886447
-8.54700854700855	-9.08424908424908	-5.64102564102564
-6.98412698412698	-8.10744810744811	-7.08180708180708
-6.22710622710623	-7.00854700854701	-4.32234432234432
-11.7460317460317	-8.13186813186813	-4.2002442002442
-6.17826617826618	-6.95970695970696	-4.34676434676435
-7.93650793650794	-7.52136752136752	-6.22710622710623
-9.52380952380952	-7.86324786324786	-5.86080586080586
-6.42246642246642	-6.59340659340659	-5.32356532356532
-3.83394383394383	-7.81440781440781	-5.68986568986569
-4.2979242979243	-6.88644688644689	-4.42002442002442
-4.85958485958486	-6.95970695970696	-3.39438339438339
-4.73748473748474	-6.54456654456654	0.732600732600733
-2.80830280830281	-5.66544566544567	-1.63614163614164
-3.95604395604396	-5.00610500610501	3.58974358974359
1.44078144078144	-2.12454212454212	-1.0989010989011
1.56288156288156	-2.71062271062271	1.51404151404151
1.88034188034188	-3.22344322344322	-2.1978021978022
-1.14774114774115	-2.51526251526252	-2.66178266178266
-0.317460317460317	-1.36752136752137	-0.512820512820513
-0.170940170940171	-1.92918192918193	-2.17338217338217
-3.32112332112332	-2.49084249084249	-4.07814407814408
-1.70940170940171	-0.268620268620269	-2.66178266178266
-0.927960927960928	0.757020757020757	1.02564102564103
-0.0244200244200244	0.903540903540904	-6.61782661782662
-2.88156288156288	2.61294261294261	-1.05006105006105
0.781440781440781	5.2014652014652	-0.952380952380952
3.76068376068376	5.71428571428571	-2.1978021978022
4.66422466422466	6.66666666666667	-1.85592185592186
7.17948717948718	6.56898656898657	0.366300366300366
6.88644688644689	5.64102564102564	1.12332112332112
7.27716727716728	5.03052503052503	0.122100122100122
9.81684981684982	7.22832722832723	4.85958485958486
11.4774114774115	7.37484737484737	8.27838827838828
6.76434676434676	6.05616605616606	4.07814407814408
13.9438339438339	6.78876678876679	1.34310134310134
-1.39194139194139	3.83394383394383	1.1965811965812
2.02686202686203	4.02930402930403	1.80708180708181
0.43956043956044	3.93162393162393	2.17338217338217
-1.9047619047619	4.37118437118437	7.98534798534799
2.68620268620269	5.34798534798535	10.2564102564103
0.317460317460317	2.61294261294261	5.81196581196581
3.63858363858364	3.66300366300366	7.03296703296703
1.34310134310134	2.34432234432234	5.17704517704518
1.92918192918193	2.1978021978022	7.61904761904762
3.1013431013431	4.32234432234432	13.5775335775336
3.93162393162393	5.34798534798535	8.4981684981685
4.07814407814408	7.4969474969475	11.7704517704518
4.78632478632479	8.74236874236874	8.71794871794872
1.17216117216117	6.34920634920635	5.2014652014652
1.02564102564103	3.88278388278388	3.32112332112332
0.341880341880342	0.805860805860806	3.22344322344322
1.83150183150183	-0.317460317460317	5.95848595848596
1.05006105006105	-0.170940170940171	9.5970695970696
0.463980463980464	-1.36752136752137	-1.48962148962149
6.3003663003663	1.9047619047619	4.63980463980464
1.36752136752137	0.659340659340659	3.76068376068376
4.02930402930403	1.97802197802198	3.07692307692308
1.22100122100122	1.07448107448107	2.05128205128205
1.56288156288156	1.34310134310134	1.88034188034188
3.07692307692308	2.53968253968254	4.54212454212454
1.17216117216117	0.781440781440781	1.22100122100122
0.512820512820513	-0.757020757020757	-3.003663003663
0.83028083028083	0	-1.88034188034188
1.48962148962149	-0.195360195360195	-0.561660561660562
-1.41636141636142	0	0.0244200244200244
-2.51526251526252	-1.80708180708181	0.879120879120879
-1.41636141636142	-1.95360195360195	-1.75824175824176
-0.634920634920635	-2.07570207570208	0.0244200244200244
-6.52014652014652	-4.66422466422466	-1.1965811965812
-3.93162393162393	-4.34676434676435	-1.29426129426129
-3.27228327228327	-3.73626373626374	2.02686202686203
-3.54090354090354	-1.12332112332112	-0.146520146520147
0.952380952380952	0.879120879120879	-0.586080586080586
-0.268620268620269	1.68498168498168	4.44444444444444
1.78266178266178	3.90720390720391	-0.268620268620269
5.61660561660562	6.93528693528694	1.31868131868132
2.44200244200244	7.3015873015873	3.49206349206349
1.73382173382173	6.00732600732601	2.36874236874237
2.63736263736264	5.88522588522589	5.61660561660562
4.59096459096459	6.05616605616606	5.76312576312576
3.76068376068376	5.12820512820513	4.63980463980464
1.44078144078144	2.39316239316239	1.34310134310134
-1.41636141636142	2.51526251526252	0.952380952380952
-0.537240537240537	2.24664224664225	-0.757020757020757
-2.44200244200244	2.78388278388278	0.537240537240537
-4.22466422466422	2.71062271062271	3.12576312576313
-0.21978021978022	3.41880341880342	4.68864468864469
-1.001221001221	3.2967032967033	4.56654456654457
-2.46642246642247	1.51404151404151	3.80952380952381
-4.63980463980464	0.366300366300366	5.95848595848596
-5.42124542124542	-1.78266178266178	4.93284493284493
-7.76556776556777	-3.1990231990232	-0.659340659340659
-11.5262515262515	-5.54334554334554	-4.93284493284493
-13.1379731379731	-9.67032967032967	-8.5958485958486
-11.2576312576313	-8.76678876678877	-7.17948717948718
-11.4774114774115	-11.5018315018315	-9.45054945054945
-11.8681318681319	-11.8681318681319	-12.2344322344322
-9.05982905982906	-10.1098901098901	-8.52258852258852
-8.88888888888889	-9.27960927960928	-9.93894993894994
-7.91208791208791	-7.93650793650794	-8.79120879120879
-5.81196581196581	-8.18070818070818	-8.25396825396825
-7.96092796092796	-9.03540903540904	-7.2039072039072
-5.64102564102564	-5.90964590964591	-2.05128205128205
-5.73870573870574	-5.05494505494505	-2.1978021978022
-7.05738705738706	-4.81074481074481	-5.64102564102564
-5.22588522588523	-4.42002442002442	-5.76312576312576
-4.81074481074481	-3.44322344322344	-2.12454212454212
1.36752136752137	-0.708180708180708	1.07448107448107
-0.21978021978022	-1.68498168498168	6.4957264957265
-1.83150183150183	-4.07814407814408	-0.122100122100122
-0.903540903540904	-3.63858363858364	3.32112332112332
-1.97802197802198	-4.88400488400488	2.24664224664225
-1.001221001221	-4.98168498168498	0.805860805860806
1.46520146520147	-5.54334554334554	-1.12332112332112
3.02808302808303	-4.90842490842491	5.90964590964591
-1.07448107448107	-5.66544566544567	4.81074481074481
1.1965811965812	-5.17704517704518	5.27472527472527
1.48962148962149	-5.51892551892552	7.66788766788767
-0.21978021978022	-7.08180708180708	-3.73626373626374
-0.488400488400488	-6.05616605616606	-1.51404151404151
-7.37484737484737	-7.54578754578755	-3.12576312576313
-2.73504273504274	-6.3980463980464	-5.61660561660562
-4.66422466422466	-4.2979242979243	-3.68742368742369
-6.32478632478632	-4.34676434676435	-3.05250305250305
-5.00610500610501	-4.3956043956044	-4.71306471306471
-5.93406593406593	-4.44444444444444	-5.59218559218559
-3.58974358974359	-3.24786324786325	-3.46764346764347
-7.61904761904762	-4.37118437118437	-5.54334554334554
-7.83882783882784	-4.85958485958486	-9.62148962148962
-5.05494505494505	-3.32112332112332	-6.78876678876679
-2.36874236874237	-2.53968253968254	-7.3992673992674
-5.37240537240537	-4.004884004884	-11.4285714285714
-2.36874236874237	-1.07448107448107	-6.17826617826618
-3.56532356532357	-0.586080586080586	-2.12454212454212
-1.05006105006105	0	-0.708180708180708
0.195360195360195	-0.512820512820513	-1.51404151404151
-2.1001221001221	-2.31990231990232	-2.75946275946276
0.0732600732600733	-2.12454212454212	2.90598290598291
-0.0732600732600733	-3.56532356532357	2.80830280830281
0.488400488400488	-4.12698412698413	-5.34798534798535
-2.97924297924298	-4.66422466422466	-2.36874236874237
-4.15140415140415	-5.32356532356532	-7.3015873015873
-4.44444444444444	-4.54212454212454	-9.93894993894994
-6.91086691086691	-4.88400488400488	-6.47130647130647
-3.85836385836386	-3.61416361416361	-4.66422466422466
-5.05494505494505	-4.2002442002442	-6.78876678876679
-2.27106227106227	-3.63858363858364	-3.58974358974359
-0.854700854700855	-2.83272283272283	-4.78632478632479
-1.83150183150183	-4.93284493284493	-6.08058608058608
-6.66666666666667	-7.13064713064713	-5.3968253968254
-3.95604395604396	-7.32600732600733	-5.2991452991453
1.05006105006105	-6.22710622710623	-5.27472527472527
-3.12576312576313	-7.96092796092796	-8.93772893772894
-0.854700854700855	-6.95970695970696	-8.52258852258852
2.39316239316239	-5.51892551892552	-7.83882783882784
2.1978021978022	-5.05494505494505	-6.59340659340659
-2.05128205128205	-4.66422466422466	-2.46642246642247
4.73748473748474	-1.34310134310134	-7.35042735042735
3.93162393162393	1.001221001221	0.952380952380952
3.27228327228327	0.366300366300366	-5.42124542124542
2.85714285714286	1.1965811965812	-3.54090354090354
4.07814407814408	2.46642246642247	-2.88156288156288
2.95482295482295	3.05250305250305	2.95482295482295
2.90598290598291	3.61416361416361	1.12332112332112
1.56288156288156	2.97924297924298	-5.17704517704518
1.53846153846154	5.25030525030525	0.683760683760684
4.59096459096459	5.22588522588523	-3.41880341880342
-0.317460317460317	5.68986568986569	-2.73504273504274
-0.341880341880342	4.66422466422466	-2.1978021978022
-2.02686202686203	3.80952380952381	0.952380952380952
-1.51404151404151	3.93162393162393	2.68620268620269
2.24664224664225	5.54334554334554	2.46642246642247
1.9047619047619	4.59096459096459	0.170940170940171
8.03418803418803	6.78876678876679	5.2014652014652
10.7203907203907	8.62026862026862	7.32600732600733
13.3089133089133	9.76800976800977	7.25274725274725
13.1623931623932	8.74236874236874	2.39316239316239
8.84004884004884	8.76678876678877	5.47008547008547
9.5970695970696	9.67032967032967	2.68620268620269
6.66666666666667	8.54700854700855	3.98046398046398
3.73626373626374	8.4981684981685	4.93284493284493
5.90964590964591	8.2051282051282	9.96336996336996
3.93162393162393	6.3980463980464	-1.22100122100122
5.59218559218559	6.42246642246642	1.9047619047619
5.42124542124542	6.59340659340659	1.80708180708181
5.03052503052503	5.12820512820513	-0.341880341880342
5.93406593406593	3.1013431013431	0.0732600732600733
3.44322344322344	2.002442002442	-0.244200244200244
5.68986568986569	3.73626373626374	7.3015873015873
3.1013431013431	1.68498168498168	4.46886446886447
-0.683760683760684	0.0244200244200244	-4.3956043956044
-0.146520146520147	0.659340659340659	0.170940170940171
-0.757020757020757	2.1001221001221	0.537240537240537
-2.17338217338217	-0.170940170940171	-2.36874236874237
-0.341880341880342	0.757020757020757	0.952380952380952
1.36752136752137	1.83150183150183	2.93040293040293
1.41636141636142	2.41758241758242	3.44322344322344
-0.586080586080586	1.70940170940171	1.12332112332112
2.02686202686203	3.44322344322344	0.122100122100122
1.88034188034188	4.22466422466422	6.34920634920635
0.854700854700855	4.93284493284493	8.62026862026862
2.93040293040293	5.00610500610501	2.17338217338217
4.34676434676435	4.49328449328449	2.12454212454212
3.24786324786325	5.49450549450549	4.22466422466422
8.2051282051282	8.79120879120879	3.1990231990232
7.93650793650794	11.5506715506716	10.5494505494505
6.76434676434676	9.81684981684982	11.5018315018315
4.22466422466422	8.03418803418803	6.17826617826618
1.85592185592186	6.1050061050061	6.15384615384615
-1.92918192918193	3.76068376068376	1.51404151404151
0.757020757020757	3.41880341880342	0.757020757020757
0.586080586080586	4.68864468864469	2.73504273504274
3.05250305250305	7.35042735042735	6.05616605616606
4.22466422466422	7.05738705738706	5.17704517704518
2.61294261294261	5.93406593406593	4.85958485958486
-2.05128205128205	4.44444444444444	2.97924297924298
-1.83150183150183	2.58852258852259	2.44200244200244
-0.415140415140415	2.46642246642247	3.32112332112332
-2.61294261294261	-0.122100122100122	1.48962148962149
1.29426129426129	1.70940170940171	1.92918192918193
4.95726495726496	2.73504273504274	5.25030525030525
2.80830280830281	2.61294261294261	9.5970695970696
3.71184371184371	3.17460317460317	4.73748473748474
2.46642246642247	2.24664224664225	3.32112332112332
2.1978021978022	0.366300366300366	5.68986568986569
2.12454212454212	-2.39316239316239	2.39316239316239
-0.561660561660562	-4.15140415140415	-5.88522588522589
1.63614163614164	-2.36874236874237	-1.36752136752137
0.854700854700855	-2.56410256410256	-0.732600732600733
-1.66056166056166	-2.49084249084249	-2.51526251526252
-2.53968253968254	-1.9047619047619	-5.25030525030525
-0.708180708180708	-0.854700854700855	-4.12698412698413
-5.2991452991453	-3.36996336996337	-6.59340659340659
-2.2954822954823	-1.97802197802198	-6.54456654456654
-4.95726495726496	-3.76068376068376	-7.69230769230769
-6.76434676434676	-5.22588522588523	-7.42368742368742
-5.47008547008547	-5.93406593406593	-7.32600732600733
-10.3296703296703	-7.13064713064713	-8.37606837606838
-9.37728937728938	-6.61782661782662	-4.3956043956044
-9.93894993894994	-8.27838827838828	-12.3565323565324
-5.95848595848596	-6.25152625152625	-5.68986568986569
-4.27350427350427	-3.27228327228327	-2.1001221001221
1.48962148962149	1.02564102564103	-3.44322344322344
3.34554334554335	3.93162393162393	4.02930402930403
4.1025641025641	6.42246642246642	-0.0488400488400488
4.76190476190476	6.76434676434676	2.39316239316239
6.64224664224664	8.76678876678877	6.3003663003663
8.62026862026862	9.79242979242979	7.91208791208791
13.1135531135531	9.62148962148962	6.05616605616606
11.2087912087912	11.1599511599512	8.47374847374847
10.5250305250305	11.3797313797314	9.32844932844933
10.6959706959707	12.6495726495726	10.7692307692308
10.6959706959707	14.5299145299145	10.989010989011
10.2564102564103	13.8949938949939	13.4554334554335
9.91452991452991	10.5006105006105	8.57142857142857
9.89010989010989	11.8437118437118	12.2100122100122
8.13186813186813	8.69352869352869	7.64346764346764
4.46886446886447	5.34798534798535	1.24542124542125
0.195360195360195	3.61416361416361	-0.244200244200244
3.36996336996337	2.95482295482295	-0.561660561660562
5.73870573870574	3.17460317460317	1.44078144078144
1.68498168498168	0.976800976800977	0.268620268620269
4.2002442002442	0.757020757020757	1.63614163614164
2.14896214896215	1.02564102564103	5.64102564102564
1.97802197802198	-0.805860805860806	1.53846153846154
4.61538461538461	0.0488400488400488	1.46520146520147
4.42002442002442	-0.732600732600733	0.586080586080586
3.66300366300366	-2.05128205128205	-0.610500610500611
3.68742368742369	-0.0732600732600733	0.634920634920635
3.93162393162393	1.14774114774115	1.95360195360195
4.22466422466422	1.05006105006105	1.73382173382173
1.88034188034188	0.952380952380952	-0.561660561660562
2.41758241758242	1.24542124542125	-0.757020757020757
5.88522588522589	3.2967032967033	1.53846153846154
4.2979242979243	3.003663003663	1.26984126984127
3.58974358974359	3.39438339438339	2.05128205128205
3.73626373626374	4.37118437118437	8.69352869352869
2.75946275946276	3.58974358974359	1.001221001221
-1.66056166056166	1.36752136752137	-1.75824175824176
1.29426129426129	2.07570207570208	-0.341880341880342
-1.9047619047619	-0.21978021978022	-0.976800976800977
2.27106227106227	0.415140415140415	-4.73748473748474
3.36996336996337	3.24786324786325	-1.51404151404151
4.98168498168498	4.95726495726496	2.97924297924298
4.66422466422466	3.80952380952381	0.903540903540904
3.12576312576313	3.36996336996337	-2.39316239316239
1.61172161172161	3.63858363858364	0.512820512820513
2.17338217338217	0.83028083028083	-1.70940170940171
1.53846153846154	0	-3.58974358974359
0.537240537240537	-1.12332112332112	-5.22588522588523
0.634920634920635	-0.512820512820513	-4.22466422466422
0.415140415140415	-0.634920634920635	-2.80830280830281
-1.07448107448107	-1.17216117216117	-1.83150183150183
3.07692307692308	1.14774114774115	-1.0989010989011
3.58974358974359	1.83150183150183	2.27106227106227
4.2979242979243	2.44200244200244	2.49084249084249
6.61782661782662	4.71306471306471	-1.22100122100122
5.88522588522589	6.81318681318681	8.13186813186813
6.64224664224664	8.13186813186813	8.03418803418803
4.42002442002442	8.4981684981685	4.90842490842491
3.41880341880342	7.42368742368742	4.2979242979243
-0.0244200244200244	7.61904761904762	4.2002442002442
4.85958485958486	7.93650793650794	3.63858363858364
0.879120879120879	4.88400488400488	2.80830280830281
0.366300366300366	1.44078144078144	0.244200244200244
-0.903540903540904	-0.903540903540904	-1.51404151404151
-0.366300366300366	-3.05250305250305	-5.25030525030525
-0.952380952380952	-3.85836385836386	-5.68986568986569
0.659340659340659	-3.1013431013431	-3.32112332112332
1.17216117216117	-2.78388278388278	-3.24786324786325
2.27106227106227	-2.95482295482295	0.170940170940171
0.757020757020757	-3.39438339438339	2.46642246642247
-0.879120879120879	-5.68986568986569	-6.98412698412698
-2.66178266178266	-7.27716727716728	0.341880341880342
-0.488400488400488	-4.95726495726496	-3.39438339438339
0.854700854700855	-5.17704517704518	-8.10744810744811
1.97802197802198	-2.95482295482295	-0.537240537240537
2.27106227106227	-0.854700854700855	-1.0989010989011
-0.610500610500611	0.43956043956044	-7.35042735042735
4.81074481074481	2.53968253968254	-1.92918192918193
2.24664224664225	1.95360195360195	-2.73504273504274
3.39438339438339	1.97802197802198	-4.56654456654457
4.3956043956044	3.07692307692308	-5.2991452991453
4.54212454212454	2.75946275946276	-3.73626373626374
2.68620268620269	2.80830280830281	-4.2002442002442
1.34310134310134	2.68620268620269	-5.54334554334554
1.68498168498168	1.97802197802198	-4.68864468864469
1.02564102564103	2.73504273504274	-0.341880341880342
2.63736263736264	2.56410256410256	-6.22710622710623
2.24664224664225	3.73626373626374	-3.05250305250305
0.195360195360195	3.1013431013431	-3.90720390720391
2.58852258852259	3.41880341880342	-6.05616605616606
0.244200244200244	2.12454212454212	-6.03174603174603
-0.805860805860806	1.29426129426129	-4.49328449328449
-2.49084249084249	-0.976800976800977	-3.83394383394383
-1.29426129426129	0.708180708180708	-2.2954822954823
-3.34554334554335	2.53968253968254	1.75824175824176
3.32112332112332	3.73626373626374	-0.146520146520147
-1.75824175824176	2.41758241758242	-2.44200244200244
-1.29426129426129	2.97924297924298	1.95360195360195
0.586080586080586	2.83272283272283	5.51892551892552
-0.488400488400488	1.1965811965812	-4.17582417582418
-0.317460317460317	1.80708180708181	-1.29426129426129
2.27106227106227	2.61294261294261	-0.634920634920635
3.05250305250305	5.05494505494505	1.31868131868132
7.78998778998779	8.08302808302808	3.34554334554335
2.22222222222222	6.25152625152625	1.58730158730159
7.2039072039072	8.00976800976801	4.76190476190476
2.78388278388278	6.93528693528694	3.1990231990232
3.22344322344322	4.71306471306471	-0.415140415140415
0.83028083028083	1.58730158730159	-1.41636141636142
2.17338217338217	2.75946275946276	5.12820512820513
1.48962148962149	0.21978021978022	-3.07692307692308
2.90598290598291	0.317460317460317	-1.97802197802198
3.63858363858364	-1.12332112332112	-4.68864468864469
4.73748473748474	-0.122100122100122	-3.32112332112332
1.24542124542125	-1.61172161172161	-2.2954822954823
-0.0976800976800977	-2.36874236874237	0
1.88034188034188	-1.44078144078144	1.17216117216117
2.83272283272283	-2.88156288156288	-2.14896214896215
0.0976800976800977	-5.03052503052503	-3.63858363858364
1.001221001221	-4.59096459096459	-5.22588522588523
0.0488400488400488	-4.2002442002442	-3.85836385836386
0.293040293040293	-4.22466422466422	-3.34554334554335
1.68498168498168	-3.12576312576313	-2.44200244200244
2.85714285714286	-0.952380952380952	-2.12454212454212
2.41758241758242	-1.44078144078144	-3.76068376068376
3.12576312576313	1.02564102564103	-1.41636141636142
2.68620268620269	1.31868131868132	0.415140415140415
5.47008547008547	3.44322344322344	0.0732600732600733
6.54456654456654	5.59218559218559	0.21978021978022
9.23076923076923	7.54578754578755	1.68498168498168
10.01221001221	7.88766788766789	0.927960927960928
7.15506715506716	8.2051282051282	2.1978021978022
8.27838827838828	9.42612942612943	4.07814407814408
7.66788766788767	10.1343101343101	5.2991452991453
7.17948717948718	9.42612942612943	2.95482295482295
5.2991452991453	8.32722832722833	4.85958485958486
6.37362637362637	9.74358974358974	1.02564102564103
8.69352869352869	10.6471306471306	3.36996336996337
8.25396825396825	12.5518925518926	10.3296703296703
10.5982905982906	12.3321123321123	9.47496947496948
13.1868131868132	13.3333333333333	6.59340659340659
12.8937728937729	12.6984126984127	10.4029304029304
12.6007326007326	10.6715506715507	5.44566544566545
8.81562881562882	8.47374847374847	2.75946275946276
5.44566544566545	6.00732600732601	1.001221001221
2.61294261294261	2.61294261294261	-2.12454212454212
1.26984126984127	1.29426129426129	-1.44078144078144
-1.97802197802198	-2.44200244200244	-4.54212454212454
-3.07692307692308	-3.85836385836386	-6.93528693528694
-3.1013431013431	-5.32356532356532	-7.17948717948718
-5.88522588522589	-5.42124542124542	-6.78876678876679
-8.54700854700855	-6.56898656898657	-5.66544566544567
-5.3968253968254	-7.66788766788767	-4.54212454212454
-12.3809523809524	-8.5958485958486	-4.42002442002442
-11.3064713064713	-9.69474969474969	-7.83882783882784
-9.89010989010989	-8.52258852258852	-7.54578754578755
-5.44566544566545	-6.3003663003663	-3.95604395604396
-7.10622710622711	-7.08180708180708	-2.39316239316239
-5.00610500610501	-7.59462759462759	-10.0610500610501
-5.81196581196581	-7.32600732600733	-8.4004884004884
-7.03296703296703	-8.2051282051282	-9.42612942612943
-10.1098901098901	-9.86568986568987	-14.8962148962149
-3.07692307692308	-7.15506715506716	-8.91330891330891
-1.95360195360195	-5.05494505494505	-3.34554334554335
-3.66300366300366	-4.85958485958486	0.561660561660562
-1.26984126984127	-3.71184371184371	-1.92918192918193
-2.24664224664225	-1.97802197802198	0.610500610500611
-5.86080586080586	-4.15140415140415	-1.92918192918193
-5.07936507936508	-4.07814407814408	-1.66056166056166
-3.95604395604396	-4.15140415140415	1.31868131868132
-6.69108669108669	-5.71428571428571	2.14896214896215
-3.85836385836386	-4.54212454212454	0.488400488400488
-6.42246642246642	-6.61782661782662	-1.48962148962149
-7.66788766788767	-8.4004884004884	-2.2954822954823
-4.68864468864469	-6.47130647130647	-1.83150183150183
-5.64102564102564	-7.2039072039072	-3.80952380952381
-6.98412698412698	-5.76312576312576	-2.49084249084249
-5.78754578754579	-4.004884004884	-2.2954822954823
-7.13064713064713	-3.71184371184371	-1.83150183150183
-1.63614163614164	-3.83394383394383	-1.22100122100122
-1.63614163614164	-3.46764346764347	3.83394383394383
-1.61172161172161	-2.97924297924298	5.56776556776557
-0.341880341880342	-2.51526251526252	-4.2002442002442
0.903540903540904	-0.317460317460317	2.93040293040293
-1.39194139194139	-1.48962148962149	-0.757020757020757
0.21978021978022	0.708180708180708	0
-2.22222222222222	-1.63614163614164	-0.586080586080586
-1.61172161172161	-2.2954822954823	3.63858363858364
-2.34432234432234	-2.02686202686203	2.66178266178266
1.12332112332112	-2.49084249084249	-3.12576312576313
-1.46520146520147	-0.586080586080586	-1.39194139194139
0.268620268620269	0.634920634920635	-0.83028083028083
1.44078144078144	0.732600732600733	0.0976800976800977
-0.0976800976800977	0.879120879120879	1.68498168498168
-2.05128205128205	0.317460317460317	1.75824175824176
0.195360195360195	0.244200244200244	-0.586080586080586
0.0244200244200244	1.1965811965812	2.002442002442
-0.634920634920635	0.805860805860806	0.781440781440781
-3.76068376068376	0.341880341880342	1.78266178266178
-1.14774114774115	0.463980463980464	1.29426129426129
-6.78876678876679	-0.854700854700855	-0.43956043956044
-8.2051282051282	-2.07570207570208	-3.32112332112332
-8.52258852258852	-3.90720390720391	-5.54334554334554
-7.00854700854701	-3.88278388278388	0.610500610500611
-11.1355311355311	-5.00610500610501	-7.25274725274725
-9.42612942612943	-3.85836385836386	-5.83638583638584
-8.81562881562882	-3.1013431013431	-3.98046398046398
-8.91330891330891	-3.68742368742369	-9.01098901098901
-9.4017094017094	-2.80830280830281	-10.9157509157509
-5.51892551892552	-0.244200244200244	-6.27594627594628
-6.17826617826618	-0.561660561660562	-8.08302808302808
-1.95360195360195	0.659340659340659	-7.03296703296703
-5.81196581196581	-0.0488400488400488	-6.73992673992674
-3.51648351648352	0.732600732600733	-3.78510378510378
-2.63736263736264	-1.07448107448107	-5.32356532356532
-5.95848595848596	-2.61294261294261	-3.2967032967033
-4.2979242979243	-3.07692307692308	0.341880341880342
-6.15384615384615	-6.17826617826618	-7.4969474969475
-6.27594627594628	-6.34920634920635	-6.34920634920635
-3.15018315018315	-4.07814407814408	-1.83150183150183
-0.757020757020757	-1.14774114774115	0.512820512820513
-0.390720390720391	-1.07448107448107	-6.52014652014652
2.22222222222222	1.75824175824176	0.0732600732600733
5.71428571428571	4.12698412698413	2.24664224664225
7.3015873015873	3.07692307692308	1.02564102564103
6.69108669108669	3.34554334554335	2.88156288156288
2.53968253968254	0.341880341880342	7.83882783882784
0.195360195360195	-1.53846153846154	6.64224664224664
2.78388278388278	-1.26984126984127	3.63858363858364
-1.41636141636142	-3.2967032967033	3.66300366300366
0.952380952380952	-3.05250305250305	-0.317460317460317
0.610500610500611	-0.683760683760684	0
3.39438339438339	-0.195360195360195	-1.53846153846154
-1.001221001221	-0.415140415140415	1.36752136752137
-1.36752136752137	-0.0732600732600733	1.34310134310134
3.22344322344322	1.83150183150183	1.95360195360195
2.78388278388278	0.0976800976800977	0.0976800976800977
2.34432234432234	-1.0989010989011	0.757020757020757
1.26984126984127	-2.85714285714286	2.31990231990232
-0.586080586080586	-4.12698412698413	1.0989010989011
-1.63614163614164	-5.66544566544567	1.07448107448107
-2.73504273504274	-6.98412698412698	-0.463980463980464
-1.95360195360195	-5.81196581196581	-1.36752136752137
0.903540903540904	-4.61538461538461	-3.58974358974359
1.51404151404151	-5.12820512820513	-3.44322344322344
3.68742368742369	-4.61538461538461	-5.25030525030525
0.170940170940171	-4.61538461538461	-2.85714285714286
1.53846153846154	-4.61538461538461	-0.879120879120879
0.586080586080586	-5.07936507936508	2.93040293040293
-2.56410256410256	-6.61782661782662	0.122100122100122
-1.83150183150183	-4.85958485958486	-1.63614163614164
-4.05372405372405	-5.27472527472527	-3.90720390720391
-5.2991452991453	-2.39316239316239	-2.75946275946276
0.293040293040293	-0.976800976800977	-5.00610500610501
-2.14896214896215	-0.659340659340659	-6.66666666666667
0.0244200244200244	0.488400488400488	-5.25030525030525
-0.610500610500611	-2.22222222222222	-6.54456654456654
-5.12820512820513	-5.22588522588523	-9.71916971916972
-5.66544566544567	-5.54334554334554	-8.03418803418803
-6.12942612942613	-4.73748473748474	-5.49450549450549
-3.88278388278388	-4.02930402930403	-4.2979242979243
-0.463980463980464	-1.34310134310134	0.170940170940171
5.64102564102564	1.36752136752137	-0.415140415140415
4.56654456654457	0.390720390720391	-4.88400488400488
4.66422466422466	0.634920634920635	-5.32356532356532
2.44200244200244	0.146520146520147	-5.25030525030525
3.98046398046398	0.659340659340659	0.146520146520147
5.15262515262515	-0.390720390720391	-8.13186813186813
5.00610500610501	2.66178266178266	-0.317460317460317
5.2991452991453	5.3968253968254	0.708180708180708
6.69108669108669	8.35164835164835	3.34554334554335
6.42246642246642	11.6239316239316	5.98290598290598
6.17826617826618	12.4786324786325	5.15262515262515
5.64102564102564	12.9426129426129	8.18070818070818
8.2051282051282	13.3333333333333	7.88766788766789
6.08058608058608	12.5518925518926	3.02808302808303
10.03663003663	12.991452991453	5.88522588522589
6.42246642246642	11.1843711843712	5.34798534798535
5.64102564102564	8.76678876678877	4.90842490842491
7.96092796092796	8.27838827838828	4.83516483516483
4.73748473748474	5.66544566544567	4.49328449328449
5.12820512820513	5.42124542124542	0.390720390720391
5.59218559218559	6.73992673992674	7.03296703296703
6.52014652014652	7.00854700854701	8.18070818070818
10.4517704517705	7.27716727716728	3.56532356532357
2.17338217338217	4.98168498168498	7.42368742368742
8.93772893772894	5.83638583638584	3.1013431013431
10.6227106227106	6.1050061050061	8.81562881562882
9.93894993894994	5.1037851037851	5.07936507936508
9.47496947496948	4.66422466422466	6.42246642246642
10.6959706959707	4.27350427350427	7.05738705738706
11.2576312576313	4.98168498168498	5.47008547008547
7.59462759462759	4.95726495726496	6.34920634920635
12.8205128205128	7.59462759462759	7.61904761904762
9.18192918192918	10.4761904761905	8.44932844932845
10.7203907203907	12.5274725274725	8.98656898656899
9.71916971916972	11.9413919413919	10.5494505494505
6.76434676434676	9.47496947496948	6.64224664224664
0.146520146520147	5.88522588522589	2.61294261294261
3.83394383394383	6.08058608058608	6.05616605616606
0.708180708180708	3.61416361416361	2.46642246642247
4.49328449328449	4.51770451770452	5.37240537240537
3.39438339438339	3.15018315018315	0
5.17704517704518	5.90964590964591	7.08180708180708
4.81074481074481	4.51770451770452	6.76434676434676
3.76068376068376	3.41880341880342	-2.51526251526252
3.2967032967033	2.36874236874237	-4.004884004884
2.80830280830281	1.29426129426129	-3.24786324786325
4.24908424908425	-0.537240537240537	-3.95604395604396
-1.39194139194139	-2.80830280830281	-7.03296703296703
-1.95360195360195	-1.31868131868132	-4.07814407814408
-0.488400488400488	-0.293040293040293	-3.54090354090354
2.07570207570208	0.415140415140415	-2.22222222222222
2.05128205128205	2.36874236874237	-0.122100122100122
1.61172161172161	3.1990231990232	3.02808302808303
4.71306471306471	6.32478632478632	5.51892551892552
5.1037851037851	8.13186813186813	2.75946275946276
5.03052503052503	8.84004884004884	5.27472527472527
6.88644688644689	11.4285714285714	5.44566544566545
6.76434676434676	8.79120879120879	2.68620268620269
8.37606837606838	9.42612942612943	6.22710622710623
9.69474969474969	8.84004884004884	7.10622710622711
4.90842490842491	7.15506715506716	5.93406593406593
13.9194139194139	7.93650793650794	7.22832722832723
11.8925518925519	6.59340659340659	2.1001221001221
2.1978021978022	5.03052503052503	2.22222222222222
6.76434676434676	5.34798534798535	4.66422466422466
2.78388278388278	5.34798534798535	2.2954822954823
1.97802197802198	5.76312576312576	4.05372405372405
4.42002442002442	6.54456654456654	5.95848595848596
8.08302808302808	6.81318681318681	3.73626373626374
6.66666666666667	6.98412698412698	4.2002442002442
6.4957264957265	7.13064713064713	4.63980463980464
8.69352869352869	6.54456654456654	3.63858363858364
7.64346764346764	4.85958485958486	2.44200244200244
4.88400488400488	4.98168498168498	4.93284493284493
6.00732600732601	3.76068376068376	4.07814407814408
2.49084249084249	1.34310134310134	3.17460317460317
5.22588522588523	1.41636141636142	2.36874236874237
5.42124542124542	0.610500610500611	0.586080586080586
9.93894993894994	1.14774114774115	0.634920634920635
6.83760683760684	-0.146520146520147	-1.56288156288156
0.43956043956044	-2.41758241758242	-3.27228327228327
-3.90720390720391	-2.97924297924298	-3.58974358974359
-3.22344322344322	-4.2002442002442	-4.07814407814408
-11.1111111111111	-4.42002442002442	-3.98046398046398
-7.05738705738706	-4.78632478632479	-2.17338217338217
-5.47008547008547	-4.61538461538461	-3.07692307692308
-8.35164835164835	-4.61538461538461	0.610500610500611
-6.78876678876679	-3.63858363858364	2.56410256410256
-3.56532356532357	-2.34432234432234	-3.1013431013431
0.586080586080586	-0.708180708180708	-2.31990231990232
3.22344322344322	1.14774114774115	-3.54090354090354
3.003663003663	2.34432234432234	-3.1990231990232
5.54334554334554	3.07692307692308	-5.88522588522589
2.53968253968254	3.76068376068376	0.146520146520147
3.85836385836386	3.27228327228327	3.2967032967033
3.41880341880342	3.1013431013431	-1.80708180708181
5.44566544566545	2.56410256410256	0.83028083028083
4.24908424908425	1.48962148962149	0.0732600732600733
7.74114774114774	4.46886446886447	1.26984126984127
6.56898656898657	4.88400488400488	2.34432234432234
7.69230769230769	5.61660561660562	6.88644688644689
6.42246642246642	3.85836385836386	3.71184371184371
3.73626373626374	1.88034188034188	2.51526251526252
0.21978021978022	-1.66056166056166	0
3.24786324786325	-3.34554334554335	-2.71062271062271
-3.46764346764347	-4.68864468864469	-0.805860805860806
-1.12332112332112	-4.73748473748474	-2.49084249084249
-3.003663003663	-3.71184371184371	0.903540903540904
-0.122100122100122	-3.44322344322344	1.51404151404151
-2.71062271062271	-5.15262515262515	1.0989010989011
-0.586080586080586	-4.32234432234432	-1.46520146520147
-0.390720390720391	-5.07936507936508	0.976800976800977
1.44078144078144	-4.32234432234432	4.78632478632479
1.24542124542125	-4.3956043956044	-2.17338217338217
0.952380952380952	-4.66422466422466	-0.341880341880342
1.68498168498168	-5.17704517704518	-1.92918192918193
2.12454212454212	-5.37240537240537	-1.17216117216117
1.34310134310134	-5.56776556776557	-0.781440781440781
0.537240537240537	-6.37362637362637	-1.05006105006105
2.56410256410256	-6.56898656898657	1.88034188034188
