-0.643930724040589	0.115968566414893	5.50545510032807
-2.71000228885328	-2.01724269474327	5.21553368429084
-0.695811398489357	-1.91348134584573	4.37018387121385
-1.86770428015564	-2.20035095750362	5.03852903028916
-1.16578927290761	-2.60929274433509	4.18402380407416
1.17189288166629	-0.466926070038911	1.52590218966964
0.366216525520714	-0.21362630655375	1.31837949187457
-0.50965133134966	-0.524910353246357	0.518806744487678
-0.445563439383536	0.729381246662089	1.73952849622339
-0.021362630655375	0.289921416037232	3.97955291065843
1.39772640573739	0.109864957656214	4.39459830624857
2.48111696040284	1.81887541008621	6.33554589150835
3.77813382162203	2.85648889906157	8.27649347676814
4.88593881132219	2.98466468299382	9.13099870298314
6.82688639658198	5.15144579232471	9.02113374532692
5.87167162584878	4.21759365224689	4.91950865949493
3.2318608377203	1.39467460135805	2.72831311512932
1.62966353856718	1.75783932249943	3.02128633554589
0.863660639353018	1.87075608453498	3.03654535744259
-1.40688181887541	0.222781719691768	1.28786144808118
-0.659189745937285	0.561532005798428	2.45365072098878
0.585946440833143	0.778210116731518	2.52994583047227
0.616464484626535	-0.225833524071107	1.1108567940795
-0.613412680247196	-0.265506981002518	0.863660639353018
-0.97962920576791	-1.27260242618448	1.81582360570687
-2.75272755016403	-2.85648889906157	0.689707789730678
-3.81170366979477	-2.221713588159	2.99382009613184
-4.14740215152209	-2.19119554436561	0.170901045243
-3.67742427710384	-3.23796444647898	-1.9653620202945
-1.44655527580682	-2.07217517357137	-1.2970168612192
1.31532768749523	-1.2115663385977	-0.338750286106661
1.58388647287709	0.387579156176089	0.924696726939803
3.38750286106661	1.00709544518196	2.49637598229953
3.90630960555428	3.42412451361868	6.24399176012818
5.41084916456855	4.28778515297169	6.86350804913405
5.66109712367437	6.94590676737621	10.452429999237
6.61020828564889	8.83802548256657	12.7809567406729
7.15037766079194	8.50537880521859	12.9152361333639
5.75875486381323	6.82688639658198	9.28969253070878
7.41283283741512	6.323338673991	10.5378805218585
7.76379034103914	4.52277409018082	7.6752880140383
7.1473258564126	3.5736629282063	7.81261921110857
5.87472343022812	2.48722056916152	8.50537880521859
3.79644464789807	1.93789578088045	9.9824521248188
1.70901045243	1.25734340428779	8.79224841687648
-0.753795681696803	-0.546272983901732	8.85328450446326
-1.39772640573739	-1.78835736629282	5.41390096894789
-0.790417334248875	-1.59304188601511	4.13824673838407
-1.70290684367132	-3.89715419241627	0.411993591210803
-2.98466468299382	-5.32845044632639	-4.69062333104448
-3.60112916762036	-6.08224612802319	-7.51659418631266
-4.19012741283284	-6.7200732433051	-9.34462500953689
-3.80254825665675	-5.7953765163653	-9.83901731898985
-3.18608377203021	-4.04058899824521	-8.1177996490425
-1.80361638818952	-1.97451743343252	-5.15144579232471
-0.341802090486	-1.33363851377127	-3.91241321431296
1.8951705195697	-0.271610589761196	-2.45975432974746
2.99382009613184	0.552376592660411	-1.58388647287709
3.79644464789807	1.03456168459602	-3.35698481727321
5.95712214847028	1.24513618677043	-2.59403372243839
5.36507209887846	0.89417868314641	-0.781261921110857
4.30609597924773	1.15663385976959	1.97756923781186
5.44441901274128	0.820935378042267	4.05279621576257
5.61532005798428	0.903334096284428	6.39963378347448
4.94697489890898	1.12001220721752	5.14839398794537
4.52277409018082	1.75478751812009	7.11985961699855
3.19523918516823	1.01625085831998	6.08224612802319
3.16472114137484	1.74563210498207	3.54619668879225
2.24612802319371	2.01419089036393	5.18196383611811
1.34584573128862	1.67544060425727	1.57473105973907
0.888075074387732	1.61440451667048	0.424200808728161
-1.24818799114977	0.55542839703975	-2.48722056916152
-2.81681544213016	-1.12306401159686	-4.82185091935607
-4.03143358510719	-1.52590218966964	-4.33051041428244
-5.06904707408255	-3.23491264209964	-7.11070420386053
-3.86968795300221	-3.45159075303273	-6.87876707103075
-2.24917982757305	-2.26749065384909	-7.15648126955062
-1.52895399404898	-1.48012512397955	-4.40375371938659
-0.289921416037232	-1.82192721446555	-4.272526131075
-0.241092545967803	-1.39467460135805	-2.79240100709545
0.354009308003357	-1.58388647287709	-2.85954070344091
0.714122224765393	-1.1810482948043	-3.26237888151369
1.04982070649271	-0.827038986800946	-1.78835736629282
2.14847028305486	0.268558785381857	-0.714122224765393
3.41191729610132	-0.515754940108339	2.26138704509041
3.33867399099718	0.241092545967803	4.35492484931716
4.41596093690394	0.665293354695964	2.61844815747311
5.34370946822309	-0.0457770656900893	4.90730144197757
5.26436255436027	0.952162966353857	3.33867399099718
5.85030899519341	1.85549706263828	6.69871061264973
6.44235904478523	3.15556572823682	6.2928206301976
5.37422751201648	3.13420309758144	6.59189745937285
4.89204242008087	3.3478294041352	4.80048828870069
4.0161745632105	3.17387655451286	2.04165712977798
3.74761577782864	4.32440680552377	3.49736781872282
1.82497901884489	3.47905699244678	4.12909132524605
1.88906691081102	2.0660715648127	4.90730144197757
1.33669031815061	1.6235599298085	5.50545510032807
2.31631952391852	0.656137941557946	3.93987945372702
3.65300984206912	1.0955977721828	4.42206454566262
2.66117341878386	1.35805294880598	1.55031662470436
1.43434805828946	-0.399786373693446	2.29800869764248
0.482185091935607	-1.24208438239109	1.58999008163577
-0.460822461280232	-2.63065537499046	0.711070420386053
-1.48622873273823	-3.18608377203021	0.646982528419928
-0.753795681696803	-4.32440680552377	0.573739223315785
-0.564583810177768	-3.63469901579309	1.99588006408789
-0.326543068589303	-2.95109483482109	4.05889982452125
-0.585946440833143	-3.90325780117494	4.22064545662623
1.54116121156634	-2.70084687571527	5.26131074998093
0.607309071488518	-2.50858319981689	4.80964370183871
2.48416876478218	-1.879911497673	4.54718852521553
3.56450751506828	0.106813153276875	3.81780727855344
3.06401159685664	-1.62050812542916	3.93682764934768
3.30205233844511	-0.570687418936446	0.0854505226215
1.4526588845655	-1.37636377508202	-3.96429388876173
0.231937132829786	-4.16266117341878	-8.65796902418555
-0.488288700694285	-4.7699702449073	-8.59388113221942
-0.772106507972839	-4.22369726100557	-6.93369954985885
-2.04470893415732	-4.42206454566262	-3.77813382162203
-3.62554360265507	-5.59395742732891	-1.58083466849775
-3.82696269169146	-5.91744869153887	-0.534065766384375
-3.65300984206912	-2.94804303044175	1.58083466849775
-1.82497901884489	-1.58388647287709	3.33562218661784
-0.38452735179675	-0.402838178072786	3.87579156176089
-1.10475318532082	-0.445563439383536	1.27260242618448
-0.927748531319142	0.390630960555428	4.43427176317998
-1.68459601739528	-1.48012512397955	2.98466468299382
-2.27054245822843	-3.13115129320211	2.43839169909209
-2.36820019836728	-2.77103837644007	0.433356221866178
-1.65407797360189	-1.42214084077211	0.650034332799268
-1.48317692835889	-1.66628519111925	0.787365529869535
-1.6235599298085	-0.396734569314107	-1.05287251087205
-1.66628519111925	0.350957503624018	-0.827038986800946
-3.49736781872282	0.329594872968643	1.93179217212177
-2.62149996185245	1.31227588311589	1.37331197070268
-0.332646677347982	3.16777294575418	1.75173571374075
-0.189211871519036	4.48615243762875	2.4933241779202
1.45571068894484	4.70283054856184	-0.747692072938125
2.563515678645	3.85748073548486	-2.8351262684062
1.98977645532921	2.63675898374914	-4.84626535439078
2.66117341878386	1.40077821011673	-5.08125429159991
2.42008087281605	0.338750286106661	-4.69672693980316
2.06301976043336	-0.265506981002518	-0.72632944228275
1.66628519111925	-1.8646524757763	-1.76394293125811
-1.14442664225223	-3.18303196765087	-2.09353780422675
-1.46181429770352	-3.64080262455177	-0.466926070038911
-1.60219729915312	-5.17586022735943	-4.10467689021134
-1.27565423056382	-5.16365300984207	-5.23384451056687
-2.38345922026398	-5.91439688715953	-5.73434042877852
-2.80766002899214	-5.0110627908751	-1.90127412832837
-4.21149004348821	-5.9510185397116	-3.45159075303273
-6.9764248111696	-7.42809185931182	-3.30205233844511
-9.4697489890898	-6.93369954985885	-4.65705348287175
-5.98458838788434	-4.23895628290227	-2.92057679102769
-4.62958724345769	-0.872816052491035	-0.494392309452964
-4.15960936903944	1.2115663385977	1.32448310063325
-3.69268329900053	2.05996795605402	1.04371709773404
-2.08133058670939	3.35698481727321	2.1515220874342
-1.1108567940795	3.27153429465171	3.78728923476005
-0.7690547035935	3.14030670634012	3.62249179827573
0.610360875867857	4.23590447852293	6.63767452506294
1.18715190356298	4.56549935149157	5.6244754711223
1.79140917067216	4.92256046387427	6.77805752651255
2.09964141298543	4.36408026245518	3.3325703822385
1.0955977721828	3.29594872968643	1.08949416342412
1.94705119401846	1.01319905394064	0.772106507972839
0.924696726939803	-2.1515220874342	0.338750286106661
-0.238040741588464	-4.87678339818418	0.747692072938125
-1.07118333714809	-5.46272983901732	-0.326543068589303
-1.08644235904479	-6.26840619516289	-3.22880903334096
-2.31631952391852	-5.61532005798428	-4.75471122301061
-1.95925841153582	-3.38139925230793	-3.22270542458228
-1.20546272983902	-3.04875257495994	-2.77409018081941
-2.45670252536812	-3.12809948882277	-3.16472114137484
-2.23086900129702	-2.32547493705653	-1.77309834439612
-2.16372930495155	-2.02944991226062	-2.03860532539864
-1.48317692835889	-1.6235599298085	-2.13931486991684
-2.08133058670939	-0.732433051041428	-4.34576943617914
-2.97856107423514	-1.19020370794232	-6.52170595864805
-2.85038529030289	-1.08644235904479	-4.30304417486839
-2.94804303044175	-1.35805294880598	-5.19111924925612
-1.33058670939193	0	-2.54520485236896
0.0885023270008393	0.549324788281071	-1.35805294880598
2.00808728160525	1.84634164950027	1.06813153276875
3.14335851071946	2.50247959105821	1.84023804074159
2.84428168154421	2.2919050888838	2.75577935454337
2.64591439688716	1.90127412832837	2.26138704509041
2.09964141298543	1.0955977721828	-0.378423743038071
3.70183871213855	0.823987182421607	0.268558785381857
4.85847257190814	0.588998245212482	-0.833142595559625
4.18402380407416	0.588998245212482	-1.45571068894484
2.02944991226062	-1.6083009079118	-2.41397726405737
1.00099183642329	-1.91653315022507	-0.970473792629892
-1.47402151522087	-4.18402380407416	-1.24513618677043
-1.18410009918364	-5.79842832074464	-2.38345922026398
-1.27260242618448	-7.20836194399939	-4.96528572518502
-1.74868390936141	-8.33752956435493	-3.51873044937819
-2.71000228885328	-8.53894865339132	-5.77706569008927
-4.08026245517662	-8.4290836957351	-5.34676127260243
-2.98161287861448	-7.50743877317464	-4.80659189745937
-2.18814373998627	-6.54001678492409	-3.29289692530709
-1.51979858091096	-6.78110933089189	-4.84931715877012
-0.219729915312428	-5.15449759670405	-3.20439459830625
-0.817883573662928	-7.02830548561837	-4.76081483176928
-3.19218738078889	-10.101472495613	-7.86449988555734
-4.76691844052796	-10.8064393072404	-9.4544899671931
-5.44441901274128	-10.452429999237	-9.01197833218891
-4.39765011062791	-10.7423514152743	-7.79736018921187
-2.25223163195239	-7.75768673228046	-3.99176012817578
-1.65102616922255	-4.8554207675288	-0.689707789730678
-2.08743419546807	-2.93888761730373	0.781261921110857
-2.99687190051118	-1.47402151522087	3.15556572823682
-2.76493476768139	-0.836194399938964	3.05180437933928
-2.6337071793698	-1.538109407187	-1.42214084077211
-2.14847028305486	-1.33669031815061	-1.88296330205234
-1.48622873273823	-1.75173571374075	0.76600289921416
-1.83413443198291	-1.62050812542916	-1.32753490501259
0.958266575112535	-0.119020370794232	-0.869764248111696
-0.0915541313801785	-0.143434805828946	-1.58999008163577
0.85145342183566	1.41603723201343	-2.85343709468223
2.21255817502098	3.88189517051957	-2.13015945677882
1.4679179064622	3.85748073548486	-1.23598077363241
-0.186160067139696	2.77409018081941	0.549324788281071
-1.06507972838941	2.73136491950866	1.26039520866712
-0.558480201419089	3.10978866254673	2.51468680857557
-1.92263675898375	0.198367284657053	2.2064545662623
-0.460822461280232	-0.732433051041428	-0.711070420386053
-1.12306401159686	-1.34584573128862	1.48317692835889
0.00305180437933928	-2.2369726100557	0.76600289921416
-0.878919661249714	-2.25223163195239	1.41908903639277
0.552376592660411	-0.231937132829786	4.12298771648737
0.531013962005035	-0.311284046692607	2.91142137788968
-0.134279392690929	0.531013962005035	2.24002441443503
0.759899290455482	2.51773861295491	3.03959716182193
1.26344701304646	2.6337071793698	2.69474326695659
-0.0396734569314107	0.100709544518196	-0.152590218966964
0.0274662394140536	-2.59708552681773	-3.83916990920882
-1.65102616922255	-4.20843823910887	-7.28770885786221
-0.390630960555428	-4.02838178072786	-6.68650339513237
-2.00198367284657	-4.88899061570153	-9.10353246356908
-2.96025024795911	-4.101625085832	-4.86762798504616
-1.6388189517052	-3.1464103150988	-2.88090333409628
-2.392614633402	-2.35599298084993	-2.25223163195239
-2.51773861295491	-3.21049820706493	-1.55031662470436
-0.494392309452964	-2.40177004654002	-3.86053253986419
0.659189745937285	-0.433356221866178	-3.53398947127489
1.22072175173571	0.311284046692607	-2.45670252536812
0.405889982452125	0.701915007248035	0.311284046692607
0.741588464179446	0.570687418936446	1.30922407873655
1.07728694590677	1.25123979552911	1.09254596780346
2.27664606698711	1.96841382467384	5.02021820401312
4.48920424200809	3.58281834134432	3.0914778362707
7.19920653086137	5.90829327840085	2.58182650492103
9.10963607232776	8.0872816052491	4.5990691996643
9.13710231174182	6.21347371633478	3.75677119096666
7.97741664759289	4.6845197222858	1.367208361944
5.28877698939498	1.76089112687877	-1.26039520866712
1.88906691081102	0.720225833524071	-5.54818036163882
0.408941786831464	-1.00709544518196	-5.63057907988098
-0.4272526131075	-0.997940032043946	-5.48409246967269
-1.7242694743267	-2.27664606698711	-4.67841611352712
-2.91447318226902	-2.21560997940032	-2.82902265964752
-2.45670252536812	-3.68047608148318	-3.10368505378805
-2.40177004654002	-4.97138933394369	-4.72419317921721
-2.54215304798962	-6.19516289005875	-6.76279850461585
-1.68459601739528	-4.9408712901503	-4.38849469748989
-0.341802090486	-4.81879911497673	-4.42206454566262
-2.16983291371023	-5.17586022735943	-2.67948424505989
-2.50247959105821	-6.04257267109178	-2.26138704509041
-1.81582360570687	-3.01518272678721	-1.29396505683986
-1.80361638818952	-4.92866407263294	-1.96231021591516
-1.20546272983902	-5.23689631494621	-5.16365300984207
0.875867856870375	-4.90119783321889	-3.03349355306325
1.35805294880598	-4.83710994125277	-5.49019607843137
1.95620660715648	-4.21759365224689	-7.64782177462425
2.25223163195239	-1.82497901884489	-5.15144579232471
3.20134279392691	0.878919661249714	-4.5288776989395
5.43221179522393	4.52582589456016	-2.55741206988632
6.60105287251087	7.03746089875639	1.04676890211337
6.55527580682078	8.68848706797894	4.49225604638743
6.8909742885481	10.5683985656519	7.42504005493248
6.52170595864805	10.595864805066	8.35584039063096
5.4383154039826	11.1238269626917	10.2784771496147
3.8300144960708	9.00282291905089	8.80445563439384
2.14847028305486	7.01915007248035	6.8055237659266
0.0854505226215	3.86663614862287	4.28778515297169
-1.13832303349355	-0.543221179522393	0.778210116731518
-2.93888761730373	-3.17082475013352	-1.92263675898375
-4.08331425955596	-5.75265125505455	-5.05073624780652
-3.83306630045014	-6.03341725795377	-6.65598535133898
-3.76592660410468	-5.85641260395209	-2.21866178377966
-4.60517280842298	-6.39963378347448	-4.63569085221637
-3.88189517051957	-4.53803311207752	-0.531013962005035
-3.06401159685664	-4.38239108873121	0.143434805828946
-0.616464484626535	-3.34172579537652	1.88906691081102
-0.183108262760357	-2.81071183337148	1.37636377508202
1.53200579842832	-1.04982070649271	2.42008087281605
1.89822232394903	-0.802624551766232	3.70183871213855
2.38345922026398	0.0976577401388571	4.1718165865568
3.22575722896162	0.89417868314641	3.39055466544594
3.19523918516823	0.558480201419089	3.33562218661784
5.12397955291066	2.81071183337148	5.00190737773709
3.85137712672618	2.85038529030289	2.62455176623178
3.96124208438239	4.09857328145266	4.00701915007248
4.55634393835355	4.67841611352712	4.34882124055848
1.79751277943084	2.62149996185245	5.11787594415198
1.35500114442664	1.7944609750515	4.54718852521553
-0.338750286106661	-0.366216525520714	4.48920424200809
-1.82497901884489	-1.85549706263828	3.28068970778973
-1.38551918822004	-0.89417868314641	3.44243533989471
-3.10673685816739	-1.73952849622339	1.55031662470436
-3.42107270923934	-2.00503547722591	0.424200808728161
-3.33867399099718	-1.85854886701762	0.643930724040589
-5.33455405508507	-3.14946211947814	-1.11696040283818
-7.65087357900359	-6.48813611047532	-3.98565651941711
-9.80239566643778	-8.67627985046158	-6.26230258640421
-10.2876325627527	-9.54299229419394	-8.49622339208057
-9.77798123140307	-8.70984969863432	-8.05371175707637
-10.2876325627527	-7.65392538338293	-9.37209124895094
-7.02525368123903	-4.62653543907836	-8.1879911497673
-5.35896849011978	-4.08941786831464	-8.89295796139467
-4.30304417486839	-5.08125429159991	-12.2407873655299
-1.93484397650111	-3.24406805523766	-9.4697489890898
-0.805676356145571	-2.7191577019913	-5.90829327840085
0.439459830624857	-1.59914549477379	-4.65400167849241
1.01930266269932	0.0152590218966964	-0.189211871519036
2.60318913557641	0.317387655451286	0.238040741588464
3.64080262455177	1.879911497673	1.5228503852903
4.17792019531548	2.68863965819791	3.78118562600137
4.40680552376593	4.43427176317998	2.76493476768139
3.60418097199969	3.85748073548486	2.58793011367971
5.23994811932555	3.46684977492943	2.58487830930037
3.15251392385748	3.61333638513771	0.0915541313801785
3.17387655451286	3.16777294575418	2.30411230640116
3.43633173113603	3.97650110627909	0.38452735179675
3.12199588006409	4.16266117341878	1.96841382467384
2.1210040436408	4.6845197222858	3.8300144960708
1.36110475318532	2.65506981002518	1.98367284657053
0.656137941557946	0.515754940108339	-0.415045395590143
-0.689707789730678	-3.15556572823682	-3.27458609903105
-1.36415655756466	-5.31624322880903	-4.63569085221637
-2.25223163195239	-6.50949874113069	-7.83703364614328
-4.10467689021134	-8.89600976577401	-10.9315632867933
-5.73128862439918	-9.75967040512703	-6.92454413672084
-6.70481422140841	-9.56130312046998	-8.73731593804837
-9.81460288395514	-10.9224078736553	-9.16456855115587
-9.912260624094	-10.4982070649271	-9.23781185626001
-7.95300221255818	-8.71900511177233	-7.32433051041428
-7.47081712062257	-7.22972457465476	-7.57763027389944
-7.51049057755398	-7.08018616006714	-11.0109102006561
-6.75364309147784	-7.99572747386893	-8.52063782711528
-6.23483634699016	-8.73426413366903	-9.20119020370794
-7.53490501258869	-7.64476997024491	-9.33241779201953
-6.07614251926451	-7.04661631189441	-7.68444342717632
-4.28168154421302	-5.63363088426032	-4.57465476462959
-1.20851453421836	-2.02944991226062	-2.19119554436561
0.753795681696803	1.38551918822004	0.222781719691768
2.76188296330205	2.51163500419623	-0.0762951094834821
3.41191729610132	1.10780498970016	-2.68253604943923
3.45159075303273	2.38345922026398	-2.50247959105821
3.0914778362707	2.10879682612345	-4.58075837338827
2.563515678645	0.729381246662089	-7.25719081406882
1.46486610208286	0.164797436484321	-6.59189745937285
1.61135271229114	1.34889753566796	-5.3681239032578
1.42214084077211	1.367208361944	-7.87975890745403
-0.677500572213321	-1.03456168459602	-7.19310292210269
-1.16273746852827	-1.3519493400473	-7.98046845197223
-3.87884336614023	-4.46173800259403	-8.64881361104753
-4.96528572518502	-5.09956511787594	-8.54200045777066
-5.47188525215534	-5.92355230029755	-8.04150453955901
-5.81979095140002	-6.36301213092241	-5.0263218127718
-6.43015182726787	-6.92759594110018	-5.22468909742885
-6.43625543602655	-6.55527580682078	-3.37834744792859
-6.26840619516289	-5.72823682001984	-2.04470893415732
-4.4281681544213	-4.15045395590143	-2.06912336919203
-4.59296559090562	-4.17792019531548	-0.80872816052491
-5.61226825360494	-2.77409018081941	0.314335851071946
-3.06401159685664	0.799572747386893	3.66826886396582
-3.35088120851453	0.433356221866178	2.02334630350195
-0.134279392690929	2.12710765239948	2.86869611657893
2.18204013122759	5.7099259937438	6.03036545357443
3.72014953841459	6.04257267109178	4.0009155413138
2.53910124361028	5.63668268863966	2.05996795605402
1.24818799114977	2.60013733119707	1.07728694590677
0.314335851071946	0.671396963454643	-1.85854886701762
-2.34378576333257	-2.81376363775082	-4.71808957045853
-4.15350576028077	-5.22468909742885	-9.09132524605173
-2.74357213702602	-4.47394522011139	-8.33447775997559
-3.39360646982528	-3.99176012817578	-8.62439917601282
-4.66620889600977	-4.16266117341878	-10.3700312809949
-4.41290913252461	-4.23895628290227	-9.76882581826505
-3.33867399099718	-2.96635385671778	-7.9163805600061
-3.19218738078889	-2.08133058670939	-8.39551384756237
-1.85854886701762	0.0732433051041428	-6.09140154116121
-0.399786373693446	1.30006866559854	-4.63569085221637
-1.87380788891432	0.576791027695125	-4.54413672083619
-1.79751277943084	-0.424200808728161	-5.04768444342718
-1.70595864805066	-0.228885328450446	-2.79850461585412
-0.866712443732357	-1.12306401159686	-3.45769436179141
0.424200808728161	0.759899290455482	-2.20950637064164
3.94903486686503	1.76699473563745	1.23292896925307
3.78118562600137	2.30106050202182	1.16884107728695
5.13313496604868	2.32547493705653	1.85549706263828
6.55527580682078	3.60418097199969	3.2318608377203
5.83504997329671	5.78622110322728	5.99679560540169
6.34775310902571	7.16563668268864	4.57160296025025
6.12802319371328	8.21240558480201	4.74250400549325
4.57465476462959	7.87670710307469	2.5482566567483
2.82597085526818	5.37117570763714	0.842298008697642
1.75783932249943	2.43533989471275	-1.76394293125811
0.570687418936446	-0.241092545967803	-4.17486839093614
0.219729915312428	-1.00404364080262	-4.89204242008087
-0.366216525520714	-2.56656748302434	-6.61631189440757
-1.39162279697871	-3.03044174868391	-5.80453192950332
-2.98466468299382	-3.30815594720378	-7.20836194399939
-4.71198596169986	-4.77302204928664	-7.64171816586557
-5.1117723353933	-4.45868619821469	-6.53086137178607
-4.46478980697337	-4.93476768139162	-5.3833829251545
-3.03044174868391	-4.23590447852293	-7.17479209582666
-2.31021591515984	-3.66826886396582	-7.79736018921187
-3.33562218661784	-4.34576943617914	-8.02014190890364
-2.3773556115053	-4.22369726100557	-8.34058136873426
-2.78324559395743	-3.39055466544594	-6.15854123750668
-1.43434805828946	-2.27664606698711	-6.13412680247196
2.16678110933089	0.961318379491875	-4.06195162890059
2.27359426260777	2.02639810788128	-2.13015945677882
3.47905699244678	4.99275196459907	0.888075074387732
2.66727702754253	5.8808270389868	2.74662394140536
0.259403372243839	3.55230029755093	4.01007095445182
-0.631723506523232	3.26237888151369	5.14839398794537
-0.460822461280232	4.21149004348821	7.06492713817044
1.16578927290761	5.50850690470741	6.4789806973373
4.01312275883116	8.12390325780117	9.30495155260548
4.85847257190814	9.25917448691539	8.86243991760128
5.41390096894789	9.44228274967575	9.59487296864271
5.06599526970321	7.50743877317464	5.84420538643473
2.91752498664836	5.15144579232471	2.01724269474327
2.06912336919203	2.78629739833677	-3.93987945372702
2.49942778667887	2.55436026550698	-4.47394522011139
1.41298542763409	1.70901045243	-5.8808270389868
0.601205462729839	1.4679179064622	-3.45769436179141
0.540169375143053	-0.573739223315785	-6.16159304188602
-0.460822461280232	-2.53299763485161	-6.05477988860914
-0.759899290455482	-4.28168154421302	-7.52269779507134
-0.949111161974517	-3.83916990920882	-7.36705577172503
-1.99893186846723	-4.60212100404364	-8.04150453955901
-3.06401159685664	-4.55939574273289	-8.53589684901198
-3.64080262455177	-4.62958724345769	-7.99572747386893
-2.79850461585412	-4.18402380407416	-10.1747158007172
-4.1718165865568	-3.97344930189975	-9.99465934233616
-0.543221179522393	-1.80666819256886	-7.90112153810941
-0.244144350347143	-1.42214084077211	-5.60006103608759
0.0488288700694285	-1.28786144808118	-4.00396734569314
-0.839246204318303	-1.08033875028611	-4.58686198214694
0.305180437933928	-0.0854505226215	-3.73540856031128
0.4272526131075	0.158693827725643	-4.1870756084535
0.784313725490196	1.94705119401846	-4.11078049897002
2.55741206988632	4.17792019531548	-1.42214084077211
4.12909132524605	5.81368734264134	-0.878919661249714
5.60006103608759	8.35278858625162	1.13832303349355
5.5542839703975	7.006942854963	-0.521858548867018
6.61326009002823	6.16464484626535	-1.45571068894484
6.07309071488518	5.09956511787594	-3.95819028000305
5.31319142442969	2.60624093995575	-4.5288776989395
5.35896849011978	2.50553139543755	-4.28168154421302
5.12092774853132	2.29495689326314	-5.37117570763714
6.02426184481575	3.78423743038071	-1.41298542763409
6.90012970168612	5.03852903028916	1.20546272983902
7.50743877317464	6.84519722285801	2.56656748302434
7.68749523155566	6.323338673991	2.50553139543755
7.71801327534905	4.61738002594034	4.56549935149157
6.2073701075761	4.78217746242466	2.82597085526818
3.84832532234684	1.47402151522087	3.02738994430457
1.46486610208286	-0.985732814526589	1.05897611963073
2.02639810788128	0.204470893415732	1.84023804074159
2.12405584802014	-0.823987182421607	1.05897611963073
1.32753490501259	0.100709544518196	0.878919661249714
1.85854886701762	0.0610360875867857	2.55130846112764
0.527962157625696	-0.350957503624018	1.39162279697871
-0.891126878767071	0.671396963454643	2.19119554436561
-4.09857328145266	-1.50759136339361	0.222781719691768
-4.33966582742046	-3.05485618371862	-1.76089112687877
-3.23491264209964	-2.85954070344091	-3.03044174868391
-2.05386434729534	-2.16372930495155	0.665293354695964
0.497444113832303	-2.22781719691768	0.805676356145571
1.10170138094148	-0.970473792629892	4.00396734569314
1.99893186846723	1.55642023346304	3.89105058365759
2.71000228885328	1.74563210498207	4.24505989166094
4.00701915007248	2.44754711223011	3.36614023041123
4.8401617456321	3.38445105668727	2.58182650492103
4.956130312047	3.15861753261616	2.51468680857557
5.61226825360494	1.26344701304646	0.97962920576791
6.95201037613489	2.734416723888	1.03456168459602
5.40474555580987	1.40688181887541	0.592050049591821
5.39864194705119	0.00610360875867857	-2.50858319981689
3.55840390630961	-1.16884107728695	-0.738536659800107
0.134279392690929	-1.86770428015564	-2.29800869764248
0.0823987182421607	-3.01518272678721	-3.28984512092775
-1.68764782177462	-5.297932402533	-5.85946440833143
-3.10368505378805	-5.60006103608759	-6.3935301747158
