2.4933241779202	2.82444495307851	-1.52132448310063
2.88548104066529	5.14991989013504	-1.65255207141222
2.62607766842145	2.11795223926146	-0.524910353246357
1.48928053711757	2.66117341878386	-3.27611200122072
-0.0488288700694285	0.0778210116731518	-2.40024414435035
0.405889982452125	-0.404364080262455	-3.33104448004883
-1.2466620889601	0.372320134279393	-4.17792019531548
-0.581368734264134	-1.88754100862135	-2.11184863050278
1.17341878385595	1.46028839551385	-2.40482185091936
0.491340505073625	0.970473792629892	-1.95468070496681
2.43228809033341	1.25276569771878	0.170901045243
0.588998245212482	0.900282291905089	-2.16983291371023
1.5228503852903	-1.96231021591516	-2.20950637064164
1.19325551232166	-1.05745021744106	-4.99732967116808
0.349431601434348	-2.31021591515984	-3.60112916762036
-0.619516289005875	-2.3270008392462	-3.18303196765087
-0.323491264209964	0.303654535744259	-4.53955901426719
-1.53658350499733	-1.69222552834363	-2.3773556115053
-1.6937514305333	1.56099794003204	-4.13977264057374
0.698863202868696	2.41550316624704	-1.87533379110399
-0.463874265659571	1.6235599298085	-2.21255817502098
0.746166170748455	3.46684977492943	-2.39719233997101
1.17341878385595	0.886549172198062	-0.985732814526589
0.889600976577401	3.37682154573892	-2.38040741588464
2.6138704509041	1.87533379110399	-1.93636987869078
-0.505073624780652	-0.962844281681544	-3.64843213550011
0.404364080262455	1.33058670939193	-4.55329213397421
0.720225833524071	-1.22682536049439	-2.86717021438926
-0.289921416037232	0.64087891966125	-4.27100022888533
1.32906080720226	-0.465400167849241	-3.73388265812161
1.37941557946136	-0.112916762035554	-4.45410849164569
2.20798046845197	2.03860532539864	-5.79385061417563
3.36003662165255	0.117494468604562	-3.1815060654612
2.6840619516289	3.23949034866865	-3.12352178225376
2.7695124742504	2.46738384069581	-1.5579461356527
1.82345311665522	1.22987716487373	-0.488288700694285
0.762951094834821	1.89364461738003	-2.67185473411154
1.13679713130388	-0.219729915312428	-0.442511635004196
-0.192263675898375	0.836194399938964	-2.34531166552224
-1.20393682764935	-0.260929274433509	-2.64438849469749
-1.53353170061799	-0.552376592660411	-1.70138094148165
-3.65300984206912	0.132753490501259	-3.46990157930877
-1.15968566414893	-1.18257419699397	-0.599679560540169
-1.73037308308537	0.799572747386893	-2.50705729762722
-2.09964141298543	-1.80819409475853	-2.46585793850614
-0.170901045243	-1.98672465094987	-2.08133058670939
-0.796520943007553	-1.07728694590677	-3.16472114137484
-0.89570458533608	-2.72831311512932	-0.791943236438544
-1.69680323491264	-1.29091325246052	-2.20187685969329
-0.566109712367437	-0.512703135729	-0.309758144502937
-1.26192111085679	-0.924696726939803	-0.331120775158312
0.0274662394140536	2.51926451514458	-1.32753490501259
-1.18410009918364	-0.674448767833982	-0.102235446707866
-1.60677500572213	0.0381475547417411	-2.61539635309377
-3.59044785229267	-1.94247348744945	-2.58487830930037
-3.43327992675669	-3.07774471656367	-2.19729915312428
-3.94140535591669	-1.85702296482795	-3.60418097199969
-2.51926451514458	-3.78728923476005	-1.36263065537499
-3.11436636911574	-1.01319905394064	-3.43633173113603
0.862134737163348	0.210574502174411	0.178530556191348
0.451667048142214	-0.0244144350347143	1.15815976195926
1.23598077363241	3.47295338368811	0.675974670023652
1.00251773861295	1.49996185244526	3.35393301289387
0.0488288700694285	2.49485008010986	0.578316929884794
0.527962157625696	2.55283436331731	1.67696650644694
-1.55642023346304	1.21461814297704	1.2314030670634
-0.695811398489357	2.68863965819791	-0.323491264209964
-1.05287251087205	-0.7690547035935	-0.0228885328450446
-2.19272144655528	0.917067215991455	-2.4780651560235
-1.63271534294652	0.17242694743267	-1.43434805828946
-1.26802471961547	0.151064316777295	-0.791943236438544
-1.84786755168994	1.52437628747997	-2.03097581445029
-1.11696040283818	-0.502021820401312	-0.367742427710384
-2.72831311512932	-0.00762951094834821	-3.80407415884642
-3.33562218661784	-1.10475318532082	-4.06500343327993
-5.83352407110704	-4.2221713588159	-5.46120393682765
-3.90630960555428	-1.29396505683986	-6.05783169298848
-3.8452735179675	-2.63218127718013	-2.61081864652476
-3.58739604791333	-2.20187685969329	-4.23895628290227
-4.14892805371176	-4.52429999237049	-3.46532387273976
-4.05584802014191	-5.61379415579461	-2.79392690928511
-4.02685587853819	-4.20538643472953	-5.27199206530861
-4.72571908140688	-7.75768673228046	-3.57824063477531
-4.36713206683452	-5.09803921568627	-4.9759670405127
-2.46585793850614	-3.89715419241627	-2.89616235599298
-0.947585259784848	-2.02792401007095	-1.70748455024033
-0.917067215991455	0.860608834973678	-2.26749065384909
0.917067215991455	-0.732433051041428	0.570687418936446
0.907911802853437	2.12405584802014	-0.759899290455482
-0.370794232089723	0.784313725490196	1.27870603494316
-0.85297932402533	-0.72480354009308	1.95925841153582
-1.83566033417258	0.0122072175173571	-0.706492713817044
-1.51674677653162	-2.67032883192187	1.21004043640803
-1.83566033417258	-0.878919661249714	-1.07881284809644
0.619516289005875	-0.398260471503777	-0.34027618829633
2.03250171663996	1.51216906996262	2.11184863050278
1.52132448310063	3.79797055008774	1.06202792401007
2.3773556115053	2.18051422903792	3.79644464789807
3.02281223773556	5.71297779812314	2.98466468299382
2.86869611657893	5.30861371786068	5.05226214999619
2.29495689326314	4.00549324788281	5.67940794995041
1.82497901884489	6.57358663309682	4.55329213397421
4.23590447852293	6.81925688563363	8.92805371175708
1.34889753566796	7.3182269016556	6.32028686961166
2.17898832684825	5.99221789883268	5.99221789883268
3.42259861142901	6.67429617761502	7.00389105058366
1.95468070496681	7.53795681696803	3.87426565957122
3.48210879682612	5.51155870908675	4.26031891355764
3.27916380560006	7.88433661402304	2.99534599832151
3.18608377203021	6.26688029297322	3.51415274280919
4.36560616464485	5.64888990615702	4.12756542305638
4.06347753109026	7.34721904325933	2.66117341878386
5.09956511787594	5.88693064774548	6.0868238345922
4.22064545662623	8.67933165484092	4.19165331502251
2.55741206988632	7.33806363012131	5.09040970473793
1.58236057068742	5.74196993972686	5.23537041275654
0.540169375143053	6.0166323338674	3.12046997787442
0.72327763790341	2.45212481879912	4.1367208361944
0.436408026245518	3.63317311360342	2.85038529030289
0.587472343022812	2.71000228885328	1.64644846265354
0.286869611657893	1.4175631342031	1.37026016632334
-1.42671854734112	0.546272983901732	-1.75478751812009
-2.07370107576104	-2.60471503776608	-0.656137941557946
-2.59708552681773	-1.56252384222171	-2.94651712825208
-2.89921416037232	-3.61791409170672	-2.29495689326314
-2.58945601586938	-3.93835355153735	-1.85702296482795
-2.58487830930037	-1.10017547875181	-2.98619058518349
-1.3321126115816	-3.56450751506828	-1.50911726558328
-3.076218814374	-2.47196154726482	-4.45258258945602
-4.26031891355764	-3.75371938658732	-3.71099412527657
-4.42664225223163	-5.72671091783017	-2.76798657206073
-5.68398565651942	-3.73083085374228	-4.17486839093614
-5.49019607843137	-5.79842832074464	-1.25123979552911
-5.5741206988632	-2.8702220187686	-1.30312046997787
-5.00343327992676	-2.89158464942397	-1.48470283054856
-2.55436026550698	-2.49485008010986	-0.167849240863661
-3.10521095597772	0.794995040817884	-0.415045395590143
-1.00709544518196	0.343327992675669	3.07011520561532
2.39871824216068	4.65400167849241	2.09506370641642
4.19165331502251	5.89303425650416	4.89967193102922
4.78065156023499	6.44541084916457	7.15190356298161
6.0013733119707	11.0414282444495	6.58884565499351
6.58731975280384	8.47180895704585	8.81971465629053
5.70687418936446	10.5638208590829	7.88281071183337
5.01869230182345	8.93110551613642	7.97131303883421
6.08377203021286	8.29175249866484	8.55573357747768
4.26794842450599	7.58678568703746	4.48004882887007
2.76493476768139	3.89410238803693	5.59395742732891
1.09254596780346	3.20439459830625	3.54314488441291
0.814831769283589	0.955214770733196	2.51773861295491
-1.22377355611505	-2.05386434729534	0.305180437933928
-2.74204623483635	-2.49637598229953	-1.70595864805066
-2.90074006256199	-5.14839398794537	0.675974670023652
-3.52178225375753	-3.79644464789807	-2.04470893415732
-3.46227206836042	-4.82337682154574	-1.8097199969482
-2.22781719691768	-4.34119172961013	-0.424200808728161
-2.14694438086519	-1.71206225680934	-2.19577325093462
-3.09758144502937	-4.49073014419776	-0.100709544518196
-1.99130235751888	-2.49942778667887	-2.01876859693294
-1.67696650644694	-2.10879682612345	0.0579842832074464
-0.98268101014725	-2.4078736552987	-0.0762951094834821
0.148012512397955	-0.465400167849241	-1.26039520866712
1.26039520866712	-1.09864957656214	1.9851987487602
0.968947890440223	0.080872816052491	-0.703440909437705
-0.538643472953384	-1.54879072251469	-0.163271534294652
0.453192950331884	-1.68917372396429	1.77004654001678
0.0976577401388571	0.619516289005875	-0.102235446707866
0.375371938658732	-2.05233844510567	1.0757610437171
1.32143129625391	1.50606546120394	0.0442511635004196
0.892652780956741	1.25123979552911	0.866712443732357
2.34683756771191	2.12558175020981	3.4882124055848
3.18760967421988	5.16670481422141	3.1967650873579
1.879911497673	2.47653925383383	5.73281452658885
2.50247959105821	5.36507209887846	4.9912260624094
1.19172961013199	3.96429388876173	5.68551155870909
1.53353170061799	2.61539635309377	4.07415884641794
0.570687418936446	3.44396124208438	1.31837949187457
0.68055237659266	0.132753490501259	2.17593652246891
0.602731364919509	1.44045166704814	1.30312046997787
2.01419089036393	1.75631342030976	1.75478751812009
2.04928664072633	1.26192111085679	3.91241321431296
2.99534599832151	3.15098802166781	2.45670252536812
4.10925459678035	1.75478751812009	3.85595483329519
4.45105668726635	3.33409628442817	1.89211871519036
3.53704127565423	2.22018768596933	1.67544060425727
3.01823453116655	1.44045166704814	1.5533684290837
1.51979858091096	1.94857709620813	-1.75020981155108
1.42061493858244	-0.624093995574884	-0.0732433051041428
2.54367895017929	1.18562600137331	-1.20851453421836
0.547798886091402	-0.631723506523232	-1.45418478675517
0.64087891966125	-1.85854886701762	-0.622568093385214
-0.59510185397116	-1.43434805828946	-1.90890363927672
-0.0396734569314107	-4.10315098802167	-0.334172579537652
0.718699931334401	-1.37636377508202	-1.33363851377127
-0.29907682917525	-3.20592050049592	-0.903334096284428
0.064087891966125	-3.60723277637903	-0.216678110933089
1.96688792248417	1.51522087434195	1.90432593270771
1.84023804074159	0.238040741588464	4.23285267414359
2.03402761882963	2.4979018844892	3.01976043335622
2.48264286259251	2.69626916914626	4.67841611352712
3.58739604791333	1.78988326848249	5.39711604486152
3.66979476615549	4.11383230334935	4.06500343327993
3.63164721141375	1.34126802471962	5.99374380102235
3.1967650873579	2.81071183337148	4.56702525368124
1.49385824368658	1.64034485389487	3.31578545815213
2.17746242465858	1.26344701304646	3.41496910048066
1.20088502327001	2.79240100709545	-0.0778210116731518
-0.0442511635004196	-0.730907148851759	0.695811398489357
-0.695811398489357	0.834668497749294	-0.183108262760357
0.2563515678645	1.69527733272297	0.910963607232776
-0.605783169298848	-0.709544518196384	0.730907148851759
-1.43129625391012	1.11848630502785	-1.26802471961547
1.05897611963073	-0.708018616006714	1.76241702906844
1.38399328603037	0.918593118181125	-0.112916762035554
2.19882505531395	1.2161440451667	0.796520943007553
2.60929274433509	1.91653315022507	3.21660181582361
3.37376974135958	4.83253223468376	1.88754100862135
3.71862363622492	3.97802700846876	4.76844434271763
2.77714198519875	6.55832761120012	3.72320134279393
2.12405584802014	4.54261081864652	3.61943999389639
2.76493476768139	3.1967650873579	4.59754329747463
2.24917982757305	4.36865796902419	1.73495078965438
4.03753719386587	2.48111696040284	4.31982909895476
4.34729533836881	2.25986114290074	1.51522087434195
4.44953078507668	1.49385824368658	1.97451743343252
2.52536812390326	-0.613412680247196	2.55130846112764
0.0244144350347143	-0.291447318226902	-0.112916762035554
-0.827038986800946	-2.89616235599298	1.81582360570687
-1.05897611963073	-0.85297932402533	0.564583810177768
-1.07728694590677	-0.157167925535973	2.0355535210193
0.00610360875867857	-0.689707789730678	2.89463645380331
0.805676356145571	2.54673075455863	1.81887541008621
0.758373388265812	0.311284046692607	3.78271152819104
1.17799649042496	2.09201190203708	2.58030060273137
1.18715190356298	1.29243915465019	1.74258030060273
0.332646677347982	-1.21004043640803	0.961318379491875
-0.46997787441825	0.547798886091402	-1.33363851377127
-2.99992370489052	-3.75371938658732	-0.854505226215
-2.73289082169833	-1.25123979552911	-1.08339055466545
-2.77866788738842	-1.58236057068742	0.0442511635004196
-2.34836346990158	-1.2466620889601	2.50095368886854
-2.6993209735256	0.636301213092241	1.44197756923781
-0.563057907988098	-0.357061112382696	3.50804913405051
-0.105287251087205	1.4679179064622	2.45365072098878
0.524910353246357	0.503547722590982	2.70542458228428
1.27565423056382	-0.617990386816205	3.42717631799802
2.24307621881437	1.60067139696345	0.573739223315785
1.15205615320058	-1.86160067139696	1.36415655756466
0.402838178072786	-1.43282215609979	0.0137331197070268
0.512703135729	-2.0859082932784	0.659189745937285
0.779736018921187	-1.85702296482795	2.04013122758831
0.967421988250553	1.54421301594568	1.10170138094148
2.16067750057221	-0.00457770656900893	5.64431219958801
1.65255207141222	2.22934309910735	3.32799267566949
2.36514839398795	2.92820630197604	2.92973220416571
2.99687190051118	1.81582360570687	4.67994201571679
3.10215915159838	3.27611200122072	2.23392080567636
2.31631952391852	-0.201419089036393	2.58030060273137
0.860608834973678	0.662241550316625	-0.0854505226215
0.291447318226902	-0.685130083161669	-0.360112916762036
0.0732433051041428	-3.0914778362707	0.395208667124437
-0.224307621881437	-0.778210116731518	-0.46997787441825
-0.17242694743267	-3.33409628442817	1.58999008163577
0.741588464179446	-1.74715800717174	0.923170824750134
0.0473029678797589	-1.18715190356298	1.69985503929198
-0.775158312352178	-2.68101014724956	1.84328984512093
-0.500495918211643	0.173952849622339	0.732433051041428
-1.39009689478904	-1.85091935606928	3.06248569466697
-2.82444495307851	0.0732433051041428	1.73647669184405
-2.6489662012665	-0.537117570763714	1.12916762035554
-2.67185473411154	-1.82345311665522	2.62912947280079
-1.8142977035172	-0.0305180437933928	-0.0961318379491875
-0.280766002899214	-2.52384222171359	0.843823910887312
0.602731364919509	-0.738536659800107	1.09712367437247
0.901808194094759	-0.874341954680705	1.68612191958495
1.15205615320058	-1.38094148165103	3.6591134508278
0.98115510795758	2.1515220874342	2.16067750057221
1.54421301594568	0.845349813076982	4.00549324788281
3.36919203479057	3.85290302891585	2.86869611657893
3.39971007858396	4.18860151064317	3.07164110780499
3.81628137636378	3.13420309758144	3.79339284351873
2.19119554436561	3.64538033112078	1.48928053711757
2.5284199282826	1.14442664225223	2.86717021438926
2.52079041733425	1.92111085679408	1.51522087434195
2.34683756771191	1.55184252689403	1.12458991378653
2.68101014724956	1.7288471808957	3.03501945525292
0.627145799954223	2.50858319981689	1.03913939116503
2.22018768596933	1.1261158159762	4.24963759822995
2.82444495307851	5.23079270618753	5.44899671931029
1.98672465094987	3.21355001144427	4.99885557335775
0.358587014572366	-0.106813153276875	3.86358434424353
1.51827267872129	2.67643244068055	3.03654535744259
-0.0854505226215	-1.71663996337835	3.20744640268559
-2.08285648889906	-2.1713588158999	0.614938582436866
-3.17540245670253	-4.16571297779812	0.772106507972839
-2.5284199282826	-6.16464484626535	2.39566643778134
-2.99992370489052	-3.99023422598611	-0.250247959105821
-2.71305409323262	-7.20225833524071	0.932326237888151
-4.21759365224689	-6.69413290608072	-1.31380178530556
-3.09452964065003	-5.80758373388266	0.546272983901732
-2.65964751659419	-6.02578774700542	3.16777294575418
-3.85748073548486	-4.54718852521553	-0.347905699244678
-4.33661402304112	-7.91943236438544	1.78225375753414
-2.53299763485161	-5.73891813534752	0.431830319676509
-4.14435034714275	-6.02273594262608	0.00915541313801785
-4.20233463035019	-8.01098649576562	-0.471503776607919
-4.42359044785229	-6.41184100099184	-2.79240100709545
-4.23895628290227	-8.95399404898146	-0.55390249485008
-5.2674143587396	-7.04356450751507	-3.0960555428397
-3.51415274280919	-6.16311894407569	-2.60013733119707
-2.64744029907683	-7.22209506370642	-1.13832303349355
-1.49233234149691	-4.24048218509194	-1.71358815899901
-0.819409475852598	-5.02784771496147	1.83871213855192
-0.0228885328450446	-1.5884641794461	1.35042343785763
-0.613412680247196	-1.90280003051804	0.202944991226062
-1.22987716487373	-2.42313267719539	1.7441062027924
0.709544518196384	2.29953459983215	1.91653315022507
1.66628519111925	0.221255817502098	4.2069123369192
0.703440909437705	0.428778515297169	2.06759746700237
0.883497367818723	0.358587014572366	2.74357213702602
0.697337300679026	-0.708018616006714	4.41443503471428
-0.205996795605402	2.30258640421149	1.82345311665522
1.50911726558328	0.0900282291905089	5.01258869306477
1.04982070649271	0.865186541542687	4.26794842450599
1.0605020218204	1.23598077363241	4.62500953688868
1.23598077363241	0.498970016021973	5.49172198062104
2.01113908598459	2.52384222171359	3.22270542458228
1.96688792248417	0.692759594110018	5.3833829251545
1.99435416189822	2.13168535896849	3.46074616617075
0.59510185397116	1.23445487144274	3.19218738078889
2.16067750057221	0.633249408712901	3.59349965667201
1.02388036926833	2.05844205386435	1.07881284809644
-0.491340505073625	-0.592050049591821	2.16525520714122
-1.14900434882124	0.497444113832303	0.5981536583505
-2.07217517357137	0.260929274433509	-0.364690623331044
-0.788891432059205	-0.373846036469062	1.93484397650111
0.0885023270008393	2.88853284504463	0.660715648126955
1.33363851377127	0.860608834973678	2.34531166552224
3.19523918516823	3.45922026398108	2.52079041733425
3.44243533989471	3.50652323186084	2.82444495307851
3.00144960708019	1.63576714732586	3.17235065232319
3.64538033112078	3.81170366979477	-0.250247959105821
1.6388189517052	-0.81025406271458	0.656137941557946
0.485236896314946	0.482185091935607	0.0411993591210803
0.720225833524071	0.0259403372243839	-0.306706340123598
-2.29495689326314	-3.60418097199969	-0.189211871519036
-4.77759975585565	-2.96787975890745	-1.6388189517052
-3.14183260852979	-4.09552147707332	1.53505760280766
-2.04470893415732	-2.09658960860609	-0.207522697795071
-1.41603723201343	-1.50453955901427	0.704966811627375
-0.311284046692607	-3.05943389028763	0.907911802853437
1.51827267872129	0.671396963454643	-0.907911802853437
2.1866178377966	-1.54421301594568	2.10269321736477
0.813305867093919	-0.843823910887312	0.447089341573205
0.604257267109178	-1.88754100862135	-0.0228885328450446
-0.160219729915312	-2.46128023193713	1.66018158236057
-1.6083009079118	-1.38399328603037	-0.68055237659266
-2.15457389181353	-3.89410238803693	-0.135805294880598
-3.06248569466697	-3.25627527275502	-2.30106050202182
-2.98619058518349	-3.4027618829633	-2.64744029907683
-3.41496910048066	-6.0364690623331	-2.73746852826734
-4.99427786678874	-6.04867627985046	-6.02883955138476
-3.84222171358816	-7.7454795147631	-3.1113145647364
-3.10063324940871	-4.72114137483787	-3.74761577782864
-2.3071641107805	-4.12909132524605	-2.22781719691768
-1.37636377508202	-5.1468680857557	-0.12970168612192
-3.33562218661784	-3.24559395742733	-1.15205615320058
-1.35957885099565	-3.78728923476005	0.740062561989776
-1.6083009079118	-2.27969787136645	0.387579156176089
-1.8142977035172	-1.11390859845884	0.933852140077821
0.730907148851759	-0.912489509422446	3.47447928587778
2.07827878233005	1.88448920424201	1.37788967727169
2.90836957351034	0.392156862745098	3.30815594720378
3.02738994430457	2.30411230640116	2.8046082246128
3.55077439536126	1.87685969329366	1.46639200427253
3.95208667124437	0.506599526970321	2.22629129472801
2.91752498664836	2.1362630655375	-1.22529945830472
2.03097581445029	-1.42824444953079	-0.152590218966964
0.576791027695125	-1.1612115663386	-1.94857709620813
0.692759594110018	-1.20088502327001	-0.479133287556268
0.520332646677348	-2.29648279545281	1.37483787289235
-0.25787747005417	0.440985732814527	0.949111161974517
0.875867856870375	-0.758373388265812	3.86358434424353
0.643930724040589	-0.160219729915312	1.99588006408789
0.990310521095598	0.717174029144732	1.66628519111925
-0.732433051041428	-2.73289082169833	1.59151598382544
-1.09864957656214	-0.556954299229419	-1.196307316701
-0.805676356145571	-2.31326771953918	0.668345159075303
-0.741588464179446	-1.26802471961547	-1.58083466849775
-0.332646677347982	-0.650034332799268	-0.813305867093919
0.906385900663767	-1.21919584954604	1.30922407873655
1.10780498970016	1.30922407873655	0.386053253986419
1.82192721446555	-0.683604180972	1.82345311665522
1.83260852979324	0.740062561989776	0.677500572213321
1.29396505683986	2.25986114290074	0.149538414587625
0.708018616006714	0.572213321126116	1.13984893568322
1.49843595025559	1.96841382467384	-1.55642023346304
0.195315480277714	-0.976577401388571	-0.489814602883955
-1.88296330205234	-2.10421911955444	-1.89364461738003
-3.1113145647364	-3.01518272678721	-3.02738994430457
-4.28320744640269	-5.39101243610285	-1.28938735027085
-2.96177615014878	-1.12458991378653	-1.88754100862135
-3.12199588006409	-3.49889372091249	0.642404821850919
-3.11436636911574	-1.44197756923781	-0.201419089036393
-3.05180437933928	-2.13473716334783	-0.448615243762875
-2.01419089036393	-2.54215304798962	1.70595864805066
-2.46890974288548	0.105287251087205	0.50965133134966
-2.19424734874495	-1.71358815899901	3.35393301289387
-2.77561608300908	-1.76241702906844	1.60677500572213
-3.66216525520714	-1.81124589913787	1.19325551232166
-2.04928664072633	-3.32036316472114	1.95315480277714
-3.48668650339513	-1.47554741741054	-1.21309224078737
-2.50553139543755	-3.28374151216907	0.524910353246357
-3.76440070191501	-1.84328984512093	-0.550850690470741
-0.534065766384375	1.27718013275349	0.181582360570687
-0.250247959105821	-0.646982528419928	0.76752880140383
-0.0778210116731518	2.31937132829786	-0.546272983901732
0.378423743038071	0.280766002899214	-0.0793469138628214
0.962844281681544	2.43991760128176	-0.622568093385214
0.00762951094834821	1.33974212252995	-1.08644235904479
-0.366216525520714	-0.415045395590143	1.62508583199817
-1.34737163347829	0.831616693369955	-1.33669031815061
-1.51979858091096	-1.84786755168994	1.32753490501259
0.785839627679866	-0.29907682917525	0.277714198519875
-0.0991836423285267	-1.37483787289235	-1.23445487144274
-0.0976577401388571	-3.73846036469062	0.0228885328450446
0.360112916762036	-0.398260471503777	-1.14900434882124
1.27565423056382	-0.671396963454643	1.01319905394064
0.192263675898375	-0.544747081712062	1.28480964370184
-1.81887541008621	-0.749217975127794	0.987258716716259
-1.60982681010147	-2.60013733119707	1.02998397802701
-1.60067139696345	0.575265125505455	-1.27412832837415
-1.58236057068742	-2.43686579690242	1.15663385976959
-1.03303578240635	-1.30006866559854	1.44502937361715
-0.744640268558785	-1.42519264515145	0.146486610208286
-0.912489509422446	-3.93224994277867	1.20698863202869
-1.60524910353246	-2.18051422903792	-1.86160067139696
-2.34531166552224	-4.55176623178454	-0.860608834973678
-3.47905699244678	-4.02380407415885	-2.56504158083467
-3.99481193255512	-3.4027618829633	-2.78171969176776
-4.37476157778286	-5.09346150911727	-0.114442664225223
-4.29694056610971	-2.54520485236896	-1.025406271458
-2.7496757457847	-3.86358434424353	0.485236896314946
-1.24513618677043	-2.11642633707179	-0.155642023346304
-1.56404974441138	-2.02944991226062	-1.17341878385595
-0.375371938658732	-3.64995803768978	0.891126878767071
-1.08949416342412	-2.34683756771191	-2.74662394140536
-2.23086900129702	-5.30251010910201	-0.0228885328450446
-4.35645075150683	-5.67940794995041	-2.88548104066529
-3.76897840848402	-4.98664835584039	-2.11184863050278
-2.8046082246128	-5.13466086823835	-0.495918211642634
-3.03196765087358	-2.19882505531395	-1.44350347142748
-5.11482413977264	-7.03135728999771	-2.3224231326772
-4.60669871061265	-5.70840009155413	-3.54314488441291
-3.0960555428397	-3.94903486686503	-2.32547493705653
-3.37834744792859	-6.02273594262608	-1.75783932249943
-4.3930724040589	-4.36713206683452	-4.41443503471428
-2.8549629968719	-5.56801709010452	-0.909437705043107
-2.20950637064164	-4.00244144350347	-1.6739147020676
-0.926222629129473	-2.28274967574578	-2.20798046845197
-3.49889372091249	-5.64888990615702	-1.45418478675517
-2.734416723888	-2.74204623483635	-3.5736629282063
-2.19119554436561	-4.67841611352712	-1.05745021744106
-3.25780117494469	-3.2974746318761	-2.37430380712596
-2.48722056916152	-1.89364461738003	-1.87075608453498
-2.18204013122759	-2.44754711223011	0.46997787441825
-2.20950637064164	0.610360875867857	-1.00556954299229
-1.64950026703288	-1.17036697947662	0.813305867093919
-2.21255817502098	-0.309758144502937	0.448615243762875
-0.756847486076142	-0.0320439459830625	1.57473105973907
-0.772106507972839	-1.97451743343252	3.11284046692607
0.29755092698558	0.616464484626535	0.906385900663767
0.12664988174258	-1.82803082322423	2.71305409323262
-0.160219729915312	-1.73647669184405	0.306706340123598
0.933852140077821	-1.11390859845884	-0.817883573662928
0.494392309452964	-2.87479972533761	0.801098649576562
0.805676356145571	-0.309758144502937	-0.715648126955062
1.59304188601511	-1.61745632104982	0.862134737163348
2.0355535210193	1.36415655756466	2.09658960860609
2.10727092393378	2.49942778667887	2.39108873121233
0.823987182421607	-0.552376592660411	4.30304417486839
0.389105058365759	2.55588616769665	2.5787747005417
0.302128633554589	-0.314335851071946	2.55741206988632
-0.741588464179446	-1.39314869916838	-0.0671396963454643
-0.616464484626535	-2.24460212100404	-3.7949187457084
-0.929274433508812	-5.18654154268711	-3.35545891508354
-0.880445563439384	-2.33157854581521	-5.32692454413672
-0.410467689021134	-4.08178835736629	-2.42465857938506
-0.776684214541848	-2.88700694285496	-2.20035095750362
-1.31227588311589	-2.1210040436408	-2.96025024795911
-1.08949416342412	-2.35599298084993	-1.17036697947662
-0.547798886091402	-0.192263675898375	-3.86358434424353
1.57473105973907	-1.45571068894484	-0.561532005798428
3.42107270923934	0.791943236438544	0.747692072938125
3.68047608148318	2.01876859693294	1.70748455024033
4.36102845807584	0.756847486076142	3.26085297932403
4.15655756466011	2.905317769131	0.160219729915312
3.20286869611658	0.85145342183566	2.24917982757305
3.25322346837568	1.87075608453498	0.12970168612192
2.24917982757305	1.15053025101091	-1.83413443198291
3.18608377203021	0.622568093385214	0.63782711528191
4.90119783321889	4.91798275730526	0.392156862745098
4.00396734569314	2.48416876478218	2.02792401007095
5.00801098649577	5.27656977187762	2.45670252536812
5.45662623025864	7.28618295567254	3.53551537346456
6.06088349736782	5.74654764629587	4.92256046387427
5.66414892805371	7.3990997177081	2.29648279545281
4.41290913252461	4.33356221866178	3.15251392385748
4.4632639047837	5.88387884336614	3.24254215304799
6.17074845502403	7.35484855420767	4.40985732814527
4.18860151064317	4.66926070038911	5.18348973830777
4.14282444495308	6.59189745937285	2.35141527428092
2.46890974288548	3.92919813839933	3.41802090486
1.09407186999313	3.59960326543069	1.69832913710231
1.10780498970016	4.76234073395895	1.61287861448081
0.0671396963454643	2.49942778667887	3.50957503624018
-0.204470893415732	5.32539864194705	0.662241550316625
0.415045395590143	2.92057679102769	2.14541847867552
1.49843595025559	4.272526131075	2.01113908598459
1.2664988174258	3.85290302891585	-0.784313725490196
1.97756923781186	1.64797436484321	0.790417334248875
2.46433203631647	4.6494239719234	-1.44655527580682
2.33310444800488	2.56504158083467	1.20393682764935
0.871290150301366	1.54116121156634	-0.732433051041428
0.250247959105821	2.11795223926146	-0.608834973678187
0.25787747005417	-0.0625619897764553	2.17441062027924
-0.346379797055009	2.38498512245365	-0.230411230640116
0.402838178072786	0.662241550316625	0.473029678797589
0.607309071488518	1.4877546349279	-0.413519493400473
-0.357061112382696	1.33821622034028	-1.53505760280766
-0.747692072938125	-0.0823987182421607	0.761425192645151
-1.61440451667048	1.14137483787289	-1.27107652399481
-1.25276569771878	-0.520332646677348	0.912489509422446
-0.634775310902571	0.178530556191348	-0.0518806744487678
-0.965896086060884	-0.854505226215	-2.26596475165942
0.189211871519036	-3.10826276035706	-0.50965133134966
-1.73647669184405	-2.49485008010986	-5.32234683756771
-3.46227206836042	-6.79331654840925	-4.31982909895476
-4.74860761425193	-6.66971847104601	-5.28572518501564
-4.23285267414359	-5.79385061417563	-6.08834973678187
-4.92408636606394	-8.29480430304418	-4.92408636606394
-5.46730754558633	-4.68757152666514	-6.98405432211795
-4.61738002594034	-4.85084306095979	-3.83459220263981
-3.51262684061952	-2.22629129472801	-3.20134279392691
-3.12199588006409	0.372320134279393	-2.62760357061112
-3.24406805523766	-1.36110475318532	-0.587472343022812
-2.18356603341726	0.613412680247196	-2.33920805676356
-0.576791027695125	-0.157167925535973	0.912489509422446
-0.531013962005035	0.408941786831464	-0.63782711528191
-0.447089341573205	2.2568093385214	-1.24818799114977
0.756847486076142	-0.395208667124437	0.848401617456321
0.764476997024491	3.1113145647364	-1.39009689478904
-0.799572747386893	-0.080872816052491	0.155642023346304
-4.03753719386587	-2.13931486991684	-2.87327382314794
-4.26184481574731	-1.37026016632334	-3.98718242160678
-2.36972610055695	-1.89669642175937	-2.47196154726482
-3.53246356908522	-0.285343709468223	-4.32593270771344
-1.19172961013199	-0.326543068589303	-0.244144350347143
-0.262455176623178	2.94193942168307	1.0452429999237
0.527962157625696	3.88647287708858	1.93789578088045
-1.18410009918364	-0.321965362020295	1.80209048599985
-0.924696726939803	1.69069962615396	-1.31227588311589
-1.00556954299229	-1.54116121156634	-0.262455176623178
-2.27664606698711	-1.42977035172045	-1.98977645532921
-1.43892576485847	-0.488288700694285	-0.872816052491035
-1.63118944075685	-1.69069962615396	3.08842603189136
-1.84939345387961	2.0660715648127	1.51979858091096
-1.85244525825895	0.508125429159991	4.68604562447547
-2.68711375600824	0.154116121156634	2.48569466697185
-2.26291294728008	-0.0717174029144732	0.321965362020295
-3.29137102311742	-2.84733348592355	0.753795681696803
-2.24307621881437	-0.0579842832074464	-0.962844281681544
-0.404364080262455	-2.06149385824369	-1.26955062180514
-0.904859998474098	-1.60982681010147	-2.60776684214542
-0.480659189745937	-0.581368734264134	-3.40886549172198
-0.0701915007248035	-1.67544060425727	-1.39620050354772
0.2563515678645	2.15762569619287	-2.40634775310903
-0.72327763790341	-1.43434805828946	-1.3824673838407
-1.32295719844358	-0.704966811627375	-0.802624551766232
-1.25886930647745	1.04676890211337	-0.613412680247196
-2.81223773556115	-1.6083009079118	0.799572747386893
-2.63065537499046	0.497444113832303	-1.32143129625391
-2.26901655603876	-1.88906691081102	-0.318913557640955
-3.19829098954757	-1.46181429770352	-1.03456168459602
0.46997787441825	2.70695048447395	1.42824444953079
0.93690394445716	1.24208438239109	4.18554970626383
0.411993591210803	4.08484016174563	2.12252994583047
2.69474326695659	3.72930495155261	3.81933318074311
4.03906309605554	6.6147859922179	4.57312886243992
2.61997405966278	5.02327000839246	1.30006866559854
2.71305409323262	2.57114518959335	1.42061493858244
0.492866407263294	4.09399557488365	-1.23598077363241
1.73342488746471	2.22476539253834	0.512703135729
1.77767605096513	2.05996795605402	-2.0157167925536
-0.251773861295491	0.799572747386893	-4.02380407415885
-0.282291905088884	-1.95468070496681	-1.22835126268406
0.0335698481727321	-0.268558785381857	-2.94804303044175
0.540169375143053	-1.25886930647745	0.117494468604562
1.01472495613031	1.60372320134279	1.43892576485847
2.2720683604181	3.55077439536126	3.22880903334096
3.34325169756619	3.25780117494469	5.56343938353552
5.13923857480736	7.8461890592813	4.67994201571679
4.73792629892424	5.56496528572518	6.22568093385214
4.59143968871595	5.62752727550164	5.92355230029755
2.33463035019455	3.77050431067369	2.79087510490578
2.76035706111238	0.668345159075303	2.14236667429618
0.489814602883955	0.964370183871214	-1.30006866559854
-0.502021820401312	-2.96177615014878	-1.05745021744106
-2.39414053559167	-4.53040360112917	-4.38849469748989
-2.87174792095827	-4.94697489890898	-6.33707179369802
-4.68299382009613	-8.18341344319829	-4.56549935149157
-5.45815213244831	-5.4032196536202	-5.75265125505455
-5.30861371786068	-7.9163805600061	-4.44495307850767
-5.14229037918669	-6.91386282139315	-3.34477759975586
-3.83306630045014	-4.21606775005722	-2.9907682917525
-1.02693217364767	-3.79034103913939	0.0885023270008393
-1.88601510643168	-1.81124589913787	-1.47859922178988
-0.869764248111696	-3.18760967421988	0.341802090486
-0.968947890440223	-1.63729304951553	-0.457770656900893
-1.2115663385977	-0.805676356145571	0.389105058365759
-1.83260852979324	-3.81628137636378	1.1612115663386
-2.00350957503624	-2.58793011367971	-2.60776684214542
-2.7695124742504	-4.69214923323415	-1.49843595025559
-1.07728694590677	-2.87785152971695	-1.3870450904097
-1.28786144808118	-1.75478751812009	-2.24612802319371
1.23292896925307	-0.943007553215839	0.820935378042267
1.88601510643168	3.66521705958648	-1.06813153276875
1.42366674296178	2.04013122758831	3.09758144502937
1.33363851377127	3.97344930189975	2.70237277790494
1.27107652399481	6.15854123750668	2.65659571221485
2.64438849469749	5.10872053101396	7.04814221408408
3.72777904936294	9.06996261539635	5.44899671931029
3.07774471656367	7.30907148851759	8.05981536583505
2.96635385671778	7.30144197756924	8.05523765926604
4.10772869459068	7.57610437170977	7.23582818341344
3.66063935301747	5.22468909742885	7.72106507972839
3.67895017929351	7.44640268558785	4.5288776989395
4.13977264057374	4.38239108873121	6.51865415426871
2.98008697642481	4.5639734493019	3.25780117494469
2.98466468299382	5.56496528572518	2.02334630350195
3.11589227130541	2.65354390783551	2.33463035019455
0.63782711528191	2.81223773556115	-1.66475928892958
0.883497367818723	0.375371938658732	-1.77157244220645
0.985732814526589	0.816357671473259	-1.79903868162051
1.81277180132753	2.5787747005417	-0.752269779507134
-0.210574502174411	-1.28328374151217	0.321965362020295
-1.76394293125811	0.573739223315785	-2.5787747005417
-0.81025406271458	-0.695811398489357	0.863660639353018
0.421149004348821	-0.12970168612192	-0.81177996490425
-0.224307621881437	-0.0839246204318303	-2.97245746547646
-0.98268101014725	-3.49889372091249	-2.09811551079576
-1.99588006408789	-0.689707789730678	-4.68909742885481
-3.18303196765087	-3.74914168001831	-2.85801480125124
-3.75829709315633	-4.16113527122911	-3.42565041580835
-5.21553368429084	-3.26543068589303	-3.20439459830625
-4.8706797894255	-5.59090562294957	-1.16884107728695
-3.49431601434348	-1.30617227435721	-1.79140917067216
-2.71000228885328	-2.98466468299382	-0.903334096284428
-2.11947814145113	-1.26955062180514	-0.830090791180285
-0.923170824750134	0.875867856870375	-2.29037918669413
-0.239566643778134	-1.7242694743267	-0.877393759060044
0.59662775616083	1.08644235904479	-4.03295948729686
0.849927519645991	-1.5030136568246	-3.53704127565423
-0.483710994125277	-0.659189745937285	-3.66826886396582
-0.228885328450446	-0.485236896314946	-3.99023422598611
-1.99740596627756	-3.50041962310216	-2.38803692683299
-0.798046845197223	1.03761348897536	-3.11436636911574
-1.19783321889067	-0.671396963454643	-0.218204013122759
-0.343327992675669	0.398260471503777	0.122072175173571
-2.61844815747311	0.231937132829786	-2.03860532539864
-1.15358205539025	-1.4526588845655	0.329594872968643
0.566109712367437	2.04318303196765	-2.89158464942397
2.29495689326314	1.64797436484321	0.0198367284657053
3.63775082017243	3.55840390630961	1.37331197070268
3.61181048294804	5.76485847257191	0.479133287556268
2.48416876478218	1.00862134737163	2.22934309910735
0.270084687571527	2.10574502174411	-1.03303578240635
-1.23445487144274	-2.13015945677882	-0.964370183871214
-0.892652780956741	-2.12405584802014	-1.14137483787289
-0.668345159075303	-0.592050049591821	-1.60982681010147
-0.244144350347143	-0.950637064164187	1.6937514305333
1.18257419699397	3.12199588006409	1.03761348897536
-1.3519493400473	-0.135805294880598	1.38551918822004
-0.959792477302205	-0.686655985351339	0.117494468604562
-3.0960555428397	-1.87075608453498	-2.56504158083467
-2.29953459983215	-3.45922026398108	-0.80872816052491
-1.78377965972381	0.587472343022812	-2.81528953994049
-0.735484855420768	-0.880445563439384	-0.842298008697642
-0.387579156176089	0.0457770656900893	-1.91805905241474
-0.489814602883955	1.44960708018616	-2.61539635309377
-1.23750667582208	-2.0660715648127	-1.2314030670634
-3.20744640268559	-1.13527122911421	-3.13267719539178
-1.9851987487602	-2.98924238956283	-2.18814373998627
-2.25070572976272	-2.37582970931563	-2.53452353704128
-1.13221942473487	-0.602731364919509	-3.39665827420462
1.24055848020142	-1.10627908751049	0.242618448157473
3.09758144502937	2.85343709468223	-1.8142977035172
3.31883726253147	1.47554741741054	0.76600289921416
2.72373540856031	1.11848630502785	0.619516289005875
3.00144960708019	2.16525520714122	-2.11337453269245
1.92568856336309	-1.64950026703288	-1.37636377508202
3.13725490196078	2.08896009765774	-2.95414663920043
2.43381399252308	0.196841382467384	-1.70748455024033
0.25787747005417	0.831616693369955	-0.85297932402533
1.06507972838941	4.03753719386587	-0.111390859845884
-0.0762951094834821	1.35500114442664	3.01365682459754
0.245670252536812	4.85999847409781	0.814831769283589
0.961318379491875	2.95109483482109	2.9907682917525
2.46128023193713	3.07164110780499	2.65201800564584
1.84786755168994	3.45769436179141	-0.170901045243
3.03654535744259	1.95468070496681	1.70290684367132
1.47402151522087	3.47753109025711	-2.23239490348669
-0.665293354695964	0.0915541313801785	-1.53505760280766
-0.0228885328450446	0.55390249485008	-1.74258030060273
0.483710994125277	2.50858319981689	-1.36263065537499
-0.283817807278553	-0.89417868314641	0.479133287556268
-0.125123979552911	1.24818799114977	-1.12001220721752
0.424200808728161	-0.622568093385214	0.708018616006714
-0.935378042267491	-1.21461814297704	0.0152590218966964
-1.61287861448081	-0.386053253986419	-2.392614633402
-1.23445487144274	-2.91142137788968	-0.737010757610437
-2.07827878233005	-0.607309071488518	-3.77203021286336
-0.933852140077821	-2.82444495307851	-3.20592050049592
-1.59761959258412	-3.4378576333257	-4.40222781719692
-1.94399938963912	-2.5482566567483	-5.02937361715114
-4.20843823910887	-6.18448157473106	-3.51873044937819
-3.87426565957122	-3.70641641870756	-5.1117723353933
-4.27557793545434	-6.01968413824674	-4.58838788433661
-4.74860761425193	-6.53696498054475	-4.25879301136797
-4.07263294422827	-4.94850080109865	-3.97650110627909
-3.13420309758144	-6.79331654840925	-1.76546883344778
-2.65354390783551	-3.94293125810636	-4.9057755397879
-2.03097581445029	-5.04310673685817	-3.02128633554589
-1.65560387579156	-4.27862973983368	-2.99534599832151
-3.09910734721904	-3.27153429465171	-4.82642862592508
-2.47959105821317	-5.62752727550164	-2.9556725413901
-4.13366903181506	-4.00244144350347	-5.21095597772183
-3.52941176470588	-5.3330281528954	-3.29442282749676
-2.32089723048753	-4.2923628595407	-3.22270542458228
-0.590524147402152	-1.2664988174258	-2.97398336766613
0.813305867093919	-2.70084687571527	0.358587014572366
1.08339055466545	1.96688792248417	-0.541695277332723
1.66475928892958	1.73189898527504	1.69832913710231
2.43381399252308	3.36156252384222	2.60166323338674
3.05027847714961	4.69214923323415	1.84328984512093
1.06813153276875	1.32448310063325	4.60517280842298
1.02845807583734	3.96734569314107	3.44090943770504
0.903334096284428	2.25223163195239	4.65247577630274
-0.0900282291905089	1.18867780575265	3.84679942015717
-1.39925230792706	1.78530556191348	0.813305867093919
-0.579842832074464	-0.932326237888151	1.17952239261463
0.845349813076982	2.71763179980163	-0.218204013122759
0.63782711528191	0.610360875867857	0.323491264209964
2.06301976043336	1.98367284657053	0.869764248111696
1.78835736629282	3.52483405813687	0.64087891966125
2.98313878080415	2.88090333409628	3.82391088731212
3.50041962310216	6.54001678492409	2.22323949034867
3.6591134508278	5.36354619668879	4.37933928435187
3.62706950484474	6.88029297322042	5.48104066529335
4.5990691996643	7.61120012207217	4.75776302738994
3.18303196765087	4.26184481574731	6.80094605935759
3.88952468146792	6.81925688563363	3.43175402456703
2.05233844510567	3.12962539101244	3.23643854428931
2.72526131074998	3.49736781872282	3.39208056763561
1.96993972686351	4.72419317921721	1.88601510643168
3.14488441290913	1.83871213855192	2.84733348592355
4.01770046540017	5.21705958648051	0.592050049591821
4.21911955443656	4.02838178072786	2.37125200274662
3.71709773403525	3.13725490196078	1.00709544518196
3.90478370336461	4.28015564202335	-0.245670252536812
1.27107652399481	0.59510185397116	2.52689402609293
0.480659189745937	2.68863965819791	2.29495689326314
1.57473105973907	0.454718852521553	4.00549324788281
0.816357671473259	-0.701915007248035	2.85038529030289
-0.119020370794232	0.531013962005035	2.27664606698711
1.48012512397955	-1.49080643930724	3.99176012817578
-0.363164721141375	-0.515754940108339	0.241092545967803
-2.04623483634699	-3.74303807125963	0.302128633554589
-1.17494468604562	-3.78576333257038	-0.0869764248111696
-1.09712367437247	-2.41855497062638	-1.48470283054856
0.454718852521553	-4.80964370183871	0.677500572213321
-0.21210040436408	-2.18509193560693	0.0122072175173571
0.885023270008392	-3.13267719539178	1.7288471808957
0.503547722590982	-2.99687190051118	2.18356603341726
0.512703135729	-1.59914549477379	1.79598687724117
-0.671396963454643	-4.62806134126803	2.87937743190661
-1.41451132982376	-2.34683756771191	-1.72732127870604
-0.326543068589303	-2.95719844357977	1.75631342030976
2.88853284504463	-0.167849240863661	2.97245746547646
3.99786373693446	3.88189517051957	2.61539635309377
3.32646677347982	0.2563515678645	3.21507591363394
3.64843213550011	2.48264286259251	1.08339055466545
2.43228809033341	0.122072175173571	1.42519264515145
1.3321126115816	-0.651560234988937	0.407415884641794
2.77866788738842	2.08743419546807	0.0183108262760357
1.6586556801709	-1.62813763637751	1.12916762035554
3.10368505378805	2.69321736476692	-1.58388647287709
4.51209277485313	3.17082475013352	2.03860532539864
5.21858548867018	3.9658197909514	2.78934920271611
4.60059510185397	5.63515678644999	2.44602121004044
5.51308461127642	5.72365911345083	7.006942854963
6.95353627832456	10.586709391928	7.57152666514076
5.74807354848554	9.44228274967575	9.38124666208896
3.84222171358816	9.25917448691539	8.62745098039216
4.88136110475319	12.1324483100633	7.73937590600443
3.88189517051957	9.15236133363851	9.93667505912871
3.04570077058061	10.7194628824292	7.11070420386053
2.37430380712596	8.19714656290532	8.15747310597391
3.01976043335622	8.83192187380789	7.84313725490196
2.87632562752728	8.67322804608225	4.89967193102922
2.70237277790494	6.1020828564889	6.5796902418555
3.34477759975586	10.2052338445106	4.86915388723583
5.01716639963378	8.51606012054627	6.23483634699016
4.31525139238575	7.91180285343709	6.54001678492409
3.78881513694972	8.19867246509499	5.54360265506981
3.39360646982528	4.92561226825361	7.03593499656672
3.08690012970169	5.83352407110704	3.82391088731212
1.83718623636225	2.81834134431983	3.85290302891585
3.42870222018769	2.04776073853666	3.15403982604715
2.7695124742504	3.75829709315633	2.02334630350195
0.289921416037232	-0.512703135729	1.73647669184405
2.07522697795071	1.7441062027924	0.607309071488518
0.802624551766232	-0.141908903639277	0.633249408712901
-0.643930724040589	-1.025406271458	-0.195315480277714
-1.45418478675517	0.125123979552911	-1.37026016632334
-0.12970168612192	-1.7441062027924	2.0859082932784
-1.42671854734112	-0.642404821850919	0.00152590218966964
-0.628671702143893	-1.53200579842832	1.41145952544442
-0.840772106507973	-1.38399328603037	1.94247348744945
-0.29907682917525	-0.63935301747158	0.347905699244678
2.6489662012665	-0.610360875867857	3.73693446250095
3.59807736324102	3.68505378805219	2.59708552681773
1.91195544365606	2.0660715648127	2.48111696040284
2.36820019836728	1.10475318532082	3.53246356908522
2.70084687571527	1.93636987869078	0.604257267109178
3.0106050202182	-1.16731517509728	1.1459525444419
2.75120164797436	2.17746242465858	0.361638818951705
2.81376363775082	1.17799649042496	1.29854276340887
3.73846036469062	3.06553749904631	2.28732738231479
2.92210269321736	5.04005493247883	1.18257419699397
0.727855344472419	2.0859082932784	3.53551537346456
0.170901045243	4.28473334859236	0.965896086060884
1.93484397650111	2.77103837644007	2.46433203631647
1.64950026703288	3.33714808880751	2.8351262684062
1.3870450904097	4.10620279240101	0.193789578088045
4.3579766536965	3.18303196765087	2.28427557793545
2.11032272831312	3.08537422751202	-1.61745632104982
3.49584191653315	2.24460212100404	-1.51674677653162
2.87632562752728	1.33669031815061	-1.07728694590677
2.73594262607767	3.93530174715801	-2.48874647135119
2.22934309910735	0.901808194094759	-0.50965133134966
1.63271534294652	2.79850461585412	-2.79087510490578
2.66117341878386	1.02693217364767	-1.92874036774243
0.234988937209125	-1.8997482261387	-2.91905088883803
0.149538414587625	-0.0305180437933928	-3.12962539101244
0.157167925535973	-2.05386434729534	-0.0625619897764553
-0.230411230640116	0.131227588311589	-1.0406652933547
-0.0289921416037232	-0.631723506523232	0.117494468604562
-0.0915541313801785	-0.677500572213321	0.102235446707866
-1.47859922178988	0.581368734264134	-2.02944991226062
-0.0396734569314107	-2.08896009765774	-0.930800335698482
0.625619897764553	0.303654535744259	-2.12558175020981
0.335698481727321	-2.25528343633173	-1.8997482261387
0.918593118181125	-1.91805905241474	-0.233463035019455
1.90737773708705	-0.401312275883116	-2.4780651560235
2.47653925383383	-2.25375753414206	-0.218204013122759
1.49843595025559	0.357061112382696	-1.27718013275349
-0.453192950331884	-1.41908903639277	-0.320439459830625
0.355535210193027	-2.0859082932784	0.328068970778973
-1.27412832837415	-0.701915007248035	-2.42618448157473
0.720225833524071	-1.68154421301595	0.485236896314946
-0.466926070038911	0.820935378042267	-2.04928664072633
-0.817883573662928	-1.63271534294652	-3.14488441290913
-1.71511406118868	-3.25932707713436	-2.70237277790494
-1.11543450064851	-1.19020370794232	-4.07873655298695
-3.80865186541543	-5.59395742732891	-1.9150072480354
