-5.81368734264134	-13.6140993362325	-2.69474326695659
-6.91538872358282	-12.4086366063935	-2.95109483482109
-4.95307850766766	-10.4463263904784	-4.40985732814527
-4.16266117341878	-13.3607995727474	-8.14526588845655
-4.37018387121385	-9.20119020370794	-4.27862973983368
-1.6083009079118	-8.46570534828717	-3.27153429465171
-1.367208361944	-9.08522163729305	-2.33463035019455
-1.6388189517052	-9.42397192339971	-0.341802090486
-0.665293354695964	-8.89600976577401	0.350957503624018
0.131227588311589	-5.60006103608759	3.43938353551537
0.756847486076142	-4.97444113832303	2.24612802319371
3.47600518806744	-0.0549324788281071	3.92767223620966
2.26138704509041	1.47402151522087	2.84428168154421
1.83718623636225	0.198367284657053	2.45059891660945
3.79949645227741	-0.878919661249714	0.787365529869535
2.00503547722591	0.0915541313801785	-0.579842832074464
2.23392080567636	1.69069962615396	0.360112916762036
2.71305409323262	0.2563515678645	-0.399786373693446
2.69779507133593	-1.38551918822004	-0.354009308003357
0.845349813076982	-2.46890974288548	0.329594872968643
-0.747692072938125	-3.28679331654841	0.924696726939803
-0.338750286106661	-2.78324559395743	1.68154421301595
1.83718623636225	-0.778210116731518	2.2919050888838
0.0823987182421607	0.466926070038911	1.92874036774243
2.98771648737316	1.50148775463493	1.87685969329366
4.01007095445182	3.6591134508278	2.58793011367971
2.57572289616236	6.21652552071412	2.74052033264668
3.26543068589303	8.80445563439384	2.76493476768139
2.85954070344091	9.72304875257496	3.24406805523766
2.56656748302434	10.1625085831998	3.88189517051957
4.19623102159152	9.68642710002289	3.0609597924773
3.0060273136492	5.65194171053635	1.76089112687877
1.56862745098039	2.02334630350195	0.0915541313801785
0.860608834973678	1.37636377508202	-0.308232242313268
1.88906691081102	1.79140917067216	0.134279392690929
-0.292973220416571	3.62859540703441	0.668345159075303
-0.81177996490425	5.78622110322728	2.19119554436561
-0.549324788281071	4.53192950331884	1.48928053711757
-1.53505760280766	2.63675898374914	0.228885328450446
-1.88601510643168	-0.00610360875867857	1.17799649042496
-1.19935912108034	-3.26543068589303	1.4679179064622
-3.81170366979477	-4.44647898069734	1.10780498970016
-2.21866178377966	-2.96940566109712	2.89616235599298
-1.51064316777295	1.03456168459602	3.27763790341039
-0.180056458381018	1.93179217212177	1.99893186846723
-0.00610360875867857	2.86564431219959	0.921644922560464
2.83207446402686	4.37628747997253	2.24307621881437
3.02738994430457	3.84832532234684	1.0101472495613
5.91744869153887	7.41283283741512	1.69985503929198
3.46379797055009	8.62745098039216	2.48722056916152
4.30914778362707	10.1655603875792	2.93583581292439
4.0863660639353	11.1940184634165	2.42618448157473
3.67742427710384	12.494087129015	4.08941786831464
2.88090333409628	11.7280842298009	3.14030670634012
3.06706340123598	11.0597390707256	3.49431601434348
4.64484626535439	12.2041657129778	5.18806744487678
4.2572671091783	10.2174410620279	2.43533989471275
3.78423743038071	8.22156099794003	1.21461814297704
3.52178225375753	9.47890440222782	2.34378576333257
1.85549706263828	9.46364538033112	0.900282291905089
4.06805523765927	7.51354238193332	1.30312046997787
3.27458609903105	8.97535667963684	1.48012512397955
6.04257267109178	9.2133974212253	1.53505760280766
6.43320363164721	8.31921873807889	4.11688410772869
6.03036545357443	9.40260929274434	4.09246967269398
5.47493705653468	9.13710231174182	4.57160296025025
4.02532997634852	8.52674143587396	3.93682764934768
2.55130846112764	8.1727321278706	3.1464103150988
3.43938353551537	6.32944228274968	1.12306401159686
2.32852674143587	5.61837186236362	0.747692072938125
3.62554360265507	9.00587472343023	2.61234454871443
4.66010528725109	9.4850080109865	2.50553139543755
4.89204242008087	8.90516517891203	3.05790798809796
4.56855115587091	10.9346150911727	3.29594872968643
6.97337300679026	9.61318379491875	2.93888761730373
3.35393301289387	9.43007553215839	4.01312275883116
5.48714427405203	10.775921263447	4.33966582742046
3.60723277637903	10.2906843671321	4.82795452811475
1.65407797360189	8.86854352635996	3.72320134279393
3.04875257495994	7.85534447241932	4.04364080262455
3.54619668879225	8.85023270008393	3.30205233844511
4.90119783321889	11.5358205539025	2.71610589761196
6.6346227206836	10.8247501335164	1.66323338673991
4.785229266804	13.1288624399176	2.31631952391852
8.83802548256657	14.6059357595178	2.82291905088884
9.13710231174182	15.8144502937362	2.49637598229953
9.08827344167239	15.9182116426337	3.53704127565423
9.03334096284428	16.7177843900206	4.73640039673457
7.1473258564126	17.1480888075074	4.52582589456016
6.42710002288853	19.4674601358053	8.87769893949798
4.88593881132219	16.5102616922255	7.23582818341344
3.69268329900053	16.1226825360494	6.76585030899519
4.09857328145266	16.1287861448081	6.32639047837034
1.73952849622339	12.9274433508812	4.6845197222858
2.26138704509041	10.7820248722057	2.63981078812848
-0.00915541313801785	8.90211337453269	0.930800335698482
-1.51064316777295	9.54299229419394	0.994888227664607
0.85145342183566	10.6507972838941	1.41298542763409
1.44960708018616	10.2296482795453	2.20035095750362
1.50148775463493	13.2082093537804	3.43327992675669
0.451667048142214	9.96414129854276	2.62149996185245
0.329594872968643	7.53185320820935	1.85549706263828
0.354009308003357	5.8960860608835	1.4373998626688
-0.497444113832303	4.0863660639353	-0.802624551766232
-1.68154421301595	5.05989166094453	-0.796520943007553
-1.16884107728695	4.83100633249409	1.44960708018616
-1.56252384222171	5.3833829251545	3.42717631799802
-2.61539635309377	5.50240329594873	4.04669260700389
-0.646982528419928	6.68955519951171	3.6591134508278
-1.47402151522087	6.41489280537118	2.34683756771191
-0.399786373693446	7.4189364461738	0.909437705043107
-0.0305180437933928	10.2388036926833	1.15358205539025
1.88601510643168	13.2967116807813	2.45059891660945
2.24612802319371	11.3923857480735	2.85038529030289
1.19020370794232	10.3028915846494	2.36209658960861
0.396734569314107	6.39658197909514	2.09964141298543
-0.04272526131075	4.65400167849241	2.67643244068055
-2.75272755016403	-0.805676356145571	0.189211871519036
-3.44853894865339	-1.55947203784237	0.329594872968643
-3.39055466544594	-0.854505226215	1.54116121156634
-0.399786373693446	1.68764782177462	1.30312046997787
0.0305180437933928	3.41496910048066	1.75783932249943
0.747692072938125	4.37018387121385	2.49942778667887
1.84328984512093	7.85229266803998	4.24811169604028
2.11490043488212	8.49622339208057	4.99580376897841
0.933852140077821	8.60303654535744	6.55527580682078
-1.00404364080262	7.34264133669032	6.53086137178607
-1.97756923781186	4.04058899824521	4.43427176317998
-3.75677119096666	0.711070420386053	2.11184863050278
-2.90226596475166	-0.866712443732357	-0.408941786831464
-2.21560997940032	-2.44754711223011	-2.74357213702602
-1.35500114442664	-0.958266575112535	-2.78324559395743
0.463874265659571	0.131227588311589	-1.45876249332418
2.31937132829786	3.79949645227741	-0.180056458381018
1.78225375753414	3.32951857785916	0.50965133134966
-0.863660639353018	1.37026016632334	1.78530556191348
4.71503776607919	7.61120012207217	4.23895628290227
2.59098191805905	10.0099183642329	6.54612039368276
2.6489662012665	13.2234683756771	8.78919661249714
1.68154421301595	12.0881971465629	6.67124437323568
-0.576791027695125	9.70168612191958	5.05073624780652
-3.11284046692607	6.38437476157778	2.85648889906157
-3.86053253986419	4.13824673838407	-0.579842832074464
-1.34279392690929	4.0161745632105	-2.52689402609293
-0.659189745937285	5.04768444342718	-1.34889753566796
-1.85244525825895	4.50751506828412	-0.482185091935607
-1.9653620202945	6.27145799954223	-0.21362630655375
-3.20134279392691	2.46890974288548	-1.62661173418784
-4.87373159380484	-0.994888227664607	-2.71610589761196
-7.37010757610437	-4.52582589456016	-4.20538643472953
-5.0415808346685	-4.41596093690394	-3.55535210193027
-4.69672693980316	-5.47493705653468	-4.00701915007248
-2.81376363775082	-6.05783169298848	-2.82597085526818
-1.69069962615396	-4.05584802014191	-1.30006866559854
-1.97756923781186	-2.15457389181353	-0.448615243762875
-0.869764248111696	0.488288700694285	1.42824444953079
-2.46890974288548	2.09048599984741	0.659189745937285
-3.77813382162203	0.411993591210803	0.021362630655375
-2.25528343633173	2.09353780422675	-0.991836423285267
-2.00198367284657	2.050812542916	-1.87380788891432
0.674448767833982	1.83718623636225	-2.20340276188296
2.31631952391852	2.04776073853666	-2.02944991226062
-1.08949416342412	2.80155642023346	-1.53200579842832
-0.234988937209125	3.60723277637903	-2.51163500419623
-0.219729915312428	4.29388876173037	-2.57267109178302
-2.59708552681773	4.4281681544213	-3.79949645227741
-2.71610589761196	7.44945448996719	-1.07423514152743
-2.04776073853666	6.98252841992828	-2.78324559395743
-0.302128633554589	7.02525368123903	-1.07423514152743
-2.22476539253834	5.08125429159991	-0.714122224765393
-2.34683756771191	3.46990157930877	0.134279392690929
-1.82497901884489	2.00503547722591	-0.0762951094834821
-0.933852140077821	2.52079041733425	0.207522697795071
-2.24307621881437	3.12504768444343	1.61440451667048
-3.01213092240787	1.0955977721828	1.64492256046387
-2.34073395895323	-0.0701915007248035	0.625619897764553
-1.27565423056382	0.0885023270008393	1.69069962615396
-3.40581368734264	-1.97146562905318	2.39566643778134
-4.44037537193866	-3.17082475013352	2.15457389181353
-0.921644922560464	-0.396734569314107	2.38956282902266
-1.37331197070268	1.1108567940795	2.86259250782025
1.23292896925307	1.76699473563745	4.24811169604028
0.891126878767071	4.15655756466011	5.98458838788434
2.95109483482109	6.61020828564889	7.00389105058366
3.87579156176089	8.02319371328298	8.09338521400778
4.44647898069734	8.48401617456321	6.97337300679026
3.98565651941711	7.97436484321355	5.93881132219425
4.26642252231632	6.94895857175555	2.54215304798962
2.51468680857557	6.45456626230259	0.402838178072786
3.3173113603418	4.04974441138323	0.12817578393225
0.76600289921416	0.534065766384375	-1.61745632104982
-0.183108262760357	-2.4078736552987	-3.759822995346
2.19424734874495	-3.57061112382696	-4.52582589456016
2.07827878233005	-4.48920424200809	-4.74250400549325
-0.201419089036393	-6.33249408712901	-4.84321355001144
-1.25123979552911	-4.90119783321889	-4.00701915007248
-1.52895399404898	-3.92156862745098	-2.45365072098878
-3.41496910048066	-4.16876478217746	-1.30922407873655
-2.48722056916152	-3.79034103913939	-1.65712977798123
-0.164797436484321	-2.80766002899214	-1.69069962615396
-0.335698481727321	-2.28885328450446	-0.631723506523232
1.47402151522087	0.576791027695125	0.646982528419928
1.57473105973907	2.92973220416571	2.09353780422675
3.12809948882277	2.61234454871443	3.57061112382696
1.30312046997787	1.17494468604562	2.98771648737316
-0.0732433051041428	-0.329594872968643	2.62760357061112
-0.646982528419928	-3.46990157930877	1.23292896925307
-0.76600289921416	-3.09758144502937	1.07423514152743
-2.4780651560235	-2.13015945677882	2.43533989471275
0.442511635004196	1.53505760280766	3.09758144502937
1.64187075608453	3.27153429465171	3.10368505378805
1.61135271229114	6.7505912870985	2.59708552681773
3.11284046692607	6.9916838330663	1.11696040283818
2.99382009613184	6.10666056305791	0.888075074387732
2.87785152971695	4.99580376897841	-1.2817578393225
1.97756923781186	2.96025024795911	-2.050812542916
0.268558785381857	-0.064087891966125	-0.799572747386893
-2.78019378957809	-2.63675898374914	-1.50148775463493
-5.80148012512398	-5.42000457770657	-2.2064545662623
-7.23887998779278	-8.06286717021439	-3.43327992675669
-6.54612039368276	-8.032349126421	-1.98672465094987
-7.14122224765393	-7.98352025635157	-2.70695048447395
-5.56038757915618	-6.09750514991989	-3.076218814374
-4.80659189745937	-5.13618677042802	-3.03044174868391
-3.17692835889219	-3.3478294041352	-3.52483405813687
-3.04264896620127	-2.04165712977798	-3.56145571068894
-3.31120775158312	-3.27763790341039	-4.35492484931716
-4.01312275883116	-1.95620660715648	-3.66521705958648
0.115968566414893	0.216678110933089	-3.41191729610132
-1.1108567940795	1.33058670939193	-1.44960708018616
-0.857557030594339	2.50247959105821	-1.53505760280766
1.84634164950027	6.4087891966125	0.0274662394140536
1.08339055466545	4.93171587701228	0.445563439383536
-0.415045395590143	1.39467460135805	0.976577401388571
-4.71808957045853	-0.72327763790341	2.16372930495155
-4.33966582742046	-3.49431601434348	2.43228809033341
-4.12909132524605	-5.64888990615702	2.32547493705653
-5.48714427405203	-10.6813153276875	-0.527962157625696
-3.20439459830625	-10.785076676585	-2.70695048447395
-0.363164721141375	-9.63759822995346	-3.38139925230793
1.40993362325475	-7.33653772793164	-5.68856336308843
1.66933699549859	-4.6997787441825	-6.96116578927291
4.19317921721218	-1.08644235904479	-8.02014190890364
2.29495689326314	-0.00915541313801785	-8.36804760814832
0.0549324788281071	-0.350957503624018	-8.20935378042267
0.241092545967803	-1.4526588845655	-6.45151445792325
-4.63874265659571	-5.5237659266041	-5.99679560540169
-4.9408712901503	-8.05981536583505	-3.21049820706493
-5.92965590905623	-10.8888380254826	-4.18402380407416
-6.63157091630427	-13.9497978179599	-2.98771648737316
-5.50545510032807	-12.4299992370489	-3.3325703822385
-5.09346150911727	-11.8837262531472	-2.49637598229953
-4.40680552376593	-10.919356069276	-2.45670252536812
-2.50553139543755	-9.18287937743191	-3.57671473258564
-0.186160067139696	-5.3833829251545	-3.86053253986419
0.775158312352178	-3.77813382162203	-4.66315709163043
1.91653315022507	0.497444113832303	-3.18608377203021
3.32341496910048	4.29388876173037	-0.93690394445716
2.99992370489052	8.75867856870375	1.9653620202945
2.1515220874342	8.55725947966735	4.01312275883116
1.87685969329366	7.49523155565728	3.94293125810636
0.564583810177768	3.21049820706493	4.11993591210803
-0.442511635004196	-1.15663385976959	2.62455176623178
-1.15968566414893	-4.43121995880064	0.247196154726482
-0.93690394445716	-5.68856336308843	0.964370183871214
0.817883573662928	-3.93987945372702	0.0335698481727321
2.01419089036393	-1.65102616922255	0.00915541313801785
3.22575722896162	-1.0955977721828	-0.967421988250553
3.61943999389639	1.89211871519036	-1.11696040283818
3.42412451361868	1.19935912108034	-1.76699473563745
1.76089112687877	-1.26039520866712	-4.36713206683452
1.39162279697871	-2.87785152971695	-6.06088349736782
0.817883573662928	-5.5542839703975	-6.20431830319677
-0.0915541313801785	-6.75974670023651	-4.65094987411307
-2.59098191805905	-7.01915007248035	-3.48210879682612
-1.04371709773404	-6.2226291294728	-2.58793011367971
-4.16876478217746	-4.83100633249409	-2.38651102464332
-3.29289692530709	-2.60929274433509	-2.19119554436561
-2.68863965819791	-2.15457389181353	-3.41802090486
0.0457770656900893	2.03860532539864	-2.59098191805905
1.78530556191348	1.35500114442664	-0.714122224765393
1.74258030060273	2.98161287861448	1.41298542763409
3.51873044937819	4.12909132524605	2.82902265964752
3.88799877927825	3.86663614862287	3.56450751506828
3.08537422751202	4.19317921721218	3.39360646982528
5.3833829251545	5.24299992370489	2.85648889906157
1.99588006408789	3.8452735179675	0.29907682917525
3.10063324940871	5.24605172808423	-0.0183108262760357
2.52079041733425	5.0965133134966	-1.41603723201343
2.63981078812848	5.55123216601816	-0.891126878767071
1.60524910353246	3.40886549172198	-0.830090791180285
0.454718852521553	-0.259403372243839	-0.302128633554589
-1.12306401159686	-2.36209658960861	0.613412680247196
-2.3071641107805	-4.9408712901503	-0.0976577401388571
-1.87075608453498	-5.06294346532387	0.146486610208286
2.08438239108873	-4.47699702449073	0.759899290455482
2.0355535210193	-5.58480201419089	0.140383001449607
3.32036316472114	-3.00297550926986	0.0518806744487678
3.73846036469062	-2.81071183337148	-1.5228503852903
3.17998016327153	-5.25215533684291	-2.51773861295491
0.103761348897536	-4.20843823910887	-2.10879682612345
-0.72632944228275	-4.59296559090562	-3.47600518806744
-1.73342488746471	-3.54619668879225	-2.11795223926146
-2.20950637064164	-3.80560006103609	-2.26749065384909
-3.58281834134432	-4.58686198214694	-2.53910124361028
-2.4780651560235	-2.905317769131	-0.357061112382696
-3.75677119096666	-2.8046082246128	-0.790417334248875
-1.58693827725643	2.38040741588464	0.790417334248875
-0.393682764934768	6.64377813382162	1.51674677653162
3.54619668879225	14.175631342031	3.52483405813687
5.8960860608835	18.0544747081712	4.95307850766766
7.10154879072251	19.4613565270466	3.94293125810636
8.63660639353017	17.9415579461357	3.0609597924773
7.11375600823987	16.6872663462272	4.91340505073625
6.89707789730678	12.4879835202564	3.44243533989471
5.60616464484626	11.1421377889677	3.76287479972534
1.51674677653162	7.15953307392996	3.0609597924773
2.24612802319371	4.93476768139162	1.71816586556802
2.00808728160525	4.21149004348821	1.70901045243
-1.8646524757763	-0.350957503624018	-0.494392309452964
-1.51979858091096	-3.49736781872282	-1.8097199969482
-3.57061112382696	-6.84824902723735	-2.45670252536812
-3.43633173113603	-7.48302433813993	-4.43732356755932
-3.45464255741207	-9.02418554970626	-5.42610818646525
-3.21660181582361	-7.12596322575723	-5.27351796749828
-0.827038986800946	-4.30609597924773	-4.74250400549325
-0.625619897764553	-1.23903257801175	-4.13214312962539
-0.592050049591821	1.02235446707866	-2.49942778667887
0.735484855420768	3.14946211947814	-1.07728694590677
0.164797436484321	4.57160296025025	-1.25734340428779
-1.15968566414893	4.41290913252461	-1.13527122911421
-1.91958495460441	2.77103837644007	-2.44754711223011
-1.9501029983978	-0.750743877317464	-3.20744640268559
-0.848401617456321	-1.34889753566796	-4.34882124055848
0.0885023270008393	-1.06813153276875	-3.19829098954757
2.04165712977798	-0.228885328450446	-1.82192721446555
6.43320363164721	4.22674906538491	-0.302128633554589
5.49019607843137	3.73846036469062	0.0976577401388571
8.14831769283589	4.92561226825361	1.367208361944
5.4383154039826	2.38651102464332	-0.183108262760357
5.08125429159991	0.152590218966964	-1.05592431525139
4.13214312962539	-1.91653315022507	-0.0244144350347143
2.91447318226902	-4.70283054856184	-0.225833524071107
-0.0488288700694285	-5.20637827115282	0.424200808728161
-0.711070420386053	-4.63569085221637	0.375371938658732
0.0396734569314107	-1.70901045243	1.67544060425727
-0.97962920576791	-0.244144350347143	2.08438239108873
-1.60219729915312	2.09353780422675	1.98367284657053
-1.03761348897536	2.72831311512932	-0.234988937209125
-0.0305180437933928	1.84328984512093	0.521858548867018
2.21255817502098	-0.0579842832074464	-1.54421301594568
0.885023270008392	-1.367208361944	-2.85038529030289
1.91042954146639	0.277714198519875	-2.13321126115816
3.27458609903105	-0.564583810177768	-1.9806210421912
2.26443884946975	0.881971465629053	0.0457770656900893
1.41603723201343	2.82902265964752	0.933852140077821
2.91752498664836	3.72320134279393	1.40688181887541
-0.289921416037232	1.77615014877546	0.909437705043107
-0.274662394140536	4.06805523765927	0.946059357595178
-1.61745632104982	4.5990691996643	-0.155642023346304
-3.15556572823682	2.92668039978637	-0.466926070038911
-3.45159075303273	-1.08644235904479	-1.30922407873655
-3.53093766689555	-2.60013733119707	-2.392614633402
-1.55642023346304	-3.96124208438239	-2.75272755016403
-0.210574502174411	-2.90226596475166	-2.42618448157473
0.0549324788281071	-0.921644922560464	0.567635614557107
-1.03456168459602	0.311284046692607	1.91042954146639
-3.35393301289387	-0.668345159075303	1.3824673838407
-2.47501335164416	2.8046082246128	3.15861753261616
-3.16472114137484	1.73342488746471	2.32852674143587
-2.9907682917525	1.08949416342412	1.41908903639277
-1.30617227435721	4.65705348287175	1.30922407873655
1.22987716487373	5.94186312657359	1.81582360570687
1.78835736629282	4.57770656900893	0.515754940108339
1.29091325246052	2.5482566567483	0.436408026245518
-0.344853894865339	2.41092545967803	-1.19020370794232
0.778210116731518	3.7445639734493	-1.7792019531548
0.103761348897536	3.94293125810636	-0.704966811627375
-1.5228503852903	2.64591439688716	-2.04470893415732
3.42717631799802	5.53597314412146	0.756847486076142
3.82391088731212	5.74044403753719	1.85244525825895
3.68047608148318	4.73334859235523	1.47402151522087
6.26230258640421	6.85130083161669	2.54520485236896
3.72014953841459	6.51560234988937	3.01823453116655
2.00198367284657	9.90005340657664	5.64278629739834
0.506599526970321	12.7504386968795	6.57358663309682
0.265506981002518	12.9945830472267	6.76279850461585
1.05592431525139	11.7494468604562	5.14534218356603
0.454718852521553	8.11169604028382	4.16571297779812
2.58793011367971	6.51560234988937	4.88288700694286
-0.421149004348821	1.01930266269932	2.69779507133593
1.96841382467384	1.89211871519036	3.95513847562371
3.57061112382696	5.56343938353552	7.11070420386053
0.967421988250553	3.37834744792859	6.14328221560998
1.55642023346304	4.89814602883955	7.09849698634318
3.89410238803693	5.11787594415198	6.494239719234
4.3274586099031	4.83710994125277	4.97138933394369
4.71503776607919	2.77103837644007	3.71099412527657
5.14534218356603	1.62661173418784	3.51262684061952
4.09857328145266	-1.54116121156634	1.61135271229114
1.84634164950027	-3.41191729610132	1.03456168459602
-2.34378576333257	-7.92248416876478	0.976577401388571
-2.42923628595407	-9.39040207522698	-0.170901045243
-5.14839398794537	-9.7962920576791	0.00305180437933928
-4.39154650186923	-9.61623559929808	-0.219729915312428
-3.39665827420462	-9.03028915846494	0.323491264209964
-4.39459830624857	-8.66712443732357	-0.488288700694285
-3.80865186541543	-9.52773327229725	-1.88601510643168
-5.41390096894789	-10.0129701686122	-2.52079041733425
-6.07919432364385	-11.8501564049744	-1.66323338673991
-6.03952086671244	-13.8124666208896	-1.90127412832837
-5.12397955291066	-11.9569695582513	-1.33974212252995
-5.85030899519341	-14.9507896543832	-1.30006866559854
-4.93171587701228	-16.2935835812924	-1.45876249332418
-3.20134279392691	-15.1033798733501	-3.29289692530709
-3.7445639734493	-16.4034485389487	-5.14839398794537
-2.78324559395743	-14.9446860456245	-5.66720073243305
-0.704966811627375	-14.9691004806592	-5.36202029449912
-2.26138704509041	-16.8184939345388	-6.79636835278859
-0.0366216525520714	-14.5937285420005	-5.30098420691234
-1.30922407873655	-13.0128938735027	-4.99580376897841
-1.87685969329366	-10.8033875028611	-5.20027466239414
-1.93179217212177	-6.40573739223316	-3.66216525520714
-3.28679331654841	-7.07103074692912	-4.91950865949493
-2.16372930495155	-6.11276417181659	-3.86053253986419
-5.41390096894789	-7.64476997024491	-5.12703135729
-2.8046082246128	-6.79026474402991	-4.02838178072786
-3.41496910048066	-8.47180895704585	-3.247119859617
-5.3681239032578	-8.38330663004501	-3.60723277637903
-4.50751506828412	-7.98352025635157	-3.11894407568475
-3.47600518806744	-6.13412680247196	-3.52483405813687
-4.09552147707332	-8.715953307393	-5.75265125505455
-5.65804531929503	-10.7728694590677	-6.07309071488518
-3.32646677347982	-7.54711223010605	-4.76386663614862
-4.22064545662623	-8.18188754100862	-4.33051041428244
-1.58388647287709	-7.94079499504082	-3.89715419241627
-2.28274967574578	-7.78210116731517	-4.25421530479896
-0.100709544518196	-5.78622110322728	-3.90936140993362
-0.793469138628214	-3.58587014572366	-4.37933928435187
0.0152590218966964	-4.43121995880064	-5.86861982146944
-1.44655527580682	-4.89814602883955	-4.20233463035019
-2.51468680857557	-8.9570458533608	-5.53597314412146
-2.83207446402686	-10.8918898298619	-5.14839398794537
-2.76493476768139	-11.3252460517281	-4.86762798504616
-1.64187075608453	-12.3903257801175	-4.23285267414359
-0.378423743038071	-10.3456168459602	-3.8452735179675
-1.68154421301595	-9.76577401388571	-3.90936140993362
-1.65407797360189	-8.96620126649882	-3.43022812237736
-2.75883115892271	-8.39246204318303	-4.06500343327993
-5.22163729304952	-9.33852140077821	-4.81269550621805
-5.13008316166934	-5.92965590905623	-2.77409018081941
-5.56343938353552	-3.97039749752041	-1.81277180132753
-4.75471122301061	-0.790417334248875	-0.991836423285267
-0.534065766384375	4.55024032959487	3.12199588006409
-3.63469901579309	1.66323338673991	1.17189288166629
-2.01724269474327	1.68459601739528	3.01823453116655
-2.38651102464332	-0.0823987182421607	2.2369726100557
-0.85145342183566	-1.76089112687877	0.381475547417411
-0.924696726939803	-4.30914778362707	-0.231937132829786
-1.84328984512093	-6.77195391775387	-2.74662394140536
-0.671396963454643	-6.62546730754559	-2.58487830930037
-1.67849240863661	-7.57763027389944	-4.38849469748989
-0.579842832074464	-4.51056687266346	-2.80766002899214
-0.485236896314946	-1.84939345387961	-1.80056458381018
0.653086137178607	-0.396734569314107	-1.64187075608453
1.55947203784237	2.0660715648127	-0.0183108262760357
0.98268101014725	1.06202792401007	-1.07118333714809
0.753795681696803	0.848401617456321	0.98268101014725
1.39467460135805	1.22072175173571	-0.402838178072786
1.24208438239109	3.05790798809796	0.89417868314641
2.78629739833677	4.6997787441825	1.69985503929198
0.601205462729839	6.51560234988937	2.87785152971695
0.915541313801785	5.30098420691234	2.65506981002518
0.717174029144732	3.24406805523766	2.31937132829786
0.0793469138628214	3.64690623331044	3.72320134279393
1.196307316701	1.0955977721828	2.85038529030289
3.19829098954757	2.23086900129702	2.04165712977798
5.31929503318837	5.61226825360494	4.21149004348821
5.52986953536278	5.27962157625696	2.89921416037232
5.16670481422141	8.53284504463264	4.73029678797589
5.02021820401312	8.61219195849546	4.56244754711223
3.75677119096666	9.81765468833448	3.93682764934768
1.99893186846723	8.04760814831769	3.18913557640955
0.363164721141375	4.36713206683452	0.93690394445716
0.418097199969482	1.97146562905318	0.140383001449607
-1.13527122911421	0.146486610208286	-1.64187075608453
1.74563210498207	-0.21362630655375	-0.863660639353018
2.19424734874495	0.482185091935607	-0.106813153276875
2.85343709468223	1.94705119401846	1.56862745098039
2.88090333409628	0.610360875867857	2.23392080567636
2.00198367284657	-0.924696726939803	3.42412451361868
-0.634775310902571	-1.55031662470436	2.79850461585412
-0.152590218966964	-4.50446326390478	0.63782711528191
-0.85145342183566	-6.61631189440757	0.350957503624018
-2.95109483482109	-7.13817044327459	-0.292973220416571
-2.96940566109712	-7.69359884031434	-0.500495918211643
-4.7699702449073	-8.02624551766232	-0.692759594110018
-3.84832532234684	-5.89303425650416	1.70901045243
-2.36514839398795	-3.07011520561532	2.14541847867552
0.262455176623178	-3.21660181582361	1.60219729915312
2.72526131074998	-1.95620660715648	3.24101625085832
