4.48920424200809	2.55130846112764	2.51468680857557
2.5482566567483	3.59807736324102	2.01724269474327
0.918593118181125	3.79339284351873	1.63576714732586
3.77203021286336	4.12603952086671	-10.0099183642329
4.11688410772869	3.46074616617075	-3.89715419241627
4.0161745632105	3.6743724727245	1.54421301594568
3.99786373693446	2.50858319981689	1.66018158236057
3.32646677347982	3.01518272678721	6.89402609292744
5.19111924925612	2.74357213702602	4.5838101777676
4.13214312962539	3.04264896620127	2.17898832684825
-0.973525597009232	3.85137712672618	-1.03761348897536
4.55024032959487	2.79850461585412	-4.55329213397421
-0.854505226215	2.7496757457847	-2.17898832684825
0.823987182421607	2.43533989471275	-0.570687418936446
4.83710994125277	1.65712977798123	1.64187075608453
3.23491264209964	0.616464484626535	-2.39871824216068
5.23689631494621	0.234988937209125	-1.88601510643168
1.879911497673	0.0610360875867857	-1.39162279697871
0.424200808728161	1.45571068894484	0.0732433051041428
4.30304417486839	1.92263675898375	0.796520943007553
2.26749065384909	2.86564431219959	-3.81170366979477
4.21454184786755	2.62149996185245	-6.9764248111696
2.84428168154421	2.48111696040284	-5.97543297474632
4.58686198214694	2.63981078812848	8.85023270008393
-0.253299763485161	1.0406652933547	1.65407797360189
-6.38437476157778	1.7242694743267	5.3528648813611
6.51255054551003	0.89723048752575	4.22369726100557
-0.112916762035554	0.564583810177768	0.527962157625696
1.84634164950027	1.23292896925307	-1.93484397650111
0.714122224765393	0.381475547417411	-6.25925078202487
-4.33966582742046	2.37430380712596	-1.2115663385977
3.70183871213855	0.97962920576791	-1.55031662470436
0.0579842832074464	1.80361638818952	-2.54520485236896
2.89311055161364	2.18204013122759	-3.4882124055848
7.29076066224155	2.20340276188296	-1.75783932249943
4.66620889600977	0.549324788281071	-4.89509422446021
-0.341802090486	0.277714198519875	-6.95506218051423
0.888075074387732	0.366216525520714	0.872816052491035
-2.86259250782025	-1.51064316777295	-6.31723506523232
-9.70473792629892	0.958266575112535	-9.20119020370794
7.56847486076142	-0.180056458381018	1.15968566414893
-1.83718623636225	-0.0885023270008393	2.19424734874495
-0.930800335698482	0.0488288700694285	-0.543221179522393
3.50652323186084	0.857557030594339	3.55230029755093
3.06401159685664	0.540169375143053	0.274662394140536
-0.997940032043946	1.4526588845655	-0.97962920576791
-2.2919050888838	2.02944991226062	-1.23598077363241
1.65407797360189	1.6937514305333	-5.05073624780652
1.84023804074159	0.579842832074464	-0.790417334248875
4.39765011062791	1.24208438239109	1.57778286411841
3.29289692530709	1.58999008163577	-1.33669031815061
2.95719844357977	1.3519493400473	-3.06401159685664
4.77302204928664	2.85343709468223	1.96231021591516
-4.48004882887007	3.29594872968643	1.28480964370184
0.143434805828946	2.44144350347143	-6.6346227206836
5.82589456015869	4.46478980697337	0.0610360875867857
-2.80766002899214	4.5136186770428	1.32448310063325
0.836194399938964	4.10772869459068	-7.65392538338293
2.75883115892271	4.14435034714275	-2.68863965819791
-0.677500572213321	3.58587014572366	3.43327992675669
-4.23590447852293	2.74052033264668	-2.69169146257725
-8.85938811322194	0.671396963454643	-2.57572289616236
-2.47196154726482	0.320439459830625	-2.45365072098878
-0.665293354695964	0.650034332799268	-1.28786144808118
-2.6337071793698	0.308232242313268	-1.22987716487373
-0.180056458381018	0.0579842832074464	-4.25421530479896
1.95925841153582	0.775158312352178	-0.488288700694285
-3.13115129320211	-0.259403372243839	-0.845349813076982
-12.0119020370794	0.793469138628214	-2.36820019836728
3.77203021286336	0.927748531319142	-1.77615014877546
-2.74052033264668	0.473029678797589	-1.67544060425727
1.96231021591516	0.665293354695964	-2.38956282902266
-1.6388189517052	0.463874265659571	-12.5459678034638
-0.466926070038911	0.195315480277714	3.83916990920882
-5.33150225070573	-0.442511635004196	-1.74258030060273
-9.18287937743191	-0.503547722590982	-1.39467460135805
-1.76089112687877	-1.13221942473487	-1.74868390936141
-0.0335698481727321	1.13221942473487	4.37628747997253
-0.21362630655375	0.927748531319142	-1.4679179064622
2.05691615167468	-0.204470893415732	-1.54116121156634
-0.460822461280232	-0.292973220416571	-4.1718165865568
-1.68764782177462	-0.576791027695125	0.38452735179675
-13.9406424048219	-0.790417334248875	-1.48317692835889
3.59197375448234	-1.43434805828946	-2.80766002899214
-2.43533989471275	-0.76600289921416	-3.42412451361868
-2.01419089036393	-0.323491264209964	-3.44853894865339
1.538109407187	-1.05287251087205	1.54726482032502
1.69069962615396	-0.170901045243	0.289921416037232
-1.84328984512093	-1.26955062180514	-2.88395513847562
-4.49835965514611	-1.84023804074159	-1.02845807583734
-0.89723048752575	1.49843595025559	-1.8646524757763
-1.41298542763409	0.125123979552911	-12.8480964370184
-3.72014953841459	1.24208438239109	8.22766460669871
-1.68459601739528	1.30006866559854	-0.943007553215839
-3.94598306248569	1.02845807583734	-2.75577935454337
-10.0312809948882	1.99893186846723	6.70481422140841
9.34157320515755	1.32753490501259	2.99687190051118
-1.04676890211337	1.97756923781186	-1.19935912108034
2.63981078812848	2.38956282902266	-3.46074616617075
2.77714198519875	1.37026016632334	-1.63576714732586
0.80872816052491	0.64087891966125	0.72327763790341
1.12001220721752	-0.201419089036393	-3.73846036469062
-3.76287479972534	0.378423743038071	-5.73128862439918
-3.22270542458228	-2.08438239108873	-3.49736781872282
-0.192263675898375	-1.05287251087205	-4.85236896314946
-4.21454184786755	-1.64492256046387	-12.7382314793622
-7.30296787975891	-2.85648889906157	2.39871824216068
-2.33768215457389	-1.85549706263828	-8.36499580376898
-5.5542839703975	-1.84328984512093	-7.08018616006714
-9.82375829709316	-1.62050812542916	-1.74563210498207
6.15548943312734	-1.17189288166629	-5.99984740978103
-3.98870832379644	-1.86160067139696	-5.60616464484626
-3.96124208438239	-2.19424734874495	-3.04875257495994
-1.48012512397955	-1.88906691081102	-3.80560006103609
-0.927748531319142	-2.10879682612345	-1.87075608453498
-4.24200808728161	-1.22987716487373	0.903334096284428
-6.41794460975052	-0.436408026245518	-1.85244525825895
-4.58686198214694	-1.98367284657053	-5.19417105363546
-3.3325703822385	-1.38551918822004	-3.85748073548486
-5.45967803463798	-1.64797436484321	-4.45258258945602
-2.12710765239948	-1.24208438239109	-3.51873044937819
-7.01915007248035	-1.03761348897536	-6.07309071488518
-3.54619668879225	-1.51979858091096	-11.2062256809339
-4.48615243762875	0.836194399938964	-2.96940566109712
3.32646677347982	0.857557030594339	-6.84214541847868
-3.25322346837568	0.378423743038071	0.222781719691768
1.18715190356298	-1.32143129625391	0.573739223315785
1.88296330205234	-0.332646677347982	-2.28274967574578
-2.65201800564584	-2.20035095750362	-4.22369726100557
-5.84115358205539	-3.27458609903105	-4.39154650186923
-1.34584573128862	-2.57572289616236	-6.56748302433814
-2.17288471808957	-1.50148775463493	-2.99687190051118
-1.33058670939193	-0.918593118181125	0.225833524071107
-2.9907682917525	-0.906385900663767	0.131227588311589
-3.2318608377203	0.405889982452125	1.47707331960021
-7.79430838483253	1.59914549477379	-1.92568856336309
-7.31212329289693	1.29396505683986	-4.39154650186923
6.23483634699016	2.18509193560693	-9.33546959639887
3.16472114137484	3.4882124055848	7.00389105058366
4.77302204928664	2.92057679102769	-2.37125200274662
4.96833752956436	3.41802090486	0.918593118181125
3.45464255741207	3.0914778362707	-1.21766994735637
0.976577401388571	2.8900587472343	4.93476768139162
-2.71000228885328	2.10269321736477	-1.82803082322423
-0.0610360875867857	2.18204013122759	-4.36408026245518
1.17799649042496	1.00709544518196	-1.75173571374075
1.61135271229114	0.500495918211643	-0.76600289921416
-3.70794232089723	0.234988937209125	-5.04768444342718
-2.31937132829786	-1.49538414587625	-2.39871824216068
0.140383001449607	-1.05287251087205	-4.69062333104448
-3.87273975738155	-1.08339055466545	-2.16678110933089
-13.8460364690623	-0.405889982452125	-2.5787747005417
2.64286259250782	0.2563515678645	-2.06301976043336
-2.67643244068055	-0.167849240863661	-1.73952849622339
-2.19119554436561	-1.00099183642329	-11.4747844663157
0.997940032043946	-1.35500114442664	1.58083466849775
1.48012512397955	-1.15358205539025	-0.927748531319142
-2.07217517357137	-1.11390859845884	-3.89105058365759
-2.89921416037232	0.756847486076142	-5.92965590905623
-0.714122224765393	1.71511406118868	3.46074616617075
-0.228885328450446	3.32036316472114	-1.32143129625391
2.38345922026398	2.89921416037232	-0.280766002899214
-0.967421988250553	3.51567864499886	0.04272526131075
-1.6083009079118	4.14740215152209	4.33661402304112
1.23598077363241	3.47905699244678	3.30205233844511
-7.0923933775845	4.17792019531548	-0.399786373693446
4.98359655146105	3.56450751506828	2.61234454871443
1.45876249332418	4.38849469748989	-3.52483405813687
1.55642023346304	4.92866407263294	7.96520943007553
4.60212100404364	4.33051041428244	2.2919050888838
5.16060120546273	3.57976653696498	-2.73746852826734
2.87479972533761	3.74761577782864	-1.86160067139696
3.3325703822385	4.08026245517662	6.10666056305791
1.98977645532921	3.29289692530709	-1.30617227435721
1.89822232394903	2.4933241779202	0.180056458381018
2.69169146257725	2.6642252231632	3.33867399099718
3.17082475013352	1.69985503929198	4.04974441138323
0.424200808728161	0.167849240863661	-2.72526131074998
-3.56145571068894	-2.14541847867552	-6.25009536888685
-4.74250400549325	-0.265506981002518	3.88494697489891
2.70389868009461	-1.13527122911421	-2.32547493705653
-7.29381246662089	0.314335851071946	-1.50148775463493
5.62752727550164	1.99588006408789	2.22781719691768
2.42923628595407	2.31326771953918	3.22880903334096
2.96940566109712	3.14030670634012	1.03456168459602
-0.503547722590982	1.67544060425727	-0.0549324788281071
1.4526588845655	1.71206225680934	-3.31120775158312
-0.531013962005035	1.4679179064622	0.289921416037232
1.08033875028611	3.05790798809796	-6.45456626230259
-0.21362630655375	2.16983291371023	-3.43633173113603
-0.222781719691768	1.16578927290761	3.99481193255512
0.63782711528191	0.994888227664607	3.32646677347982
-10.4585336079957	0.634775310902571	2.30411230640116
3.22880903334096	-0.134279392690929	-0.0244144350347143
-2.92668039978637	-0.793469138628214	-1.91348134584573
-2.23392080567636	-0.488288700694285	-1.46181429770352
0.543221179522393	-2.38345922026398	-5.9510185397116
-1.85854886701762	-2.60624093995575	-4.29083695735103
-5.49935149156939	-1.92874036774243	1.24818799114977
-1.6083009079118	-2.47501335164416	-2.9907682917525
-4.24200808728161	-0.98268101014725	-2.24307621881437
-1.24513618677043	-0.912489509422446	-1.47707331960021
1.25734340428779	-0.292973220416571	-3.57061112382696
-0.225833524071107	-1.1261158159762	-11.261158159762
-4.14435034714275	0.195315480277714	-0.329594872968643
-2.36514839398795	0.744640268558785	2.33768215457389
-9.42702372777905	1.87380788891432	-0.21362630655375
7.18089570458534	1.91042954146639	4.23285267414359
-1.20546272983902	2.64286259250782	3.83611810482948
-1.69680323491264	2.69474326695659	0.115968566414893
4.77302204928664	3.28374151216907	-1.42824444953079
1.38551918822004	3.95819028000305	-2.20340276188296
-0.302128633554589	4.08331425955596	-0.378423743038071
-3.17387655451286	4.48615243762875	0.878919661249714
2.24002441443503	3.96429388876173	3.63469901579309
2.42008087281605	3.03349355306325	-1.24208438239109
2.98466468299382	0.131227588311589	-2.69169146257725
0.89417868314641	-0.823987182421607	0.534065766384375
1.3519493400473	-1.30006866559854	-9.11879148546578
-0.375371938658732	-2.53299763485161	0.72632944228275
-5.84420538643473	-1.50453955901427	-0.50965133134966
-5.09956511787594	-2.28274967574578	-6.38742656595712
0.631723506523232	-2.18204013122759	1.66628519111925
-5.45052262149996	-1.90432593270771	1.07423514152743
-1.2115663385977	-1.97451743343252	-2.26749065384909
2.54520485236896	-1.95315480277714	-1.69069962615396
0.686655985351339	-1.6937514305333	-0.799572747386893
-0.616464484626535	-1.30312046997787	-1.14747844663157
-1.63271534294652	-0.802624551766232	1.19020370794232
-3.43938353551537	1.34279392690929	-0.0854505226215
1.82192721446555	1.52590218966964	4.03448538948653
-3.18303196765087	0.573739223315785	-0.146486610208286
-2.61234454871443	1.9501029983978	-0.198367284657053
2.20340276188296	4.11688410772869	6.16159304188602
-1.7242694743267	3.247119859617	-2.82597085526818
-8.24597543297475	2.99382009613184	-1.59914549477379
6.81162737468528	3.46379797055009	9.82986190585184
-1.64187075608453	2.42008087281605	4.27557793545434
1.93484397650111	1.58388647287709	3.85442893110552
2.43839169909209	0.915541313801785	4.09857328145266
2.51468680857557	0.506599526970321	0.192263675898375
-3.19829098954757	0.04272526131075	-6.87266346227207
-1.43129625391012	0.604257267109178	4.55939574273289
-0.323491264209964	-0.244144350347143	-0.518806744487678
-3.72014953841459	-1.025406271458	0.381475547417411
2.80155642023346	0.375371938658732	6.98252841992828
-1.76699473563745	-0.408941786831464	0.0762951094834821
-2.55741206988632	-0.317387655451286	0.698863202868696
-10.6111238269627	-1.52895399404898	2.51773861295491
8.27038986800946	-1.20546272983902	0.390630960555428
-3.39971007858396	-0.973525597009232	1.25123979552911
0.747692072938125	0.241092545967803	-1.44655527580682
4.10772869459068	1.22377355611505	-6.82688639658198
1.83413443198291	1.63576714732586	8.7861448081178
2.82597085526818	2.61234454871443	-2.2369726100557
-1.30617227435721	1.70901045243	0.518806744487678
-2.63675898374914	0.72632944228275	1.20851453421836
-0.534065766384375	2.02334630350195	2.8351262684062
-2.65506981002518	0.552376592660411	-0.720225833524071
-7.25108720531014	0.305180437933928	-2.27359426260777
-7.47081712062257	1.20851453421836	-2.74662394140536
-0.7690547035935	-0.308232242313268	1.69985503929198
-6.10971236743725	-0.762951094834821	0.366216525520714
-6.23178454261082	-0.717174029144732	-0.81177996490425
3.54009308003357	-1.99588006408789	-1.84023804074159
-0.418097199969482	-1.97146562905318	-2.02334630350195
0.241092545967803	-2.24612802319371	0.109864957656214
1.3824673838407	-3.66826886396582	-2.78629739833677
-0.0854505226215	-3.27458609903105	-8.44129091325246
-1.47096971084154	-3.54924849317159	-3.38139925230793
-1.61745632104982	-3.02433813992523	-9.47585259784848
-0.650034332799268	-2.50553139543755	4.03753719386587
-2.6337071793698	-1.35500114442664	-0.55542839703975
-1.82803082322423	0.0946059357595178	1.80361638818952
-3.91851682307164	1.39467460135805	4.11383230334935
-0.479133287556268	1.42214084077211	3.28984512092775
-3.39665827420462	1.48012512397955	4.09246967269398
-8.60608834973678	0.759899290455482	-3.24406805523766
7.44640268558785	-1.59609369039445	-1.32753490501259
-3.84832532234684	0.854505226215	3.28679331654841
-1.07728694590677	-0.579842832074464	-1.59609369039445
-0.280766002899214	-0.762951094834821	-0.570687418936446
0.106813153276875	0.0488288700694285	-1.70290684367132
-0.650034332799268	0.396734569314107	-2.93583581292439
-0.93690394445716	-0.0183108262760357	-8.54200045777066
-2.35599298084993	-1.7944609750515	1.82192721446555
-2.56961928740368	-2.51773861295491	-4.47394522011139
-4.39154650186923	-2.91752498664836	-1.40688181887541
-6.25925078202487	-3.31120775158312	-1.025406271458
-7.4189364461738	-2.81681544213016	-3.09758144502937
-8.09643701838712	-3.56755931944762	-1.68459601739528
-4.22064545662623	-3.80254825665675	-6.61326009002823
-4.26947432669566	-2.82902265964752	-6.4789806973373
-7.11985961699855	-3.09452964065003	-6.05783169298848
-3.3478294041352	-3.73235675593194	-7.17479209582666
-5.72823682001984	-2.27664606698711	-3.61638818951705
-3.96734569314107	-1.84939345387961	-4.28473334859236
-5.53292133974212	-0.955214770733196	-3.68657969024186
-4.40375371938659	-1.13527122911421	-7.36705577172503
-0.659189745937285	-0.314335851071946	-5.29182879377432
-5.37117570763714	-1.52590218966964	-3.65606164644846
-2.9907682917525	-1.61135271229114	-5.75265125505455
-2.4780651560235	-2.63065537499046	-5.62752727550164
-7.45250629434653	-4.47089341573205	-2.49942778667887
-18.457312886244	-4.81269550621805	-4.272526131075
4.28473334859236	-6.2928206301976	-8.33447775997559
-9.40260929274434	-4.98054474708171	-8.62745098039216
-6.24704356450752	-4.64789806973373	-7.63561455710689
-2.7496757457847	-4.82490272373541	-7.48302433813993
-2.0355535210193	-4.60822461280232	-6.63767452506294
-6.15548943312734	-4.31525139238575	-5.37117570763714
-9.63759822995346	-4.53803311207752	-8.56641489280537
-3.930724040589	-4.63874265659571	-4.99580376897841
-5.06294346532387	-5.0965133134966	-11.1055161364157
-3.78118562600137	-4.36408026245518	-6.30502784771496
-5.71602960250248	-4.58075837338827	-1.9653620202945
-8.20019836728466	-3.85748073548486	-0.921644922560464
-12.3170824750134	-2.88395513847562	-1.85854886701762
2.00198367284657	-2.66727702754253	0.531013962005035
-5.73739223315785	-1.57778286411841	-4.41596093690394
-2.77714198519875	-1.69069962615396	-8.37109941252766
0.582894636453803	-2.60013733119707	-2.38956282902266
-0.421149004348821	-2.02029449912261	-1.04676890211337
-3.86968795300221	-2.67032883192187	-1.20546272983902
-0.686655985351339	-2.19729915312428	2.54215304798962
1.48622873273823	-1.19020370794232	-0.805676356145571
0.619516289005875	-1.27870603494316	-2.21866178377966
-2.52689402609293	-0.228885328450446	-1.32448310063325
-2.59403372243839	0.497444113832303	-9.3842984664683
-0.793469138628214	-0.527962157625696	-11.0658426794842
-3.43938353551537	-0.247196154726482	5.07820248722057
-7.10765239948119	1.18410009918364	-5.06294346532387
5.59090562294957	1.49233234149691	-0.0915541313801785
-0.714122224765393	1.9806210421912	1.44960708018616
-2.35599298084993	1.51674677653162	-2.37125200274662
2.81376363775082	0.338750286106661	-4.55939574273289
1.7242694743267	1.08033875028611	-3.09452964065003
-0.0518806744487678	-1.49843595025559	-5.37117570763714
-2.8198672465095	-1.51674677653162	-2.2064545662623
-5.03852903028916	-1.62966353856718	-6.81773098344396
1.42214084077211	-2.07827878233005	-4.5838101777676
-1.31837949187457	-1.88296330205234	-4.53498130769818
-2.0660715648127	-2.66727702754253	-0.85145342183566
-1.87380788891432	-1.26955062180514	2.37430380712596
-0.500495918211643	-1.04982070649271	-1.20241092545968
-10.4097047379263	-2.3773556115053	0.488288700694285
-8.16052491035325	-2.8046082246128	-3.67132066834516
-2.40177004654002	-1.69985503929198	-9.27443350881209
-6.13107499809262	-2.02639810788128	0.064087891966125
-0.906385900663767	-1.50453955901427	1.08644235904479
3.76287479972534	1.196307316701	0.222781719691768
-1.37026016632334	0.372320134279393	1.37636377508202
-3.45159075303273	1.12916762035554	3.71099412527657
-4.61738002594034	2.07522697795071	3.28374151216907
-2.57267109178302	1.5533684290837	-0.628671702143893
-1.49843595025559	1.97756923781186	-3.09452964065003
-1.61135271229114	1.18715190356298	4.18097199969482
-1.10780498970016	0.80872816052491	2.46585793850614
-4.98664835584039	-0.0457770656900893	0.579842832074464
-12.6192111085679	0.329594872968643	2.92057679102769
3.75066758220798	1.13832303349355	-1.51979858091096
-5.85030899519341	-0.0335698481727321	-3.39665827420462
-0.906385900663767	0.961318379491875	-8.49011978332189
2.43228809033341	1.2970168612192	0.140383001449607
1.9501029983978	1.30922407873655	-2.70695048447395
-0.802624551766232	1.85244525825895	-2.21255817502098
-0.949111161974517	1.91348134584573	-3.58587014572366
1.04676890211337	1.36110475318532	2.16067750057221
-1.24818799114977	1.25123979552911	-1.77615014877546
-1.59914549477379	0.860608834973678	-3.25932707713436
0.433356221866178	0.460822461280232	0.323491264209964
-0.933852140077821	0.485236896314946	0.0610360875867857
-12.4818799114977	1.2664988174258	-2.71610589761196
10.8064393072404	2.0660715648127	-4.71503776607919
1.91653315022507	1.99588006408789	2.76493476768139
-0.964370183871214	-0.0518806744487678	-8.49011978332189
3.09758144502937	-0.872816052491035	-1.50453955901427
1.56862745098039	-1.36415655756466	3.58281834134432
-3.64080262455177	-1.6235599298085	-1.59609369039445
-6.25619897764553	-0.976577401388571	1.66323338673991
-2.99382009613184	0.393682764934768	-1.47096971084154
0.610360875867857	1.73037308308537	1.4526588845655
1.07728694590677	2.99992370489052	2.0355535210193
-1.51064316777295	2.48722056916152	-0.778210116731518
-0.180056458381018	3.29900053406577	3.71404592965591
-2.65201800564584	2.31326771953918	4.87983520256352
-13.3638513771267	-0.186160067139696	-0.332646677347982
3.7445639734493	0.985732814526589	1.08644235904479
0.567635614557107	-0.314335851071946	-2.2369726100557
-3.32341496910048	-1.41603723201343	-12.5307087815671
3.97039749752041	-0.149538414587625	8.94483863584344
5.25520714122225	-1.02235446707866	-0.863660639353018
0.85145342183566	-0.888075074387732	-0.265506981002518
-1.54421301594568	-1.39772640573739	0.326543068589303
-2.59098191805905	-0.399786373693446	2.89616235599298
-2.65812161440452	-0.552376592660411	-0.888075074387732
2.50247959105821	0.817883573662928	0.0335698481727321
-0.518806744487678	0.888075074387732	2.25833524071107
1.17799649042496	1.22377355611505	1.3519493400473
0.506599526970321	1.86770428015564	2.01113908598459
0.0610360875867857	1.08949416342412	2.050812542916
-2.46890974288548	0.265506981002518	-0.68055237659266
-9.90310521095598	1.26344701304646	3.66216525520714
4.88899061570153	-0.592050049591821	-6.11276417181659
-4.97749294270237	0.607309071488518	-1.12306401159686
6.494239719234	-0.231937132829786	-1.87075608453498
3.68963149462119	-0.448615243762875	-8.13611047531853
3.4027618829633	0.753795681696803	6.03341725795377
1.71206225680934	-0.912489509422446	1.49843595025559
-1.77615014877546	-0.866712443732357	0.836194399938964
-0.964370183871214	-1.61135271229114	-1.32143129625391
-0.454718852521553	-3.42717631799802	-0.558480201419089
-5.42305638208591	-3.32036316472114	-2.35294117647059
-2.16067750057221	-2.39871824216068	-1.27565423056382
-1.5533684290837	-3.1464103150988	-5.57564660105287
-1.9806210421912	-1.52895399404898	1.88906691081102
-8.75562676432441	-0.408941786831464	-3.16777294575418
5.64583810177768	-1.10475318532082	-1.21461814297704
-1.01319905394064	0.888075074387732	-5.71908140688182
2.66117341878386	0.80872816052491	1.48317692835889
2.734416723888	2.88395513847562	4.52277409018082
3.55230029755093	3.00907911802853	2.85648889906157
0.0701915007248035	1.62661173418784	-0.607309071488518
1.16578927290761	1.96231021591516	3.87579156176089
-1.98367284657053	-0.885023270008392	-5.2674143587396
1.1108567940795	-0.247196154726482	1.16578927290761
2.64591439688716	-0.103761348897536	-2.50553139543755
3.06706340123598	0.289921416037232	-0.616464484626535
1.93484397650111	-0.396734569314107	-1.16884107728695
-4.55634393835355	0.155642023346304	-1.24818799114977
-10.8674753948272	-0.604257267109178	-2.97856107423514
1.98367284657053	-2.56961928740368	-4.97749294270237
-6.68650339513237	-1.99893186846723	-4.91340505073625
-4.33966582742046	-3.19218738078889	-0.946059357595178
1.35805294880598	-2.62760357061112	-9.25612268253605
-4.41290913252461	-2.32852674143587	-9.24391546501869
-1.97146562905318	-2.27664606698711	2.53604943923095
-2.23086900129702	-1.05897611963073	-2.47196154726482
0.515754940108339	-0.134279392690929	6.49729152361334
2.72831311512932	-0.021362630655375	3.12199588006409
2.59708552681773	0.64087891966125	1.35805294880598
0.0305180437933928	1.74868390936141	-0.280766002899214
1.0101472495613	2.03250171663996	-5.57564660105287
0.753795681696803	1.11696040283818	-0.683604180972
0.567635614557107	1.74563210498207	1.51979858091096
-2.77409018081941	1.07728694590677	2.14541847867552
-9.33241779201953	0.762951094834821	0.463874265659571
4.22064545662623	0.323491264209964	-0.930800335698482
-3.29289692530709	0.738536659800107	2.19729915312428
0.0793469138628214	0.59510185397116	2.59403372243839
1.14442664225223	0.732433051041428	1.4373998626688
-0.064087891966125	0.994888227664607	-0.372320134279393
-0.122072175173571	0.750743877317464	-7.26024261844816
-2.8046082246128	-0.686655985351339	1.45571068894484
0.216678110933089	0.164797436484321	0.0396734569314107
3.08232242313268	0.0671396963454643	-1.79751277943084
0.250247959105821	-1.22072175173571	-0.4272526131075
-2.09964141298543	-0.689707789730678	-0.308232242313268
0.234988937209125	-0.146486610208286	-2.00503547722591
-4.22064545662623	0.729381246662089	-5.43526359960327
-13.4035248340581	0.125123979552911	-2.77714198519875
4.0009155413138	0.241092545967803	-7.24498359655146
-4.76386663614862	1.97756923781186	2.7191577019913
-2.48722056916152	1.20241092545968	2.38040741588464
1.25734340428779	-0.0335698481727321	-1.04371709773404
-0.927748531319142	-0.100709544518196	2.10269321736477
4.85847257190814	-0.512703135729	-2.57572289616236
-0.912489509422446	-0.372320134279393	-4.57160296025025
2.01419089036393	0.109864957656214	1.07118333714809
3.62554360265507	-0.402838178072786	-2.46890974288548
2.14847028305486	0.543221179522393	1.62661173418784
-1.17799649042496	-0.442511635004196	3.3173113603418
-1.79751277943084	-1.20851453421836	-5.76485847257191
-1.41908903639277	-2.18814373998627	-4.23590447852293
-2.53299763485161	-2.24002441443503	-3.40886549172198
-4.25116350041962	-3.3325703822385	-5.78316929884794
-12.9640650034333	-3.58587014572366	-2.66117341878386
2.61844815747311	-2.44754711223011	-0.225833524071107
-3.77203021286336	-1.27260242618448	1.22682536049439
-4.1718165865568	-2.31021591515984	-6.71396963454643
2.31326771953918	-1.82497901884489	-0.772106507972839
0.839246204318303	-2.5482566567483	-1.47707331960021
-2.32852674143587	-3.23796444647898	-3.14335851071946
-6.62851911192493	-2.45059891660945	-9.34767681391623
-2.17288471808957	-1.24513618677043	4.91950865949493
-1.71511406118868	-1.81277180132753	-3.7445639734493
-4.50446326390478	-2.33157854581521	-1.91348134584573
-2.75577935454337	-1.26344701304646	2.68253604943923
-2.221713588159	-2.41702906843671	0.0579842832074464
-2.30106050202182	-2.03250171663996	-3.86358434424353
-5.79232471198596	-2.08438239108873	-0.442511635004196
-1.83108262760357	-1.5228503852903	0.369268329900053
-0.970473792629892	-1.7944609750515	-1.33669031815061
-1.71511406118868	-2.26749065384909	1.47707331960021
1.65102616922255	-1.67238879987793	-1.80666819256886
-1.42824444953079	-2.11490043488212	-1.16273746852827
-0.933852140077821	-0.98268101014725	-2.20340276188296
-3.36308842603189	-1.08033875028611	-4.101625085832
-5.11482413977264	-1.025406271458	-0.497444113832303
-2.49637598229953	-0.424200808728161	-6.60410467689021
-5.1117723353933	-0.668345159075303	5.63363088426032
-1.33974212252995	-1.69680323491264	-1.35500114442664
-1.37941557946136	-0.976577401388571	3.01213092240787
-0.848401617456321	-1.16273746852827	3.17998016327153
0.402838178072786	-1.66628519111925	0.0396734569314107
-2.54520485236896	-1.69985503929198	-3.64995803768978
-6.00900282291905	-1.42824444953079	-3.27458609903105
4.54108491645685	-1.45876249332418	-6.2928206301976
-1.82497901884489	-0.93690394445716	-2.35904478522927
1.30006866559854	-1.58999008163577	-0.451667048142214
0.903334096284428	-1.82497901884489	-2.75272755016403
-2.6642252231632	-1.39772640573739	-0.781261921110857
-6.10971236743725	-1.48317692835889	1.15358205539025
-4.89509422446021	-0.198367284657053	-1.04982070649271
-2.58487830930037	0.567635614557107	-6.07003891050584
-1.32753490501259	1.43434805828946	6.33554589150835
0.134279392690929	2.99992370489052	2.43839169909209
0.588998245212482	1.91653315022507	-3.19829098954757
2.66727702754253	2.71000228885328	9.71999694819562
1.25123979552911	1.30617227435721	1.47096971084154
-0.0671396963454643	1.83413443198291	-0.521858548867018
-11.3160906385901	1.94399938963912	2.94499122606241
6.51560234988937	1.56252384222171	0.967421988250553
-1.2817578393225	1.21461814297704	-0.976577401388571
1.64492256046387	1.72732127870604	3.45464255741207
2.16067750057221	0.601205462729839	-0.311284046692607
1.9501029983978	-0.103761348897536	-1.92263675898375
-3.46379797055009	-1.01625085831998	-5.33150225070573
-1.84023804074159	1.52895399404898	3.076218814374
0.814831769283589	0.958266575112535	-3.26237888151369
2.67032883192187	2.24917982757305	-10.3120469977874
0.524910353246357	2.21255817502098	5.99069199664302
0.537117570763714	2.55741206988632	1.90737773708705
0.164797436484321	2.71610589761196	1.17494468604562
1.70901045243	2.96635385671778	1.81582360570687
1.68459601739528	2.67032883192187	-1.28786144808118
3.88494697489891	2.60013733119707	1.91653315022507
-5.08125429159991	2.56046387426566	-2.89311055161364
6.50339513237201	3.33867399099718	2.70389868009461
0.921644922560464	2.63981078812848	4.785229266804
-0.875867856870375	2.4933241779202	3.71099412527657
1.47096971084154	3.39360646982528	3.5034714274815
2.70695048447395	4.08026245517662	0.833142595559625
-0.393682764934768	4.35187304493782	-1.36110475318532
1.44655527580682	5.66720073243305	2.19119554436561
2.28274967574578	5.12397955291066	-3.21660181582361
5.98458838788434	4.75165941863127	10.2571145189593
0.125123979552911	4.56244754711223	4.76386663614862
2.56046387426566	3.98565651941711	3.14946211947814
2.1362630655375	4.05584802014191	5.53292133974212
-1.70901045243	3.17387655451286	3.18913557640955
2.94804303044175	4.43427176317998	1.56252384222171
2.94804303044175	2.77714198519875	1.6083009079118
-3.05180437933928	2.73746852826734	2.31937132829786
0.369268329900053	0.63782711528191	2.34988937209125
0.381475547417411	0.869764248111696	-1.73952849622339
0.241092545967803	0.106813153276875	2.6489662012665
0.00915541313801785	-0.720225833524071	-0.610360875867857
-0.543221179522393	-0.0610360875867857	-1.39467460135805
-1.23903257801175	0.38452735179675	-7.49523155565728
-2.07827878233005	0.857557030594339	3.72930495155261
0.497444113832303	1.13832303349355	-0.665293354695964
-0.387579156176089	0.5981536583505	-2.02944991226062
-1.94705119401846	1.6235599298085	6.22568093385214
3.00907911802853	1.879911497673	4.99275196459907
-1.88296330205234	2.54520485236896	3.68352788586252
0.134279392690929	3.82696269169146	4.44953078507668
-1.6235599298085	4.64789806973373	1.74258030060273
-7.73327229724575	5.0263218127718	4.18097199969482
7.68139162279698	3.90936140993362	5.45662623025864
-1.50148775463493	3.21355001144427	2.93583581292439
3.46074616617075	4.14129854276341	3.67742427710384
5.02021820401312	3.00297550926986	-1.67238879987793
2.24307621881437	3.72930495155261	5.51461051346609
1.24513618677043	2.18814373998627	2.5482566567483
-3.247119859617	2.00198367284657	-0.0152590218966964
0.836194399938964	0.311284046692607	-5.25215533684291
-0.976577401388571	-1.95925841153582	6.56748302433814
0.134279392690929	-2.6337071793698	-2.33157854581521
-5.76485847257191	-2.35294117647059	-3.49431601434348
-5.85030899519341	-2.49942778667887	-1.98977645532921
-0.112916762035554	-0.500495918211643	0.152590218966964
-1.21461814297704	0.943007553215839	-0.729381246662089
-1.09254596780346	0.796520943007553	-1.92263675898375
-0.451667048142214	2.34073395895323	4.48004882887007
-5.50240329594873	1.95315480277714	1.4526588845655
-5.77096208133059	3.47295338368811	1.53505760280766
1.51064316777295	2.52689402609293	-0.512703135729
-3.27763790341039	2.20340276188296	-1.5228503852903
3.34172579537652	2.67032883192187	-0.283817807278553
3.11589227130541	1.77004654001678	1.04371709773404
-0.125123979552911	1.3824673838407	0.378423743038071
-3.29594872968643	2.35294117647059	-1.07423514152743
-4.91035324635691	0.881971465629053	-2.65812161440452
-3.07316700999466	0.109864957656214	-12.4910353246357
-1.25123979552911	0.234988937209125	9.10658426794842
-5.66414892805371	0.576791027695125	-0.0366216525520714
-5.85641260395209	-1.75173571374075	-2.00503547722591
-4.21759365224689	-1.29396505683986	0.0305180437933928
-6.10971236743725	-0.89417868314641	-0.805676356145571
-16.2813763637751	-1.02235446707866	-8.8563363088426
6.35996032654307	-2.2919050888838	-3.15251392385748
-2.57572289616236	-2.84122987716487	-3.46990157930877
-5.99679560540169	-2.53299763485161	-1.71816586556802
1.4373998626688	-3.86053253986419	-1.85854886701762
-0.231937132829786	-2.37125200274662	-4.01922636758984
-3.83916990920882	-1.73342488746471	-2.2919050888838
-7.13817044327459	-2.1515220874342	-0.140383001449607
-6.33249408712901	-2.53299763485161	-3.09758144502937
-3.759822995346	-2.44754711223011	-6.93064774547952
-3.08537422751202	-2.30106050202182	5.99984740978103
-4.06195162890059	-1.41603723201343	-2.38345922026398
-0.59510185397116	-0.753795681696803	-1.87075608453498
-1.55642023346304	0.848401617456321	-2.56961928740368
0.463874265659571	2.49942778667887	6.25619897764553
-0.225833524071107	3.03349355306325	0.909437705043107
-15.371938658732	2.08133058670939	-1.31532768749523
6.12497138933394	-0.00610360875867857	-5.7801174944686
-2.86869611657893	1.94094758525978	4.22369726100557
-4.14435034714275	0.2563515678645	-2.21255817502098
0.198367284657053	-2.30106050202182	-6.152437628748
0.0579842832074464	-1.1810482948043	-5.2124818799115
-5.08735790035859	-2.11184863050278	-3.85748073548486
-6.03341725795377	-2.09658960860609	-10.1686121919585
-4.5136186770428	-1.75173571374075	3.62859540703441
-0.631723506523232	-3.00297550926986	-4.89204242008087
-2.90226596475166	-1.78835736629282	-1.36415655756466
-2.27359426260777	-3.50041962310216	0.122072175173571
-0.0823987182421607	-2.26443884946975	-0.588998245212482
-4.51972228580148	-2.91752498664836	-1.80666819256886
-8.05371175707637	-2.392614633402	-3.25627527275502
-4.00701915007248	-1.83108262760357	-1.45876249332418
-5.56038757915618	-1.40688181887541	-8.56031128404669
-8.7006942854963	-1.41298542763409	5.22468909742885
2.4780651560235	-0.711070420386053	-3.42107270923934
-1.58388647287709	-1.13527122911421	-3.36308842603189
-1.91653315022507	-0.241092545967803	0.466926070038911
-1.31837949187457	0.531013962005035	2.46585793850614
-1.08033875028611	1.37636377508202	0.375371938658732
-4.51667048142214	0.424200808728161	-4.56244754711223
-0.216678110933089	0.0396734569314107	-7.2327763790341
1.89211871519036	-0.833142595559625	6.44541084916457
-0.750743877317464	-1.65407797360189	-0.857557030594339
1.42519264515145	-2.14847028305486	0.265506981002518
2.85038529030289	-2.72526131074998	3.03959716182193
-10.1258869306477	-3.09758144502937	-0.955214770733196
8.07507438773175	-2.8046082246128	-2.34073395895323
-1.74258030060273	-2.94193942168307	-1.78225375753414
-3.54314488441291	-1.74868390936141	1.06813153276875
0.106813153276875	-2.60318913557641	-1.78530556191348
-0.195315480277714	-3.52483405813687	-1.68764782177462
-3.73235675593194	-3.3478294041352	-3.39055466544594
-2.71305409323262	-2.25223163195239	-5.56954299229419
-3.41496910048066	-2.34988937209125	0.149538414587625
-1.70901045243	-2.56046387426566	-2.08438239108873
-2.2369726100557	-1.96841382467384	-1.21766994735637
-1.78225375753414	-1.49843595025559	-0.302128633554589
-2.48722056916152	-1.29091325246052	-0.961318379491875
-1.43434805828946	-1.12306401159686	-6.67429617761502
2.36820019836728	0.720225833524071	3.30815594720378
1.48928053711757	1.12306401159686	4.83405813687343
0.567635614557107	1.22072175173571	-0.650034332799268
-0.717174029144732	1.30922407873655	6.28061341268025
0.222781719691768	1.18715190356298	4.13824673838407
1.75478751812009	-0.00305180437933928	2.34073395895323
1.43434805828946	-0.192263675898375	3.84222171358816
0.250247959105821	-1.97756923781186	1.41908903639277
1.08644235904479	-1.54726482032502	2.58487830930037
0.143434805828946	-2.17288471808957	-0.00915541313801785
-0.891126878767071	-1.95315480277714	0.143434805828946
1.09864957656214	-1.92568856336309	-3.32646677347982
1.46486610208286	-0.738536659800107	3.3478294041352
-0.561532005798428	-2.59098191805905	-1.97146562905318
-0.888075074387732	-2.78629739833677	1.36415655756466
-1.95315480277714	-5.13923857480736	-3.16777294575418
-2.79850461585412	-4.95002670328832	-4.84626535439078
-2.31631952391852	-5.15449759670405	5.4383154039826
-2.64591439688716	-4.61738002594034	-3.10063324940871
-2.83207446402686	-2.68253604943923	1.66323338673991
-3.46684977492943	-1.11390859845884	3.76592660410468
-13.9009689478904	-0.177004654001679	2.92057679102769
6.36301213092241	0.280766002899214	2.83207446402686
-8.2734416723888	0.537117570763714	2.84733348592355
3.62249179827573	-0.0396734569314107	6.5796902418555
0.518806744487678	-0.55542839703975	3.32341496910048
0.570687418936446	0.503547722590982	2.89311055161364
-1.86160067139696	-0.711070420386053	-1.79140917067216
-1.89211871519036	0.363164721141375	-6.34775310902571
-0.408941786831464	-0.93690394445716	-6.494239719234
-0.143434805828946	-0.97962920576791	-0.790417334248875
-0.0152590218966964	-0.296025024795911	-2.905317769131
1.0955977721828	-0.781261921110857	-0.491340505073625
-0.344853894865339	-1.8097199969482	0.46997787441825
-2.39871824216068	-1.49843595025559	-0.390630960555428
-0.994888227664607	-2.07827878233005	-10.281528953994
0.994888227664607	-2.14236667429618	5.38643472953384
-1.52895399404898	-3.06401159685664	-0.00610360875867857
-9.23170824750133	-2.65812161440452	1.99588006408789
-1.0955977721828	-2.02334630350195	2.99992370489052
2.86564431219959	-3.59807736324102	0.177004654001679
-1.62966353856718	-3.28679331654841	-1.14442664225223
2.41702906843671	-3.23796444647898	-4.73640039673457
4.74250400549325	-2.28885328450446	-0.0701915007248035
1.96231021591516	-0.827038986800946	-0.714122224765393
-2.09353780422675	-1.14442664225223	-0.900282291905089
3.40581368734264	0.479133287556268	-3.37834744792859
4.37628747997253	1.69680323491264	3.45464255741207
3.14030670634012	0.0152590218966964	0.335698481727321
4.09246967269398	-0.81177996490425	-4.08331425955596
-0.375371938658732	-1.99282825970855	-3.39665827420462
-0.320439459830625	-2.52689402609293	-0.12817578393225
-1.99588006408789	-3.72625314717327	-0.946059357595178
-9.34462500953689	-4.42206454566262	-1.8646524757763
7.29381246662089	-3.33562218661784	2.12405584802014
-1.20546272983902	-2.60624093995575	-0.125123979552911
-2.13321126115816	-3.34477759975586	-1.45571068894484
-4.08941786831464	-4.29388876173037	-5.19111924925612
-0.021362630655375	-4.5838101777676	-3.44853894865339
-5.18501564049744	-6.15854123750668	-0.814831769283589
-8.83192187380789	-6.50644693675135	-1.62661173418784
-2.41702906843671	-7.82482642862592	-10.9895475700008
-1.9806210421912	-5.79842832074464	-3.23491264209964
-4.272526131075	-5.10872053101396	-6.1219195849546
-1.7944609750515	-4.11383230334935	-1.16578927290761
-4.98359655146105	-3.62554360265507	0.021362630655375
-2.41092545967803	-3.10368505378805	1.00709544518196
-3.50652323186084	-2.25833524071107	4.69367513542382
-1.53200579842832	-2.14541847867552	-1.28480964370184
-13.870450904097	-2.30411230640116	-1.63576714732586
5.23384451056687	-3.22880903334096	-2.79240100709545
-2.38956282902266	-2.49942778667887	1.36415655756466
0.302128633554589	-2.51773861295491	-0.952162966353857
-1.13527122911421	-3.57976653696498	-1.367208361944
-0.833142595559625	-2.93278400854505	-0.924696726939803
2.1362630655375	-3.47600518806744	-0.784313725490196
-1.41298542763409	-2.54215304798962	-5.73739223315785
2.0355535210193	-1.09864957656214	3.17692835889219
1.10475318532082	-2.37430380712596	1.10170138094148
-1.33363851377127	-1.53505760280766	-1.19325551232166
0.634775310902571	-1.64797436484321	3.20439459830625
-2.42313267719539	-2.09964141298543	-1.66018158236057
-7.16563668268864	-3.04264896620127	-5.62142366674296
-5.40169375143053	-4.31830319676509	1.52590218966964
-0.906385900663767	-3.36308842603189	-0.354009308003357
-4.39765011062791	-4.12603952086671	4.00701915007248
0.976577401388571	-3.88799877927825	0.143434805828946
-1.07423514152743	-3.33562218661784	3.03654535744259
3.86358434424353	-3.69573510337987	-4.42206454566262
-1.64492256046387	-2.41702906843671	-2.27664606698711
-0.167849240863661	-1.84939345387961	0.00610360875867857
1.92263675898375	-2.38651102464332	-6.49729152361334
-1.48928053711757	-2.45365072098878	7.57152666514076
-1.11390859845884	-2.20340276188296	3.63164721141375
-2.23086900129702	-3.09758144502937	1.98672465094987
-3.22270542458228	-2.93583581292439	3.65606164644846
-7.5745784695201	-2.27359426260777	-0.372320134279393
7.690547035935	-2.33157854581521	5.69771877622644
-3.23796444647898	-1.3824673838407	-4.64789806973373
-0.46997787441825	0.308232242313268	3.29289692530709
2.08743419546807	-0.445563439383536	2.98771648737316
-3.38139925230793	-1.31532768749523	1.74868390936141
-4.72114137483787	-0.878919661249714	0.0823987182421607
-4.98970016021973	0.064087891966125	-0.323491264209964
4.28778515297169	-1.03150988021668	-0.158693827725643
-0.363164721141375	-2.06301976043336	-0.735484855420768
2.04165712977798	-2.17593652246891	-11.4869916838331
2.19729915312428	-3.32646677347982	5.67330434119173
0.787365529869535	-2.78019378957809	0.772106507972839
-5.02021820401312	-3.28068970778973	-2.54215304798962
-11.3374532692454	-2.87479972533761	2.05691615167468
6.14023041123064	-2.9907682917525	6.52170595864805
-1.83413443198291	-3.25932707713436	0.29907682917525
-0.146486610208286	-2.98771648737316	0.854505226215
0.98268101014725	-2.37430380712596	-1.22377355611505
0.958266575112535	-2.77714198519875	-4.44647898069734
-0.659189745937285	-1.64492256046387	4.4281681544213
-4.40070191500725	-0.848401617456321	0.701915007248035
-1.05897611963073	-1.19020370794232	0.460822461280232
5.64583810177768	0.50965133134966	4.48920424200809
0.204470893415732	-0.683604180972	2.96940566109712
2.20340276188296	-0.311284046692607	-5.88387884336614
2.13015945677882	-0.872816052491035	1.49233234149691
-5.28877698939498	-1.13832303349355	0.378423743038071
7.71190966659037	-1.33669031815061	-1.65712977798123
-0.720225833524071	-1.81887541008621	-0.857557030594339
-1.89822232394903	0.00305180437933928	3.72320134279393
0.802624551766232	-0.2563515678645	1.99588006408789
0.59510185397116	-1.21461814297704	-3.42107270923934
-2.48722056916152	-1.21461814297704	0.411993591210803
-2.72220950637064	-2.48722056916152	1.0955977721828
-2.05691615167468	-3.48210879682612	-3.03349355306325
-2.05996795605402	-3.3173113603418	-4.82185091935607
-2.50553139543755	-3.45159075303273	-3.09452964065003
-4.19928282597086	-2.76798657206073	-2.17898832684825
-3.69268329900053	-2.563515678645	-1.2970168612192
-3.75677119096666	-0.961318379491875	0.738536659800107
-6.26535439078355	-0.875867856870375	-0.497444113832303
-6.84824902723735	-0.265506981002518	-8.79224841687648
-6.28366521705959	0.378423743038071	0.793469138628214
-0.738536659800107	0.961318379491875	3.61028458075837
-3.82696269169146	0.271610589761196	5.81368734264134
-3.23491264209964	-0.0854505226215	3.73846036469062
-6.85130083161669	0.210574502174411	9.44838635843442
5.27962157625696	0.122072175173571	2.43839169909209
-0.650034332799268	0.9399557488365	6.32028686961166
3.26543068589303	0.363164721141375	3.54619668879225
6.95811398489357	1.53200579842832	2.98466468299382
5.25825894560159	1.97146562905318	2.69779507133593
2.08743419546807	0.436408026245518	0.354009308003357
0.372320134279393	1.42824444953079	-2.53910124361028
0.158693827725643	-1.1261158159762	-2.98771648737316
-3.28679331654841	-0.878919661249714	-0.186160067139696
-2.00503547722591	-0.656137941557946	-5.20332646677348
-6.63157091630427	-1.22377355611505	2.04776073853666
-15.7717250324254	-0.573739223315785	1.84328984512093
2.90836957351034	-1.65407797360189	-5.67940794995041
-3.67742427710384	-1.5533684290837	2.65506981002518
-1.65712977798123	-2.08438239108873	4.73029678797589
-2.2369726100557	-1.196307316701	2.17898832684825
-2.33768215457389	-1.06202792401007	-1.63576714732586
-2.42313267719539	-1.08339055466545	-2.10879682612345
-4.97444113832303	-0.0335698481727321	3.25627527275502
-0.55542839703975	-0.0823987182421607	2.17898832684825
-0.924696726939803	0.454718852521553	3.54009308003357
-0.402838178072786	1.98977645532921	1.91653315022507
0.222781719691768	2.89921416037232	2.050812542916
-12.8847180895705	3.41802090486	-5.27962157625696
12.664988174258	3.93987945372702	7.90722514686809
0.308232242313268	3.54924849317159	2.21866178377966
1.33363851377127	3.4882124055848	4.04364080262455
1.47402151522087	2.38956282902266	2.02639810788128
1.05592431525139	2.71305409323262	1.45571068894484
-1.99893186846723	1.91348134584573	-3.12199588006409
-5.36202029449912	0.494392309452964	-0.137331197070268
-3.59197375448234	-0.793469138628214	1.78225375753414
-2.81071183337148	-0.711070420386053	0.515754940108339
-1.8646524757763	-1.03150988021668	1.20241092545968
-9.3690394445716	-1.31837949187457	-2.40482185091936
-3.5736629282063	-1.5533684290837	-3.76897840848402
-4.50751506828412	-0.854505226215	-6.83299000534066
-8.22461280231937	-1.90432593270771	3.85442893110552
-0.0488288700694285	-3.15861753261616	-0.219729915312428
-3.96429388876173	-3.42412451361868	-0.585946440833143
-4.86762798504616	-3.33562218661784	-0.665293354695964
-6.14938582436866	-3.03654535744259	-2.59403372243839
-1.82192721446555	-0.7690547035935	-0.72327763790341
-0.881971465629053	-0.650034332799268	-3.55535210193027
0.100709544518196	1.25734340428779	5.76180666819257
-1.25734340428779	2.05691615167468	2.62455176623178
0.924696726939803	0.799572747386893	2.60318913557641
-6.5644312199588	0.881971465629053	4.25421530479896
6.73838406958114	1.87685969329366	2.0660715648127
0.0946059357595178	0.985732814526589	-2.14541847867552
-0.93690394445716	0.326543068589303	-7.26024261844816
-0.952162966353857	0.314335851071946	7.95300221255818
3.99481193255512	0.7690547035935	-0.381475547417411
2.09353780422675	1.64797436484321	0.540169375143053
-1.25734340428779	1.83413443198291	2.77409018081941
-1.13832303349355	0.720225833524071	0.814831769283589
3.47295338368811	1.66933699549859	-2.40482185091936
-2.79850461585412	0.689707789730678	-0.390630960555428
-9.45143816281376	-0.296025024795911	-3.27458609903105
2.08743419546807	-1.25123979552911	0.89723048752575
-3.20744640268559	-1.68154421301595	-5.30708781567102
-1.90737773708705	-0.97962920576791	1.7242694743267
1.83718623636225	-0.7690547035935	-2.69474326695659
2.42008087281605	-1.12916762035554	-9.80544747081712
-0.97962920576791	-0.164797436484321	8.13916227969787
-5.45662623025864	0.762951094834821	0.738536659800107
-1.13221942473487	-0.421149004348821	-0.021362630655375
-1.17189288166629	-1.14137483787289	3.92462043183032
-0.967421988250553	-0.320439459830625	3.61638818951705
3.26543068589303	-0.366216525520714	2.07217517357137
-1.47402151522087	0.146486610208286	-0.927748531319142
-6.16464484626535	2.31631952391852	0.38452735179675
1.71816586556802	2.94804303044175	1.7944609750515
