6.38437476157778	2.65812161440452	-2.43991760128176
5.52529182879377	4.40985732814527	1.59151598382544
6.58274204623484	4.10772869459068	2.23086900129702
5.70077058060578	4.09552147707332	-2.18204013122759
6.60410467689021	4.71808957045853	4.27710383764401
3.45159075303273	2.19119554436561	-2.28122377355611
3.84679942015717	1.35957885099565	-1.07118333714809
3.46684977492943	0.332646677347982	0.0885023270008393
1.37636377508202	-0.872816052491035	-4.8401617456321
0.776684214541848	1.40535591668574	2.97093156328679
1.2161440451667	2.35904478522927	-2.72373540856031
1.27565423056382	3.64843213550011	-0.193789578088045
1.68001831082628	4.73334859235523	1.6937514305333
1.14137483787289	3.52635996032654	-3.68200198367285
1.35652704661631	3.52025635156786	3.15709163042649
1.03303578240635	2.39719233997101	-1.30006866559854
1.80209048599985	1.96841382467384	1.04371709773404
0.0167849240863661	1.59609369039445	2.43228809033341
-0.648508430609598	1.36110475318532	-2.26901655603876
1.15510795757992	2.3224231326772	3.38139925230793
0.225833524071107	2.26138704509041	-0.482185091935607
0.221255817502098	1.62966353856718	0.0366216525520714
1.33516441596094	2.7191577019913	3.58739604791333
-0.305180437933928	1.64187075608453	-1.66475928892958
1.42977035172045	3.46379797055009	4.9210345616846
2.17898832684825	3.31883726253147	0.0350957503624018
1.17494468604562	4.00701915007248	1.0955977721828
1.16273746852827	4.93781948577096	3.11894407568475
-0.408941786831464	4.14892805371176	-1.15815976195926
0.265506981002518	3.70794232089723	4.1367208361944
-0.187685969329366	3.05333028152895	-0.646982528419928
0.277714198519875	1.99435416189822	1.51674677653162
1.89669642175937	3.00144960708019	3.4531166552224
1.73647669184405	2.53910124361028	-2.09964141298543
3.76592660410468	4.49683375295644	5.29182879377432
2.07522697795071	4.89509422446021	0.752269779507134
4.35339894712749	5.71908140688182	1.97451743343252
5.70077058060578	7.25261310749981	3.58587014572366
3.88494697489891	6.40421149004349	-0.657663843747616
5.43068589303426	6.90928511482414	5.76180666819257
3.6240177004654	5.74349584191653	1.22835126268406
3.92309452964065	5.82589456015869	0.907911802853437
2.98313878080415	5.84267948424506	2.53757534142061
2.40177004654002	5.67940794995041	-0.448615243762875
4.57007705806058	7.14579995422293	5.4337376974136
6.98863202868696	7.97283894102388	1.7441062027924
6.23025864042115	9.9671931029221	3.27306019684138
6.50492103456168	10.3273060196841	6.25925078202487
3.12962539101244	8.34668497749294	0.0915541313801785
2.99839780270085	8.47028305485618	5.28877698939498
2.63675898374914	6.86655985351339	1.34737163347829
1.01777676050965	7.18699931334401	4.73640039673457
2.24765392538338	7.15342946517128	6.95201037613489
2.45212481879912	6.54001678492409	2.40024414435035
3.8956282902266	7.2281986724651	7.70275425345235
2.50095368886854	5.58632791638056	0.740062561989776
3.79644464789807	6.74601358052949	3.68963149462119
4.37476157778286	5.78927290760662	4.49073014419776
3.32646677347982	4.67078660257877	-1.03608758678569
5.17586022735943	6.23331044480049	6.28976882581826
3.48058289463645	3.63469901579309	0.698863202868696
1.43434805828946	3.82848859388113	5.56496528572518
3.39360646982528	4.32593270771344	6.40268558785382
0.103761348897536	3.34325169756619	4.10467689021134
0.965896086060884	3.70336461432822	6.14175631342031
-0.00610360875867857	2.04928664072633	-0.883497367818723
0.180056458381018	2.27359426260777	0.0198367284657053
1.87075608453498	2.75883115892271	2.68711375600824
-0.727855344472419	2.67795834287022	-0.920119020370794
0.157167925535973	3.75066758220798	6.09445334554055
-1.15205615320058	0.59510185397116	-0.955214770733196
-1.90280003051804	0.434882124055848	1.22377355611505
-2.5986114290074	0.355535210193027	2.4933241779202
-1.8448157473106	-0.833142595559625	-2.7542534523537
0.715648126955062	1.23598077363241	4.90119783321889
-0.759899290455482	0.318913557640955	0.230411230640116
-1.39925230792706	-0.450141145952544	2.50247959105821
-1.6586556801709	-1.58693827725643	2.04470893415732
-2.14389257648585	-2.62302586404211	-2.15457389181353
-2.34378576333257	-3.28831921873808	2.83360036621653
-2.47348744945449	-3.22728313115129	-0.244144350347143
-1.96383611810483	-1.70138094148165	3.53551537346456
-1.07270923933776	0.154116121156634	7.94995040817884
-3.45159075303273	-1.49080643930724	1.29396505683986
-4.36713206683452	-0.431830319676509	7.62645914396887
-3.77203021286336	-1.05745021744106	1.8997482261387
-1.05897611963073	-1.33058670939193	2.79392690928511
-1.47554741741054	-2.24917982757305	4.67383840695811
-0.617990386816205	-2.29953459983215	0.611886778057527
-0.993362325474937	-0.656137941557946	4.73029678797589
-1.00709544518196	-0.97962920576791	0.859082932784008
-1.60677500572213	-0.433356221866178	-0.866712443732357
-1.90432593270771	0.614938582436866	1.1459525444419
-5.03700312809949	-0.508125429159991	-3.94903486686503
-3.22880903334096	0.842298008697642	3.08079652094301
-3.17235065232319	0.386053253986419	-2.17593652246891
-4.38696879530022	-0.494392309452964	-0.817883573662928
-4.7348744945449	-0.715648126955062	1.74715800717174
-3.03196765087358	-2.1011673151751	-5.54360265506981
-2.85954070344091	-0.776684214541848	1.72732127870604
-2.96025024795911	-1.61898222323949	-4.03448538948653
-1.9302662699321	0.833142595559625	-1.0757610437171
-1.70595864805066	1.9302662699321	1.11848630502785
-2.88700694285496	-0.0869764248111696	-3.44701304646372
-1.39467460135805	0.704966811627375	2.96940566109712
-4.15503166247044	-3.13572899977111	-5.10566872663462
-4.93781948577096	-3.30663004501411	-0.363164721141375
-5.1773861295491	-4.56549935149157	-1.17341878385595
-6.17074845502403	-5.68551155870909	-4.96833752956436
-5.44594491493095	-4.88441290913253	0.190737773708705
-5.98306248569467	-7.32433051041428	-4.45563439383536
-5.78774700541695	-6.92454413672084	-4.89662012664988
-4.87678339818418	-5.25520714122225	-2.5482566567483
-4.99427786678874	-4.30457007705806	-5.3177691309987
-2.78019378957809	-2.25070572976272	0.758373388265812
-3.13267719539178	-2.87785152971695	-4.10772869459068
-1.68917372396429	-1.50606546120394	-1.85091935606928
-1.85397116044862	-0.250247959105821	2.50705729762722
-1.21919584954604	-0.221255817502098	-5.21553368429084
1.0406652933547	2.14999618524453	1.00099183642329
-1.30769817654688	2.67338063630121	-4.49835965514611
-1.12916762035554	3.27916380560006	-2.13015945677882
-0.132753490501259	2.93125810635538	-1.49996185244526
-2.30869001297017	0.608834973678187	-4.31372549019608
-2.91905088883803	1.29854276340887	2.38193331807431
-1.45876249332418	0.112916762035554	-2.00961318379492
-1.19935912108034	1.879911497673	0.445563439383536
-1.90280003051804	1.47554741741054	0.888075074387732
-2.78629739833677	0.291447318226902	-1.98367284657053
-0.500495918211643	0.241092545967803	1.82345311665522
-2.33310444800488	-1.51979858091096	-4.1519798580911
-0.106813153276875	-2.12558175020981	-1.62508583199817
0.859082932784008	-2.57267109178302	-1.06660563057908
0.737010757610437	-2.86869611657893	-4.88136110475319
1.27718013275349	-1.08796826123445	0.944533455405508
1.73495078965438	-0.758373388265812	-2.48111696040284
1.16578927290761	-0.0549324788281071	-2.22781719691768
1.10933089188983	1.3015945677882	1.37636377508202
-0.868238345922026	0.862134737163348	-2.50553139543755
-0.51117723353933	2.62455176623178	3.32036316472114
-1.03303578240635	1.60524910353246	1.53658350499733
-0.743114366369116	1.7944609750515	1.2161440451667
-0.454718852521553	2.4780651560235	4.78675516899367
1.91805905241474	2.84580758373388	0.0915541313801785
2.15304798962387	3.43022812237736	4.45258258945602
-0.381475547417411	1.46028839551385	-2.41397726405737
-1.10475318532082	-0.149538414587625	-0.495918211642634
-1.30312046997787	-0.0701915007248035	0.112916762035554
-1.27565423056382	-1.06355382619974	-4.36865796902419
2.00503547722591	-0.448615243762875	3.65300984206912
0.616464484626535	-2.11947814145113	-2.28274967574578
1.36568245975433	-2.38193331807431	0.0442511635004196
0.886549172198062	-2.29495689326314	1.69527733272297
-3.02281223773556	-4.53345540550851	-6.29739833676661
-2.08896009765774	-3.8956282902266	-1.18257419699397
-1.51979858091096	-3.98565651941711	-6.63309681849393
0.907911802853437	-2.06759746700237	-0.785839627679866
2.00503547722591	-1.99130235751888	0.706492713817044
1.20088502327001	-2.77714198519875	-1.7593652246891
1.73647669184405	-2.49485008010986	4.13061722743572
1.10322728313115	-3.73083085374228	-2.1011673151751
1.48165102616922	-3.4531166552224	-2.23849851224537
2.05996795605402	-1.35042343785763	0.572213321126116
1.1306935225452	-0.81177996490425	-5.4886701762417
2.3422598611429	0.613412680247196	1.56099794003204
-1.98825055313954	-1.47096971084154	-3.21355001144427
-3.2974746318761	-0.387579156176089	-0.225833524071107
-3.10215915159838	-0.869764248111696	2.3270008392462
-3.56603341725795	-1.42366674296178	-3.56298161287861
-1.02082856488899	0.885023270008392	2.2415503166247
-1.34126802471962	0.480659189745937	-2.77561608300908
-0.202944991226062	1.95773250934615	2.05233844510567
-1.5030136568246	3.08537422751202	5.78622110322728
-2.61539635309377	1.92416266117342	1.74258030060273
-2.39871824216068	3.46227206836042	6.12039368276493
-2.83817807278553	1.68307011520562	0.567635614557107
-3.46074616617075	0.263981078812848	-0.152590218966964
-2.40177004654002	-0.958266575112535	0.379949645227741
-3.89105058365759	-4.21301594567788	-6.23941405355917
-2.89616235599298	-2.07370107576104	1.75631342030976
-0.601205462729839	-2.14389257648585	-4.19928282597086
-1.53047989623865	-1.32753490501259	-4.12298771648737
-0.975051499198901	0.175478751812009	0.0305180437933928
-1.58541237506676	-0.704966811627375	-5.33455405508507
-1.13527122911421	-0.529488059815366	-0.148012512397955
-3.83154039826047	-1.66018158236057	-5.35439078355077
-3.78423743038071	-1.56099794003204	-3.63622491798276
-2.27359426260777	-0.921644922560464	-1.53963530937667
-2.84733348592355	-0.700389105058366	-3.1464103150988
-1.13832303349355	1.23445487144274	3.70336461432822
-1.38399328603037	1.86617837796597	-2.96787975890745
0.117494468604562	1.42519264515145	-2.21560997940032
-1.19478141451133	2.23849851224537	-0.556954299229419
-2.09506370641642	1.39162279697871	-7.57915617608911
-1.12916762035554	1.15663385976959	0.408941786831464
-1.48470283054856	1.29243915465019	-0.845349813076982
-0.573739223315785	2.36514839398795	3.59349965667201
0.292973220416571	3.20439459830625	6.2378881513695
-0.627145799954223	3.32494087129015	3.32341496910048
0.524910353246357	3.90173189898527	5.78316929884794
-0.314335851071946	2.34531166552224	0.0961318379491875
-0.0366216525520714	1.51522087434195	0.0946059357595178
-0.421149004348821	0.181582360570687	-0.575265125505455
-0.753795681696803	-1.0605020218204	-5.61532005798428
-0.532539864194705	-0.935378042267491	-1.02235446707866
-2.90074006256199	-0.93690394445716	-7.05119401846342
-2.50705729762722	-1.03608758678569	-5.25673304341192
-3.40733958953231	-1.50911726558328	-3.930724040589
-4.34424353398947	-3.93224994277867	-9.21950102998398
-2.68558785381857	-3.46379797055009	-2.53757534142061
-4.63874265659571	-4.45410849164569	-8.35736629282063
-2.65812161440452	-3.32494087129015	-4.49530785076677
-2.37582970931563	-2.25833524071107	-3.27916380560006
-2.61081864652476	-2.25986114290074	-5.70534828717479
-1.04676890211337	-2.10879682612345	0.0473029678797589
-2.11032272831312	-4.54261081864652	-6.12497138933394
-1.59456778820478	-4.37628747997253	-2.11032272831312
-3.03654535744259	-3.44853894865339	0.404364080262455
-4.06805523765927	-4.31219958800641	-5.23537041275654
-2.19577325093462	-1.2970168612192	-0.0381475547417411
-4.10315098802167	-0.953688868543526	-4.26337071793698
-4.95002670328832	-0.346379797055009	-1.82803082322423
-3.73693446250095	0.886549172198062	-0.00152590218966964
-4.43579766536965	0.0244144350347143	-4.11993591210803
-2.93125810635538	1.27107652399481	2.72373540856031
-3.61638818951705	0.0885023270008393	-2.07370107576104
-1.84634164950027	-1.11848630502785	-0.0915541313801785
-3.06706340123598	-1.16884107728695	0.570687418936446
-5.15907530327306	-2.38040741588464	-2.77561608300908
-3.15403982604715	-1.22224765392538	4.98207064927138
-4.99427786678874	-3.14335851071946	-0.457770656900893
-4.64484626535439	-1.88906691081102	-0.463874265659571
-0.285343709468223	0.21210040436408	5.07362478065156
-1.63424124513619	-0.698863202868696	-3.05333028152895
-1.17341878385595	0.491340505073625	1.17036697947662
-0.514229037918669	0.828564888990616	-0.439459830624857
0.0198367284657053	0.228885328450446	-0.799572747386893
-0.379949645227741	0.239566643778134	0.117494468604562
-1.90280003051804	-1.73037308308537	-3.86816205081254
-1.70138094148165	-1.7792019531548	2.68101014724956
-1.4175631342031	-2.50705729762722	-3.68810559243153
-1.08796826123445	-2.2919050888838	-0.903334096284428
0.0183108262760357	-1.70138094148165	2.47501335164416
0.582894636453803	-1.3824673838407	-0.720225833524071
-1.07728694590677	0.617990386816205	6.69108110170138
-1.69680323491264	-1.24208438239109	0.848401617456321
-2.84428168154421	-1.33363851377127	1.51827267872129
-2.16220340276188	0.0701915007248035	4.60822461280232
-2.03097581445029	-1.30312046997787	-1.09102006561379
-0.279240100709545	-1.03150988021668	4.25116350041962
0.700389105058366	-0.674448767833982	-0.717174029144732
2.221713588159	1.4175631342031	3.08384832532235
3.72930495155261	2.27054245822843	5.76943617914092
0.914015411612116	2.82444495307851	0.209048599984741
4.42206454566262	5.94338902876326	8.16968032349126
4.28778515297169	4.96528572518502	0.314335851071946
2.77409018081941	3.86968795300221	2.12405584802014
3.39818417639429	4.07873655298695	4.87678339818418
3.19523918516823	2.14999618524453	1.23750667582208
3.42412451361868	1.87228198672465	4.59449149309529
2.38651102464332	1.22529945830472	-0.202944991226062
1.86007476920729	0.231937132829786	0.578316929884794
0.451667048142214	-0.813305867093919	2.905317769131
-1.59304188601511	-2.98008697642481	-4.4785229266804
-1.66475928892958	-2.12405584802014	1.79140917067216
-3.16472114137484	-3.09300373846036	-2.86411841000992
-2.04165712977798	-1.31380178530556	0.186160067139696
-0.996414129854276	-1.0452429999237	2.10574502174411
-2.92668039978637	-2.06912336919203	-3.32341496910048
-1.66018158236057	-1.92111085679408	1.98977645532921
-3.37987335011826	-4.8050659952697	-3.42412451361868
-4.27100022888533	-5.93881132219425	-1.78225375753414
-5.4184786755169	-6.17074845502403	-1.10933089188983
-4.61127641718166	-5.99221789883268	-5.67177843900206
-2.67795834287022	-4.65400167849241	-0.561532005798428
-3.28984512092775	-3.57824063477531	-3.06248569466697
-0.253299763485161	-2.0706492713817	-0.549324788281071
0.225833524071107	-0.604257267109178	2.25528343633173
-0.999465934233616	-0.451667048142214	-1.17799649042496
-0.318913557640955	0.337224383916991	3.88189517051957
-1.08796826123445	-0.282291905088884	-2.64438849469749
0.0823987182421607	-0.244144350347143	-0.654612039368276
0.653086137178607	-0.271610589761196	-0.158693827725643
-1.16578927290761	-2.70389868009461	-4.57007705806058
-1.63424124513619	-2.85954070344091	1.56099794003204
-1.50759136339361	-3.49584191653315	-4.09857328145266
-1.3015945677882	-3.61028458075837	-2.92210269321736
-0.433356221866178	-2.19729915312428	0.186160067139696
-1.47859922178988	-2.96025024795911	-6.31113145647364
0.741588464179446	-1.39620050354772	0.262455176623178
-0.778210116731518	-2.7542534523537	-4.53345540550851
-2.63828488593881	-2.51468680857557	-3.0258640421149
-3.32951857785916	-2.66269932097353	-2.90989547570001
-6.03952086671244	-3.17387655451286	-6.79636835278859
-6.56137941557946	-1.3321126115816	-1.90280003051804
-5.90981918059052	-1.50759136339361	-5.09498741130693
-5.47188525215534	-1.56404974441138	-4.67841611352712
-4.91035324635691	-1.27565423056382	-0.0396734569314107
-4.41901274128328	-1.84328984512093	-4.35187304493782
-2.79392690928511	-0.323491264209964	1.12306401159686
-4.14282444495308	0.117494468604562	-3.6942092011902
-4.02380407415885	1.06202792401007	-1.10627908751049
-3.79644464789807	1.67849240863661	0.625619897764553
-2.55130846112764	0.671396963454643	-3.63775082017243
-1.9851987487602	2.13931486991684	3.00755321583886
-3.3524071107042	0.323491264209964	-1.24818799114977
-4.95918211642634	0.361638818951705	0.588998245212482
-3.32036316472114	0.413519493400473	-1.12001220721752
-4.63721675440604	1.42214084077211	-4.68604562447547
-3.72777904936294	2.55130846112764	0.0900282291905089
-5.27046616311894	1.44197756923781	-7.35942626077668
-4.89662012664988	2.22629129472801	-4.07110704203861
-5.0919356069276	2.03860532539864	-0.460822461280232
-6.35233081559472	1.64797436484321	-5.94491493095293
-5.18196383611811	1.99130235751888	-0.955214770733196
-5.09803921568627	1.63424124513619	-6.09597924773022
-5.38643472953384	1.06355382619974	-4.73182269016556
-4.94850080109865	1.14290074006256	-2.24460212100404
-8.24139772640574	-0.135805294880598	-6.02883955138476
-4.70283054856184	0.270084687571527	0.990310521095598
-6.19363698786908	-0.320439459830625	-3.72625314717327
-5.04921034561685	-0.0350957503624018	-2.81071183337148
-4.87525749599451	0.407415884641794	-0.0915541313801785
-4.69214923323415	0.770580605783169	-4.78828107118334
-3.52178225375753	2.16678110933089	0.541695277332723
-3.92004272526131	0.633249408712901	-3.23338673990997
-0.720225833524071	2.60318913557641	-1.8997482261387
-0.556954299229419	3.54772259098192	1.16426337071794
-0.401312275883116	1.53200579842832	-5.55580987258717
0.80872816052491	3.40886549172198	1.00556954299229
0.151064316777295	2.56046387426566	-4.70740825513085
-1.82497901884489	4.01922636758984	-1.87533379110399
-1.00709544518196	3.67742427710384	1.8097199969482
-3.48363469901579	3.20439459830625	-1.99740596627756
-1.92721446555276	4.82948043030442	4.97291523613336
-1.38399328603037	6.3080796520943	0.364690623331044
0.807202258335241	7.22362096589609	3.1616693369955
0.866712443732357	7.68139162279698	3.8803692683299
0.636301213092241	7.42809185931182	-1.48928053711757
2.70237277790494	7.44640268558785	3.62249179827573
0.396734569314107	4.35034714274815	-2.4780651560235
1.12764171816587	4.45105668726635	0.260929274433509
0.746166170748455	2.49637598229953	-0.0930800335698482
-0.984206912336919	1.38399328603037	-2.69626916914626
-1.57167925535973	2.72526131074998	4.89509422446021
-2.87632562752728	1.22682536049439	-1.49691004806592
-2.25986114290074	1.47859922178988	1.13221942473487
-1.65102616922255	3.11436636911574	4.54108491645685
-0.704966811627375	2.43686579690242	-2.10421911955444
-0.903334096284428	3.42717631799802	5.6748302433814
-2.12558175020981	2.79545281147478	-0.685130083161669
-1.47859922178988	3.24406805523766	0.877393759060044
-1.82345311665522	2.5284199282826	0.163271534294652
-2.75577935454337	1.81124589913787	-6.20584420538643
-2.36057068741894	1.7792019531548	-0.335698481727321
-1.65102616922255	0.706492713817044	-4.51819638361181
-1.07881284809644	0.654612039368276	-1.08033875028611
0.0762951094834821	2.22018768596933	2.38498512245365
-0.204470893415732	2.2919050888838	-0.280766002899214
0.273136491950866	2.67948424505989	5.13923857480736
0.453192950331884	2.47348744945449	-0.430304417486839
-0.0411993591210803	2.77256427862974	1.80056458381018
-0.505073624780652	3.35698481727321	3.61486228732738
-1.33058670939193	2.45517662317845	-2.86259250782025
0.486762798504616	4.60822461280232	5.96475165941863
-1.33821622034028	4.88746471351186	0.535591668574044
-1.76089112687877	5.2475776302739	2.26596475165942
-1.05134660868238	6.21194781414511	3.93682764934768
-0.0976577401388571	5.70840009155413	-0.874341954680705
1.6083009079118	7.82940413519493	7.22209506370642
1.86617837796597	6.16922255283436	2.83360036621653
2.13168535896849	4.07873655298695	3.80865186541543
1.4023041123064	3.54924849317159	5.53139543755245
-0.604257267109178	0.685130083161669	-1.68917372396429
-1.24208438239109	0.263981078812848	2.14389257648585
-1.48622873273823	-0.614938582436866	-2.88548104066529
-0.234988937209125	0.451667048142214	-1.54116121156634
0.135805294880598	1.42519264515145	1.81124589913787
-0.392156862745098	1.2115663385977	-0.592050049591821
-1.19478141451133	1.82192721446555	6.46982528419928
-0.0366216525520714	2.3422598611429	1.09712367437247
1.08796826123445	2.78171969176776	4.54108491645685
0.00915541313801785	2.67948424505989	7.48149843595026
-1.03303578240635	1.27107652399481	1.80056458381018
0.804150453955901	2.46433203631647	7.53795681696803
-0.585946440833143	2.27664606698711	1.68154421301595
-0.25787747005417	2.31174181734951	1.68917372396429
-0.234988937209125	3.24864576180667	2.64286259250782
0.59662775616083	2.68253604943923	-3.49889372091249
2.33005264362554	4.70283054856184	2.09353780422675
1.5533684290837	2.86717021438926	-2.51010910200656
2.07370107576104	3.78728923476005	3.22575722896162
2.28885328450446	3.78118562600137	2.36972610055695
-0.300602731364919	2.6138704509041	-2.80918593118181
2.20492866407263	2.06301976043336	4.07263294422827
1.39314869916838	1.37788967727169	-2.88700694285496
2.61234454871443	2.6688029297322	-0.328068970778973
3.79797055008774	2.61844815747311	2.88700694285496
4.1519798580911	4.03143358510719	-2.09506370641642
6.4637216754406	5.97085526817731	6.31570916304265
4.17639429312581	3.73083085374228	0.439459830624857
4.68146791790646	4.39459830624857	3.27000839246204
3.23338673990997	3.91851682307164	5.39864194705119
2.1515220874342	3.97344930189975	0.776684214541848
2.00350957503624	5.47035934996567	5.58785381857023
1.37331197070268	5.13313496604868	-0.64087891966125
1.78683146410315	5.79690241855497	2.60013733119707
2.23392080567636	7.28770885786221	2.71763179980163
-0.573739223315785	6.65751125352865	-0.72480354009308
1.38399328603037	7.13511863889525	5.39559014267186
-0.906385900663767	5.59548332951858	1.00251773861295
1.08033875028611	5.2628366521706	2.05844205386435
2.41702906843671	4.8554207675288	2.93125810635538
2.09811551079576	2.81834134431983	-2.79545281147478
2.8900587472343	3.54161898222324	2.30869001297017
2.39108873121233	2.84428168154421	-4.02990768291752
2.17441062027924	4.21606775005722	1.40077821011673
0.622568093385214	3.6942092011902	2.07522697795071
0.941481651026169	3.8803692683299	-0.251773861295491
1.94247348744945	5.4032196536202	7.41741054398413
2.03860532539864	4.94392309452964	3.50194552529183
1.09407186999313	4.50293736171511	5.61226825360494
1.04676890211337	3.94293125810636	3.39360646982528
-1.82345311665522	3.68505378805219	0.0976577401388571
-1.60067139696345	3.87731746395056	3.45922026398108
-1.45418478675517	1.81124589913787	-3.66063935301747
-1.24208438239109	1.50148775463493	-3.0960555428397
0.364690623331044	1.20851453421836	0.325017166399634
1.19325551232166	-0.100709544518196	-4.20233463035019
1.20393682764935	0.279240100709545	1.4724956130312
-2.35446707866026	-1.17799649042496	-5.58785381857023
-1.85549706263828	-0.965896086060884	-1.60219729915312
-1.49691004806592	0.201419089036393	-2.06759746700237
-1.95773250934615	-0.0167849240863661	-2.6993209735256
-2.27054245822843	0.964370183871214	2.22934309910735
0.300602731364919	1.73037308308537	-1.75478751812009
-0.502021820401312	2.48722056916152	1.74868390936141
-0.411993591210803	1.85091935606928	1.70138094148165
-0.929274433508812	0.560006103608759	-3.16624704356451
-0.550850690470741	0.857557030594339	3.21660181582361
-1.42214084077211	-0.138857099259937	-3.8101777676051
1.38094148165103	-0.0976577401388571	-1.27412832837415
1.39009689478904	0.459296559090562	0.881971465629053
-0.759899290455482	0.0793469138628214	-3.56145571068894
0.186160067139696	1.58236057068742	3.97192339971008
0.253299763485161	0.733958953231098	-0.344853894865339
0.636301213092241	0.817883573662928	-0.0152590218966964
0.189211871519036	1.24971389333944	1.93484397650111
-2.18204013122759	-0.108339055466545	-1.90280003051804
0.805676356145571	1.78988326848249	3.03349355306325
-0.482185091935607	1.87533379110399	-6.70176241702907
-0.758373388265812	2.44754711223011	3.22880903334096
0.271610589761196	3.7949187457084	1.97756923781186
0.89570458533608	3.247119859617	-4.69214923323415
2.54215304798962	3.71709773403525	2.74662394140536
-0.268558785381857	1.31227588311589	-3.74303807125963
-2.79240100709545	0.55542839703975	-1.32143129625391
-1.21919584954604	0.55542839703975	-0.0442511635004196
-4.05584802014191	-0.634775310902571	-4.72419317921721
-1.10170138094148	1.78225375753414	2.95262073701076
-1.19478141451133	0.961318379491875	-4.97749294270237
0.29755092698558	1.879911497673	-2.07980468451972
0.929274433508812	1.84328984512093	-0.0656137941557946
-1.66323338673991	-0.582894636453803	-4.48462653543908
-0.666819256885634	-1.57473105973907	1.07118333714809
-1.69222552834363	-0.646982528419928	-1.25734340428779
-2.0157167925536	-0.997940032043946	-1.66323338673991
-2.04318303196765	-0.135805294880598	-0.654612039368276
-0.72480354009308	0.0701915007248035	-6.58121614404517
0.761425192645151	1.62813763637751	1.17036697947662
-0.823987182421607	0.857557030594339	-4.99885557335775
-0.793469138628214	0.744640268558785	0.285343709468223
-0.303654535744259	1.72579537651637	1.74715800717174
-0.848401617456321	0.364690623331044	-2.75577935454337
1.37026016632334	2.94193942168307	4.01922636758984
-1.27565423056382	1.91805905241474	-1.68154421301595
1.34279392690929	2.28427557793545	1.28938735027085
2.82291905088884	2.82749675745785	4.16723887998779
1.7288471808957	1.32600900282292	-2.21408407721065
1.25276569771878	2.01113908598459	1.86312657358663
-1.40077821011673	-0.692759594110018	-3.30968184939345
-0.146486610208286	-0.737010757610437	-2.21560997940032
-0.944533455405508	-0.512703135729	-0.643930724040589
-0.744640268558785	-1.73189898527504	-2.82444495307851
2.93278400854505	0.888075074387732	3.73846036469062
4.11993591210803	0.72632944228275	-2.45975432974746
3.9505607690547	1.95620660715648	0.483710994125277
3.12809948882277	1.27718013275349	1.33058670939193
2.64591439688716	0.51117723353933	-1.44502937361715
1.89211871519036	1.07423514152743	1.10933089188983
1.43587396047913	-0.289921416037232	-2.10269321736477
0.732433051041428	-0.170901045243	-1.04371709773404
1.52590218966964	2.00198367284657	1.09864957656214
1.61135271229114	1.94094758525978	-2.69474326695659
1.93636987869078	2.11032272831312	3.64690623331044
2.46890974288548	1.95468070496681	1.47096971084154
1.9653620202945	2.4277103837644	3.5736629282063
1.89822232394903	2.17746242465858	2.21103227283131
1.3870450904097	0.285343709468223	-0.202944991226062
1.19020370794232	1.42671854734112	6.17837796597238
-1.94552529182879	-0.164797436484321	1.56557564660105
-0.392156862745098	-0.183108262760357	1.99282825970855
-0.935378042267491	-1.24971389333944	2.73289082169833
-3.0914778362707	-2.69474326695659	-2.77256427862974
-2.36667429617762	-2.82291905088884	1.20851453421836
-2.26291294728008	-3.76440070191501	-5.88693064774548
-2.37888151369497	-4.34119172961013	-3.47142748149844
-0.793469138628214	-3.27763790341039	0.0167849240863661
-2.28274967574578	-2.81071183337148	-4.73792629892424
-1.92416266117342	-0.605783169298848	2.92210269321736
-1.94705119401846	-0.614938582436866	-2.15915159838254
-0.917067215991455	0.12664988174258	-1.46028839551385
-1.25123979552911	0.224307621881437	1.22072175173571
-1.46334019989319	-0.843823910887312	-3.37682154573892
-0.152590218966964	-0.350957503624018	3.01213092240787
-1.13374532692454	-1.06813153276875	-1.24513618677043
0.372320134279393	-0.915541313801785	0.158693827725643
1.23445487144274	-0.161745632104982	0.662241550316625
-1.04371709773404	-0.794995040817884	-6.46677347981994
1.13679713130388	-0.953688868543526	0.608834973678187
-0.140383001449607	-2.74204623483635	-5.41542687113756
-0.924696726939803	-3.65300984206912	-2.82597085526818
-0.97962920576791	-4.101625085832	-1.95315480277714
-0.379949645227741	-5.04005493247883	-6.31113145647364
-0.180056458381018	-4.14587624933242	-1.1810482948043
-0.836194399938964	-5.70382238498512	-5.36049439230945
-2.45212481879912	-5.53139543755245	-3.95666437781338
-1.56557564660105	-4.58686198214694	-0.866712443732357
-2.33463035019455	-4.35950255588617	-3.40886549172198
0.360112916762036	-2.16678110933089	2.87785152971695
0.0671396963454643	-2.80766002899214	-1.39467460135805
2.06912336919203	-0.89723048752575	3.02128633554589
2.38956282902266	-0.080872816052491	4.04669260700389
1.5579461356527	-1.59914549477379	0.0518806744487678
1.79140917067216	0.115968566414893	5.87930113679713
2.01113908598459	-1.45876249332418	1.1810482948043
1.64797436484321	-2.17288471808957	1.16884107728695
0.209048599984741	-1.46028839551385	0.688181887541009
0.55542839703975	-2.56046387426566	-3.03196765087358
-0.416571297779812	-1.78988326848249	2.95109483482109
-0.416571297779812	-2.04013122758831	-1.66475928892958
0.440985732814527	-0.81177996490425	3.11894407568475
1.0406652933547	0.436408026245518	4.85236896314946
0.656137941557946	-0.155642023346304	-0.473029678797589
1.23292896925307	1.07423514152743	4.81422140840772
1.36568245975433	1.09254596780346	-1.04676890211337
1.63118944075685	2.17593652246891	2.22629129472801
2.16983291371023	0.72632944228275	1.16884107728695
2.6489662012665	0.695811398489357	-3.17540245670253
4.76081483176928	2.20492866407263	3.21049820706493
2.6489662012665	1.17189288166629	-3.20897230487526
1.73647669184405	0.296025024795911	-1.03303578240635
2.09048599984741	0.518806744487678	1.35042343785763
0.959792477302205	1.73647669184405	0.523384451056687
3.1815060654612	3.51110093842985	3.91393911650263
2.79545281147478	3.26085297932403	1.23598077363241
3.3829251544976	3.3524071107042	2.76188296330205
2.5131609063859	3.06858930342565	3.26390478370336
1.57473105973907	-0.12664988174258	-2.6138704509041
1.36415655756466	-0.836194399938964	2.77561608300908
1.27260242618448	-2.01724269474327	-2.02792401007095
0.839246204318303	-2.905317769131	-1.51674677653162
0.314335851071946	-2.9556725413901	0.648508430609598
-0.0717174029144732	-3.91088731212329	-1.52590218966964
0.0991836423285267	-3.13878080415045	4.272526131075
-1.93179217212177	-4.14740215152209	-1.08033875028611
-2.00198367284657	-4.45563439383536	1.1459525444419
-0.715648126955062	-2.82597085526818	3.91699092088197
-2.38803692683299	-3.61486228732738	-1.77157244220645
-2.08285648889906	-3.15098802166781	2.44144350347143
-2.22476539253834	-3.29594872968643	-2.36362249179828
-0.988784618905928	-2.36820019836728	1.24208438239109
0.0549324788281071	-2.15915159838254	0.329594872968643
-2.26443884946975	-2.62149996185245	-2.72068360418097
-2.23392080567636	-2.43533989471275	3.83764400701915
-1.84328984512093	-2.90074006256199	-2.63828488593881
-1.25429159990845	-2.09964141298543	3.67895017929351
0.497444113832303	-0.843823910887312	4.39917601281758
0.959792477302205	-0.988784618905928	0.228885328450446
3.38139925230793	0.839246204318303	5.9510185397116
2.89463645380331	0.122072175173571	1.5884641794461
2.47959105821317	-0.611886778057527	3.43175402456703
2.11642633707179	-1.367208361944	4.86762798504616
1.1459525444419	-2.11947814145113	-0.163271534294652
1.9806210421912	-0.98115510795758	5.99832150759136
0.9399557488365	-2.11795223926146	0.0625619897764553
0.607309071488518	-2.17898832684825	-0.282291905088884
1.44502937361715	-1.01167315175097	2.70695048447395
1.34279392690929	-1.05439841306172	-0.599679560540169
-0.0320439459830625	-0.294499122606241	5.63210498207065
1.85702296482795	-0.708018616006714	-0.0473029678797589
2.68863965819791	0.483710994125277	2.43076218814374
1.99130235751888	0.89570458533608	4.76386663614862
0.636301213092241	1.18715190356298	0.738536659800107
-0.274662394140536	3.17845426108186	6.84214541847868
-0.985732814526589	3.51262684061952	0.834668497749294
-1.75326161593042	3.88494697489891	3.60723277637903
-3.79797055008774	3.61486228732738	2.21713588158999
-5.38796063172351	2.42313267719539	-1.2970168612192
-2.27969787136645	2.60166323338674	3.64232852674144
-3.97802700846876	1.40383001449607	-1.68154421301595
-2.38956282902266	1.68154421301595	1.44502937361715
-3.83764400701915	1.55947203784237	3.2318608377203
-5.20027466239414	1.29854276340887	-1.78072785534447
-4.24353398947127	2.59403372243839	2.56046387426566
-5.2826733806363	2.47043564507515	-1.4877546349279
-3.61791409170672	4.68757152666514	2.57724879835203
-1.09254596780346	6.56595712214847	3.94293125810636
0.114442664225223	5.83352407110704	-0.195315480277714
3.49736781872282	5.52834363317311	6.42099641412985
1.99435416189822	3.74914168001831	0.964370183871214
1.80361638818952	3.57671473258564	3.24254215304799
1.54268711375601	2.5986114290074	1.77462424658579
-0.21515220874342	-0.123598077363241	-2.03402761882963
0.921644922560464	2.32089723048753	3.7445639734493
0.537117570763714	-0.0854505226215	-2.09658960860609
1.46028839551385	-0.448615243762875	0.46997787441825
1.92874036774243	-0.857557030594339	2.9251544975967
1.57473105973907	-0.805676356145571	-0.952162966353857
1.39467460135805	2.14847028305486	7.1427481498436
-0.996414129854276	1.48470283054856	-0.63782711528191
-1.47859922178988	1.91195544365606	1.4023041123064
0.0503547722590982	1.54726482032502	1.84939345387961
-0.59662775616083	0.758373388265812	-1.89211871519036
-0.0366216525520714	-0.108339055466545	1.07270923933776
0.648508430609598	-0.317387655451286	-2.63828488593881
1.51674677653162	-0.115968566414893	0.790417334248875
-0.164797436484321	-0.100709544518196	1.98825055313954
-2.37888151369497	-0.494392309452964	-0.770580605783169
-2.11337453269245	0.0671396963454643	5.80300602731365
-3.33714808880751	-0.407415884641794	-0.524910353246357
-3.14183260852979	-1.37941557946136	1.46639200427253
-2.96635385671778	-0.0259403372243839	3.58281834134432
-3.52941176470588	-2.00961318379492	-0.303654535744259
-3.3829251544976	-2.6642252231632	1.31990539406424
-4.55481803616388	-2.70542458228428	-4.33661402304112
-3.07774471656367	-3.4683756771191	0.428778515297169
-2.55588616769665	-4.39459830624857	-1.37941557946136
-1.41451132982376	-3.75524528877699	-4.70435645075151
0.72632944228275	-2.563515678645	1.94552529182879
-1.12458991378653	-2.70542458228428	-2.45517662317845
-0.411993591210803	-0.221255817502098	1.28786144808118
0.0518806744487678	0.205996795605402	2.94346532387274
-1.10627908751049	-0.306706340123598	-0.633249408712901
-0.990310521095598	0.140383001449607	3.77813382162203
-2.30563820859083	-1.28633554589151	-3.58281834134432
-2.02182040131228	-1.29091325246052	-0.372320134279393
-1.7441062027924	0.0671396963454643	0.546272983901732
-3.247119859617	-0.741588464179446	-3.32494087129015
-1.75326161593042	1.26802471961547	3.71709773403525
0.953688868543526	0.370794232089723	-2.46738384069581
0.280766002899214	0.775158312352178	1.23903257801175
-0.181582360570687	0.260929274433509	-0.891126878767071
-0.721751735713741	-1.10017547875181	-4.0665293354696
-1.29396505683986	0.0259403372243839	2.15762569619287
-2.47196154726482	-1.53963530937667	-3.42717631799802
-2.03860532539864	-1.8997482261387	0.582894636453803
-3.79186694132906	-2.41550316624704	1.18867780575265
-4.36865796902419	-3.94293125810636	-2.74052033264668
-2.38345922026398	-2.52079041733425	3.75219348439765
-3.5233081559472	-3.99786373693446	-3.22117952239261
-3.80102235446708	-3.56450751506828	-3.49126420996414
-2.36972610055695	-3.80712596322576	-1.86312657358663
-2.45822842755779	-2.95872434576944	-5.99526970321202
-1.94247348744945	-1.63729304951553	1.07118333714809
-2.14541847867552	-3.05638208590829	-6.26382848859388
-0.315861753261616	-1.23445487144274	-0.668345159075303
0.102235446707866	-1.19478141451133	0.318913557640955
0.140383001449607	-0.836194399938964	-5.25520714122225
0.0183108262760357	0.0228885328450446	0.492866407263294
-0.372320134279393	-0.0869764248111696	-2.56198977645533
-1.6235599298085	-0.216678110933089	-0.856031128404669
-2.08743419546807	0.410467689021134	1.71511406118868
-1.86160067139696	-0.570687418936446	-3.3676661326009
-0.178530556191348	1.44655527580682	4.05432211795224
-0.343327992675669	1.94705119401846	-0.563057907988098
-0.271610589761196	3.29594872968643	2.76188296330205
0.721751735713741	4.09399557488365	5.2323186083772
-1.27107652399481	3.89410238803693	0.173952849622339
-0.399786373693446	4.14740215152209	6.27603570611124
0.604257267109178	2.57267109178302	-1.51369497215228
1.39772640573739	2.60318913557641	1.39772640573739
1.6083009079118	2.63981078812848	-1.06660563057908
2.3773556115053	2.11490043488212	-4.08789196612497
2.21408407721065	3.54314488441291	0.0366216525520714
-0.277714198519875	1.99435416189822	-8.34210727092393
1.3015945677882	2.67185473411154	-5.93881132219425
2.81681544213016	3.17692835889219	-3.90936140993362
2.32547493705653	1.64034485389487	-8.04150453955901
2.78019378957809	3.7949187457084	0.454718852521553
1.4679179064622	3.77508201724269	-2.9556725413901
1.40535591668574	4.27557793545434	1.59609369039445
1.79751277943084	5.4184786755169	1.8951705195697
0.192263675898375	4.02685587853819	-1.4526588845655
2.46433203631647	2.96940566109712	2.8046082246128
2.52384222171359	2.1515220874342	-2.58030060273137
2.563515678645	3.00144960708019	1.21309224078737
-0.613412680247196	2.52689402609293	3.83306630045014
-1.13832303349355	1.24361028458076	-1.53963530937667
-1.33058670939193	1.06202792401007	1.06202792401007
-3.16624704356451	0.0900282291905089	-2.46128023193713
-2.53757534142061	-1.30769817654688	-4.64332036316472
-2.60166323338674	-1.70138094148165	-3.22117952239261
-3.20134279392691	-1.99893186846723	-6.31265735866331
-2.26596475165942	-1.58693827725643	0.274662394140536
-3.47753109025711	-2.83817807278553	-6.05325398641947
-2.87327382314794	-3.09910734721904	-5.84725719081407
-1.70748455024033	-3.10673685816739	-5.17128252079042
-2.78324559395743	-3.00907911802853	-9.20729381246662
-3.03044174868391	-1.27260242618448	-1.8295567254139
-3.87884336614023	-2.59098191805905	-7.80804150453956
-4.3076218814374	-0.567635614557107	-3.33867399099718
-2.4780651560235	0.462348363469902	-0.250247959105821
-3.43175402456703	-0.140383001449607	-2.85191119249256
-0.434882124055848	1.84176394293126	4.1718165865568
1.04829480430304	0.451667048142214	-1.49843595025559
1.87228198672465	1.35042343785763	1.06965743495842
1.75478751812009	1.59151598382544	0.695811398489357
0.277714198519875	1.2161440451667	-4.51209277485313
2.68253604943923	1.72121766994736	2.82139314869917
0.503547722590982	0.309758144502937	-3.48973830777447
-0.230411230640116	0.105287251087205	0.556954299229419
-1.30922407873655	-0.292973220416571	0.843823910887312
-1.79903868162051	-0.439459830624857	-2.27512016479744
0.0610360875867857	2.84122987716487	3.92614633401999
1.29396505683986	3.57824063477531	-3.14793621728847
1.80056458381018	4.48767833981842	-0.157167925535973
1.10322728313115	3.83306630045014	-0.645456626230259
0.488288700694285	3.04417486839094	-6.42404821850919
0.975051499198901	2.76035706111238	2.221713588159
-0.849927519645991	0.912489509422446	-5.13008316166934
-0.744640268558785	1.09102006561379	-2.45059891660945
-0.0854505226215	2.13321126115816	0.253299763485161
-0.193789578088045	2.60013733119707	-4.91493095292592
1.29396505683986	4.24353398947127	1.59456778820478
1.42671854734112	2.95414663920043	-4.27710383764401
2.53604943923095	2.41702906843671	2.08896009765774
2.40482185091936	3.3829251544976	0.743114366369116
1.08339055466545	1.73037308308537	-2.93888761730373
1.50911726558328	3.08690012970169	4.81879911497673
-0.170901045243	1.79903868162051	-2.82291905088884
-1.01930266269932	1.81887541008621	-1.41145952544442
-0.0778210116731518	0.578316929884794	3.66369115739681
-2.47959105821317	-1.12458991378653	-1.70595864805066
-0.929274433508812	0.207522697795071	2.62760357061112
-0.701915007248035	1.59304188601511	-1.30464637216754
-0.0885023270008393	3.3524071107042	1.7242694743267
0.115968566414893	3.52941176470588	2.20950637064164
0.799572747386893	3.16472114137484	-1.81887541008621
0.46997787441825	4.3274586099031	3.39055466544594
-2.21408407721065	3.30052643625544	-1.96078431372549
-0.601205462729839	2.50095368886854	0.935378042267491
-1.79293507286183	1.61898222323949	0.546272983901732
-1.18867780575265	1.72732127870604	-3.71404592965591
0.463874265659571	3.18913557640955	1.26039520866712
1.41145952544442	2.45975432974746	-4.60669871061265
2.25528343633173	4.01159685664149	-0.166323338673991
1.76852063782712	4.47089341573205	1.41451132982376
-0.0442511635004196	3.38445105668727	-1.64644846265354
1.2161440451667	3.46990157930877	6.37216754406043
0.575265125505455	0.816357671473259	-0.839246204318303
0.570687418936446	0.137331197070268	0.799572747386893
0.485236896314946	0.820935378042267	2.13168535896849
-1.35652704661631	-0.651560234988937	-1.83108262760357
0.201419089036393	-0.672922865644312	3.17540245670253
-2.32394903486687	-2.3773556115053	-3.7949187457084
-2.95262073701076	-1.40535591668574	-0.335698481727321
-1.51216906996262	-1.17341878385595	-0.416571297779812
-1.19020370794232	-2.15304798962387	-2.83817807278553
-0.984206912336919	-0.914015411612116	4.49530785076677
-0.643930724040589	-1.78835736629282	-0.00915541313801785
-1.03761348897536	-0.741588464179446	6.10666056305791
-1.22377355611505	0.242618448157473	6.03036545357443
-1.93331807431144	0.650034332799268	-1.82803082322423
-2.13168535896849	0.563057907988098	-0.180056458381018
-2.92973220416571	-0.193789578088045	-4.89814602883955
-0.732433051041428	0.00610360875867857	-3.42870222018769
-0.21210040436408	-1.71816586556802	-2.71610589761196
0.0579842832074464	-3.13572899977111	-8.21087968261234
0.326543068589303	-1.61287861448081	1.97451743343252
-2.3071641107805	-2.37430380712596	-4.32593270771344
-2.5482566567483	-1.11238269626917	-2.5986114290074
-2.07980468451972	-0.695811398489357	0.21210040436408
-3.41954680704967	-0.437933928435187	-4.3778133821622
-0.498970016021973	0.613412680247196	1.94247348744945
-0.262455176623178	-0.614938582436866	-4.84626535439078
1.87533379110399	-0.622568093385214	-1.54116121156634
1.57473105973907	0.00305180437933928	-1.23598077363241
0.167849240863661	-1.07270923933776	-4.6341649500267
0.796520943007553	-0.819409475852598	0.473029678797589
-1.83871213855192	-3.25169756618601	-4.85999847409781
-3.31883726253147	-3.88494697489891	-2.05996795605402
-5.08278019378958	-4.71198596169986	0.970473792629892
-6.8909742885481	-6.45151445792325	-3.71557183184558
-6.58731975280384	-5.81521324483101	2.17898832684825
-6.43930724040589	-5.88387884336614	-4.6494239719234
-3.08842603189136	-3.46379797055009	-0.674448767833982
-1.89669642175937	-3.01365682459754	0.650034332799268
-2.51926451514458	-2.56809338521401	-3.12199588006409
-1.13984893568322	-2.02639810788128	2.12252994583047
-3.16472114137484	-2.92820630197604	-2.4628061341268
-3.02433813992523	-3.70031280994888	-2.21103227283131
-3.22575722896162	-5.26894026092927	-3.74761577782864
-3.44701304646372	-5.70840009155413	-7.17479209582666
-2.13321126115816	-5.76485847257191	-3.06858930342565
-1.11696040283818	-5.86709391927977	-5.82436865796902
-1.86007476920729	-5.61379415579461	-4.28473334859236
-2.77561608300908	-4.85847257190814	-2.31937132829786
-3.07927061875334	-4.2069123369192	-5.61226825360494
-3.49126420996414	-2.24460212100404	-1.82192721446555
-3.05333028152895	-2.45670252536812	-2.8900587472343
-3.08690012970169	-3.36614023041123	-2.45517662317845
-3.30663004501411	-3.80865186541543	-2.62607766842145
-3.90173189898527	-4.85999847409781	-6.70939192797742
-3.59655146105135	-3.42412451361868	-0.46997787441825
-4.3427176317998	-3.99481193255512	-9.27443350881209
-2.77409018081941	-2.29037918669413	-5.99221789883268
-2.5787747005417	-2.42160677500572	-3.73235675593194
-3.3325703822385	-2.72373540856031	-6.01052872510872
-1.36873426413367	-2.69169146257725	-0.662241550316625
-1.69222552834363	-3.19066147859922	-5.97085526817731
0.943007553215839	-2.40329594872969	-2.87174792095827
1.59761959258412	-1.25886930647745	-1.44502937361715
0.454718852521553	-1.10933089188983	-5.3833829251545
1.84328984512093	0.949111161974517	1.18257419699397
1.50911726558328	-0.273136491950866	-3.87273975738155
-0.857557030594339	-0.137331197070268	2.03402761882963
-0.0350957503624018	-0.967421988250553	1.23598077363241
-1.54573891813535	-2.31937132829786	-2.30411230640116
-0.489814602883955	-1.39009689478904	4.53498130769818
-1.73800259403372	-2.6642252231632	-2.27054245822843
-0.416571297779812	-2.38803692683299	-0.175478751812009
-1.82040131227588	-1.51827267872129	1.4724956130312
-2.4277103837644	-2.63828488593881	-3.08537422751202
-1.92111085679408	-1.52895399404898	4.20233463035019
-2.59403372243839	-1.78988326848249	-3.46990157930877
-1.32295719844358	0.360112916762036	1.1261158159762
-0.0839246204318303	1.17189288166629	2.57114518959335
-0.283817807278553	-0.201419089036393	-3.50194552529183
0.0869764248111696	1.78225375753414	2.4628061341268
-1.34889753566796	-0.947585259784848	-4.45105668726635
-2.34988937209125	-2.11642633707179	-2.82291905088884
-1.68459601739528	-1.97451743343252	-3.03501945525292
-1.45723659113451	-1.43434805828946	-5.33760585946441
-0.314335851071946	-0.276188296330205	-0.0503547722590982
-0.935378042267491	-1.16578927290761	-2.96330205233845
-0.370794232089723	-0.737010757610437	-0.746166170748455
-1.02845807583734	0.651560234988937	2.04623483634699
-0.404364080262455	-0.0167849240863661	-1.73495078965438
1.44045166704814	0.140383001449607	5.02479591058213
-0.160219729915312	-1.38551918822004	-0.656137941557946
0.993362325474937	-0.547798886091402	1.62813763637751
-0.573739223315785	-0.0701915007248035	1.96993972686351
-1.36263065537499	-1.03761348897536	-1.00862134737163
-0.773632410162509	0.0656137941557946	3.8300144960708
-1.34431982909895	0.242618448157473	-3.22728313115129
-1.82040131227588	1.00099183642329	-0.166323338673991
-0.576791027695125	0.613412680247196	-0.154116121156634
-1.37941557946136	-1.0955977721828	-5.73281452658885
-0.692759594110018	-0.251773861295491	1.02388036926833
-0.0610360875867857	-0.80872816052491	-4.17486839093614
0.222781719691768	-1.07423514152743	-2.03402761882963
0.874341954680705	-2.32547493705653	1.01167315175097
0.837720302128634	-2.26901655603876	-4.14740215152209
-0.00762951094834821	-0.151064316777295	4.37323567559319
0.990310521095598	-0.917067215991455	-2.63981078812848
0.759899290455482	-0.483710994125277	0.154116121156634
0.408941786831464	-0.819409475852598	2.69626916914626
-0.238040741588464	-2.90989547570001	-4.11993591210803
-1.64950026703288	-2.05386434729534	0.804150453955901
-4.62806134126803	-3.64995803768978	-3.58129243915465
-5.06294346532387	-2.22018768596933	-0.225833524071107
-6.28061341268025	-0.701915007248035	2.44602121004044
-5.61989776455329	-0.277714198519875	-1.93789578088045
-4.31830319676509	-1.53963530937667	3.90173189898527
-3.8101777676051	-3.74303807125963	-1.9150072480354
