6.94895857175555	6.20126649881743	2.56656748302434
8.74952315556573	6.13107499809262	2.92668039978637
7.31212329289693	4.25116350041962	2.43228809033341
5.639734493019	4.96223392080568	2.14236667429618
3.86053253986419	4.0161745632105	0.0549324788281071
2.16067750057221	3.02128633554589	-0.958266575112535
-2.3224231326772	1.09864957656214	-2.25223163195239
-4.49835965514611	-2.31021591515984	-4.32135500114443
-5.981536583505	-4.17486839093614	-6.43930724040589
-7.34264133669032	-5.77096208133059	-7.63256275272755
-7.49217975127794	-7.52574959945068	-7.11070420386053
-6.36301213092241	-8.86549172198062	-6.86350804913405
-6.53696498054475	-8.3436331731136	-5.54512855725948
-6.51865415426871	-8.14526588845655	-4.38239108873121
-7.62951094834821	-9.65896086060883	-4.33661402304112
-8.33447775997559	-9.49721522850385	-5.99374380102235
-7.8309300373846	-9.41786831464103	-6.4789806973373
-7.08018616006714	-10.4707408255131	-6.36301213092241
-4.50141145952544	-9.07911802853437	-7.21751735713741
-2.88395513847562	-7.91027695124743	-4.88899061570153
-1.95315480277714	-7.21446555275807	-4.72114137483787
0.0701915007248035	-4.91035324635691	-4.83100633249409
1.61135271229114	-3.61638818951705	-6.28366521705959
4.05584802014191	-1.88296330205234	-3.12504768444343
4.85847257190814	0.497444113832303	-3.52483405813687
5.24299992370489	3.03044174868391	-2.04470893415732
4.68757152666514	5.42610818646525	-2.47501335164416
-0.183108262760357	3.68352788586252	-2.42618448157473
-0.634775310902571	4.47089341573205	-2.88090333409628
-1.62661173418784	5.14839398794537	-0.949111161974517
-4.48615243762875	3.2318608377203	-2.90836957351034
-4.62653543907836	3.13420309758144	-2.25223163195239
-3.78423743038071	4.58991378652628	-0.512703135729
-5.46272983901732	3.10978866254673	-5.1117723353933
-6.74143587396048	2.36209658960861	-4.64789806973373
-5.15144579232471	1.97146562905318	-0.631723506523232
-4.77302204928664	2.37125200274662	-0.488288700694285
-5.22468909742885	1.70595864805066	1.84939345387961
-6.70786602578775	-0.994888227664607	2.96635385671778
-7.38231479362173	-2.83817807278553	2.07217517357137
-9.61623559929808	-5.92050049591821	-0.817883573662928
-10.4554818036164	-7.8461890592813	-4.33051041428244
-10.1319905394064	-9.08216983291371	-7.20836194399939
-9.4544899671931	-10.0434882124056	-7.84313725490196
-8.38941023880369	-10.8491645685512	-8.02319371328298
-6.63157091630427	-10.3669794766155	-6.89402609292744
-2.53604943923095	-9.6559090562295	-6.87571526665141
-1.27565423056382	-9.25001907377737	-6.56748302433814
2.00198367284657	-7.93469138628214	-4.61127641718166
4.95307850766766	-6.43930724040589	-5.69771877622644
3.8300144960708	-6.37521934843977	-5.48409246967269
3.10368505378805	-5.468833447776	-6.20126649881743
0.570687418936446	-6.0517280842298	-6.44541084916457
-1.38551918822004	-5.37422751201648	-6.54001678492409
-4.36713206683452	-4.15655756466011	-7.47081712062257
-5.4535744258793	-5.07515068284123	-6.61326009002823
-5.94491493095293	-2.94193942168307	-3.26848249027237
-5.77401388570993	-0.585946440833143	-1.79751277943084
-5.66414892805371	0.732433051041428	-2.51163500419623
-6.11886778057526	2.95109483482109	-2.66117341878386
-7.06797894254978	2.96940566109712	-4.42511635004196
-6.22568093385214	0.479133287556268	-6.152437628748
-9.48195620660716	-0.5981536583505	-7.348744945449
-11.3679713130388	-2.71610589761196	-9.66506446936751
-12.4818799114977	-4.6997787441825	-8.53284504463264
-12.5856412603952	-6.04562447547112	-9.12489509422446
-13.0708781567102	-8.59693293659876	-9.61318379491875
-11.953917753872	-10.7057297627222	-10.2754253452354
-9.99465934233616	-10.2784771496147	-10.3334096284428
-6.70176241702907	-9.27443350881209	-6.31113145647364
-4.00701915007248	-8.80445563439384	-5.70077058060578
0.375371938658732	-6.28366521705959	-4.85847257190814
2.5482566567483	-4.80048828870069	-1.30006866559854
4.26947432669566	-4.41596093690394	-1.6388189517052
2.27969787136645	-5.46272983901732	-3.34477759975586
0.448615243762875	-6.18295567254139	-3.95208667124437
-1.71816586556802	-5.40474555580987	-3.50652323186084
-4.18402380407416	-3.90325780117494	-3.79034103913939
-4.55634393835355	-3.29289692530709	-1.90432593270771
-5.23689631494621	-2.99687190051118	-5.06294346532387
-5.84420538643473	-1.51369497215228	-2.85343709468223
-5.04463263904784	0.354009308003357	-0.302128633554589
-5.04463263904784	0.89417868314641	0.946059357595178
-4.33051041428244	0.778210116731518	2.18814373998627
-4.74250400549325	0.790417334248875	3.18913557640955
-5.06294346532387	1.41603723201343	2.00198367284657
-5.13313496604868	0.762951094834821	-0.167849240863661
-6.39658197909514	-1.94705119401846	-3.02433813992523
-5.18501564049744	-1.30006866559854	-2.29800869764248
-5.93881132219425	-3.46990157930877	-4.91340505073625
-4.70588235294118	-4.12603952086671	-5.69161516746777
-2.62760357061112	-4.86457618066682	-6.03036545357443
-1.66628519111925	-5.07820248722057	-6.62851911192493
-1.4526588845655	-4.90424963759823	-8.1879911497673
-0.125123979552911	-4.64179446097505	-7.53185320820935
5.75875486381323	-1.78530556191348	-3.84222171358816
5.57564660105287	-1.48012512397955	-4.85847257190814
6.40573739223316	1.02845807583734	-3.45769436179141
8.37109941252766	2.44754711223011	-0.717174029144732
7.35484855420767	4.25116350041962	-1.56557564660105
2.79850461585412	3.36308842603189	-1.26344701304646
1.28480964370184	1.59609369039445	-2.12405584802014
0.189211871519036	2.221713588159	-0.976577401388571
-3.11284046692607	1.35500114442664	-1.28786144808118
-3.45159075303273	1.77004654001678	0.180056458381018
-2.99382009613184	2.05996795605402	0.643930724040589
-2.8351262684062	2.85343709468223	0.952162966353857
-2.25223163195239	4.15350576028077	1.59914549477379
-1.15968566414893	3.71709773403525	1.025406271458
-0.436408026245518	4.2572671091783	0.0976577401388571
-1.77309834439612	3.22575722896162	0.677500572213321
-2.4628061341268	3.17998016327153	-1.19325551232166
-3.48210879682612	2.28885328450446	-0.424200808728161
-3.43022812237736	2.74662394140536	-2.11795223926146
-2.06912336919203	2.57267109178302	0.521858548867018
-0.445563439383536	0.7690547035935	-1.33363851377127
0.619516289005875	1.28480964370184	-2.86564431219959
3.97039749752041	3.10368505378805	-3.99176012817578
6.70176241702907	3.99176012817578	-1.82497901884489
7.4891279468986	5.12703135729	-2.94193942168307
8.47180895704585	7.27855344472419	-1.56252384222171
8.22461280231937	7.53795681696803	0.335698481727321
6.55832761120012	6.57663843747616	1.35805294880598
5.35591668574044	5.7801174944686	0.643930724040589
2.65812161440452	4.26947432669566	-1.13221942473487
0.634775310902571	3.22270542458228	0.0274662394140536
-0.857557030594339	2.20340276188296	-1.25429159990845
-3.19829098954757	1.10170138094148	-0.296025024795911
-4.80964370183871	-0.604257267109178	-3.92767223620966
-5.74959945067521	-1.24513618677043	-1.14442664225223
-6.20431830319677	-1.59914549477379	-3.16472114137484
-6.54001678492409	-1.64797436484321	-4.66926070038911
-7.13817044327459	-2.12710765239948	-3.03959716182193
-6.68345159075303	-0.646982528419928	-1.27870603494316
-7.09544518196384	-0.830090791180285	-0.631723506523232
-7.88891432059205	-0.357061112382696	-1.00404364080262
-5.84420538643473	-0.671396963454643	-0.0518806744487678
-5.21553368429084	-2.24612802319371	0.170901045243
-5.50850690470741	-3.38750286106661	-2.48416876478218
-2.24612802319371	-2.79545281147478	-1.44655527580682
-0.903334096284428	-1.87380788891432	-2.08133058670939
2.221713588159	-0.161745632104982	-1.83108262760357
3.70794232089723	1.15053025101091	-2.52994583047227
5.64278629739834	3.17387655451286	-1.35805294880598
5.58480201419089	4.54718852521553	0.314335851071946
6.12497138933394	6.38742656595712	1.29396505683986
6.13412680247196	6.18295567254139	1.99282825970855
5.32234683756771	6.19821469443809	-0.369268329900053
4.1870756084535	7.79430838483253	4.28778515297169
3.32036316472114	7.28160524910353	0.784313725490196
1.67849240863661	6.14938582436866	1.04676890211337
-0.89417868314641	3.88799877927825	2.54215304798962
-2.90836957351034	2.72220950637064	2.78934920271611
-2.98161287861448	0.0152590218966964	1.80056458381018
-4.92256046387427	-0.7690547035935	2.85648889906157
-4.98664835584039	-2.07522697795071	1.80056458381018
-6.23483634699016	-2.77409018081941	0.460822461280232
-8.09948882276646	-3.80865186541543	-2.24002441443503
-7.02525368123903	-4.43427176317998	-3.55535210193027
-5.7251850156405	-4.77302204928664	-5.5390249485008
-5.21553368429084	-4.20843823910887	-5.06599526970321
-4.63263904783703	-3.38445105668727	-3.6591134508278
-2.28274967574578	-3.30510414282444	-3.62554360265507
-0.216678110933089	-2.14236667429618	-4.51056687266346
1.196307316701	-1.41603723201343	-4.75165941863127
1.72121766994736	1.22682536049439	-4.36713206683452
4.01312275883116	4.3274586099031	-2.89616235599298
5.90218966964218	6.59494926375219	-1.01319905394064
7.62340733958953	9.00282291905089	1.46181429770352
7.79125658045319	8.51758602273594	3.44243533989471
7.22362096589609	8.29175249866484	1.62966353856718
5.40474555580987	6.89707789730678	2.44754711223011
3.46990157930877	6.86961165789273	-0.271610589761196
2.15762569619287	5.03852903028916	-0.0701915007248035
-1.30312046997787	3.41191729610132	-1.53200579842832
-3.66826886396582	2.31937132829786	-0.711070420386053
-6.16769665064469	-0.711070420386053	-4.35492484931716
-7.14427405203327	-1.76394293125811	-4.51056687266346
-7.03135728999771	-2.4628061341268	-3.57976653696498
-6.5491721980621	-2.86869611657893	-3.34477759975586
-4.61127641718166	-2.33157854581521	-1.49233234149691
-4.15350576028077	-1.79751277943084	-2.07217517357137
-3.74151216906996	-0.12817578393225	-1.99282825970855
-2.78019378957809	-0.164797436484321	-4.45868619821469
-4.40680552376593	1.21461814297704	-3.46684977492943
-3.588921950103	0.7690547035935	-3.13115129320211
-1.36415655756466	-0.00915541313801785	-0.988784618905928
-2.56046387426566	1.04676890211337	0.216678110933089
-3.28374151216907	0.579842832074464	-1.17189288166629
-1.70595864805066	1.52590218966964	-0.485236896314946
-1.71511406118868	1.81887541008621	-0.958266575112535
0.372320134279393	3.89715419241627	-1.49843595025559
2.09658960860609	5.26131074998093	-0.772106507972839
4.26947432669566	7.06797894254978	0.277714198519875
4.72724498359655	7.88891432059205	3.38445105668727
1.73647669184405	6.9764248111696	1.15053025101091
-0.134279392690929	5.34065766384375	-2.44754711223011
-1.0406652933547	3.95513847562371	-0.582894636453803
-3.43633173113603	1.3519493400473	-5.20027466239414
-5.48409246967269	-1.04676890211337	-6.79942015716793
-5.27962157625696	-2.15457389181353	-7.10460059510185
-4.72724498359655	-2.82597085526818	-6.39658197909514
-3.82085908293278	-3.28679331654841	-6.38132295719844
-3.93987945372702	-2.21255817502098	-7.19005111772335
-2.84733348592355	0.448615243762875	-6.29892423895628
-2.23086900129702	2.3224231326772	-6.66208896009766
-3.17082475013352	1.9501029983978	-5.85641260395209
-3.98565651941711	2.28274967574578	-6.87266346227207
-4.83100633249409	1.42824444953079	-3.68963149462119
-5.48409246967269	0.80872816052491	-5.0965133134966
-5.88693064774548	1.90737773708705	-5.79232471198596
-5.92050049591821	3.0914778362707	-3.45159075303273
-6.06393530174716	3.73235675593194	-4.55329213397421
-4.25421530479896	3.78423743038071	-3.03044174868391
-1.59609369039445	5.03547722590982	-3.47295338368811
-2.53604943923095	4.49835965514611	-2.56961928740368
-2.63065537499046	3.47600518806744	-3.81780727855344
-2.71000228885328	2.78934920271611	-4.0009155413138
-3.66521705958648	2.32547493705653	-3.83916990920882
-4.38544289311055	2.09353780422675	-5.00801098649577
-6.03952086671244	-1.67544060425727	-6.19516289005875
-6.87266346227207	-1.50148775463493	-5.7801174944686
-7.08934157320516	-2.5787747005417	-7.10460059510185
-8.7861448081178	-4.67841611352712	-8.50537880521859
-7.60814831769284	-4.35187304493782	-5.30403601129168
-8.23987182421607	-3.45769436179141	-5.35591668574044
-7.78210116731517	-4.19317921721218	-6.51865415426871
-6.00289921416037	-2.71000228885328	-5.70382238498512
-6.25925078202487	-2.91142137788968	-6.20431830319677
-6.35385671778439	-1.80361638818952	-7.13206683451591
-7.75158312352178	-0.0183108262760357	-7.15342946517128
-6.60410467689021	1.51369497215228	-5.45967803463798
-5.66109712367437	3.43938353551537	-4.16571297779812
-3.35393301289387	4.83100633249409	-0.308232242313268
-2.17593652246891	7.02220187685969	1.79751277943084
-0.55542839703975	7.45250629434653	1.0101472495613
1.07423514152743	6.34775310902571	0.262455176623178
0.546272983901732	5.17891203173877	-1.31837949187457
-0.537117570763714	3.99481193255512	-2.63675898374914
-1.74868390936141	1.56862745098039	-4.1870756084535
-1.69680323491264	1.53505760280766	-5.35896849011978
-1.59304188601511	0.289921416037232	-4.58686198214694
-3.14946211947814	1.08949416342412	-4.63874265659571
-3.36614023041123	2.45975432974746	-3.73540856031128
-2.59403372243839	2.55741206988632	-3.30815594720378
-4.06805523765927	2.43839169909209	-1.69680323491264
-3.86968795300221	1.35500114442664	-2.53910124361028
-5.16060120546273	-0.0335698481727321	-3.93987945372702
-5.43221179522393	-0.80872816052491	-5.45967803463798
-7.51049057755398	-2.49637598229953	-6.12802319371328
-5.99984740978103	-2.36514839398795	-4.41290913252461
-6.54001678492409	-2.63981078812848	-2.40177004654002
-4.7699702449073	-1.13221942473487	-2.563515678645
-3.50041962310216	-0.305180437933928	-0.817883573662928
-0.289921416037232	2.95109483482109	1.80056458381018
1.05897611963073	4.61127641718166	1.28786144808118
-0.503547722590982	6.83299000534066	-0.436408026245518
-0.137331197070268	7.32433051041428	-0.112916762035554
-1.80666819256886	7.60204470893416	-1.88296330205234
-2.92057679102769	7.28770885786221	-3.52483405813687
-3.3478294041352	6.28976882581826	-2.97245746547646
-2.734416723888	5.7251850156405	-3.80560006103609
-1.94094758525978	6.54612039368276	1.14137483787289
-2.34378576333257	6.33249408712901	1.23292896925307
-3.3325703822385	5.90218966964218	0.820935378042267
-4.272526131075	4.11993591210803	-2.17593652246891
-4.7699702449073	3.12809948882277	-4.12909132524605
-6.60410467689021	1.18715190356298	-6.45456626230259
-6.44235904478523	-1.11390859845884	-8.13000686655985
-7.21141374837873	-1.71511406118868	-8.64576180666819
-6.16464484626535	-1.79140917067216	-6.76585030899519
-7.348744945449	-1.38551918822004	-5.54207675288014
-6.28671702143893	-0.708018616006714	-3.80865186541543
-6.86655985351339	-1.98672465094987	-5.58785381857023
-6.44846265354391	-1.47096971084154	-5.98764019226368
-6.09750514991989	-0.540169375143053	-5.38948653391318
-4.96223392080568	0.592050049591821	-5.2826733806363
-3.75371938658732	1.53505760280766	-7.24498359655146
-2.96940566109712	4.84321355001144	-4.62958724345769
-2.35599298084993	6.75974670023651	-2.72220950637064
-1.97146562905318	8.14221408407721	-2.78629739833677
-2.57572289616236	7.8309300373846	-0.695811398489357
-1.71511406118868	8.25513084611277	-0.50965133134966
-1.37026016632334	8.08117799649042	-0.338750286106661
-1.32143129625391	6.97337300679026	0.357061112382696
-2.16372930495155	4.79438467994202	-0.122072175173571
-3.96124208438239	0.872816052491035	-1.51064316777295
-5.22163729304952	-2.68558785381857	-4.37933928435187
-6.60715648126955	-5.59700923170825	-8.61219195849546
-7.5043869687953	-6.26840619516289	-8.19104295414664
-7.49217975127794	-6.06393530174716	-8.57862211032273
-7.57763027389944	-4.90119783321889	-7.99267566948959
-7.5745784695201	-3.64995803768978	-6.323338673991
-5.8808270389868	-4.72114137483787	-3.52483405813687
-5.81673914702068	-5.13008316166934	-3.63469901579309
-5.49935149156939	-5.88998245212482	-4.67231250476844
-3.72320134279393	-5.30098420691234	-5.50850690470741
-2.98466468299382	-3.588921950103	-7.21141374837873
-0.988784618905928	-1.5228503852903	-3.88189517051957
-0.72327763790341	0.463874265659571	-5.13313496604868
-0.262455176623178	3.83306630045014	-4.99275196459907
1.43129625391012	5.34676127260243	-1.97146562905318
-0.778210116731518	5.21553368429084	-1.8646524757763
-3.72320134279393	4.83100633249409	-1.46486610208286
-3.68047608148318	4.28168154421302	-3.25627527275502
-4.19317921721218	4.0863660639353	-2.38040741588464
-3.72930495155261	3.83306630045014	-4.03448538948653
-4.22369726100557	3.13420309758144	-3.62554360265507
-4.85236896314946	1.64492256046387	-4.70893415732052
-6.25009536888685	-1.83413443198291	-4.76081483176928
-8.31616693369955	-3.57671473258564	-6.06393530174716
-8.22766460669871	-4.03143358510719	-7.02220187685969
-7.10765239948119	-2.26443884946975	-6.23483634699016
-5.55733577477684	-0.607309071488518	-6.38437476157778
-1.22682536049439	0.482185091935607	-3.38445105668727
1.06202792401007	1.43129625391012	-2.02029449912261
-0.970473792629892	-0.00305180437933928	-1.78225375753414
-1.36110475318532	-0.5981536583505	-2.14847028305486
-1.22682536049439	0.241092545967803	-2.55436026550698
-0.729381246662089	4.28778515297169	-0.253299763485161
-0.216678110933089	5.68551155870909	-3.87273975738155
2.35904478522927	7.49217975127794	0.616464484626535
3.26543068589303	8.92042420080873	3.03959716182193
2.44144350347143	10.272373540856	3.48516060120546
1.37636377508202	8.99366750591287	3.36003662165255
0.711070420386053	6.10055695429923	5.27656977187762
-0.830090791180285	3.98870832379644	0.927748531319142
-2.59403372243839	-0.408941786831464	-1.68764782177462
-5.65194171053635	-4.06195162890059	-5.27656977187762
-7.54406042572671	-6.44541084916457	-8.91126878767071
-8.58167391470207	-8.49011978332189	-10.8369573510338
-8.2887006942855	-8.18188754100862	-10.9254596780346
-7.96826123445487	-7.66613260090028	-8.94483863584344
-5.54512855725948	-5.66414892805371	-8.55725947966735
-4.19928282597086	-5.02937361715114	-4.97749294270237
-2.95109483482109	-2.82597085526818	-1.83718623636225
-2.93888761730373	-1.90737773708705	-1.32448310063325
-1.53200579842832	-1.08644235904479	1.22377355611505
1.65102616922255	1.27565423056382	4.49530785076677
4.19928282597086	2.99992370489052	4.91950865949493
6.20431830319677	5.49324788281071	5.57564660105287
8.20630197604333	8.19409475852598	6.73838406958114
9.48805981536584	11.1940184634165	5.52681773098344
8.64576180666819	11.4717326619364	4.60822461280232
8.56641489280537	10.6538490882734	4.70283054856184
8.45044632639048	10.9956511787594	5.21553368429084
8.79835202563516	9.90310521095598	6.48203250171664
7.64782177462425	7.3334859235523	5.60616464484626
5.90524147402152	5.83199816891737	3.26237888151369
3.23491264209964	3.49736781872282	2.63675898374914
1.68459601739528	1.73342488746471	0.512703135729
-0.241092545967803	0.949111161974517	-0.433356221866178
-1.42214084077211	-0.2563515678645	-1.73037308308537
-0.817883573662928	0.619516289005875	-2.47501335164416
-1.5228503852903	-0.167849240863661	-1.94399938963912
-1.6083009079118	-0.216678110933089	-0.857557030594339
-0.494392309452964	0.326543068589303	1.1810482948043
0.744640268558785	0.204470893415732	1.91653315022507
1.84634164950027	0.0305180437933928	1.98367284657053
1.34889753566796	-0.943007553215839	0.601205462729839
1.58083466849775	1.03456168459602	0.241092545967803
0.72327763790341	1.62966353856718	-1.96841382467384
-1.98672465094987	0.604257267109178	-1.52590218966964
-2.01724269474327	1.53505760280766	-0.131227588311589
-2.16983291371023	1.74868390936141	0.439459830624857
-2.01724269474327	0.9399557488365	-2.10269321736477
-2.050812542916	0.491340505073625	-1.65407797360189
-1.13221942473487	1.34279392690929	-2.37430380712596
-2.01419089036393	2.65812161440452	-2.94499122606241
-1.9501029983978	3.34172579537652	-1.27565423056382
-3.076218814374	3.61943999389639	-2.52994583047227
-4.443427176318	1.88296330205234	-5.18806744487678
-3.41802090486	0.701915007248035	-6.38132295719844
-4.86152437628748	-1.25429159990845	-8.374151216907
-6.35080491340505	-3.30205233844511	-8.82581826504921
-8.5145342183566	-3.83306630045014	-7.93469138628214
-7.83703364614328	-4.04364080262455	-6.42404821850919
-8.44739452201114	-2.64591439688716	-4.98054474708171
-8.55725947966735	-1.23292896925307	-4.37628747997253
-7.14427405203327	-1.14442664225223	-3.45464255741207
-7.75158312352178	-0.521858548867018	-4.5838101777676
-7.34569314106966	-1.16578927290761	-6.93064774547952
-6.94285496299687	-1.0101472495613	-9.49111161974517
-5.32539864194705	-2.00198367284657	-10.0282291905089
-4.57160296025025	-1.62661173418784	-9.08216983291371
-3.39055466544594	-1.59609369039445	-5.39864194705119
-2.57267109178302	-0.750743877317464	-4.73029678797589
-2.00503547722591	-0.372320134279393	-4.38239108873121
-2.62149996185245	1.01625085831998	-2.67948424505989
-3.32951857785916	-0.115968566414893	-4.58686198214694
-4.0863660639353	-0.964370183871214	-6.07919432364385
-5.72823682001984	-2.73746852826734	-5.97238117036698
-7.63256275272755	-3.92156862745098	-7.28770885786221
-9.32021057450218	-3.18608377203021	-4.30304417486839
-10.748455024033	-4.63263904783703	-7.87975890745403
-10.8155947203784	-5.57259479667353	-10.1197833218891
-12.28656443122	-6.4789806973373	-9.66506446936751
-10.8003356984817	-6.152437628748	-9.07301441977569
-11.0383764400702	-7.37621118486305	-9.95193408102541
-10.5836575875486	-6.65598535133898	-10.4615854123751
-8.88990615701534	-3.78728923476005	-10.7179369802396
-8.47791256580453	-3.63469901579309	-11.4168001831083
-6.50644693675135	-4.53803311207752	-12.4055848020142
-6.48813611047532	-5.8655680170901	-8.87464713511864
-6.78721293965057	-7.26634622720684	-7.6050965133135
-6.90318150606546	-6.2378881513695	-5.22163729304952
-5.78927290760662	-5.08735790035859	-2.78019378957809
-5.75875486381323	-2.33463035019455	-1.26955062180514
-4.45563439383536	-0.500495918211643	-2.97856107423514
-1.85854886701762	2.32547493705653	2.11795223926146
-1.73037308308537	2.26443884946975	-0.314335851071946
-1.538109407187	2.13015945677882	-2.09048599984741
-1.98977645532921	-1.10170138094148	-4.67231250476844
-2.18204013122759	-2.11184863050278	-5.09040970473793
-6.67734798199435	-5.82894636453803	-6.96726939803159
-7.67833981841764	-8.19104295414664	-3.19829098954757
-10.8430609597925	-11.3771267261769	-2.21255817502098
-11.9508659494926	-10.6385900663767	-2.55436026550698
-11.6456855115587	-9.66811627374685	-1.879911497673
-8.93263141832609	-7.6600289921416	-3.75371938658732
-7.91332875562676	-4.614328221561	-6.70786602578775
-5.68856336308843	-3.77203021286336	-2.3071641107805
-5.23689631494621	-4.72724498359655	-4.37628747997253
-6.71396963454643	-5.92660410467689	-5.25215533684291
-8.73121232928969	-7.99877927824826	-6.98252841992828
-9.94277866788739	-9.63759822995346	-7.63866636148623
-9.51552605477989	-9.90005340657664	-9.57351033798733
-8.27038986800946	-7.98962386511025	-7.54711223010605
-8.55115587090867	-8.48401617456321	-8.50537880521859
-4.6997787441825	-5.70382238498512	-6.3782711528191
-3.53704127565423	-4.16876478217746	-4.52582589456016
-1.9501029983978	-1.97756923781186	-3.11894407568475
-0.531013962005035	0.631723506523232	-3.26848249027237
2.71610589761196	2.26138704509041	2.40177004654002
2.79545281147478	5.23994811932555	3.86968795300221
2.7191577019913	5.01716639963378	4.50446326390478
4.71503776607919	5.23689631494621	6.68955519951171
2.77714198519875	1.03456168459602	5.01411459525444
0.665293354695964	-2.48722056916152	1.67238879987793
-2.10574502174411	-6.09750514991989	-1.38857099259937
-4.3579766536965	-8.07507438773175	-3.8300144960708
-6.07003891050584	-7.98657206073091	-5.85946440833143
-7.05882352941176	-6.90318150606546	-4.50141145952544
-7.58678568703746	-7.35179674982834	-3.72320134279393
-9.03334096284428	-7.98046845197223	-4.66926070038911
-7.96826123445487	-7.37010757610437	-1.17494468604562
-9.01503013656825	-7.63866636148623	-2.62149996185245
-7.28465705348287	-5.19417105363546	-2.04776073853666
-7.22667277027543	-4.44953078507668	-1.97451743343252
-5.6946669718471	-3.36614023041123	-5.51766231784543
-3.86663614862287	-3.89410238803693	-6.01205462729839
-2.66117341878386	-3.08232242313268	-6.54612039368276
-3.05180437933928	-3.26848249027237	-7.69665064469368
-1.56252384222171	-4.51056687266346	-2.69779507133593
0.271610589761196	-2.01724269474327	-1.47402151522087
0.900282291905089	-0.350957503624018	1.49843595025559
3.62554360265507	1.97756923781186	4.13824673838407
4.97138933394369	4.33356221866178	4.60822461280232
6.56748302433814	6.35690852216373	2.59708552681773
8.49011978332189	9.3842984664683	6.39963378347448
8.49622339208057	10.5500877393759	4.28168154421302
7.69665064469368	9.15236133363851	2.09658960860609
5.77096208133059	5.07820248722057	-1.56252384222171
3.34172579537652	0.402838178072786	-3.28679331654841
-1.73342488746471	-3.67132066834516	-4.101625085832
-3.90630960555428	-7.32738231479362	-3.588921950103
-7.67833981841764	-9.07301441977569	-2.05996795605402
-8.83497367818723	-8.19104295414664	0.4272526131075
-9.49111161974517	-7.64171816586557	1.90432593270771
-10.0190737773709	-6.62546730754559	1.03761348897536
-12.6100556954299	-9.85732814526589	-2.96330205233845
-13.0952925917449	-10.3944457160296	-7.56542305638209
-11.7097734035248	-10.6263828488594	-6.21042191195544
-10.9864957656214	-8.76173037308309	-8.90821698329137
-8.76478217746243	-7.27550164034485	-8.60608834973678
-7.86755168993667	-5.05683985656519	-4.09246967269398
-7.13817044327459	-3.69268329900053	-0.857557030594339
-6.94285496299687	-2.1362630655375	0.704966811627375
-5.8960860608835	-1.30006866559854	3.49736781872282
-5.0965133134966	-0.00915541313801785	3.42717631799802
-3.27153429465171	1.75173571374075	3.31120775158312
-0.378423743038071	3.65300984206912	1.03456168459602
0.799572747386893	5.48714427405203	-0.164797436484321
4.272526131075	7.67833981841764	-0.228885328450446
6.49729152361334	10.7270923933776	-2.11795223926146
9.06385900663767	13.5042343785763	3.75677119096666
10.2571145189593	12.8389410238804	4.23895628290227
9.228656443122	11.9661249713893	7.9468986037995
6.21347371633478	7.25413900968948	7.84008545052262
-0.195315480277714	1.9653620202945	6.19821469443809
-4.53192950331884	-1.91348134584573	1.4526588845655
-9.99465934233616	-7.4036774242771	-3.48210879682612
-12.646677347982	-7.15953307392996	-7.78210116731517
-12.4422064545663	-10.0312809948882	-12.7779049362936
-11.2855725947967	-8.37109941252766	-14.7371633478294
-10.794232089723	-7.66918440527962	-14.3984130617227
-8.41992828259709	-5.22468909742885	-13.7148088807507
-7.39147020675975	-4.52277409018082	-7.97741664759289
-5.16975661860075	-2.31631952391852	-4.52582589456016
-4.80048828870069	-1.17494468604562	2.93583581292439
-5.89913786526284	0.958266575112535	5.07515068284123
