-1.70290684367132	-3.57671473258564	-3.29289692530709
-0.531013962005035	-3.07011520561532	-1.27870603494316
-1.03456168459602	-3.54924849317159	-2.42008087281605
-1.58388647287709	-1.87685969329366	-0.451667048142214
-1.01319905394064	-3.12504768444343	-0.543221179522393
-0.0976577401388571	-0.943007553215839	0.961318379491875
-0.558480201419089	-1.25734340428779	0.943007553215839
1.57473105973907	-0.802624551766232	1.60524910353246
1.3824673838407	-1.0101472495613	0.366216525520714
1.65712977798123	-0.732433051041428	0.21362630655375
1.5228503852903	-0.643930724040589	-0.170901045243
1.48317692835889	0.204470893415732	1.26039520866712
2.11795223926146	0.738536659800107	1.69985503929198
3.08537422751202	1.45876249332418	2.16983291371023
4.62348363469902	1.27870603494316	3.07316700999466
3.29900053406577	1.76394293125811	2.20035095750362
1.60524910353246	0.567635614557107	1.85854886701762
-0.164797436484321	1.26344701304646	0.704966811627375
-1.1261158159762	0.64087891966125	0.274662394140536
-2.40482185091936	-0.503547722590982	0.540169375143053
-3.12504768444343	-1.69680323491264	-1.025406271458
-1.41298542763409	-2.62760357061112	-0.72327763790341
-1.30006866559854	-3.38445105668727	-2.34073395895323
-1.83413443198291	-1.67544060425727	-0.457770656900893
-2.28274967574578	-1.01625085831998	-1.31532768749523
-1.23903257801175	0.0946059357595178	-0.747692072938125
1.14137483787289	1.41603723201343	1.23292896925307
-2.32852674143587	1.33669031815061	0.793469138628214
-0.946059357595178	0.488288700694285	0.854505226215
-0.564583810177768	-0.0305180437933928	0.625619897764553
-1.4373998626688	-0.268558785381857	-0.802624551766232
-2.050812542916	-0.207522697795071	1.28786144808118
-2.24002441443503	0.512703135729	1.22377355611505
-0.744640268558785	1.41908903639277	1.84634164950027
0.134279392690929	1.37331197070268	2.52689402609293
0.375371938658732	0.854505226215	1.04676890211337
1.70901045243	1.196307316701	1.36415655756466
2.03250171663996	0.109864957656214	0.607309071488518
-0.286869611657893	-0.674448767833982	-0.668345159075303
-0.0549324788281071	-0.109864957656214	-0.585946440833143
-2.85343709468223	-0.802624551766232	-0.872816052491035
-2.31021591515984	-0.326543068589303	-1.39467460135805
-0.549324788281071	-0.924696726939803	-0.552376592660411
-0.55542839703975	0.115968566414893	-0.622568093385214
-0.329594872968643	-0.473029678797589	0.503547722590982
0.497444113832303	-0.5981536583505	0.262455176623178
0.0793469138628214	0.100709544518196	0.109864957656214
0.656137941557946	0.0366216525520714	-0.137331197070268
-2.16067750057221	-0.262455176623178	-2.94804303044175
-1.35805294880598	-0.436408026245518	-1.70595864805066
-2.0355535210193	-1.8951705195697	-3.36614023041123
-1.3824673838407	-0.100709544518196	-2.80766002899214
-3.54009308003357	-1.49843595025559	-1.73342488746471
-1.77309834439612	-0.500495918211643	-1.54421301594568
-1.60219729915312	-0.210574502174411	-1.19935912108034
-0.592050049591821	1.63271534294652	0.863660639353018
-0.607309071488518	1.9806210421912	0.634775310902571
-0.0305180437933928	1.03150988021668	0.976577401388571
-2.02334630350195	0.0488288700694285	-0.512703135729
0.588998245212482	0.720225833524071	0.573739223315785
-1.85244525825895	0.952162966353857	0.302128633554589
-0.689707789730678	1.08339055466545	0.100709544518196
0.836194399938964	1.87380788891432	0.881971465629053
2.221713588159	2.37430380712596	0.378423743038071
-0.527962157625696	1.84939345387961	0.0610360875867857
-0.320439459830625	0.85145342183566	-0.38452735179675
-0.634775310902571	-0.411993591210803	-1.30312046997787
-1.79140917067216	-1.93484397650111	-0.579842832074464
-1.70901045243	-2.60318913557641	-1.44655527580682
-1.36110475318532	-1.79751277943084	-1.06507972838941
0.360112916762036	-1.4373998626688	0.268558785381857
0.55542839703975	0.0579842832074464	0.354009308003357
-1.10475318532082	-0.332646677347982	2.11795223926146
-0.711070420386053	-0.891126878767071	2.93278400854505
0.711070420386053	-1.21461814297704	1.10170138094148
-2.16067750057221	-2.35599298084993	-0.488288700694285
0.610360875867857	-3.20134279392691	0.00915541313801785
0.228885328450446	-1.48622873273823	-0.970473792629892
-0.119020370794232	-1.44045166704814	-0.0335698481727321
-2.26443884946975	-0.534065766384375	0.0823987182421607
0.485236896314946	0.744640268558785	0.903334096284428
-0.912489509422446	1.64187075608453	1.73037308308537
-0.335698481727321	1.97146562905318	3.64690623331044
-0.424200808728161	2.50553139543755	1.93484397650111
0.643930724040589	1.79751277943084	2.00198367284657
0.103761348897536	2.71610589761196	2.32852674143587
0.46997787441825	2.00808728160525	0.558480201419089
0.628671702143893	1.8646524757763	-0.488288700694285
0.131227588311589	2.18509193560693	-0.524910353246357
-0.222781719691768	0.161745632104982	-1.24208438239109
0.454718852521553	0.296025024795911	-0.579842832074464
0.708018616006714	-1.07423514152743	-1.25429159990845
-0.311284046692607	-0.63782711528191	-0.491340505073625
0.180056458381018	-0.976577401388571	-0.375371938658732
0.833142595559625	-0.238040741588464	-0.329594872968643
0.72327763790341	-0.738536659800107	1.35805294880598
0.625619897764553	-1.63271534294652	2.16678110933089
0.140383001449607	-1.70595864805066	2.21560997940032
-1.08949416342412	-2.18204013122759	2.78324559395743
-1.33669031815061	-3.12809948882277	2.93583581292439
-0.820935378042267	-3.0060273136492	1.71816586556802
-2.21255817502098	-3.09452964065003	0.537117570763714
-0.0762951094834821	-1.68154421301595	0.537117570763714
-0.866712443732357	-1.09864957656214	0.537117570763714
0.134279392690929	0.00610360875867857	0.4272526131075
0.482185091935607	0.915541313801785	1.59304188601511
1.27565423056382	0.265506981002518	1.0101472495613
1.05592431525139	-0.836194399938964	-1.196307316701
-0.479133287556268	-1.80666819256886	-0.280766002899214
-1.4679179064622	-2.65812161440452	0.592050049591821
-1.33363851377127	-2.84122987716487	-1.48012512397955
-1.65407797360189	-1.85244525825895	-0.152590218966964
-1.47707331960021	-1.33363851377127	0.503547722590982
-1.45876249332418	-1.52590218966964	-1.11390859845884
-1.92263675898375	-1.7944609750515	-1.07728694590677
-2.08133058670939	-1.22377355611505	-1.72121766994736
-1.90127412832837	-2.83207446402686	-0.534065766384375
-2.07217517357137	-2.59098191805905	-1.91653315022507
-2.3224231326772	-2.91142137788968	-0.80872816052491
-2.68863965819791	-3.5034714274815	-1.44960708018616
-3.44853894865339	-4.30304417486839	-1.19325551232166
-2.47501335164416	-3.25932707713436	-0.64087891966125
-2.69779507133593	-2.11490043488212	-0.29907682917525
-1.21766994735637	-0.167849240863661	0.689707789730678
-1.81277180132753	-0.701915007248035	0.683604180972
-0.729381246662089	-0.0335698481727321	0.750743877317464
0.317387655451286	-0.399786373693446	0.918593118181125
1.05287251087205	0.0183108262760357	0.393682764934768
-0.0762951094834821	-0.949111161974517	-0.195315480277714
-0.744640268558785	-1.97756923781186	-1.49843595025559
-0.317387655451286	-2.84733348592355	-1.32753490501259
-1.69985503929198	-3.930724040589	-3.41496910048066
-3.0914778362707	-4.2572671091783	-4.00396734569314
-2.563515678645	-3.29900053406577	-3.57671473258564
-2.40482185091936	-2.50553139543755	-1.3519493400473
-1.93484397650111	-2.21255817502098	-2.28274967574578
-0.796520943007553	-1.87380788891432	-1.04371709773404
-1.25734340428779	-1.67849240863661	0.424200808728161
-0.21362630655375	-0.93690394445716	0.225833524071107
1.46486610208286	-1.21766994735637	0.738536659800107
1.79140917067216	-0.900282291905089	0.674448767833982
0.289921416037232	-1.6388189517052	1.63271534294652
0.0335698481727321	-1.82497901884489	1.28786144808118
-0.59510185397116	-1.09254596780346	-0.500495918211643
-2.48416876478218	-2.02639810788128	0.158693827725643
-2.99382009613184	-2.93583581292439	-0.778210116731518
-1.66323338673991	-1.55031662470436	1.03456168459602
-1.67544060425727	-1.27565423056382	0.415045395590143
-1.39467460135805	-0.564583810177768	0.476081483176928
-0.860608834973678	-0.790417334248875	1.43434805828946
-1.2970168612192	0.0732433051041428	-0.134279392690929
-1.14442664225223	-0.585946440833143	0.817883573662928
-1.13527122911421	-1.16884107728695	0.253299763485161
-0.613412680247196	-2.55741206988632	-0.912489509422446
-0.531013962005035	-2.84122987716487	-1.19325551232166
0.210574502174411	-2.42313267719539	-1.196307316701
-1.04371709773404	-1.3519493400473	-1.10780498970016
-1.20546272983902	-1.55642023346304	-1.49233234149691
-1.71206225680934	-0.50965133134966	-0.64087891966125
-2.16678110933089	-0.72327763790341	-0.466926070038911
-0.613412680247196	0.601205462729839	0.592050049591821
-1.39772640573739	0.0274662394140536	0.643930724040589
-2.25528343633173	-0.204470893415732	0.149538414587625
-1.56862745098039	0.219729915312428	2.17898832684825
0.418097199969482	0.161745632104982	1.49233234149691
1.11696040283818	1.46486610208286	2.17288471808957
2.31021591515984	1.06507972838941	2.24612802319371
1.93789578088045	0.830090791180285	1.34279392690929
3.43938353551537	0.9399557488365	1.2970168612192
0.949111161974517	0.143434805828946	1.50759136339361
0.222781719691768	1.08644235904479	0.494392309452964
2.39871824216068	0.866712443732357	1.28480964370184
1.93789578088045	1.4526588845655	0.98268101014725
0.518806744487678	1.85549706263828	0.973525597009232
-1.6083009079118	1.63576714732586	0.988784618905928
-1.58388647287709	0.296025024795911	1.12001220721752
-2.08133058670939	-0.247196154726482	2.92362859540703
-2.81376363775082	-0.991836423285267	2.09658960860609
-3.44548714427405	-1.36110475318532	1.50759136339361
-2.19119554436561	-2.27359426260777	0.689707789730678
-2.24917982757305	-1.65407797360189	1.09254596780346
-0.799572747386893	-1.86770428015564	0.289921416037232
0.759899290455482	-1.44350347142748	0.500495918211643
1.85244525825895	-2.04776073853666	0.393682764934768
1.43434805828946	-1.48012512397955	1.62966353856718
1.31532768749523	-1.37026016632334	0.0885023270008393
-0.415045395590143	-1.06202792401007	0.860608834973678
-1.68459601739528	-1.16273746852827	1.03456168459602
-2.55130846112764	-0.564583810177768	1.2664988174258
-2.5482566567483	-0.109864957656214	1.88906691081102
-3.51873044937819	-0.228885328450446	2.03860532539864
-1.91653315022507	-0.253299763485161	2.14236667429618
-1.20851453421836	-0.277714198519875	1.27870603494316
1.24208438239109	-0.320439459830625	1.74258030060273
1.04676890211337	-0.463874265659571	1.15663385976959
3.32036316472114	-0.00915541313801785	0.76600289921416
4.21759365224689	-0.207522697795071	0.418097199969482
5.8808270389868	-0.277714198519875	1.51979858091096
5.24605172808423	0.659189745937285	1.82497901884489
5.13008316166934	0.592050049591821	1.70290684367132
4.0161745632105	0.973525597009232	2.14847028305486
2.50247959105821	1.8097199969482	1.08644235904479
-0.100709544518196	0.720225833524071	2.050812542916
-2.38956282902266	0.430304417486839	1.22072175173571
-2.34683756771191	0.280766002899214	1.56557564660105
-2.04776073853666	0.338750286106661	1.47707331960021
-2.71305409323262	0.04272526131075	2.37125200274662
-3.57671473258564	0.619516289005875	2.14236667429618
-2.08743419546807	0.845349813076982	1.51064316777295
0.0305180437933928	2.16372930495155	1.99588006408789
1.56862745098039	2.88700694285496	2.42923628595407
0.280766002899214	2.392614633402	2.71610589761196
1.16884107728695	2.75577935454337	1.14442664225223
1.37636377508202	2.52994583047227	0.155642023346304
0.494392309452964	2.27664606698711	-0.00915541313801785
0.915541313801785	1.84634164950027	0.430304417486839
0.891126878767071	1.95620660715648	-0.488288700694285
2.33768215457389	2.17898832684825	1.18410009918364
1.10780498970016	2.67032883192187	1.98977645532921
1.10170138094148	3.17387655451286	1.84023804074159
2.43839169909209	2.82291905088884	1.55642023346304
2.19424734874495	3.55535210193027	1.1108567940795
1.1810482948043	3.00907911802853	-0.451667048142214
3.92156862745098	1.87380788891432	-1.66018158236057
0.704966811627375	0.445563439383536	-1.78530556191348
-0.906385900663767	-0.601205462729839	-3.68352788586252
-0.109864957656214	0.63782711528191	-1.92874036774243
1.12306401159686	1.12306401159686	0.271610589761196
-1.23598077363241	0.863660639353018	0.830090791180285
-0.280766002899214	0.753795681696803	0.021362630655375
0.289921416037232	-0.317387655451286	2.09658960860609
0.219729915312428	0.0274662394140536	1.30617227435721
-0.323491264209964	0.238040741588464	0.759899290455482
-0.610360875867857	0.335698481727321	0.930800335698482
-0.89417868314641	0.799572747386893	-0.796520943007553
0.323491264209964	0.366216525520714	-1.86160067139696
0.0183108262760357	-0.12817578393225	-1.99588006408789
-0.976577401388571	-0.204470893415732	-2.47196154726482
1.11696040283818	-1.12306401159686	-2.69169146257725
1.10170138094148	0.668345159075303	-1.37331197070268
-0.2563515678645	-0.408941786831464	-0.848401617456321
0.500495918211643	-0.442511635004196	-1.11696040283818
-1.82803082322423	-0.827038986800946	-1.44045166704814
-3.12809948882277	-1.94094758525978	-2.61539635309377
-3.05180437933928	-2.08133058670939	-2.93583581292439
-1.0955977721828	-1.0955977721828	-3.70183871213855
0.0549324788281071	-0.717174029144732	-3.53398947127489
-0.445563439383536	-0.445563439383536	-1.52895399404898
1.24818799114977	0.231937132829786	-1.01625085831998
1.24818799114977	0.244144350347143	-0.842298008697642
1.02845807583734	0.0610360875867857	-0.415045395590143
-0.173952849622339	0.500495918211643	-1.95620660715648
-0.68055237659266	-0.0854505226215	-1.44960708018616
1.15053025101091	0.93690394445716	-1.94705119401846
-1.27870603494316	0.04272526131075	-1.92568856336309
-0.991836423285267	1.30006866559854	-1.88906691081102
-0.558480201419089	1.22377355611505	-1.79140917067216
0.72327763790341	0.442511635004196	-2.23392080567636
-0.247196154726482	0.827038986800946	-2.24002441443503
0.326543068589303	1.64492256046387	-1.20241092545968
1.72121766994736	2.14541847867552	-0.451667048142214
-0.250247959105821	1.95925841153582	-0.497444113832303
-0.546272983901732	1.65712977798123	-1.47402151522087
-1.42214084077211	1.44960708018616	-3.02433813992523
-1.03456168459602	1.13527122911421	-3.17692835889219
-1.39772640573739	0.146486610208286	-4.31830319676509
-0.613412680247196	1.21766994735637	-2.87479972533761
-0.912489509422446	-0.0488288700694285	-2.78629739833677
-0.784313725490196	0.250247959105821	-3.45464255741207
-2.59708552681773	-0.839246204318303	-2.73746852826734
-1.78835736629282	-0.183108262760357	-2.83207446402686
-2.10879682612345	-0.122072175173571	-3.61638818951705
-1.95925841153582	0.613412680247196	-3.43938353551537
-2.050812542916	1.41908903639277	-2.40177004654002
-1.45876249332418	1.1261158159762	-1.92263675898375
-0.796520943007553	1.11696040283818	-2.60929274433509
-0.820935378042267	0.659189745937285	-2.66727702754253
-0.439459830624857	0.756847486076142	-2.15457389181353
-0.659189745937285	1.73647669184405	-1.85244525825895
0.399786373693446	2.14236667429618	-1.50453955901427
0.408941786831464	3.03654535744259	-0.753795681696803
0.137331197070268	3.36614023041123	-1.4373998626688
-0.021362630655375	4.15350576028077	-0.717174029144732
-1.39467460135805	3.58281834134432	0.668345159075303
0.909437705043107	4.04058899824521	-1.66323338673991
-0.717174029144732	2.09964141298543	-0.540169375143053
-1.10170138094148	2.77103837644007	0.366216525520714
0.50965133134966	3.17387655451286	-2.18509193560693
-0.625619897764553	2.7496757457847	-3.28679331654841
1.14442664225223	2.54215304798962	-0.607309071488518
1.60524910353246	3.2318608377203	0.717174029144732
2.42923628595407	2.52994583047227	0.0976577401388571
2.16983291371023	2.96025024795911	1.75783932249943
2.42923628595407	2.49637598229953	0.659189745937285
2.22476539253834	3.33867399099718	-0.0396734569314107
1.36415655756466	2.92668039978637	0.119020370794232
0.714122224765393	1.79140917067216	-0.21362630655375
1.24818799114977	0.918593118181125	0.375371938658732
0.0366216525520714	0.671396963454643	-0.0549324788281071
-0.488288700694285	0.909437705043107	-0.958266575112535
-0.946059357595178	0.759899290455482	-0.622568093385214
-0.613412680247196	0.927748531319142	-0.793469138628214
-0.622568093385214	1.33058670939193	0.216678110933089
-0.473029678797589	1.80361638818952	1.4526588845655
-0.192263675898375	1.39162279697871	0.454718852521553
-1.05897611963073	1.07118333714809	0.0244144350347143
-0.781261921110857	0.512703135729	0.231937132829786
-0.857557030594339	1.19325551232166	0.201419089036393
-1.2817578393225	0.918593118181125	-0.445563439383536
-0.607309071488518	0.506599526970321	0.476081483176928
1.04676890211337	1.47402151522087	0.38452735179675
2.67948424505989	3.62859540703441	1.54116121156634
-0.231937132829786	2.6642252231632	1.71511406118868
1.32143129625391	4.12298771648737	1.10780498970016
0.582894636453803	3.64995803768978	2.36514839398795
-1.28480964370184	2.05996795605402	2.1362630655375
-1.12001220721752	1.89822232394903	1.34584573128862
-1.89822232394903	0.00305180437933928	0.76600289921416
-0.842298008697642	-0.119020370794232	0.515754940108339
-2.18204013122759	-0.839246204318303	-0.0976577401388571
-0.900282291905089	-0.552376592660411	-0.793469138628214
-0.247196154726482	-1.22682536049439	-0.140383001449607
0.0946059357595178	-2.11490043488212	0.662241550316625
-0.341802090486	-3.46379797055009	0.854505226215
-0.781261921110857	-2.28580148012512	1.54116121156634
-0.906385900663767	-3.09452964065003	0.830090791180285
0.466926070038911	-2.03250171663996	1.12306401159686
-0.207522697795071	-1.18410009918364	0.997940032043946
0.183108262760357	-0.29907682917525	0.622568093385214
0.665293354695964	-0.430304417486839	-0.448615243762875
0.9399557488365	-0.225833524071107	-0.473029678797589
-0.0396734569314107	-0.225833524071107	-1.52590218966964
0.0823987182421607	0.195315480277714	-0.68055237659266
-0.588998245212482	0.0885023270008393	0.50965133134966
-2.27664606698711	-0.0671396963454643	0.289921416037232
-1.89822232394903	-0.0579842832074464	-0.512703135729
-2.47196154726482	-1.46486610208286	0.225833524071107
0.744640268558785	-0.842298008697642	0.402838178072786
0.115968566414893	-0.503547722590982	0.0823987182421607
0.0976577401388571	-0.823987182421607	0.515754940108339
0.866712443732357	-0.915541313801785	1.31532768749523
0.286869611657893	0.616464484626535	1.16273746852827
0.0946059357595178	0.0854505226215	0.527962157625696
-1.34279392690929	0.378423743038071	-0.399786373693446
0.109864957656214	0.210574502174411	-0.244144350347143
2.2064545662623	1.48928053711757	0.433356221866178
0.55542839703975	0.927748531319142	-0.0885023270008393
1.94399938963912	1.08033875028611	0.738536659800107
2.25223163195239	1.95620660715648	2.3224231326772
2.38040741588464	3.06401159685664	2.92973220416571
2.58487830930037	3.77813382162203	3.27458609903105
4.08026245517662	5.49019607843137	2.37125200274662
4.25421530479896	4.97444113832303	3.03654535744259
3.10673685816739	4.93171587701228	2.19119554436561
4.3427176317998	3.59197375448234	1.81582360570687
2.83207446402686	2.38040741588464	0.265506981002518
1.4373998626688	1.99588006408789	0.631723506523232
0.885023270008392	0.677500572213321	1.196307316701
-0.0274662394140536	0.866712443732357	1.27870603494316
-0.222781719691768	-0.137331197070268	1.49233234149691
-1.93179217212177	-0.0396734569314107	1.66628519111925
-0.738536659800107	-0.918593118181125	2.3224231326772
-0.921644922560464	-1.15053025101091	1.90737773708705
-0.854505226215	-1.54726482032502	0.750743877317464
-0.0610360875867857	-0.985732814526589	0.759899290455482
-1.538109407187	-1.91653315022507	-0.50965133134966
-0.341802090486	-0.921644922560464	0.900282291905089
1.12916762035554	0.195315480277714	1.6235599298085
0.485236896314946	-0.50965133134966	0.592050049591821
0.198367284657053	0.918593118181125	2.16067750057221
1.16273746852827	1.33974212252995	2.09353780422675
1.22072175173571	1.23292896925307	1.74563210498207
0.0793469138628214	0.616464484626535	0.302128633554589
0.0152590218966964	0.457770656900893	-0.360112916762036
-0.201419089036393	-0.0183108262760357	0.592050049591821
1.57167925535973	-0.186160067139696	-0.0854505226215
2.62455176623178	-0.167849240863661	0.881971465629053
1.7242694743267	0.796520943007553	0.588998245212482
3.01518272678721	1.07423514152743	0.610360875867857
0.714122224765393	1.16884107728695	0.891126878767071
2.4628061341268	0.418097199969482	0.81177996490425
1.58999008163577	0.0854505226215	1.04371709773404
2.09048599984741	-0.576791027695125	1.51064316777295
1.91958495460441	0.933852140077821	1.38551918822004
2.13321126115816	0.735484855420768	0.912489509422446
1.61440451667048	0.878919661249714	-0.372320134279393
0.631723506523232	1.17494468604562	0.115968566414893
-0.711070420386053	0.888075074387732	0.63782711528191
0.711070420386053	0.915541313801785	0.613412680247196
1.61440451667048	0.793469138628214	1.37026016632334
1.19935912108034	1.50759136339361	1.1108567940795
0.2563515678645	0.949111161974517	0.0854505226215
1.49843595025559	1.16578927290761	-0.0885023270008393
0.0183108262760357	1.19020370794232	-0.375371938658732
-1.11696040283818	1.0955977721828	0.381475547417411
0.12817578393225	1.30312046997787	0.888075074387732
0.0488288700694285	1.13527122911421	0.772106507972839
-0.335698481727321	1.52590218966964	0.961318379491875
0.588998245212482	1.10170138094148	-0.381475547417411
1.05592431525139	-0.317387655451286	-1.27260242618448
0.714122224765393	-0.0701915007248035	-0.0671396963454643
0.195315480277714	0.549324788281071	-0.592050049591821
0.155642023346304	0.772106507972839	0.04272526131075
-1.85549706263828	0.411993591210803	-0.38452735179675
-2.59098191805905	0.314335851071946	-0.881971465629053
-0.430304417486839	1.54421301594568	-0.207522697795071
0.997940032043946	1.76394293125811	1.0406652933547
2.26749065384909	2.221713588159	0.131227588311589
3.07927061875334	2.14541847867552	0.89723048752575
4.19012741283284	3.57976653696498	2.38345922026398
3.25322346837568	2.92668039978637	1.45876249332418
2.33463035019455	3.10368505378805	0.225833524071107
0.842298008697642	2.1515220874342	0.311284046692607
1.16578927290761	2.02639810788128	0.512703135729
1.48928053711757	2.74662394140536	0.891126878767071
0.378423743038071	1.51674677653162	0.00305180437933928
1.63271534294652	1.78225375753414	-0.064087891966125
2.4628061341268	1.24208438239109	-0.0976577401388571
2.38040741588464	0.958266575112535	-0.720225833524071
2.44754711223011	0.0976577401388571	-1.25429159990845
0.0549324788281071	-0.311284046692607	-1.37941557946136
0.85145342183566	-0.662241550316625	-0.653086137178607
-0.201419089036393	-0.207522697795071	-0.784313725490196
0.04272526131075	0.473029678797589	0.344853894865339
3.1464103150988	0.708018616006714	0.540169375143053
2.13931486991684	-0.546272983901732	0.146486610208286
1.18715190356298	-0.81177996490425	0.238040741588464
0.167849240863661	-1.6235599298085	0.326543068589303
-1.93789578088045	-2.02334630350195	-0.393682764934768
-2.06912336919203	-2.88090333409628	-0.476081483176928
-1.68154421301595	-1.99893186846723	-0.311284046692607
1.03761348897536	0.0396734569314107	1.5228503852903
1.57167925535973	-0.793469138628214	1.55642023346304
2.17288471808957	-0.625619897764553	0.216678110933089
2.69474326695659	-0.466926070038911	1.01319905394064
0.421149004348821	-1.11390859845884	1.02845807583734
0.372320134279393	-2.54215304798962	-0.326543068589303
0.683604180972	-3.13725490196078	-0.869764248111696
-0.439459830624857	-3.0609597924773	-0.50965133134966
0.234988937209125	-3.86358434424353	-1.27260242618448
1.05287251087205	-3.26848249027237	0.137331197070268
1.88906691081102	-2.61844815747311	-0.244144350347143
2.61539635309377	-2.27969787136645	0.381475547417411
0.558480201419089	-1.025406271458	1.1108567940795
0.961318379491875	-1.63271534294652	0.912489509422446
0.967421988250553	-1.48012512397955	0.201419089036393
-0.189211871519036	-1.65407797360189	0.701915007248035
-0.302128633554589	-2.01724269474327	-0.106813153276875
-0.665293354695964	-3.19218738078889	-0.0885023270008393
-1.30312046997787	-3.75371938658732	0.503547722590982
-1.44045166704814	-2.63675898374914	-0.021362630655375
-1.12916762035554	-2.2369726100557	0.985732814526589
-0.0183108262760357	-2.11795223926146	-0.674448767833982
-0.207522697795071	-1.14442664225223	-1.08339055466545
1.67544060425727	-2.27054245822843	-0.0396734569314107
2.02029449912261	-1.70290684367132	-0.338750286106661
0.63782711528191	-2.21255817502098	0.552376592660411
-0.271610589761196	-2.72220950637064	-0.259403372243839
0.0823987182421607	-1.81277180132753	-0.259403372243839
-0.701915007248035	-1.77004654001678	-0.12817578393225
-0.817883573662928	-3.30815594720378	-0.686655985351339
0.308232242313268	-3.1616693369955	-1.31227588311589
0.506599526970321	-3.08537422751202	-1.32143129625391
-0.793469138628214	-2.92668039978637	-0.488288700694285
0.482185091935607	-2.60318913557641	-1.78225375753414
-0.473029678797589	-1.99588006408789	-1.50148775463493
0.228885328450446	-2.00503547722591	-0.750743877317464
0.329594872968643	-2.38345922026398	0.457770656900893
-1.24513618677043	-2.5787747005417	-0.259403372243839
-0.292973220416571	-2.38956282902266	0.546272983901732
1.50148775463493	-2.3224231326772	-0.952162966353857
-0.418097199969482	-3.49126420996414	-0.866712443732357
1.23292896925307	-4.23285267414359	-1.42519264515145
0.80872816052491	-4.04364080262455	-1.7944609750515
-0.228885328450446	-4.55634393835355	-1.91653315022507
-1.58999008163577	-5.09956511787594	-2.26138704509041
0.433356221866178	-3.16472114137484	-1.21461814297704
0.692759594110018	-2.35294117647059	0.064087891966125
-0.170901045243	-1.73037308308537	0.0488288700694285
1.28480964370184	-0.830090791180285	2.20950637064164
0.466926070038911	-1.6235599298085	1.57167925535973
0.848401617456321	-0.253299763485161	2.85343709468223
1.95925841153582	-0.115968566414893	2.33157854581521
0.616464484626535	-0.454718852521553	1.36415655756466
0.55542839703975	-0.274662394140536	3.66521705958648
0.183108262760357	1.10170138094148	1.13221942473487
-0.216678110933089	0.250247959105821	1.5533684290837
-0.210574502174411	0.186160067139696	0
-0.805676356145571	0.399786373693446	-0.378423743038071
-0.0457770656900893	-0.192263675898375	-0.827038986800946
0.85145342183566	-0.262455176623178	-1.86160067139696
1.0101472495613	-1.44655527580682	-0.250247959105821
-1.38857099259937	-2.48416876478218	-2.41397726405737
-1.07728694590677	-2.91447318226902	-1.11390859845884
1.08644235904479	-3.97650110627909	-0.830090791180285
1.48928053711757	-4.11383230334935	-1.78835736629282
1.81582360570687	-3.10368505378805	-1.0406652933547
1.90432593270771	-3.46990157930877	-0.762951094834821
1.78530556191348	-3.52178225375753	-0.579842832074464
1.84023804074159	-2.76493476768139	0.607309071488518
-0.0732433051041428	-1.68154421301595	1.40688181887541
