1.11696040283818	1.77615014877546	3.77813382162203
1.15663385976959	0.210574502174411	2.89616235599298
-0.732433051041428	-0.656137941557946	-2.26749065384909
-0.781261921110857	-1.77004654001678	-3.13725490196078
-2.23086900129702	-1.36110475318532	-3.66216525520714
-1.05592431525139	-3.83306630045014	-2.22781719691768
-1.30617227435721	-3.06706340123598	-1.40077821011673
0.177004654001679	0.234988937209125	0.665293354695964
-0.277714198519875	2.21255817502098	0.98268101014725
2.42923628595407	5.06294346532387	3.52178225375753
1.8097199969482	5.74959945067521	3.72014953841459
3.28374151216907	7.01304646372168	2.93888761730373
1.81277180132753	7.26939803158618	0.946059357595178
1.59914549477379	6.16159304188602	-0.0152590218966964
1.39772640573739	5.44747081712062	-1.96841382467384
1.74258030060273	6.09140154116121	-1.3824673838407
-0.0701915007248035	5.73128862439918	-1.74563210498207
0.863660639353018	6.73838406958114	1.16273746852827
2.61234454871443	6.34164950026703	3.91241321431296
2.41397726405737	6.10360875867857	5.68856336308843
1.95315480277714	4.956130312047	5.7953765163653
2.61539635309377	3.28374151216907	2.56656748302434
0.473029678797589	1.2970168612192	-1.07118333714809
1.82192721446555	1.23292896925307	-1.84328984512093
1.92874036774243	0.918593118181125	-2.68558785381857
2.1210040436408	0.064087891966125	-2.28885328450446
1.37941557946136	-0.466926070038911	-1.0955977721828
0.158693827725643	0.457770656900893	1.51064316777295
0.0885023270008393	1.62661173418784	2.98466468299382
-0.021362630655375	1.94705119401846	2.88700694285496
-0.241092545967803	2.24917982757305	3.73235675593194
-0.662241550316625	2.392614633402	3.52788586251621
0.0762951094834821	5.41390096894789	5.67330434119173
0.360112916762036	6.00900282291905	5.7099259937438
4.16571297779812	7.66308079652094	4.74250400549325
5.02937361715114	6.96116578927291	3.32341496910048
5.63363088426032	7.77904936293584	3.01213092240787
5.16670481422141	7.47386892500191	2.02029449912261
2.59708552681773	8.88075074387732	2.43533989471275
1.88601510643168	9.84512092774853	3.00907911802853
0.418097199969482	9.13099870298314	3.41191729610132
1.24513618677043	5.30098420691234	3.09452964065003
-1.12306401159686	1.82803082322423	0.021362630655375
0.408941786831464	-1.04371709773404	-2.09658960860609
-1.58083466849775	-3.0609597924773	-4.10772869459068
-0.543221179522393	-3.26848249027237	-3.55535210193027
2.1515220874342	-3.31120775158312	-3.32951857785916
2.30106050202182	-0.89417868314641	-2.53910124361028
1.78225375753414	-0.805676356145571	0.967421988250553
-0.372320134279393	-1.08033875028611	-0.891126878767071
2.56656748302434	-1.25123979552911	1.99893186846723
-1.36415655756466	-1.37941557946136	1.30006866559854
-1.68764782177462	-1.10475318532082	-1.23598077363241
-0.607309071488518	-0.180056458381018	-1.97756923781186
-0.674448767833982	-0.360112916762036	-3.86358434424353
-0.552376592660411	-0.265506981002518	-4.46173800259403
-0.158693827725643	-2.83207446402686	-5.37422751201648
-1.15663385976959	-2.67032883192187	-4.6845197222858
-1.28480964370184	-3.2318608377203	-1.77004654001678
-1.4526588845655	-1.99588006408789	0.238040741588464
-3.41191729610132	0.64087891966125	1.49233234149691
-1.37026016632334	1.87380788891432	2.05996795605402
-1.75478751812009	3.95513847562371	0.921644922560464
-3.28984512092775	3.36003662165255	-1.5228503852903
-4.77607385366598	2.84122987716487	-3.52483405813687
-4.70893415732052	2.9755092698558	-5.07209887846189
-3.32341496910048	2.45975432974746	-5.44136720836194
-4.12603952086671	2.27664606698711	-5.34370946822309
-3.70183871213855	2.70084687571527	-3.97650110627909
-2.93888761730373	2.80766002899214	-1.86160067139696
-2.02639810788128	2.87174792095827	-1.70595864805066
-2.19119554436561	2.09658960860609	-0.451667048142214
-1.71816586556802	-0.286869611657893	-2.9907682917525
-3.47295338368811	-1.06507972838941	-5.06294346532387
-4.07415884641794	-3.4882124055848	-6.02121004043641
-3.79339284351873	-4.91950865949493	-6.09750514991989
-4.48310063324941	-5.69771877622644	-6.42099641412985
-3.63469901579309	-5.15754940108339	-6.4637216754406
-6.42710002288853	-6.65903715571832	-8.09033340962844
-4.62653543907836	-4.66620889600977	-5.85336079957275
-1.61135271229114	-2.89311055161364	-2.46890974288548
-1.87075608453498	-1.43129625391012	-0.662241550316625
0.711070420386053	1.83108262760357	2.17593652246891
0.0671396963454643	2.81071183337148	2.58182650492103
-0.387579156176089	5.67635614557107	2.52384222171359
-0.799572747386893	7.15342946517128	-1.04676890211337
0.109864957656214	7.79125658045319	-2.61539635309377
-0.463874265659571	7.19005111772335	-3.38139925230793
-0.994888227664607	7.70885786221103	-2.99992370489052
-1.07423514152743	7.37926298924239	-2.15457389181353
-0.775158312352178	7.01915007248035	1.0955977721828
-1.57778286411841	6.86655985351339	3.26848249027237
-0.741588464179446	3.50957503624018	3.25932707713436
-1.91653315022507	1.42519264515145	1.13832303349355
-0.430304417486839	-1.53505760280766	0.0732433051041428
-1.81277180132753	-3.930724040589	-0.729381246662089
-0.00915541313801785	-4.20843823910887	-1.57167925535973
-0.659189745937285	-2.51163500419623	-1.15663385976959
-1.19325551232166	-3.11894407568475	-2.78629739833677
-1.43129625391012	-1.91348134584573	-4.37933928435187
-2.12405584802014	-1.2664988174258	-4.86457618066682
-2.8351262684062	-2.45975432974746	-4.49225604638743
-6.3080796520943	-5.42305638208591	-5.42915999084459
-3.64690623331044	-4.30304417486839	-2.07522697795071
-5.06599526970321	-5.53292133974212	-3.03044174868391
-0.732433051041428	-2.563515678645	3.02433813992523
0.357061112382696	-2.8351262684062	4.18402380407416
1.48317692835889	-0.308232242313268	5.07209887846189
2.70389868009461	0.234988937209125	4.55024032959487
-0.421149004348821	-1.46486610208286	0.830090791180285
-2.92057679102769	-0.787365529869535	-0.848401617456321
-4.90119783321889	1.9501029983978	-1.58999008163577
-5.88693064774548	3.79949645227741	-2.42008087281605
-5.52986953536278	4.68146791790646	-0.701915007248035
-5.56038757915618	4.88593881132219	-0.131227588311589
-4.09857328145266	6.37521934843977	1.59304188601511
-2.76188296330205	6.21347371633478	2.79850461585412
-0.439459830624857	5.13313496604868	3.64995803768978
1.23903257801175	4.33661402304112	3.12199588006409
3.80560006103609	3.90325780117494	3.14030670634012
4.101625085832	2.92362859540703	0.335698481727321
3.41496910048066	2.96635385671778	0.167849240863661
6.42710002288853	2.89921416037232	2.51163500419623
4.05889982452125	1.89211871519036	3.50041962310216
4.93171587701228	2.09353780422675	5.13008316166934
4.05584802014191	1.08644235904479	5.39253833829252
3.76592660410468	1.44960708018616	6.59189745937285
3.44853894865339	-0.0335698481727321	6.68345159075303
2.28274967574578	0.186160067139696	5.80148012512398
-0.277714198519875	-1.05287251087205	4.43121995880064
-3.91241321431296	-3.20439459830625	1.55947203784237
-3.30815594720378	-2.33463035019455	0.814831769283589
-3.21355001144427	-2.92362859540703	-1.87685969329366
-1.63576714732586	0.247196154726482	-0.341802090486
0.662241550316625	0.787365529869535	-1.18410009918364
3.78423743038071	2.14236667429618	-0.878919661249714
0.89417868314641	4.04974441138323	-0.338750286106661
3.09452964065003	5.32845044632639	0.717174029144732
-0.546272983901732	5.27046616311894	0.332646677347982
-0.357061112382696	2.80155642023346	1.66628519111925
-1.67238879987793	3.07011520561532	0.582894636453803
-0.219729915312428	5.51461051346609	0.122072175173571
2.15457389181353	2.94499122606241	0.393682764934768
1.64492256046387	2.44144350347143	0.527962157625696
1.73952849622339	1.66933699549859	0.567635614557107
2.12405584802014	0.573739223315785	0.363164721141375
0.582894636453803	-0.927748531319142	-0.341802090486
1.15358205539025	-2.050812542916	-0.225833524071107
-0.473029678797589	-1.18410009918364	1.78835736629282
1.53505760280766	-1.36415655756466	3.21660181582361
-0.2563515678645	-0.195315480277714	2.3071641107805
-0.701915007248035	-0.125123979552911	0.775158312352178
-1.25429159990845	-0.225833524071107	0.247196154726482
-3.00297550926986	-3.14946211947814	-1.1261158159762
-5.72823682001984	-5.65804531929503	-3.67742427710384
-5.27962157625696	-7.04661631189441	-2.32547493705653
-5.50850690470741	-6.54612039368276	-2.73136491950866
-5.90218966964218	-5.63668268863966	-2.38040741588464
-6.29892423895628	-4.48310063324941	-4.31830319676509
-2.29800869764248	-0.576791027695125	-0.823987182421607
-6.00900282291905	-3.63775082017243	-2.97856107423514
-5.82284275577935	-1.9806210421912	-2.88700694285496
-2.83207446402686	-1.96841382467384	-2.40482185091936
-2.38345922026398	0.518806744487678	-1.49538414587625
-0.585946440833143	1.51064316777295	-0.549324788281071
-0.189211871519036	0.72327763790341	-1.43434805828946
-0.274662394140536	1.07728694590677	-3.33562218661784
-1.43129625391012	1.18715190356298	-2.69169146257725
-1.37941557946136	0.04272526131075	-0.296025024795911
-2.49637598229953	-1.16273746852827	-0.463874265659571
-2.47196154726482	-1.76699473563745	0.692759594110018
-0.89723048752575	-1.538109407187	-0.0366216525520714
-1.84939345387961	-0.155642023346304	-0.720225833524071
-1.53200579842832	-0.0122072175173571	-1.80361638818952
-3.71404592965591	-0.289921416037232	-3.54314488441291
-5.40474555580987	-2.22781719691768	-5.15754940108339
-5.0965133134966	-2.43228809033341	-5.60006103608759
-6.46677347981994	-3.28984512092775	-6.33859769588769
-4.05279621576257	-2.80155642023346	-2.60013733119707
-5.27656977187762	-1.57473105973907	-1.1810482948043
-1.0101472495613	-1.44655527580682	1.32753490501259
0.698863202868696	-1.10780498970016	0.268558785381857
1.40688181887541	-2.4078736552987	-1.20851453421836
-1.06813153276875	-3.46379797055009	-3.04570077058061
1.51674677653162	-2.90836957351034	-3.25627527275502
0.521858548867018	-2.93888761730373	-2.9907682917525
-2.42923628595407	-3.6743724727245	-3.62554360265507
-3.40581368734264	-2.45670252536812	-3.85748073548486
-0.631723506523232	-0.408941786831464	-1.31837949187457
-2.49942778667887	-0.0183108262760357	-2.13931486991684
-0.985732814526589	-0.924696726939803	-1.25734340428779
-1.67544060425727	-3.07316700999466	-2.20340276188296
-1.73647669184405	-2.51773861295491	-3.60418097199969
-2.26138704509041	-3.49431601434348	-5.52986953536278
-1.09254596780346	-4.81269550621805	-5.62142366674296
-1.07118333714809	-3.45464255741207	-4.60517280842298
-0.949111161974517	-2.21866178377966	-2.35904478522927
-1.22072175173571	-3.00297550926986	-1.29091325246052
-1.48622873273823	-1.34889753566796	1.62050812542916
-3.54619668879225	-0.735484855420768	1.90432593270771
-2.40482185091936	0.363164721141375	2.20340276188296
-0.790417334248875	0.0732433051041428	0.912489509422446
-0.909437705043107	1.0955977721828	-0.445563439383536
-3.30205233844511	-0.622568093385214	-1.33058670939193
-2.50247959105821	-0.81177996490425	-2.8198672465095
-0.335698481727321	-0.0579842832074464	-2.52994583047227
-0.164797436484321	0.463874265659571	-1.51979858091096
1.51064316777295	0.173952849622339	0
0.686655985351339	3.64995803768978	1.21461814297704
1.67544060425727	2.43533989471275	0.631723506523232
4.90424963759823	2.88090333409628	1.57473105973907
3.45159075303273	0.0946059357595178	1.72121766994736
0.823987182421607	-1.33669031815061	-1.47402151522087
0.408941786831464	-0.97962920576791	-3.24101625085832
-2.53604943923095	-2.35599298084993	-4.30609597924773
-2.28885328450446	-1.24208438239109	-4.75165941863127
-1.44960708018616	0.311284046692607	-5.41084916456855
0.692759594110018	-0.0885023270008393	-3.66521705958648
0.540169375143053	1.45876249332418	-3.29594872968643
2.88395513847562	1.63271534294652	-2.01113908598459
0.607309071488518	1.39772640573739	-2.13931486991684
-0.903334096284428	0.588998245212482	-2.42923628595407
-3.06706340123598	-1.82192721446555	-3.31120775158312
-2.86869611657893	-0.222781719691768	-2.29495689326314
-4.28473334859236	1.2817578393225	-2.27664606698711
-2.91752498664836	4.03143358510719	-1.76089112687877
0.802624551766232	6.50034332799268	0.0854505226215
-0.729381246662089	2.07827878233005	-0.195315480277714
-3.27153429465171	0.98268101014725	-0.68055237659266
-2.4780651560235	-0.00915541313801785	-1.20851453421836
-0.0549324788281071	-2.33157854581521	0.0366216525520714
0.55542839703975	-1.35805294880598	-0.152590218966964
2.00808728160525	2.02639810788128	2.17593652246891
2.60013733119707	6.03036545357443	3.75677119096666
3.65300984206912	7.10460059510185	5.83810177767605
3.22880903334096	6.68650339513237	4.74555580987259
1.9653620202945	4.29388876173037	5.1117723353933
-0.59510185397116	1.75173571374075	3.44548714427405
-0.582894636453803	-2.55436026550698	1.39772640573739
-0.463874265659571	-4.45563439383536	-0.183108262760357
-2.10269321736477	-4.41290913252461	-0.134279392690929
0.0518806744487678	-3.05485618371862	1.94399938963912
-1.28786144808118	-5.0110627908751	-0.906385900663767
0.0671396963454643	-3.72320134279393	-0.930800335698482
-0.363164721141375	-1.46181429770352	-1.68764782177462
1.6083009079118	1.14137483787289	0.842298008697642
-0.967421988250553	1.23292896925307	-0.146486610208286
0.537117570763714	0.445563439383536	-0.854505226215
2.74662394140536	0.64087891966125	-1.41908903639277
2.8046082246128	1.48622873273823	0.274662394140536
-0.00305180437933928	3.50652323186084	1.05592431525139
0.820935378042267	2.81681544213016	-0.0122072175173571
1.58999008163577	0.772106507972839	-1.44350347142748
0.238040741588464	-0.817883573662928	-2.26749065384909
-2.24612802319371	-0.89417868314641	-3.35698481727321
0.512703135729	0.448615243762875	-1.67849240863661
-0.561532005798428	-0.415045395590143	-1.52590218966964
3.03654535744259	2.43228809033341	0.930800335698482
1.97451743343252	0.238040741588464	0.0152590218966964
2.47196154726482	3.12809948882277	2.77103837644007
-0.378423743038071	-0.0701915007248035	2.6337071793698
1.02235446707866	-0.527962157625696	4.24505989166094
-2.44144350347143	-2.09964141298543	1.82192721446555
-1.88906691081102	-1.68764782177462	-0.72327763790341
-0.460822461280232	-0.0549324788281071	-0.741588464179446
1.49843595025559	-0.210574502174411	-1.91653315022507
4.58075837338827	2.58487830930037	-0.280766002899214
3.86358434424353	0.375371938658732	-0.430304417486839
3.90630960555428	1.71816586556802	1.59914549477379
1.31532768749523	-1.02235446707866	0.878919661249714
-1.10475318532082	-0.89417868314641	1.1261158159762
-1.52895399404898	-0.411993591210803	0.946059357595178
-2.85648889906157	-4.33356221866178	-0.418097199969482
-4.05889982452125	-3.71404592965591	-0.72632944228275
-4.93476768139162	-3.21049820706493	-1.12916762035554
-3.06401159685664	-4.04669260700389	-1.22072175173571
-2.85954070344091	-3.68963149462119	-0.622568093385214
-3.45159075303273	-4.44037537193866	-1.59304188601511
-2.71305409323262	-3.72320134279393	-2.392614633402
-3.39055466544594	-3.38139925230793	-2.20035095750362
0.488288700694285	-1.96231021591516	-0.250247959105821
1.196307316701	-1.79140917067216	1.63576714732586
3.18913557640955	-2.12710765239948	0.234988937209125
5.08735790035859	0.354009308003357	2.94804303044175
1.367208361944	1.97146562905318	1.70901045243
1.87380788891432	4.99275196459907	0.476081483176928
-0.949111161974517	6.09750514991989	-0.701915007248035
-2.2369726100557	6.02121004043641	-1.34584573128862
-2.63675898374914	5.61226825360494	-1.64492256046387
-3.77508201724269	4.36408026245518	-2.05996795605402
-3.46990157930877	1.55031662470436	-1.05287251087205
-2.56961928740368	0.146486610208286	0.564583810177768
-1.60219729915312	1.03456168459602	4.35492484931716
2.65201800564584	2.03250171663996	9.00282291905089
4.55939574273289	3.11589227130541	8.45654993514916
7.1625848783093	1.81887541008621	7.76989394979782
9.90615701533532	1.70595864805066	7.18089570458534
8.30395971618219	-1.50148775463493	3.97039749752041
2.91447318226902	-3.32646677347982	-1.78835736629282
1.40383001449607	-3.92156862745098	-2.51468680857557
2.67948424505989	-4.15655756466011	-0.692759594110018
-0.283817807278553	-3.1616693369955	-0.820935378042267
-0.286869611657893	-2.48416876478218	1.48622873273823
0.38452735179675	-4.3579766536965	1.95315480277714
0.900282291905089	-5.26436255436027	0.131227588311589
1.196307316701	-4.76081483176928	0.820935378042267
1.85244525825895	-3.62554360265507	-1.29091325246052
4.65400167849241	-1.03456168459602	-1.41908903639277
5.91439688715953	-1.19935912108034	-1.5228503852903
3.17998016327153	-1.5533684290837	-2.08438239108873
0.592050049591821	1.81582360570687	-0.106813153276875
2.94804303044175	4.62958724345769	0.973525597009232
2.45670252536812	4.07415884641794	1.4373998626688
0.912489509422446	3.98870832379644	1.87685969329366
-1.28480964370184	4.62043183031968	2.29495689326314
-1.58083466849775	4.20843823910887	4.58991378652628
-3.95208667124437	4.16266117341878	6.01815823605707
-6.43930724040589	2.26749065384909	5.60311284046693
-1.95620660715648	1.83413443198291	7.10154879072251
1.55642023346304	-0.81177996490425	4.92561226825361
5.12092774853132	-0.50965133134966	4.13214312962539
5.32539864194705	-3.41802090486	2.31021591515984
6.22873273823148	-4.0009155413138	1.22682536049439
4.53803311207752	-3.81475547417411	-0.836194399938964
1.0406652933547	-3.8452735179675	-2.51773861295491
-5.44136720836194	-4.76691844052796	-3.22880903334096
-8.38941023880369	-5.60006103608759	-2.36514839398795
-8.50537880521859	-6.27145799954223	-1.2970168612192
-5.08125429159991	-5.98458838788434	2.43839169909209
-5.0965133134966	-6.9916838330663	0.85145342183566
-2.16983291371023	-5.39864194705119	1.89211871519036
2.49942778667887	-4.32440680552377	3.59197375448234
4.02532997634852	-3.48210879682612	3.62249179827573
2.55436026550698	-3.12504768444343	3.30205233844511
3.12809948882277	-1.52590218966964	2.08438239108873
3.05790798809796	-0.988784618905928	1.85549706263828
0.988784618905928	-1.82497901884489	2.66727702754253
-1.78835736629282	-0.738536659800107	1.58693827725643
-1.30617227435721	1.16884107728695	1.48622873273823
-1.53505760280766	1.51369497215228	1.73037308308537
-1.49843595025559	2.59403372243839	1.55031662470436
0.247196154726482	5.7099259937438	2.48111696040284
3.57976653696498	6.11886778057526	0.552376592660411
5.10872053101396	4.93476768139162	0.93690394445716
5.05683985656519	1.19935912108034	-0.0183108262760357
2.27664606698711	1.04371709773404	0.195315480277714
0.997940032043946	0.259403372243839	3.3173113603418
-2.12405584802014	-1.62966353856718	4.36102845807584
-5.75265125505455	-0.622568093385214	4.94697489890898
-4.34882124055848	-2.09964141298543	4.51056687266346
-4.59601739528496	-2.49027237354086	0.64087891966125
-4.60822461280232	-4.43732356755932	-3.72320134279393
-4.83710994125277	-6.43930724040589	-6.56137941557946
-4.04974441138323	-6.40573739223316	-4.93781948577096
-7.87365529869535	-6.9764248111696	-3.60418097199969
-6.14023041123064	-6.50644693675135	-2.06301976043336
-3.20439459830625	-4.22674906538491	1.91653315022507
-4.70283054856184	-3.26543068589303	2.97245746547646
-1.69069962615396	0.29907682917525	4.31830319676509
-2.45670252536812	1.03150988021668	3.5736629282063
-1.39467460135805	0.0732433051041428	2.63981078812848
-3.00907911802853	1.8951705195697	-0.329594872968643
-0.872816052491035	3.37529564354925	0.515754940108339
-2.60013733119707	1.05287251087205	-0.454718852521553
-1.45571068894484	1.83108262760357	-0.115968566414893
-4.29388876173037	-1.50453955901427	-4.25116350041962
-6.43625543602655	-2.49637598229953	-5.02021820401312
-6.86961165789273	-3.70183871213855	-3.99481193255512
-3.93682764934768	-1.80666819256886	0.411993591210803
-1.01625085831998	-0.689707789730678	2.67948424505989
1.71511406118868	1.53200579842832	4.49835965514611
2.30411230640116	1.50148775463493	6.10971236743725
-0.900282291905089	0.717174029144732	5.10872053101396
-1.40688181887541	0.378423743038071	3.11894407568475
-3.53398947127489	-1.84939345387961	-0.29907682917525
-5.05989166094453	-3.06401159685664	-1.50453955901427
-3.00297550926986	-4.11688410772869	-4.38849469748989
-3.49736781872282	-4.53192950331884	-6.14633401998932
-2.53299763485161	-1.87685969329366	-5.95712214847028
-0.485236896314946	0.137331197070268	-4.03448538948653
-0.320439459830625	1.24513618677043	-0.192263675898375
-2.49942778667887	0.903334096284428	1.41603723201343
-4.18097199969482	1.07728694590677	0.93690394445716
-3.19523918516823	1.4526588845655	1.93789578088045
-5.19417105363546	0.89723048752575	-0.805676356145571
-4.53498130769818	1.83413443198291	-0.692759594110018
-5.01716639963378	0.796520943007553	-3.43938353551537
-3.86053253986419	3.07927061875334	-2.28885328450446
-5.04463263904784	2.96330205233845	-2.28274967574578
-3.61333638513771	1.95925841153582	-0.72327763790341
-4.35187304493782	0.7690547035935	-0.512703135729
-3.22880903334096	-0.271610589761196	-2.79850461585412
-5.26436255436027	-0.976577401388571	-4.36102845807584
-6.75974670023651	-1.33363851377127	-3.21965362020295
-7.28465705348287	-0.0244144350347143	-3.32646677347982
-5.93881132219425	1.01930266269932	-1.1261158159762
-5.51155870908675	-0.198367284657053	1.06202792401007
-4.59296559090562	-1.04982070649271	0.787365529869535
-3.71709773403525	-1.49233234149691	1.01319905394064
-2.83207446402686	-3.22575722896162	-1.07118333714809
-3.07316700999466	-4.51972228580148	-3.0060273136492
-4.40985732814527	-4.65400167849241	-5.47493705653468
-4.41596093690394	-4.40985732814527	-6.6498817425803
-3.34477759975586	-2.02639810788128	-3.930724040589
-2.78629739833677	-3.34172579537652	-3.0609597924773
-4.63263904783703	-2.392614633402	-0.439459830624857
-4.31830319676509	-5.32845044632639	-0.576791027695125
-3.28984512092775	-4.19928282597086	-0.924696726939803
-3.42717631799802	-4.15045395590143	-0.0549324788281071
-3.4882124055848	-1.93179217212177	-1.52590218966964
-0.537117570763714	0.863660639353018	-1.64492256046387
-1.43434805828946	1.26039520866712	-1.54116121156634
-3.51567864499886	2.70389868009461	-1.66628519111925
-2.51468680857557	0.341802090486	-1.60524910353246
-3.95513847562371	1.48622873273823	-2.96940566109712
-3.71404592965591	0.628671702143893	-3.67742427710384
0.756847486076142	0.558480201419089	-0.93690394445716
-5.17586022735943	2.3224231326772	-5.65194171053635
-2.9755092698558	3.43022812237736	-2.95109483482109
-0.338750286106661	3.3478294041352	-1.96231021591516
-0.0946059357595178	1.91653315022507	-1.70901045243
1.32753490501259	0.915541313801785	0.0305180437933928
2.49942778667887	0.656137941557946	-0.0762951094834821
3.74151216906996	0.558480201419089	0.378423743038071
1.55031662470436	0.592050049591821	-0.903334096284428
1.33974212252995	1.17799649042496	-1.95620660715648
-2.76493476768139	0.933852140077821	-4.95002670328832
-3.70794232089723	1.35500114442664	-3.53398947127489
-1.76394293125811	-0.604257267109178	-2.21560997940032
-0.451667048142214	-0.143434805828946	-1.47707331960021
1.80666819256886	-0.540169375143053	2.52384222171359
-0.854505226215	-0.924696726939803	2.51468680857557
-0.289921416037232	0.173952849622339	0.997940032043946
-0.402838178072786	0.473029678797589	-0.393682764934768
-3.25017166399634	-0.277714198519875	-1.61440451667048
-2.39566643778134	0.158693827725643	-0.775158312352178
-1.62966353856718	-0.210574502174411	-2.37125200274662
0.183108262760357	2.10574502174411	-0.396734569314107
1.75783932249943	4.92561226825361	2.41702906843671
3.90630960555428	8.33142595559625	3.08842603189136
6.92454413672084	9.26222629129473	6.30502784771496
4.96833752956436	7.78820477607385	3.93987945372702
2.01419089036393	6.86045624475471	0.546272983901732
2.95414663920043	5.54207675288014	-0.613412680247196
1.46486610208286	3.79034103913939	-1.11696040283818
2.93583581292439	1.73037308308537	-0.805676356145571
6.31418326085298	1.60219729915312	-0.906385900663767
7.52269779507134	1.80666819256886	0.579842832074464
9.19203479056992	2.42618448157473	3.98870832379644
3.79034103913939	1.09254596780346	4.5288776989395
1.59609369039445	0.875867856870375	4.52582589456016
1.3519493400473	-0.0701915007248035	3.75066758220798
-0.686655985351339	-4.05279621576257	-0.375371938658732
0.222781719691768	-3.22270542458228	-1.05897611963073
1.98672465094987	-2.12710765239948	-2.09048599984741
2.28580148012512	-3.71709773403525	-1.87075608453498
3.75066758220798	-2.75577935454337	-2.06912336919203
3.68352788586252	-0.656137941557946	-0.216678110933089
0.878919661249714	1.50759136339361	0.875867856870375
0.59510185397116	0.802624551766232	2.78324559395743
0.665293354695964	1.25429159990845	2.77103837644007
0.872816052491035	1.45571068894484	1.03150988021668
-0.335698481727321	-1.7242694743267	0.0457770656900893
1.70595864805066	-1.77309834439612	-1.13527122911421
0.973525597009232	-1.9501029983978	-0.210574502174411
4.15655756466011	-0.335698481727321	2.221713588159
5.01411459525444	2.02639810788128	2.81681544213016
3.48516060120546	4.5990691996643	3.31425955596246
4.11078049897002	6.63157091630427	4.71198596169986
3.74761577782864	7.1473258564126	2.8351262684062
3.59197375448234	6.53696498054475	2.67948424505989
2.91447318226902	5.08430609597925	-0.286869611657893
2.96025024795911	4.82185091935607	-0.131227588311589
2.22781719691768	3.36919203479057	0.457770656900893
2.16678110933089	4.06805523765927	1.05592431525139
1.1810482948043	3.66521705958648	0.927748531319142
0.296025024795911	1.72121766994736	0.9399557488365
-0.921644922560464	2.31937132829786	2.25528343633173
-0.689707789730678	2.92057679102769	3.35698481727321
1.03761348897536	3.90630960555428	3.96124208438239
0.430304417486839	2.221713588159	3.20744640268559
-1.02845807583734	2.11795223926146	3.70183871213855
-1.12916762035554	3.07316700999466	3.37224383916991
-0.0885023270008393	3.1464103150988	2.92057679102769
2.0660715648127	2.70389868009461	2.47196154726482
0.750743877317464	-0.0762951094834821	2.55436026550698
-0.592050049591821	0.912489509422446	3.30510414282444
0.857557030594339	1.58388647287709	3.17692835889219
0.708018616006714	-0.228885328450446	3.14335851071946
-0.9399557488365	-1.33058670939193	2.52994583047227
-0.735484855420768	-2.31631952391852	2.67032883192187
-0.253299763485161	-3.19523918516823	0.915541313801785
-0.189211871519036	-3.37224383916991	0.0732433051041428
2.70389868009461	-1.58999008163577	0.72632944228275
0.704966811627375	-1.23292896925307	0.0122072175173571
2.05386434729534	-1.88906691081102	-0.0885023270008393
1.82803082322423	-3.04875257495994	-1.92568856336309
0.29907682917525	-2.52689402609293	0.0305180437933928
-0.891126878767071	-2.67338063630121	1.68154421301595
-2.21866178377966	-2.34988937209125	2.08438239108873
-2.6489662012665	-4.72419317921721	1.82192721446555
-0.878919661249714	-6.4789806973373	2.89921416037232
-3.74761577782864	-7.88281071183337	0.402838178072786
-3.64995803768978	-8.53589684901198	-0.476081483176928
-1.22377355611505	-7.6600289921416	-1.20546272983902
-2.41397726405737	-8.37720302128634	-1.99282825970855
-1.06813153276875	-7.58678568703746	-0.738536659800107
-4.64179446097505	-6.50644693675135	-0.363164721141375
-2.58793011367971	-3.96124208438239	0.921644922560464
-3.01518272678721	-0.927748531319142	1.42824444953079
-1.367208361944	1.98367284657053	2.6489662012665
-2.24307621881437	2.33463035019455	0.4272526131075
-2.17898832684825	-0.177004654001679	-1.00404364080262
2.84428168154421	0.143434805828946	2.96330205233845
-0.433356221866178	0.115968566414893	2.16983291371023
0.424200808728161	-2.82291905088884	2.70695048447395
1.34279392690929	-3.94293125810636	0.408941786831464
1.73952849622339	-2.88395513847562	-0.366216525520714
2.42923628595407	-0.878919661249714	1.22682536049439
2.00198367284657	1.07423514152743	0.457770656900893
2.4933241779202	1.62661173418784	1.84328984512093
5.05683985656519	1.95620660715648	4.67841611352712
1.27260242618448	2.10574502174411	4.45258258945602
0.997940032043946	0.305180437933928	4.25116350041962
-0.177004654001679	-1.92263675898375	3.39971007858396
1.31532768749523	0.900282291905089	2.82902265964752
4.0161745632105	1.91348134584573	4.25116350041962
4.43121995880064	2.70084687571527	3.90020599679561
4.86152437628748	2.7496757457847	4.37018387121385
2.93888761730373	1.31532768749523	3.15861753261616
-0.518806744487678	-1.22377355611505	0.689707789730678
-0.158693827725643	-3.04264896620127	-0.994888227664607
-7.63561455710689	-4.69062333104448	-5.39559014267186
-7.56237125200275	-3.86663614862287	-4.81879911497673
-6.11276417181659	-3.16777294575418	-6.45456626230259
-0.961318379491875	-1.24513618677043	-4.56549935149157
-1.0955977721828	0.106813153276875	-3.62859540703441
2.8351262684062	3.60418097199969	0.125123979552911
5.08125429159991	4.46478980697337	2.18814373998627
6.0517280842298	4.89509422446021	2.91447318226902
6.26535439078355	6.02426184481575	4.24505989166094
3.6743724727245	4.4281681544213	4.43732356755932
1.2817578393225	2.07217517357137	0.436408026245518
-1.88296330205234	0.271610589761196	-0.646982528419928
1.08033875028611	-0.253299763485161	-0.314335851071946
-1.40993362325475	-1.62050812542916	-1.16273746852827
2.31631952391852	-3.20744640268559	-0.375371938658732
-0.512703135729	-5.66109712367437	-3.18303196765087
4.61738002594034	-3.36919203479057	0.4272526131075
2.17898832684825	-4.272526131075	-0.573739223315785
3.46684977492943	-3.22270542458228	-0.424200808728161
4.31830319676509	-1.39772640573739	2.51468680857557
5.11482413977264	-1.23292896925307	3.80865186541543
2.65812161440452	-1.03761348897536	4.95307850766766
0.0976577401388571	-2.86869611657893	3.46074616617075
0.698863202868696	-2.65812161440452	2.94804303044175
0.72327763790341	-4.73945220111391	0.799572747386893
-0.585946440833143	-5.39864194705119	-1.67544060425727
-1.62661173418784	-5.46578164339666	-3.01213092240787
-1.05592431525139	-4.87678339818418	-2.5787747005417
0.622568093385214	-3.34477759975586	-2.47501335164416
-1.40993362325475	-1.86770428015564	-1.95315480277714
-1.32143129625391	-0.381475547417411	-2.32852674143587
2.65812161440452	1.61135271229114	-1.87380788891432
2.43839169909209	2.34988937209125	-0.512703135729
2.47501335164416	0.891126878767071	0.543221179522393
1.48928053711757	-0.0579842832074464	1.69985503929198
2.4628061341268	-1.70595864805066	2.32852674143587
1.54421301594568	-2.30106050202182	2.32852674143587
1.0406652933547	-1.84023804074159	4.0009155413138
2.11490043488212	-2.28580148012512	3.07316700999466
1.04371709773404	-4.50141145952544	2.13931486991684
0.448615243762875	-6.16159304188602	-0.625619897764553
-0.930800335698482	-7.62645914396887	-3.53093766689555
-0.59510185397116	-6.68039978637369	-4.8706797894255
-5.76791027695125	-7.60204470893416	-7.25413900968948
-4.59296559090562	-7.10765239948119	-6.6498817425803
-2.63981078812848	-6.83299000534066	-4.72114137483787
-5.00190737773709	-6.87876707103075	-3.66521705958648
-4.65400167849241	-7.52880140383001	-2.13321126115816
-1.93789578088045	-5.78927290760662	0.00915541313801785
0.308232242313268	-5.59090562294957	0.521858548867018
3.49126420996414	-4.59601739528496	-0.189211871519036
2.74052033264668	-2.905317769131	-0.762951094834821
4.57160296025025	-0.738536659800107	0.994888227664607
5.3528648813611	0.152590218966964	0.247196154726482
3.30815594720378	-1.03761348897536	-0.473029678797589
1.38857099259937	-1.49538414587625	-1.08644235904479
-0.772106507972839	-2.86869611657893	-2.48722056916152
-4.08941786831464	-2.38651102464332	-5.94796673533227
-0.671396963454643	-0.512703135729	-2.20035095750362
-3.77203021286336	-0.653086137178607	-2.30106050202182
-3.52788586251621	1.04676890211337	-0.906385900663767
-3.1616693369955	1.51369497215228	-0.186160067139696
-1.21766994735637	1.01930266269932	-0.604257267109178
-2.7191577019913	-1.06202792401007	-0.610360875867857
-3.08842603189136	-3.03044174868391	-1.73952849622339
-4.23895628290227	-2.72526131074998	-2.99382009613184
-6.90012970168612	-2.96025024795911	-3.81475547417411
-4.0863660639353	-2.27054245822843	-4.05889982452125
-5.468833447776	-2.85648889906157	-2.16372930495155
-3.03349355306325	-4.785229266804	-3.14335851071946
-2.21255817502098	-5.26131074998093	-4.23895628290227
-0.973525597009232	-4.01312275883116	-1.2115663385977
-1.19325551232166	-4.24505989166094	-1.33974212252995
-1.06202792401007	-3.95819028000305	-1.03761348897536
-0.189211871519036	-1.87075608453498	-1.72732127870604
-0.170901045243	-0.564583810177768	-1.20241092545968
-2.69474326695659	-0.119020370794232	-0.762951094834821
-1.2664988174258	0.9399557488365	-1.06813153276875
0.613412680247196	2.15762569619287	0.869764248111696
1.27260242618448	2.55741206988632	1.36415655756466
3.17387655451286	1.2115663385977	1.25734340428779
1.19325551232166	1.8097199969482	0.552376592660411
1.94705119401846	1.97146562905318	-0.89417868314641
0.378423743038071	1.30922407873655	-1.66018158236057
-0.332646677347982	-0.143434805828946	-1.62050812542916
-3.88494697489891	-1.57167925535973	-3.25322346837568
-5.22163729304952	-3.10063324940871	-2.54215304798962
-3.83306630045014	-5.28877698939498	-1.97756923781186
-4.58991378652628	-4.60517280842298	0.732433051041428
-5.7953765163653	-5.28877698939498	0.210574502174411
-5.6946669718471	-3.55230029755093	0.338750286106661
-3.46379797055009	-1.48317692835889	2.74052033264668
-2.97245746547646	1.71816586556802	4.19317921721218
-3.69878690775921	2.27664606698711	3.66216525520714
-2.76493476768139	0.674448767833982	2.1362630655375
-3.33867399099718	0.9399557488365	-0.021362630655375
-1.33363851377127	1.2115663385977	-0.576791027695125
0.534065766384375	3.1616693369955	-1.02235446707866
1.74868390936141	2.50858319981689	0.0518806744487678
2.92362859540703	3.57061112382696	2.49942778667887
2.26443884946975	2.52384222171359	3.33867399099718
4.04974441138323	4.00701915007248	4.34882124055848
2.31021591515984	4.31525139238575	3.13420309758144
0.247196154726482	1.41298542763409	2.08743419546807
-1.91653315022507	2.88090333409628	2.52689402609293
-5.24910353246357	0.857557030594339	0.830090791180285
-5.0263218127718	-1.07423514152743	1.43129625391012
-3.21660181582361	-1.23292896925307	0.610360875867857
-1.53200579842832	-4.09246967269398	-1.09864957656214
-1.30617227435721	-4.66926070038911	-2.27359426260777
-1.20851453421836	-5.38643472953384	-2.70084687571527
-2.50858319981689	-4.70893415732052	-0.259403372243839
-7.3334859235523	-5.67025253681239	-2.51773861295491
-6.12802319371328	-6.27756160830091	0.0518806744487678
-8.96925307087816	-7.7454795147631	-0.955214770733196
-5.30403601129168	-5.30708781567102	-0.448615243762875
-2.94193942168307	-2.92973220416571	1.54116121156634
-4.11383230334935	-0.177004654001679	0.787365529869535
-2.94804303044175	0.177004654001679	2.1210040436408
-2.16067750057221	1.78530556191348	2.25528343633173
-0.576791027695125	2.03860532539864	1.71816586556802
1.9501029983978	2.17593652246891	3.73846036469062
3.35088120851453	4.26642252231632	4.43121995880064
4.13214312962539	2.10879682612345	5.05683985656519
2.86869611657893	1.30312046997787	1.25734340428779
2.4078736552987	1.61745632104982	-0.921644922560464
-0.448615243762875	0.448615243762875	-0.335698481727321
-3.08537422751202	0.943007553215839	1.76394293125811
-2.42313267719539	0.570687418936446	2.21255817502098
-3.15251392385748	1.02235446707866	2.74052033264668
-3.076218814374	1.24513618677043	4.77912565804532
-4.00701915007248	2.03250171663996	4.67536430914778
-3.94598306248569	1.87075608453498	2.85038529030289
-6.00900282291905	-0.454718852521553	0.521858548867018
-4.53192950331884	-0.68055237659266	1.31532768749523
-1.81887541008621	-3.42412451361868	1.40993362325475
-4.22674906538491	-3.11589227130541	1.03456168459602
-2.31021591515984	-5.12703135729	0.930800335698482
-2.25223163195239	-5.34370946822309	-0.735484855420768
-1.64797436484321	-6.27145799954223	-3.05485618371862
-4.93781948577096	-6.10360875867857	-4.28473334859236
-4.0161745632105	-3.85442893110552	-2.77714198519875
-0.878919661249714	-2.03860532539864	-0.0335698481727321
0.0732433051041428	0.494392309452964	2.33157854581521
1.05592431525139	-1.22377355611505	2.64286259250782
2.84428168154421	-0.958266575112535	3.72625314717327
4.00396734569314	-0.302128633554589	4.87678339818418
3.57061112382696	-0.80872816052491	4.01922636758984
3.13725490196078	-0.0244144350347143	4.04974441138323
-0.442511635004196	-2.23392080567636	-0.259403372243839
-2.6337071793698	-2.45975432974746	-1.34279392690929
-4.99885557335775	-2.64286259250782	-2.56656748302434
-3.82391088731212	-2.4628061341268	-3.08537422751202
-3.97039749752041	-1.6937514305333	-1.56252384222171
-3.29594872968643	-1.36110475318532	1.51369497215228
-4.35187304493782	-0.140383001449607	0.787365529869535
-3.8452735179675	0.305180437933928	3.85137712672618
-9.76577401388571	-1.04982070649271	2.14847028305486
-10.4219119554437	-0.494392309452964	1.0955977721828
-5.76791027695125	-1.03456168459602	1.56862745098039
-8.77698939497978	-2.52384222171359	-0.900282291905089
-5.06294346532387	-2.20340276188296	2.06301976043336
-2.59403372243839	-1.86770428015564	0.903334096284428
-1.12916762035554	-1.94399938963912	2.84428168154421
-0.274662394140536	-2.28580148012512	2.74357213702602
0.430304417486839	-1.23903257801175	2.3773556115053
-2.77714198519875	-0.238040741588464	1.33363851377127
-1.58693827725643	0.222781719691768	2.96635385671778
-3.50041962310216	-1.24208438239109	0.866712443732357
-5.31929503318837	-3.4027618829633	-0.970473792629892
-8.31921873807889	-3.92156862745098	-3.55840390630961
-7.67833981841764	-2.49942778667887	-4.02227817196918
-8.40161745632105	-2.07827878233005	-4.82490272373541
-8.36499580376898	-1.04676890211337	-4.38544289311055
-7.25719081406882	-1.26344701304646	-4.00396734569314
-6.52475776302739	1.88601510643168	-1.879911497673
-7.94995040817884	3.33562218661784	-0.463874265659571
-6.57358663309682	4.30914778362707	-0.0488288700694285
-7.53185320820935	3.81170366979477	-1.92263675898375
-6.39047837033646	3.82696269169146	-1.11390859845884
-9.38735027084764	1.538109407187	-2.22781719691768
-8.13000686655985	-0.0518806744487678	-2.70695048447395
-4.17792019531548	-0.85145342183566	-2.59403372243839
-2.11184863050278	-2.57267109178302	-2.43839169909209
-5.44747081712062	-3.60112916762036	-3.41802090486
-5.84420538643473	-3.18303196765087	-1.62966353856718
-4.71198596169986	-2.14541847867552	-0.89417868314641
-5.11787594415198	-3.3478294041352	-2.27969787136645
-4.51667048142214	-2.78019378957809	-2.21866178377966
-4.40680552376593	-3.07316700999466	-1.32143129625391
-3.87884336614023	-2.27054245822843	-3.4882124055848
-4.49530785076677	-3.71709773403525	-5.16975661860075
-4.35492484931716	-2.33463035019455	-4.62043183031968
-5.54207675288014	-1.37331197070268	-6.2928206301976
-6.24093995574884	-1.65712977798123	-6.76585030899519
-7.33958953231098	-1.8951705195697	-7.47997253376059
-7.91332875562676	-2.71610589761196	-7.39757381551843
-8.06286717021439	-0.732433051041428	-6.28366521705959
-9.61623559929808	-2.50858319981689	-4.37323567559319
-12.0271610589761	-3.43022812237736	-5.3528648813611
-11.4045929655909	-3.47600518806744	-6.59189745937285
-6.33859769588769	-0.341802090486	-4.38849469748989
-7.57152666514076	-0.164797436484321	-2.08438239108873
-7.25413900968948	0.842298008697642	-3.38750286106661
-4.50141145952544	2.58793011367971	-2.98161287861448
0.0549324788281071	2.96635385671778	-1.43434805828946
-0.796520943007553	1.71816586556802	-3.2318608377203
1.81887541008621	2.13321126115816	-3.29289692530709
3.12809948882277	2.75883115892271	-3.39665827420462
0.643930724040589	3.51873044937819	-3.96124208438239
-0.537117570763714	4.23590447852293	-2.96940566109712
-2.18204013122759	5.48714427405203	-2.18509193560693
-3.3325703822385	5.13008316166934	-2.70695048447395
-6.73228046082246	5.00495918211643	-3.86968795300221
-5.84725719081407	3.89105058365759	-3.63164721141375
-2.23392080567636	2.94499122606241	-1.2664988174258
-3.3173113603418	3.12809948882277	-1.59609369039445
-3.73846036469062	0.949111161974517	-2.78019378957809
-3.53398947127489	-0.72632944228275	-2.58793011367971
-5.67330434119173	-2.5787747005417	-3.930724040589
-10.101472495613	-2.27054245822843	-6.14023041123064
-9.17982757305257	-0.869764248111696	-5.18196383611811
-8.84412909132525	-3.31120775158312	-3.40581368734264
-4.50141145952544	1.37636377508202	1.1108567940795
-1.76699473563745	1.69985503929198	3.27458609903105
-0.0732433051041428	1.88906691081102	4.45258258945602
3.35393301289387	3.44548714427405	5.66414892805371
5.26131074998093	3.44243533989471	3.25932707713436
5.82589456015869	5.14229037918669	3.10368505378805
9.49721522850385	7.0618753337911	5.26131074998093
7.31212329289693	6.42099641412985	4.87678339818418
8.99671931029221	5.64278629739834	7.05271992065309
8.14221408407721	3.50652323186084	5.63668268863966
8.89906157015335	3.88494697489891	6.5796902418555
4.37018387121385	4.45868619821469	5.99069199664302
7.51049057755398	5.6244754711223	7.70275425345235
6.59189745937285	5.71297779812314	8.09338521400778
5.97543297474632	4.87678339818418	7.29076066224155
5.2826733806363	4.64179446097505	7.69665064469368
6.17380025940337	4.101625085832	7.08018616006714
6.39658197909514	3.99176012817578	6.35080491340505
8.28259708552682	2.54520485236896	6.68955519951171
5.34065766384375	2.20340276188296	3.58281834134432
7.52574959945068	2.85038529030289	5.84115358205539
6.57663843747616	3.59807736324102	6.8055237659266
7.09849698634318	4.443427176318	8.33752956435493
9.66201266498817	4.74555580987259	9.45143816281376
7.63561455710689	5.09040970473793	8.10559243152514
5.22468909742885	5.56649118791485	7.59594110017548
3.77203021286336	3.759822995346	5.38948653391318
3.82696269169146	3.91851682307164	3.12199588006409
3.247119859617	1.08339055466545	1.85244525825895
3.30205233844511	1.15968566414893	0.784313725490196
3.79339284351873	-0.021362630655375	-0.576791027695125
4.10772869459068	0.0823987182421607	-1.01930266269932
2.95719844357977	-0.207522697795071	-2.50553139543755
4.5288776989395	0.415045395590143	-3.05485618371862
0.320439459830625	-0.415045395590143	-7.98046845197223
-2.58182650492103	-0.775158312352178	-6.81162737468528
-5.49019607843137	-0.833142595559625	-5.55123216601816
-10.8216983291371	-1.8646524757763	-7.09544518196384
-11.9050888838025	-2.3224231326772	-6.72922865644312
-14.2488746471351	-3.15861753261616	-6.81467917906462
-17.8774700541695	-1.15358205539025	-7.51049057755398
-15.3017471580072	-1.66018158236057	-7.92858777752346
-12.1553368429084	-2.00503547722591	-8.38941023880369
-11.8165865568017	-4.91645685511559	-7.81261921110857
-13.7453269245441	-5.84725719081407	-9.28969253070878
-12.1278706034943	-5.59395742732891	-6.83909361409934
-11.6914625772488	-3.38750286106661	-6.04257267109178
-12.9457541771572	-2.24612802319371	-7.06797894254978
-11.4473182269017	-3.36614023041123	-6.17074845502403
-12.1736476691844	-2.43839169909209	-6.03952086671244
-9.64370183871214	-3.12809948882277	-7.34569314106966
-5.48409246967269	-4.15045395590143	-6.22568093385214
-6.12802319371328	-5.22774090180819	-8.2581826504921
-5.99069199664302	-3.9154650186923	-10.2876325627527
-5.91744869153887	-4.3579766536965	-9.08827344167239
-7.66308079652094	-3.24101625085832	-10.1045242999924
-6.90012970168612	-2.16678110933089	-9.75356679636835
-8.98146028839551	-1.7944609750515	-11.0322728313115
-9.09132524605173	-0.164797436484321	-9.97329671168078
-11.3466086823835	-0.878919661249714	-10.7026779583429
-12.3567559319448	-1.65407797360189	-9.81460288395514
-10.5256733043412	1.1108567940795	-8.53894865339132
-12.8633554589151	-1.64492256046387	-8.69153887235828
-12.3750667582208	-1.3519493400473	-9.73220416571298
-13.1715877012284	-3.50041962310216	-11.9478141451133
-11.2581063553826	-5.51766231784543	-11.5297169451438
-11.6945143816281	-6.94590676737621	-11.6792553597314
-11.7799649042496	-8.91432059205005	-11.0322728313115
-10.1258869306477	-9.31715877012284	-8.81361104753185
-9.98855573357748	-7.3334859235523	-6.64682993820096
-7.63561455710689	-3.62859540703441	-3.56755931944762
-7.78515297169451	-2.24612802319371	-2.59708552681773
-5.92050049591821	-1.538109407187	-4.60517280842298
-6.56137941557946	-4.1718165865568	-6.64072632944228
-6.02731364919509	-5.13923857480736	-7.95910582131685
-7.73022049286641	-5.09956511787594	-8.47486076142519
-7.26634622720684	-5.27656977187762	-8.83802548256657
-6.33859769588769	-7.00083924620432	-9.64980544747082
-5.70382238498512	-6.67429617761502	-10.3059433890288
-5.68245975432975	-4.15045395590143	-10.6385900663767
-4.51056687266346	-1.81887541008621	-8.7708857862211
-4.68146791790646	-1.24818799114977	-6.18905928130007
-5.79232471198596	-1.40077821011673	-5.74654764629587
-5.53292133974212	2.04776073853666	-2.18509193560693
-8.49927519645991	3.076218814374	-3.02128633554589
-11.4808880750744	0.122072175173571	-5.49629968719005
-11.3130388342107	-1.41603723201343	-5.0110627908751
-12.1034561684596	-2.82597085526818	-8.10864423590448
-10.9254596780346	-1.1108567940795	-7.90112153810941
-8.62439917601282	-2.13931486991684	-5.96017395284962
-8.02014190890364	-0.320439459830625	-5.18501564049744
-4.10772869459068	1.82803082322423	-3.66216525520714
-3.88189517051957	1.24513618677043	-3.73235675593194
-6.07003891050584	0.695811398489357	-3.43938353551537
-6.74448767833982	1.77615014877546	-1.7242694743267
-5.78316929884794	1.82192721446555	0.720225833524071
-7.21141374837873	2.45365072098878	0.656137941557946
-6.72922865644312	2.33463035019455	-0.0457770656900893
-6.38132295719844	1.27870603494316	-1.12306401159686
-5.02327000839246	0.228885328450446	-3.48210879682612
-1.67544060425727	1.01930266269932	-4.11993591210803
-0.198367284657053	0.659189745937285	-5.67025253681239
1.30617227435721	-0.375371938658732	-6.60105287251087
0.927748531319142	1.39772640573739	-5.21553368429084
-2.65812161440452	1.50759136339361	-5.88693064774548
-4.63874265659571	2.77103837644007	-4.42511635004196
-6.01510643167773	0.259403372243839	-4.72419317921721
-7.12596322575723	0.460822461280232	-3.82391088731212
-8.42603189135576	1.30006866559854	-2.79240100709545
-9.23476005188067	2.02029449912261	-2.43533989471275
-9.15846494239719	1.7242694743267	-3.08537422751202
-7.15648126955062	3.17082475013352	-1.79751277943084
-7.94384679942016	0.68055237659266	-3.39665827420462
-7.97436484321355	-1.05897611963073	-4.02227817196918
-6.15548943312734	-2.53604943923095	-5.20943007553216
-5.03242542153048	-1.59914549477379	-4.60822461280232
-6.52475776302739	-1.48012512397955	-4.09857328145266
-6.01510643167773	-0.146486610208286	-3.28679331654841
-6.6346227206836	-0.366216525520714	-0.881971465629053
-8.7708857862211	0.332646677347982	-1.53505760280766
-5.13923857480736	0.793469138628214	-0.653086137178607
