3.91851682307164	8.02319371328298	4.41596093690394
2.9755092698558	8.56946669718471	5.45967803463798
1.32753490501259	9.1432059205005	6.25314717326619
4.30609597924773	9.68642710002289	5.62142366674296
8.02319371328298	10.8369573510338	6.28366521705959
0.866712443732357	9.18898298619058	5.43221179522393
2.55741206988632	9.76577401388571	5.60616464484626
2.82902265964752	10.1838712138552	4.98664835584039
1.69069962615396	10.5409323262379	6.494239719234
2.99992370489052	8.92347600518807	5.0263218127718
3.77508201724269	8.55725947966735	6.08529793240253
3.79339284351873	7.01915007248035	5.52681773098344
3.07316700999466	5.35896849011978	6.1219195849546
4.30609597924773	6.36606393530175	3.93682764934768
3.97039749752041	6.73838406958114	5.65194171053635
4.14435034714275	6.44846265354391	5.7099259937438
6.92454413672084	5.72213321126116	2.04470893415732
8.8715953307393	6.93675135423819	3.26848249027237
7.75463492790112	3.60723277637903	0.927748531319142
4.30304417486839	2.10879682612345	-2.16678110933089
3.62859540703441	1.31837949187457	-2.31326771953918
0.689707789730678	-0.573739223315785	-3.36003662165255
-4.98970016021973	-3.94598306248569	-6.39047837033646
-6.16464484626535	-3.80254825665675	-7.55321583886473
-9.09132524605173	-6.36301213092241	-7.02830548561837
-10.6965743495842	-8.23987182421607	-5.73739223315785
-11.4869916838331	-10.7515068284123	-8.75257495994507
-14.4899671931029	-11.4076447699702	-8.1025406271458
-15.5123216601816	-9.87563897154192	-3.91241321431296
-14.859235523003	-11.7128252079042	-4.65400167849241
-14.6242465857939	-10.3669794766155	-4.61127641718166
-15.0453955901427	-10.1319905394064	-3.11284046692607
-12.817578393225	-10.0892652780957	-1.84634164950027
-9.78408484016175	-9.912260624094	-2.84733348592355
-8.37720302128634	-9.90615701533532	-3.50957503624018
-7.70275425345235	-10.415808346685	-3.44243533989471
-4.55024032959487	-9.02113374532692	-3.31120775158312
-2.82902265964752	-8.92957961394675	-1.93789578088045
-4.65705348287175	-8.59082932784009	-1.48012512397955
-2.21866178377966	-8.56031128404669	-1.44350347142748
-4.101625085832	-8.14526588845655	-3.16777294575418
-3.51567864499886	-6.77500572213321	-2.67948424505989
-6.94285496299687	-7.61730373083085	-1.77615014877546
-4.22674906538491	-5.54818036163882	-0.906385900663767
-3.90020599679561	-2.82291905088884	-0.231937132829786
-5.31624322880903	-1.93179217212177	3.07011520561532
-4.5838101777676	-2.48722056916152	2.00198367284657
-1.65102616922255	-2.26138704509041	2.13321126115816
-2.85343709468223	-0.234988937209125	4.28778515297169
-1.03456168459602	-0.689707789730678	5.92050049591821
-0.265506981002518	-0.604257267109178	2.67338063630121
1.9653620202945	2.16372930495155	4.25421530479896
-1.20546272983902	-1.15358205539025	2.08438239108873
-1.86770428015564	-1.31532768749523	1.14137483787289
-0.424200808728161	0.106813153276875	-0.616464484626535
0.381475547417411	-3.07011520561532	0.845349813076982
-4.37628747997253	-4.59601739528496	-1.12306401159686
-3.56755931944762	-4.37323567559319	-1.49233234149691
-3.71404592965591	-5.54512855725948	-0.918593118181125
-7.23582818341344	-8.30701152056153	-2.2064545662623
-9.17372396429389	-10.4493781948577	-5.13618677042802
-8.68238345922026	-10.5683985656519	-5.8655680170901
-10.074006256199	-13.0739299610895	-7.65697718776226
-11.0536354619669	-14.6059357595178	-7.76684214541848
-10.3120469977874	-14.0901808194095	-7.45555809872587
-9.1981383993286	-13.0586709391928	-8.15747310597391
-10.6813153276875	-14.9294270237278	-8.54505226215
-10.1075761043717	-16.2661173418784	-9.16151674677653
-7.80041199359121	-14.7524223697261	-10.1533531700618
-8.76173037308309	-14.9019607843137	-10.6263828488594
-11.3435568780041	-14.9111161974517	-9.89089799343862
-7.55016403448539	-11.792172121767	-9.8817425803006
-8.45349813076982	-8.88380254825666	-6.36911573968109
-9.34157320515755	-8.31921873807889	-4.97444113832303
-8.24292362859541	-6.59189745937285	-2.4933241779202
-6.37216754406043	-6.3080796520943	-1.67238879987793
-9.8115510795758	-5.83504997329671	0.781261921110857
-10.7179369802396	-5.67635614557107	1.36110475318532
-7.71496147096971	-5.61226825360494	-0.476081483176928
-8.56031128404669	-6.07309071488518	-0.476081483176928
-8.58167391470207	-5.40169375143053	-0.610360875867857
-6.64682993820096	-4.67841611352712	-0.698863202868696
-6.04257267109178	-4.30304417486839	-0.976577401388571
-8.52063782711528	-5.1972228580148	-2.44144350347143
-7.79125658045319	-4.87373159380484	-3.19218738078889
-4.99275196459907	-3.25017166399634	-2.3773556115053
-7.72411688410773	-3.42107270923934	-1.02235446707866
-5.09956511787594	-3.76287479972534	-2.6489662012665
-3.3478294041352	-4.0161745632105	-2.25528343633173
-3.36919203479057	-1.69680323491264	-0.317387655451286
-1.09254596780346	-2.84428168154421	-0.29907682917525
-1.98367284657053	-1.98977645532921	-0.949111161974517
0.119020370794232	1.43434805828946	0.311284046692607
0.241092545967803	0.259403372243839	-1.83413443198291
-1.93789578088045	0.430304417486839	-3.42107270923934
-0.80872816052491	2.45059891660945	-2.43228809033341
2.16372930495155	3.38139925230793	-2.28885328450446
3.25932707713436	2.2919050888838	-4.19012741283284
3.14030670634012	1.76699473563745	-4.87983520256352
3.29594872968643	2.04470893415732	-2.19119554436561
2.84733348592355	-0.949111161974517	-4.49530785076677
1.16273746852827	-1.77004654001678	-5.42305638208591
1.65712977798123	2.20035095750362	-3.72930495155261
-0.180056458381018	3.20744640268559	-2.36514839398795
-0.314335851071946	4.1870756084535	-1.34584573128862
2.52994583047227	6.86655985351339	-1.53505760280766
-0.332646677347982	5.91439688715953	1.35500114442664
-0.692759594110018	2.34988937209125	0.692759594110018
-1.55642023346304	1.20241092545968	-0.927748531319142
-3.02433813992523	0.607309071488518	0.738536659800107
-5.32234683756771	-3.07316700999466	-2.54215304798962
-5.16670481422141	-4.08941786831464	-4.16266117341878
-4.26031891355764	-4.83710994125277	-5.60616464484626
-5.49019607843137	-5.17891203173877	-5.39559014267186
-4.52582589456016	-6.40573739223316	-7.22667277027543
-3.32341496910048	-2.98771648737316	-7.06492713817044
-0.97962920576791	-0.762951094834821	-5.02937361715114
-2.43533989471275	-1.44045166704814	-5.84420538643473
-0.112916762035554	0.0274662394140536	-7.27855344472419
-0.823987182421607	-0.180056458381018	-5.62752727550164
-2.74052033264668	-2.70389868009461	-6.53696498054475
-1.17494468604562	-3.17692835889219	-5.65499351491569
-5.19111924925612	-4.38239108873121	-6.24399176012818
-5.59395742732891	-4.95307850766766	-4.6845197222858
-6.25314717326619	-4.99885557335775	-5.08125429159991
-5.14534218356603	-4.32135500114443	-5.57564660105287
-5.29182879377432	-5.27351796749828	-6.323338673991
-3.12199588006409	-4.03448538948653	-5.42610818646525
0.396734569314107	-0.643930724040589	-5.09956511787594
3.14946211947814	1.00404364080262	-3.1464103150988
0.955214770733196	0.50965133134966	-1.59304188601511
1.97146562905318	0.585946440833143	-2.75272755016403
2.46585793850614	2.29800869764248	-2.68253604943923
-0.177004654001679	1.51979858091096	-3.43022812237736
-2.11184863050278	-0.149538414587625	-4.12603952086671
-3.33867399099718	1.27870603494316	-4.88593881132219
-3.82696269169146	1.64492256046387	-3.32341496910048
-5.87777523460746	-0.860608834973678	-5.59700923170825
-6.23178454261082	-0.259403372243839	-6.41489280537118
-9.46364538033112	-2.5787747005417	-7.42504005493248
-8.08422980086976	-2.24307621881437	-7.65697718776226
-6.54001678492409	-2.49637598229953	-7.50743877317464
-4.6845197222858	-1.77309834439612	-6.92759594110018
-5.99984740978103	-3.29594872968643	-7.12596322575723
-4.443427176318	-1.87685969329366	-6.24093995574884
-2.2369726100557	0.0488288700694285	-6.39658197909514
-5.16060120546273	-1.04982070649271	-5.30403601129168
-6.10360875867857	-1.17189288166629	-4.69672693980316
-5.9662775616083	-0.158693827725643	-3.56755931944762
-3.78728923476005	0.167849240863661	-2.32547493705653
-5.54512855725948	-2.17288471808957	-4.02838178072786
-3.32951857785916	-0.234988937209125	-4.01922636758984
-2.734416723888	-1.41298542763409	-6.35080491340505
-2.85038529030289	-2.14847028305486	-6.62546730754559
-4.40680552376593	-6.13107499809262	-10.4646372167544
-3.87579156176089	-5.34676127260243	-11.2245365072099
-4.14129854276341	-6.00595101853971	-10.6630045014115
-4.5136186770428	-4.25421530479896	-9.16456855115587
-4.17792019531548	-3.77813382162203	-8.33142595559625
-5.84420538643473	-6.02426184481575	-8.65796902418555
-6.74143587396048	-6.42404821850919	-8.203250171664
-7.05271992065309	-7.47997253376059	-8.22461280231937
-10.6660563057908	-6.47287708857862	-7.0771343556878
-8.63965819790951	-5.64888990615702	-5.90829327840085
-9.58876935988403	-5.83810177767605	-7.77294575417716
-9.90310521095598	-7.24498359655146	-8.47791256580453
-7.58678568703746	-7.27550164034485	-8.16662851911192
-6.16464484626535	-7.04661631189441	-7.04966811627375
-2.4078736552987	-4.73029678797589	-4.29694056610971
-0.347905699244678	-3.04875257495994	-1.4373998626688
0.854505226215	-0.29907682917525	2.73746852826734
3.90936140993362	2.33157854581521	5.00495918211643
5.468833447776	4.28778515297169	6.07003891050584
7.55626764324407	4.31830319676509	7.56847486076142
9.17372396429389	5.05989166094453	7.96520943007553
9.92446784161135	5.18501564049744	7.64476997024491
7.9316395819028	2.84122987716487	4.40375371938659
7.36400396734569	3.81780727855344	4.27862973983368
9.25307087815671	5.00495918211643	4.50751506828412
7.39757381551843	5.20027466239414	4.15350576028077
7.66918440527962	6.04257267109178	4.61127641718166
8.21850919356069	5.47188525215534	4.14435034714275
7.70580605783169	5.54818036163882	4.78828107118334
7.56542305638209	5.37727931639582	6.2226291294728
4.91645685511559	5.2674143587396	5.15754940108339
5.13008316166934	8.22156099794003	6.38742656595712
4.95918211642634	8.03540093080034	7.31517509727626
2.38651102464332	7.57763027389944	4.8401617456321
2.99687190051118	8.20019836728466	4.31219958800641
3.5034714274815	7.87060349431601	4.96223392080568
3.42717631799802	6.21652552071412	3.91851682307164
6.28671702143893	6.47592889295796	5.49019607843137
5.77401388570993	5.48104066529335	7.19310292210269
6.50034332799268	5.34676127260243	5.18501564049744
6.77195391775387	5.810635538262	5.70077058060578
5.38033112077516	4.02532997634852	3.96734569314107
4.44953078507668	3.759822995346	4.86457618066682
3.27153429465171	1.44350347142748	-0.650034332799268
5.47798886091402	3.89105058365759	0.265506981002518
4.43427176317998	2.53604943923095	-0.152590218966964
3.62249179827573	1.96231021591516	-0.976577401388571
7.5043869687953	6.73838406958114	0.970473792629892
8.715953307393	8.85023270008393	2.93583581292439
10.4982070649271	10.8888380254826	5.67940794995041
9.3141069657435	11.2764171816587	5.74654764629587
11.0658426794842	11.4961470969711	7.70275425345235
8.40161745632105	8.20630197604333	6.81162737468528
5.34676127260243	5.70382238498512	4.46173800259403
4.31219958800641	5.14839398794537	3.94293125810636
3.25627527275502	3.11894407568475	0.839246204318303
3.25932707713436	1.50759136339361	0.848401617456321
2.90226596475166	3.88799877927825	-1.54421301594568
1.48622873273823	2.78324559395743	-1.62050812542916
-0.323491264209964	0.869764248111696	-3.47600518806744
-1.41908903639277	-1.10170138094148	-7.3182269016556
-0.814831769283589	-2.65812161440452	-7.53490501258869
-4.52277409018082	-5.55733577477684	-8.77393759060044
-3.96124208438239	-6.07919432364385	-9.10048065918975
-0.988784618905928	-3.96734569314107	-6.07614251926451
1.09254596780346	-1.80666819256886	-2.78019378957809
2.65506981002518	-2.80155642023346	-2.49027237354086
0.216678110933089	-0.997940032043946	-0.613412680247196
3.92156862745098	2.53604943923095	3.75677119096666
3.12504768444343	2.11795223926146	4.83100633249409
3.44243533989471	3.23796444647898	6.42099641412985
5.20637827115282	4.82185091935607	8.89600976577401
8.19104295414664	4.443427176318	8.74036774242771
9.06691081101701	2.30106050202182	5.65804531929503
10.0099183642329	2.80155642023346	4.80964370183871
7.73327229724575	0.524910353246357	3.14335851071946
6.26535439078355	-0.442511635004196	1.05287251087205
5.34676127260243	-0.738536659800107	0.823987182421607
3.37834744792859	-2.11184863050278	0.686655985351339
1.67238879987793	-3.76592660410468	-0.201419089036393
1.66628519111925	-3.23491264209964	-1.6235599298085
1.29091325246052	-3.36308842603189	-2.23086900129702
-1.2817578393225	-3.38139925230793	-0.912489509422446
-1.6937514305333	-4.59601739528496	-2.97856107423514
-1.20241092545968	-5.25520714122225	-3.40581368734264
-1.73647669184405	-4.63263904783703	-3.37834744792859
-0.540169375143053	-3.88189517051957	-3.588921950103
2.23392080567636	-2.52689402609293	-5.40169375143053
2.92362859540703	-2.2919050888838	-5.56038757915618
4.87678339818418	-1.8646524757763	-7.6050965133135
7.03440909437705	-1.30922407873655	-6.85435263599603
4.95002670328832	-0.601205462729839	-4.76691844052796
6.60715648126955	0.0671396963454643	-2.42008087281605
8.16357671473259	2.85954070344091	-1.79751277943084
8.53284504463264	5.99984740978103	3.60418097199969
8.77698939497978	7.43114366369116	3.67132066834516
9.24086366063935	8.24597543297475	4.956130312047
10.7179369802396	10.4097047379263	5.99374380102235
11.4015411612116	10.1197833218891	4.2572671091783
8.94789044022278	9.61318379491875	4.64179446097505
11.0200656137942	10.5165178912032	5.37727931639582
12.8206301976043	12.2133211261158	5.80148012512398
11.2458991378653	10.9163042648966	4.49225604638743
10.8949416342412	10.6599526970321	7.44640268558785
13.7270160982681	12.2529945830472	7.24498359655146
11.4808880750744	10.6843671320668	8.97535667963684
13.7575341420615	10.3273060196841	11.0139620050355
13.662928206302	10.3486686503395	10.5470359349966
15.2773327229725	11.3832303349355	11.7555504692149
15.3109025711452	11.3649195086595	11.9478141451133
16.5316243228809	10.9834439612421	9.99465934233616
18.6037994964523	11.2520027466239	10.4310673685817
18.2619974059663	11.4381628137636	9.08216983291371
18.7167162584878	10.6874189364462	9.52773327229725
23.5599298084993	11.0841535057603	9.63454642557412
22.748149843595	10.8583199816892	10.2052338445106
16.0677500572213	7.95605401693751	8.58777752346075
14.8470283054856	7.83398184176394	7.25108720531014
12.8297856107424	8.46875715266651	6.97337300679026
10.6569008926528	7.80346379797055	7.45860990310521
10.1655603875792	8.3588921950103	6.80247196154726
13.8735027084764	9.8970016021973	6.81162737468528
15.7717250324254	10.2967879758907	7.7759975585565
13.5591668574044	7.53490501258869	5.94491493095293
13.4248874647135	5.72823682001984	3.66521705958648
11.9356069275959	4.70893415732052	3.78423743038071
10.0404364080262	1.33974212252995	0.274662394140536
9.19508659494926	1.74563210498207	2.41702906843671
9.1981383993286	1.21766994735637	-0.00610360875867857
8.4596017395285	1.92874036774243	2.49027237354086
9.95498588540475	2.45059891660945	3.46379797055009
8.45349813076982	2.70695048447395	4.75471122301061
8.77698939497978	3.80254825665675	7.77904936293584
8.90516517891203	2.84122987716487	7.53490501258869
8.23376821545739	3.15251392385748	8.61829556725414
6.4789806973373	3.46074616617075	10.0099183642329
7.06492713817044	4.61127641718166	11.7555504692149
10.0068665598535	5.92660410467689	13.0586709391928
10.9620813305867	8.15442130159457	14.7981994354162
10.6080720225834	9.78408484016175	14.6608682383459
10.8155947203784	9.8115510795758	15.2559700923171
14.9233234149691	10.5470359349966	12.7382314793622
17.3373006790265	13.0312046997787	15.048447394522
16.6994735637446	13.4401464866102	14.032196536202
16.3088426031891	12.4727244983597	12.2529945830472
18.124666208896	13.2021057450217	11.2489509422446
15.7289997711147	12.7443350881209	10.5378805218585
15.0026703288319	9.99160753795682	8.05981536583505
17.0870527199207	10.6446936751354	6.82383459220264
14.9080643930724	10.2418554970626	6.11276417181659
12.7382314793622	10.4097047379263	7.76989394979782
15.561150530251	10.1411459525444	5.59395742732891
11.4076447699702	7.61730373083085	4.28473334859236
6.44541084916457	3.46990157930877	5.22468909742885
7.56847486076142	2.71000228885328	6.21652552071412
4.19012741283284	0.347905699244678	5.22468909742885
-0.799572747386893	-3.79949645227741	3.61028458075837
-0.949111161974517	-5.18196383611811	4.14129854276341
1.01625085831998	-5.34676127260243	2.12710765239948
-2.02029449912261	-8.32227054245823	-0.814831769283589
-2.29800869764248	-11.0627908751049	-3.77508201724269
-2.78019378957809	-11.3679713130388	-5.41084916456855
-4.8401617456321	-12.5795376516365	-7.89806973373007
-4.54718852521553	-13.150225070573	-8.49622339208057
-6.36301213092241	-14.2366674296178	-13.2631418326085
-6.68955519951171	-14.2183566033417	-13.9711604486152
-6.2378881513695	-12.4238956282902	-13.177691309987
-6.83299000534066	-13.2417792019532	-13.9009689478904
-5.71297779812314	-11.4534218356603	-14.2000457770657
-4.00701915007248	-9.43312733653773	-10.3089951934081
-4.78217746242466	-10.7148851758602	-10.0587472343023
-5.12397955291066	-9.32936598764019	-9.80239566643778
-5.27351796749828	-11.459525444419	-10.928511482414
-5.85030899519341	-14.2336156252384	-12.5093461509117
-5.22468909742885	-13.4279392690929	-11.8623636224918
-2.95414663920043	-10.4310673685817	-12.0576791027695
-1.90737773708705	-8.71290150301366	-11.5236133363851
-1.71206225680934	-5.8808270389868	-7.93774319066148
-0.0732433051041428	-1.33058670939193	-7.36095216296635
-0.350957503624018	0.170901045243	-4.8401617456321
-0.857557030594339	-0.234988937209125	-3.89715419241627
1.40688181887541	0.625619897764553	-3.70794232089723
3.40581368734264	1.90127412832837	-2.13931486991684
-0.170901045243	1.48317692835889	0.735484855420768
2.15762569619287	2.82902265964752	3.43938353551537
3.20134279392691	3.16472114137484	4.70283054856184
2.37125200274662	4.92561226825361	8.48096437018387
3.10063324940871	3.43327992675669	9.17067215991455
5.18806744487678	4.10772869459068	9.43617914091707
6.75364309147784	5.11482413977264	12.2011139085985
7.64782177462425	4.97138933394369	13.6446173800259
7.89806973373007	4.47394522011139	12.3384451056687
11.1299305714504	7.04051270313573	13.1898985275044
10.0312809948882	6.3080796520943	14.36484321355
10.083161669337	6.70786602578775	12.503242542153
8.18493934538796	5.40779736018921	8.98451209277485
9.2835889219501	5.81979095140002	10.5073624780652
5.03242542153048	3.46074616617075	9.55214770733196
5.56343938353552	4.96528572518502	7.60814831769284
8.01098649576562	7.37010757610437	8.84412909132525
5.86251621271076	5.23994811932555	8.39856565194171
3.39665827420462	4.67536430914778	5.65194171053635
4.43732356755932	2.45365072098878	3.57061112382696
0.195315480277714	0.506599526970321	2.58487830930037
-0.988784618905928	-2.78629739833677	1.2664988174258
-0.00915541313801785	-2.65812161440452	1.01625085831998
0.357061112382696	-2.91752498664836	1.72732127870604
0.451667048142214	-5.1117723353933	-0.634775310902571
-0.701915007248035	-6.87876707103075	-2.93278400854505
-0.735484855420768	-8.05371175707637	-4.8554207675288
-4.02227817196918	-10.4402227817197	-6.35996032654307
-2.96330205233845	-9.94583047226673	-6.46677347981994
-1.30922407873655	-8.56031128404669	-4.79743648432135
-5.42000457770657	-9.45754177157244	-5.22163729304952
-2.24917982757305	-8.78309300373846	-5.35591668574044
-0.259403372243839	-6.9214923323415	-2.77103837644007
-0.369268329900053	-5.90829327840085	-2.70389868009461
0.360112916762036	-6.21652552071412	-2.67032883192187
3.52178225375753	-4.83710994125277	-1.19935912108034
3.05790798809796	-3.22270542458228	-3.03349355306325
3.35393301289387	-4.50446326390478	-1.75783932249943
2.78324559395743	-3.64995803768978	-1.94094758525978
5.54818036163882	-1.30617227435721	-0.424200808728161
3.24101625085832	-0.170901045243	2.1362630655375
3.7445639734493	-0.021362630655375	0.878919661249714
3.84832532234684	0.750743877317464	0.653086137178607
1.3519493400473	0.244144350347143	-0.0152590218966964
2.77714198519875	1.52895399404898	1.7242694743267
2.62455176623178	1.09864957656214	2.48111696040284
5.77096208133059	3.3173113603418	5.87472343022812
7.58373388265812	1.04982070649271	5.67635614557107
8.46875715266651	1.64797436484321	5.5390249485008
7.47081712062257	-0.543221179522393	4.93171587701228
5.99069199664302	-1.36110475318532	4.75776302738994
4.77302204928664	-3.22575722896162	3.52788586251621
5.0415808346685	-0.460822461280232	6.02121004043641
1.08033875028611	-1.91042954146639	6.02731364919509
1.43434805828946	-2.16983291371023	5.66109712367437
2.41397726405737	-0.0976577401388571	6.96726939803159
1.85549706263828	0.372320134279393	6.86961165789273
2.59403372243839	0.830090791180285	8.91737239642939
5.41084916456855	2.61539635309377	8.3436331731136
7.46166170748455	4.30609597924773	9.58266575112535
5.70077058060578	3.68047608148318	10.3822384985122
6.38132295719844	2.77409018081941	7.861448081178
6.72312504768444	2.89311055161364	7.4036774242771
5.19111924925612	1.4373998626688	4.57465476462959
7.21141374837873	0.869764248111696	4.22674906538491
7.35484855420767	1.42519264515145	3.63469901579309
6.70481422140841	2.39566643778134	5.78927290760662
6.42099641412985	2.50247959105821	5.58175020981155
6.28366521705959	3.54619668879225	5.99374380102235
5.48104066529335	3.71099412527657	6.35996032654307
5.47493705653468	2.98771648737316	4.4281681544213
3.84222171358816	1.15358205539025	3.86663614862287
3.8300144960708	1.04982070649271	5.71602960250248
3.46684977492943	-0.750743877317464	4.62348363469902
1.10780498970016	-3.98870832379644	1.14747844663157
0.399786373693446	-3.26543068589303	3.04264896620127
-1.29091325246052	-5.16365300984207	1.63271534294652
-1.60219729915312	-6.59494926375219	0.463874265659571
0.924696726939803	-4.05584802014191	1.66018158236057
2.82902265964752	-2.85648889906157	3.89105058365759
3.59502555886168	-0.29907682917525	5.45662623025864
5.24299992370489	1.87380788891432	3.64995803768978
4.33966582742046	3.86968795300221	6.52780956740673
3.62859540703441	5.35896849011978	7.15953307392996
1.44045166704814	4.24200808728161	4.19012741283284
3.29289692530709	4.8401617456321	3.2318608377203
-1.6235599298085	4.14740215152209	2.79850461585412
-1.78835736629282	3.55535210193027	2.50553139543755
-2.96330205233845	3.40886549172198	-0.659189745937285
-4.5136186770428	3.51567864499886	-0.0457770656900893
-5.91744869153887	2.56046387426566	-1.37026016632334
-3.83306630045014	3.99786373693446	-1.35805294880598
-0.878919661249714	3.94903486686503	0.143434805828946
-0.375371938658732	3.54619668879225	-0.918593118181125
-0.747692072938125	4.16571297779812	0.738536659800107
0.89417868314641	6.67124437323568	0.665293354695964
1.21461814297704	6.22568093385214	1.00709544518196
-0.317387655451286	5.58480201419089	0
-0.0549324788281071	6.12497138933394	-2.00198367284657
1.32143129625391	4.80048828870069	1.27870603494316
0.692759594110018	2.72831311512932	-1.8951705195697
3.62859540703441	4.01312275883116	-0.833142595559625
4.55024032959487	0.915541313801785	-0.833142595559625
5.20332646677348	0.0244144350347143	1.27565423056382
5.42610818646525	0.485236896314946	1.46486610208286
6.19516289005875	1.96841382467384	3.44548714427405
7.55931944762341	1.99282825970855	3.14946211947814
6.7353322652018	1.72732127870604	2.05996795605402
5.69161516746777	2.03250171663996	1.82192721446555
6.76890211337453	3.10673685816739	1.47707331960021
3.51567864499886	2.07217517357137	1.58388647287709
1.77004654001678	-0.152590218966964	-1.19325551232166
0.720225833524071	-1.16273746852827	-1.82192721446555
-1.37331197070268	-1.54116121156634	-1.4526588845655
1.38551918822004	-3.40886549172198	-2.74662394140536
-2.15457389181353	-5.19111924925612	-4.5136186770428
-2.33463035019455	-2.60929274433509	-2.40177004654002
-1.85854886701762	-3.70489051651789	-2.09658960860609
-1.76089112687877	-4.18097199969482	-4.67536430914778
-0.588998245212482	-4.47394522011139	-2.30411230640116
0.0122072175173571	-4.29388876173037	-1.91958495460441
2.88700694285496	-3.61333638513771	-2.0660715648127
2.04165712977798	-4.74555580987259	-1.71206225680934
3.8452735179675	-2.18204013122759	0.195315480277714
1.88296330205234	-2.55130846112764	-0.98268101014725
3.4027618829633	-1.92874036774243	-2.85038529030289
5.41084916456855	-0.949111161974517	-1.80361638818952
4.39154650186923	-1.39772640573739	-1.58388647287709
4.38849469748989	-1.83108262760357	-3.43938353551537
6.2928206301976	-0.100709544518196	-2.70389868009461
8.05981536583505	0.344853894865339	-1.80056458381018
5.0415808346685	0.424200808728161	-0.802624551766232
6.38437476157778	2.52994583047227	0.280766002899214
7.90417334248875	6.2073701075761	1.19020370794232
5.93270771343557	5.56038757915618	2.96025024795911
4.06500343327993	6.14023041123064	-0.0915541313801785
6.69260700389105	7.79125658045319	-0.439459830624857
4.16876478217746	6.26840619516289	-1.49233234149691
2.17288471808957	3.247119859617	-3.06706340123598
0.607309071488518	1.37026016632334	-5.31624322880903
-1.90127412832837	-0.491340505073625	-4.56244754711223
-3.13115129320211	-2.50858319981689	-6.11276417181659
-2.35599298084993	-2.20035095750362	-8.00793469138628
-7.60814831769284	-3.65606164644846	-9.97329671168078
-11.1146715495537	-5.79842832074464	-10.9803921568627
-9.4697489890898	-4.3579766536965	-8.51148241397726
-10.748455024033	-5.21553368429084	-9.43617914091707
-11.5602349889372	-5.2674143587396	-8.59693293659876
-6.90318150606546	-3.30205233844511	-4.48310063324941
-5.91134508278019	-2.67948424505989	-5.22468909742885
-5.0415808346685	-1.45876249332418	-1.81582360570687
-3.59502555886168	-0.863660639353018	1.22987716487373
-3.47600518806744	-1.10475318532082	4.02838178072786
-1.78530556191348	0.817883573662928	3.30815594720378
-2.28885328450446	3.01823453116655	5.46272983901732
-2.47196154726482	2.56656748302434	4.62653543907836
-1.8646524757763	4.28778515297169	4.90730144197757
-0.521858548867018	4.11078049897002	4.88288700694286
-1.7792019531548	2.18814373998627	3.48516060120546
2.59708552681773	2.45059891660945	2.79850461585412
0.909437705043107	1.27870603494316	1.44350347142748
-0.460822461280232	-0.137331197070268	-0.177004654001679
-1.22377355611505	-2.050812542916	-2.20340276188296
-1.58999008163577	-1.71816586556802	-5.23994811932555
-3.21049820706493	-2.01419089036393	-6.16464484626535
-6.32028686961166	-6.70481422140841	-9.30800335698482
-7.29686427100023	-7.01609826810101	-10.7270923933776
-6.152437628748	-7.08934157320516	-10.6294346532387
-6.08224612802319	-7.06492713817044	-10.3883421072709
-5.34370946822309	-7.88586251621271	-9.10353246356908
-5.2124818799115	-7.2480354009308	-9.61928740367742
-2.68253604943923	-5.98458838788434	-8.55725947966735
-7.05577172503243	-8.45349813076982	-9.25001907377737
-8.3588921950103	-8.73426413366903	-8.37720302128634
-7.79430838483253	-8.90821698329137	-8.48706797894255
-8.77698939497978	-9.88784618905928	-8.67933165484092
-7.78515297169451	-9.40260929274434	-9.23476005188067
-5.22774090180819	-6.25314717326619	-6.43930724040589
-3.247119859617	-4.10772869459068	-2.6489662012665
-2.27969787136645	-4.11688410772869	-3.17998016327153
-0.933852140077821	-3.1464103150988	-3.05485618371862
-0.601205462729839	-2.48416876478218	-1.46486610208286
-0.369268329900053	-3.52788586251621	-1.12306401159686
-1.57778286411841	-5.51155870908675	-3.32341496910048
-1.47402151522087	-4.8554207675288	-3.72320134279393
-1.85854886701762	-5.77706569008927	-3.96734569314107
-1.34584573128862	-4.46478980697337	-4.56549935149157
0.0732433051041428	-5.21553368429084	-6.9214923323415
-0.430304417486839	-5.56038757915618	-5.24910353246357
0.628671702143893	-2.59403372243839	-5.08125429159991
4.9408712901503	-1.7792019531548	-2.50553139543755
-0.408941786831464	-3.27458609903105	-1.81582360570687
-1.77615014877546	-4.86152437628748	-1.46486610208286
-0.210574502174411	-3.62859540703441	-0.173952849622339
-1.9653620202945	-1.367208361944	-0.396734569314107
-4.8706797894255	-3.60723277637903	0.369268329900053
-3.48210879682612	-3.65606164644846	0.616464484626535
-3.3325703822385	-3.97039749752041	-1.20546272983902
-4.53498130769818	-5.97848477912566	-1.51674677653162
-5.12092774853132	-7.26024261844816	-2.2369726100557
-3.37224383916991	-7.32433051041428	-4.73029678797589
-2.20950637064164	-5.85946440833143	-3.77508201724269
-3.1616693369955	-5.95712214847028	-5.06904707408255
-2.25223163195239	-5.75570305943389	-3.08842603189136
0.0152590218966964	-3.23796444647898	-2.82902265964752
-0.683604180972	-3.06706340123598	-2.34378576333257
-1.40077821011673	-3.247119859617	-3.23796444647898
2.03250171663996	-2.53299763485161	-2.72831311512932
1.13221942473487	-2.89616235599298	-2.59708552681773
1.85549706263828	-2.48722056916152	-2.10574502174411
3.33867399099718	-1.80056458381018	-0.872816052491035
4.76691844052796	-0.0122072175173571	0.741588464179446
2.72526131074998	-0.0122072175173571	1.25734340428779
4.47089341573205	1.27260242618448	1.25734340428779
4.95918211642634	2.96635385671778	2.04470893415732
6.40268558785382	4.72114137483787	4.79438467994202
5.07515068284123	2.72526131074998	1.52590218966964
5.13313496604868	2.05386434729534	1.18715190356298
3.22575722896162	0.903334096284428	0.607309071488518
0.415045395590143	-2.57572289616236	-2.78629739833677
-2.96330205233845	-6.79026474402991	-6.14633401998932
-4.8554207675288	-9.1126878767071	-7.72411688410773
-5.64888990615702	-8.77698939497978	-6.33554589150835
-5.54207675288014	-10.0038147554742	-6.25619897764553
-6.665140764477	-9.64675364309148	-5.27046616311894
-8.95094224460212	-7.95605401693751	-3.26848249027237
-10.4798962386511	-7.08018616006714	-2.51163500419623
-13.1441214618143	-9.41176470588235	-5.07515068284123
-15.7259479667353	-11.792172121767	-4.93171587701228
-15.3047989623865	-12.304875257496	-5.3681239032578
-15.6893263141833	-12.6222629129473	-5.58785381857023
-10.7789730678264	-9.56130312046998	-5.23994811932555
-8.88380254825666	-8.72510872053101	-2.4078736552987
-8.40466926070039	-7.7607385366598	-2.78934920271611
-4.98970016021973	-7.27550164034485	-3.71709773403525
-5.81979095140002	-7.4891279468986	-2.78324559395743
-5.84420538643473	-7.02830548561837	-1.8951705195697
-6.31113145647364	-7.55016403448539	-0.628671702143893
-4.60517280842298	-4.91035324635691	0.823987182421607
-2.98466468299382	-4.5990691996643	2.2919050888838
-1.49843595025559	-3.94293125810636	1.07423514152743
2.15762569619287	-0.711070420386053	0.610360875867857
3.6591134508278	0.759899290455482	0.55542839703975
5.0110627908751	0.488288700694285	-0.112916762035554
4.6997787441825	-0.415045395590143	-2.27054245822843
3.93377584496834	-0.332646677347982	-1.58388647287709
3.29594872968643	-0.955214770733196	-1.7242694743267
0.85145342183566	-2.27054245822843	-2.38040741588464
1.30006866559854	-1.24513618677043	-2.75883115892271
0.506599526970321	0.335698481727321	-1.33363851377127
1.13221942473487	1.98672465094987	0.302128633554589
0.0122072175173571	1.57167925535973	-1.45876249332418
-0.122072175173571	2.7496757457847	-0.817883573662928
-0.729381246662089	3.41496910048066	-0.332646677347982
-0.00610360875867857	3.66216525520714	-1.32753490501259
0.289921416037232	5.60006103608759	0.375371938658732
0.488288700694285	5.51461051346609	0.473029678797589
1.95620660715648	7.09849698634318	2.08743419546807
2.65812161440452	9.65896086060883	2.79240100709545
4.53803311207752	9.26222629129473	3.51873044937819
5.2124818799115	9.54909590295262	3.69573510337987
3.53398947127489	8.93263141832609	2.65201800564584
3.930724040589	9.15236133363851	3.29900053406577
2.90836957351034	9.24086366063935	5.38948653391318
5.56038757915618	9.97634851606012	5.04768444342718
7.39452201113909	13.5255970092317	6.69871061264973
9.54604409857328	16.7330434119173	9.34157320515755
11.1238269626917	17.3983367666133	10.3150988021668
12.5764858472572	18.1033035782406	9.57351033798733
11.5114061188678	17.108415350576	9.47585259784848
6.78416113527123	13.5133897917144	6.82383459220264
4.90730144197757	11.0078583962768	3.77203021286336
3.38750286106661	9.46059357595178	0.933852140077821
-2.18204013122759	5.16975661860075	-0.418097199969482
-3.43633173113603	2.56046387426566	-2.53604943923095
-6.152437628748	0.134279392690929	-3.27763790341039
-5.31319142442969	-0.335698481727321	-3.79339284351873
-5.74654764629587	-1.76394293125811	-5.38948653391318
-6.81162737468528	-0.906385900663767	-6.36301213092241
-6.7200732433051	-0.906385900663767	-5.57869840543221
-7.0923933775845	-1.48622873273823	-6.12802319371328
-8.40772106507973	-5.08125429159991	-7.27550164034485
-9.01197833218891	-5.77706569008927	-7.7759975585565
-7.8461890592813	-5.41084916456855	-6.9062333104448
-8.98451209277485	-5.44136720836194	-7.07103074692912
-6.98252841992828	-3.14030670634012	-4.96223392080568
-4.13824673838407	0.064087891966125	-3.38445105668727
-2.52384222171359	0.573739223315785	-2.08133058670939
-0.387579156176089	1.51369497215228	0.625619897764553
2.03250171663996	4.16876478217746	-1.12001220721752
1.62966353856718	3.43938353551537	-0.820935378042267
2.84428168154421	4.55939574273289	-2.42618448157473
3.50957503624018	6.68039978637369	-1.25734340428779
3.54619668879225	6.80247196154726	1.41908903639277
7.28465705348287	7.5745784695201	-1.99282825970855
8.65796902418555	9.29579613946746	-0.997940032043946
11.1116197451743	6.96116578927291	-2.53604943923095
8.81666285191119	6.00289921416037	-2.221713588159
7.71496147096971	5.20332646677348	-4.08026245517662
5.05378805218585	5.0965133134966	-4.27557793545434
3.39360646982528	5.89303425650416	-1.71816586556802
1.81582360570687	5.00801098649577	-0.927748531319142
1.02845807583734	5.49324788281071	1.84023804074159
-0.494392309452964	4.24200808728161	2.60318913557641
-1.83108262760357	2.80766002899214	2.28580148012512
-2.4780651560235	2.00503547722591	3.25017166399634
-2.46585793850614	3.96124208438239	4.17486839093614
-4.16266117341878	3.13725490196078	3.91851682307164
-3.18303196765087	2.31631952391852	4.12909132524605
-0.00915541313801785	4.10467689021134	4.98359655146105
-1.05897611963073	2.39871824216068	4.81879911497673
0.546272983901732	2.53299763485161	4.0009155413138
-3.38139925230793	1.538109407187	2.76188296330205
-3.95208667124437	1.18715190356298	2.35294117647059
-6.48813611047532	-0.387579156176089	-1.05897611963073
-5.69161516746777	-0.891126878767071	-2.15457389181353
-2.03250171663996	1.87380788891432	-0.802624551766232
1.36415655756466	2.89616235599298	1.43129625391012
3.55230029755093	4.09552147707332	1.73342488746471
9.29274433508812	6.72312504768444	2.74357213702602
7.64782177462425	7.98046845197223	2.38651102464332
7.7454795147631	5.5237659266041	0.0305180437933928
5.26436255436027	3.98260471503777	-3.09452964065003
2.27054245822843	1.81277180132753	-3.40886549172198
-3.09758144502937	-2.05996795605402	-5.93881132219425
-8.67017624170291	-6.51865415426871	-10.3669794766155
-9.17372396429389	-6.68039978637369	-9.86953536278325
-11.9203479056992	-8.92347600518807	-9.28969253070878
-13.3607995727474	-9.72304875257496	-10.4036011291676
-10.8552681773098	-8.41382467383841	-8.47180895704585
-10.8033875028611	-7.6050965133135	-6.5796902418555
-10.8613717860685	-9.912260624094	-7.14427405203327
-6.97947661554894	-6.62851911192493	-6.85740444037537
-4.92256046387427	-6.07919432364385	-5.22468909742885
-2.61539635309377	-5.91439688715953	-4.8554207675288
-2.72526131074998	-6.1219195849546	-4.75471122301061
-2.45975432974746	-4.55939574273289	-3.46990157930877
-4.58075837338827	-5.91439688715953	-4.91340505073625
-6.39963378347448	-5.39253833829252	-5.27656977187762
-5.87777523460746	-3.74151216906996	-5.55123216601816
-5.35591668574044	-0.820935378042267	-3.53704127565423
-1.93789578088045	1.0955977721828	-1.51064316777295
-0.0610360875867857	4.28168154421302	-1.30922407873655
1.41603723201343	6.21347371633478	0.296025024795911
4.08026245517662	6.09140154116121	2.06912336919203
4.98664835584039	6.24399176012818	2.63981078812848
6.89402609292744	5.85030899519341	1.54421301594568
7.53185320820935	4.56244754711223	2.4780651560235
5.67940794995041	2.5482566567483	1.48928053711757
5.51461051346609	1.6388189517052	1.08644235904479
5.37117570763714	0.631723506523232	0.2563515678645
1.48012512397955	0.393682764934768	1.42214084077211
4.40070191500725	-2.61844815747311	0.814831769283589
0.567635614557107	-3.09758144502937	0.439459830624857
-0.372320134279393	-2.73746852826734	0.396734569314107
-3.15556572823682	-4.5838101777676	-2.01419089036393
-4.30609597924773	-3.97955291065843	-4.04974441138323
-4.74555580987259	-2.77714198519875	-2.69474326695659
-8.32837415121691	-4.84321355001144	-4.49835965514611
-7.1625848783093	-2.87174792095827	-2.91752498664836
-8.25513084611277	-3.52788586251621	-3.83611810482948
-8.87464713511864	-3.38750286106661	-3.40886549172198
-10.965133134966	-3.27763790341039	-3.49126420996414
-8.27954528114748	-2.56656748302434	-4.8706797894255
-7.82787823300526	-2.24307621881437	-3.32951857785916
-6.53391317616541	-2.24002441443503	-1.86770428015564
-5.51461051346609	-2.38040741588464	-1.87380788891432
-1.13832303349355	0.12817578393225	0.775158312352178
-0.439459830624857	1.80361638818952	1.96231021591516
1.87380788891432	2.45059891660945	0.781261921110857
4.3427176317998	4.80048828870069	1.63271534294652
3.31425955596246	3.62859540703441	0.646982528419928
5.03852903028916	2.55436026550698	-2.31631952391852
8.27954528114748	1.23292896925307	-4.63263904783703
3.83916990920882	-2.55436026550698	-6.16769665064469
2.33157854581521	-3.64995803768978	-6.97337300679026
2.19729915312428	-3.90020599679561	-9.2988479438468
1.91042954146639	-3.53093766689555	-4.83100633249409
1.66933699549859	-3.99786373693446	-3.1464103150988
1.53200579842832	-4.21149004348821	-3.17082475013352
2.28580148012512	-2.63675898374914	-1.98367284657053
1.95315480277714	-0.0244144350347143	2.2919050888838
-0.0244144350347143	-0.534065766384375	1.55031662470436
1.87685969329366	0.234988937209125	1.16273746852827
2.37125200274662	1.73952849622339	2.11795223926146
0.381475547417411	-0.0518806744487678	1.35500114442664
1.3824673838407	-2.94499122606241	-0.518806744487678
-1.71511406118868	-4.41596093690394	-1.29091325246052
-0.628671702143893	-4.33661402304112	-1.71511406118868
2.80766002899214	-0.689707789730678	-2.48722056916152
2.8351262684062	-0.732433051041428	-1.96231021591516
3.25322346837568	1.82803082322423	-0.665293354695964
3.61638818951705	2.42618448157473	0.537117570763714
6.75669489585718	3.87273975738155	1.18410009918364
2.21560997940032	3.98565651941711	3.2318608377203
3.26237888151369	4.03143358510719	3.11894407568475
2.57572289616236	4.43427176317998	1.99893186846723
2.24307621881437	4.15045395590143	3.93377584496834
2.12405584802014	2.2919050888838	1.17799649042496
3.83611810482948	3.98565651941711	3.14030670634012
6.1219195849546	7.21751735713741	2.71305409323262
7.92858777752346	9.71694514381628	4.48920424200809
6.60105287251087	8.72816052491035	3.44548714427405
7.05271992065309	8.74036774242771	2.5482566567483
4.3427176317998	6.55832761120012	2.00808728160525
3.31425955596246	4.26947432669566	-0.476081483176928
1.32143129625391	3.10978866254673	-3.03349355306325
-1.91042954146639	1.18410009918364	-4.00701915007248
-4.98054474708171	-1.43434805828946	-5.04768444342718
-5.36507209887846	-2.02944991226062	-4.57465476462959
-6.36911573968109	-0.857557030594339	-3.49126420996414
-6.90928511482414	-0.653086137178607	-2.44754711223011
-5.59090562294957	-0.329594872968643	-2.30411230640116
-3.39971007858396	-0.421149004348821	-3.63775082017243
-3.97039749752041	-1.23292896925307	-2.37125200274662
-2.4933241779202	-2.51773861295491	-3.3173113603418
-0.63782711528191	-3.8300144960708	-1.82192721446555
-3.65606164644846	-2.61234454871443	0.729381246662089
-5.16060120546273	-4.00701915007248	0.140383001449607
-7.15037766079194	-4.67536430914778	-1.49538414587625
-7.29381246662089	-6.21957732509346	-2.42008087281605
-8.91432059205005	-6.24093995574884	-0.659189745937285
-7.26939803158618	-8.30395971618219	-3.32341496910048
-2.01724269474327	-5.13008316166934	-0.0762951094834821
0.0183108262760357	-3.77813382162203	-0.973525597009232
-3.36614023041123	-4.55024032959487	-1.00404364080262
-0.0946059357595178	-3.93682764934768	-0.958266575112535
-0.302128633554589	-3.55230029755093	-0.390630960555428
-0.292973220416571	-4.21759365224689	-1.22987716487373
-0.805676356145571	-5.29182879377432	-3.11284046692607
-0.503547722590982	-4.3274586099031	-4.48004882887007
-0.250247959105821	-5.50850690470741	-5.11482413977264
-3.90020599679561	-8.76783398184176	-7.76379034103914
-3.35698481727321	-9.86953536278325	-10.5134660868238
-3.87579156176089	-11.6639963378347	-9.68642710002289
-3.27153429465171	-12.5490196078431	-7.99267566948959
-0.0366216525520714	-9.59792477302205	-5.92660410467689
3.85748073548486	-5.56343938353552	-4.52277409018082
4.85236896314946	-4.43732356755932	-0.543221179522393
0.973525597009232	-4.44647898069734	-1.69985503929198
4.32440680552377	-1.91958495460441	-2.04165712977798
5.639734493019	-0.717174029144732	-1.67238879987793
3.68657969024186	-2.2919050888838	-1.32448310063325
6.07003891050584	-1.4679179064622	-0.350957503624018
9.64675364309148	0.222781719691768	-0.0305180437933928
7.59899290455482	-1.65102616922255	-1.99588006408789
1.57778286411841	-3.58587014572366	-4.15045395590143
-0.875867856870375	-3.28068970778973	-6.11886778057526
-4.71808957045853	-5.2826733806363	-5.60311284046693
-3.60418097199969	-6.09140154116121	-5.94796673533227
-9.60402838178073	-9.70168612191958	-8.09948882276646
-8.21850919356069	-9.65285725185016	-8.10559243152514
-7.33653772793164	-10.0526436255436	-7.47386892500191
-6.84519722285801	-8.53894865339132	-5.24299992370489
-3.84832532234684	-6.38132295719844	-3.57671473258564
-1.0406652933547	-5.33150225070573	-2.21255817502098
-4.68757152666514	-5.85641260395209	-2.10269321736477
-1.55642023346304	-4.47089341573205	-1.04371709773404
-3.63469901579309	-4.04364080262455	-1.76394293125811
-5.59090562294957	-5.17280842298009	-3.07011520561532
-2.45365072098878	-3.89105058365759	-2.14847028305486
2.37125200274662	-1.40993362325475	-0.0793469138628214
-2.4078736552987	-2.16067750057221	-0.524910353246357
-1.55031662470436	-2.27054245822843	1.05897611963073
-2.72526131074998	-1.0406652933547	-1.55642023346304
-5.59700923170825	0.302128633554589	-0.732433051041428
-6.15854123750668	-0.848401617456321	-1.91958495460441
-4.19623102159152	-0.604257267109178	-4.62653543907836
-1.88296330205234	1.44960708018616	-1.196307316701
-7.64476997024491	-0.915541313801785	-2.45670252536812
-3.15861753261616	-2.85648889906157	-3.32341496910048
-5.39253833829252	-3.00907911802853	-2.87174792095827
-2.10269321736477	-2.74052033264668	-2.84428168154421
-1.70290684367132	-2.69169146257725	-1.95925841153582
0.521858548867018	-1.88906691081102	-2.38345922026398
-0.872816052491035	-1.18410009918364	-1.64797436484321
-0.610360875867857	-0.283817807278553	-0.906385900663767
0.738536659800107	-0.262455176623178	-1.70595864805066
3.18303196765087	1.9806210421912	-1.32143129625391
-0.234988937209125	2.04470893415732	-0.488288700694285
1.00099183642329	1.55947203784237	-0.683604180972
3.53093766689555	2.94804303044175	-0.418097199969482
2.13015945677882	2.45365072098878	0.473029678797589
2.48416876478218	0.994888227664607	0.283817807278553
2.57267109178302	0.540169375143053	-0.552376592660411
1.54421301594568	1.63271534294652	0.735484855420768
1.81582360570687	2.24002441443503	2.02639810788128
-1.0955977721828	1.8951705195697	1.87380788891432
0.735484855420768	3.18608377203021	1.68764782177462
2.37430380712596	3.42412451361868	1.73952849622339
0.177004654001679	1.99893186846723	2.21560997940032
0.0518806744487678	1.77004654001678	-0.0488288700694285
3.82085908293278	2.23392080567636	1.93789578088045
-0.820935378042267	3.3173113603418	4.79133287556268
5.18806744487678	6.50339513237201	5.65194171053635
7.60204470893416	7.11680781261921	6.28061341268025
7.40978103303578	7.67833981841764	7.96826123445487
9.55825131609064	7.12901503013657	8.71290150301366
14.1786831464103	8.886854352636	12.4544136720836
13.0769817654688	9.83901731898985	13.6476691844053
15.6008239871824	9.92751964599069	16.1287861448081
17.8377965972381	13.4462500953689	19.9404898146029
17.1419851987488	12.475776302739	18.7838559548333
16.8429083695735	13.8826581216144	20.004577706569
20.3677424277104	14.7127489127947	20.1602197299153
22.2659647516594	18.9150835431449	22.6657511253529
20.5569542992294	16.8490119783322	20.7217517357137
19.7207598992905	16.046387426566	21.1306935225452
22.5375753414206	17.4196993972686	21.2283512626841
21.1490043488212	15.9273670557717	20.840772106508
20.9475852597848	14.9996185244526	21.1947814145113
22.4368657969024	16.577401388571	22.757305256733
22.6565957122148	18.457312886244	25.3177691309987
23.2852674143587	18.6861982146944	25.1773861295491
25.7175555046922	20.7675288014038	24.6524757763027
22.388036926833	20.3860532539864	24.6646829938201
23.9505607690547	19.7756923781186	24.457160296025
25.8396276798657	18.2131685358968	23.2578011749447
29.0379186694133	19.8306248569467	24.7043564507515
25.4947737850004	18.2040131227588	25.6931410696574
25.9708552681773	17.2732127870603	25.140764476997
29.6147096971084	17.8591592278935	23.6453803311208
27.4723430228122	19.2355230029755	23.5873960479133
24.2099641412985	20.0106813153277	24.106202792401
30.5790798809796	23.4164950026703	24.7043564507515
31.2016479743648	26.7338063630121	28.3390554665446
31.6533150225071	29.5597772182803	31.1894407568475
33.6034180209049	30.3349355306325	29.1905088883803
34.4304570077058	31.8364232852674	31.8547341115435
34.2442969405661	30.8751049057755	33.0418860151064
34.7600518806744	28.8029297322042	30.3166247043564
34.9370565346761	28.6686503395132	29.8130769817655
30.3105210955978	27.0847638666361	30.1640344853895
32.8618295567254	25.7480735484855	28.0796520943008
31.7631799801633	26.4835584039063	26.7429617761501
29.8283360036622	27.4174105439841	27.5730525673304
31.9615472648203	27.164110780499	27.3655298695354
32.2697795071336	26.9535362783246	27.9667353322652
34.8760204470893	28.5740444037537	27.838559548333
