1.73382173382173	-3.58974358974359	-1.56288156288156
-0.586080586080586	-4.07814407814408	-2.95482295482295
-1.48962148962149	-4.24908424908425	-2.68620268620269
-2.2954822954823	-2.97924297924298	-3.44322344322344
-1.36752136752137	-1.39194139194139	-2.46642246642247
0.805860805860806	-0.170940170940171	-1.70940170940171
1.34310134310134	-0.0244200244200244	-3.12576312576313
0.83028083028083	-0.561660561660562	-2.78388278388278
1.85592185592186	-0.634920634920635	-1.07448107448107
1.39194139194139	-1.83150183150183	0.683760683760684
0.732600732600733	-2.90598290598291	0.976800976800977
0.43956043956044	-2.39316239316239	1.92918192918193
0.0732600732600733	-2.53968253968254	0.879120879120879
-1.48962148962149	-3.003663003663	-1.44078144078144
-1.12332112332112	-2.41758241758242	-3.003663003663
-1.66056166056166	-2.80830280830281	-3.66300366300366
-0.488400488400488	-1.92918192918193	-2.36874236874237
-0.0976800976800977	-1.0989010989011	-1.34310134310134
-0.170940170940171	-0.0488400488400488	0.390720390720391
-0.757020757020757	-0.781440781440781	-1.22100122100122
-2.41758241758242	-0.512820512820513	-0.854700854700855
-1.83150183150183	0.463980463980464	-0.976800976800977
-2.1978021978022	-1.70940170940171	-1.001221001221
-1.34310134310134	-3.02808302808303	-0.903540903540904
-1.75824175824176	-3.51648351648352	-1.22100122100122
-0.586080586080586	-2.61294261294261	-0.561660561660562
-1.41636141636142	-3.05250305250305	-1.56288156288156
-1.58730158730159	-0.781440781440781	-1.24542124542125
1.46520146520147	2.85714285714286	-0.976800976800977
-1.31868131868132	2.22222222222222	-0.976800976800977
0.170940170940171	1.83150183150183	-0.83028083028083
0.195360195360195	3.02808302808303	-1.05006105006105
-0.586080586080586	0.927960927960928	-3.41880341880342
-0.732600732600733	-1.70940170940171	-4.54212454212454
-0.317460317460317	-2.1978021978022	-2.34432234432234
1.0989010989011	-2.39316239316239	-0.21978021978022
0.708180708180708	-3.003663003663	0.879120879120879
-1.61172161172161	-2.68620268620269	1.88034188034188
-2.85714285714286	-0.903540903540904	1.02564102564103
-5.66544566544567	-1.53846153846154	-1.24542124542125
-7.47252747252747	-1.0989010989011	-5.05494505494505
-8.81562881562882	-2.63736263736264	-6.08058608058608
-7.54578754578755	-2.97924297924298	-4.63980463980464
-5.66544566544567	-2.2954822954823	-4.05372405372405
-4.1025641025641	-1.97802197802198	-2.75946275946276
-4.22466422466422	-3.32112332112332	-2.68620268620269
-1.39194139194139	-2.36874236874237	-1.92918192918193
-0.927960927960928	-0.903540903540904	-1.56288156288156
-1.12332112332112	0.805860805860806	-1.53846153846154
0.0976800976800977	2.24664224664225	-2.39316239316239
0.21978021978022	3.15018315018315	-1.39194139194139
-0.170940170940171	3.07692307692308	-2.66178266178266
-0.415140415140415	1.75824175824176	-3.44322344322344
-1.36752136752137	0.0976800976800977	-4.51770451770452
-1.61172161172161	0.195360195360195	-4.73748473748474
-1.53846153846154	0.683760683760684	-2.90598290598291
-1.85592185592186	-0.0244200244200244	-3.05250305250305
-1.46520146520147	-1.001221001221	-1.92918192918193
-2.95482295482295	-0.854700854700855	-2.1978021978022
-2.39316239316239	0.610500610500611	-1.44078144078144
0.146520146520147	2.51526251526252	-1.001221001221
-1.56288156288156	2.27106227106227	-2.27106227106227
-1.80708180708181	2.68620268620269	-1.53846153846154
-2.49084249084249	2.93040293040293	-0.244200244200244
-3.02808302808303	2.63736263736264	-0.610500610500611
-3.41880341880342	2.05128205128205	-1.95360195360195
-2.71062271062271	3.44322344322344	-3.07692307692308
-3.15018315018315	2.66178266178266	-3.003663003663
-2.14896214896215	1.14774114774115	-1.66056166056166
-0.976800976800977	-2.51526251526252	-0.634920634920635
-2.49084249084249	-4.68864468864469	0.879120879120879
-1.22100122100122	-4.24908424908425	1.70940170940171
-0.0488400488400488	-4.02930402930403	-0.244200244200244
-0.757020757020757	-2.1001221001221	-1.51404151404151
-0.610500610500611	-0.488400488400488	-2.73504273504274
-1.29426129426129	-0.195360195360195	-2.24664224664225
-1.80708180708181	1.1965811965812	-1.70940170940171
-1.22100122100122	1.07448107448107	-0.0976800976800977
0.293040293040293	0.293040293040293	0.268620268620269
0.0244200244200244	1.34310134310134	-0.683760683760684
0.805860805860806	1.75824175824176	-0.537240537240537
1.0989010989011	1.48962148962149	-0.952380952380952
-0.43956043956044	0.586080586080586	-2.66178266178266
-1.41636141636142	-0.757020757020757	-2.63736263736264
-0.146520146520147	0.317460317460317	-0.659340659340659
0.122100122100122	0.390720390720391	-1.29426129426129
-0.366300366300366	-0.341880341880342	-1.0989010989011
0.879120879120879	1.41636141636142	-0.488400488400488
0.43956043956044	2.05128205128205	-2.07570207570208
-0.146520146520147	3.34554334554335	-1.70940170940171
0.708180708180708	4.2002442002442	-3.32112332112332
0.341880341880342	5.73870573870574	-3.78510378510378
-1.68498168498168	2.51526251526252	-5.44566544566545
-2.61294261294261	0.341880341880342	-4.66422466422466
0.488400488400488	1.05006105006105	-2.78388278388278
2.1001221001221	0.146520146520147	-2.27106227106227
0.195360195360195	0.146520146520147	0.122100122100122
0.976800976800977	3.63858363858364	2.66178266178266
-0.586080586080586	3.24786324786325	2.002442002442
-2.51526251526252	2.1001221001221	-0.0244200244200244
-7.86324786324786	0.757020757020757	-3.54090354090354
-8.4981684981685	0.805860805860806	-4.32234432234432
-1.34310134310134	2.22222222222222	-0.952380952380952
3.54090354090354	3.17460317460317	2.17338217338217
6.61782661782662	5.2991452991453	3.83394383394383
9.23076923076923	4.2979242979243	4.88400488400488
10.7936507936508	4.81074481074481	6.17826617826618
7.37484737484737	4.93284493284493	3.41880341880342
5.32356532356532	4.83516483516483	0.659340659340659
2.14896214896215	3.17460317460317	-0.317460317460317
1.14774114774115	5.00610500610501	0.537240537240537
1.58730158730159	3.85836385836386	-0.244200244200244
-0.83028083028083	0.488400488400488	-3.22344322344322
-1.75824175824176	-1.17216117216117	-4.07814407814408
-1.31868131868132	-0.43956043956044	-2.53968253968254
1.9047619047619	0.0732600732600733	-1.53846153846154
2.1001221001221	-2.63736263736264	-3.39438339438339
3.2967032967033	-2.75946275946276	-3.41880341880342
3.34554334554335	-1.58730158730159	-4.05372405372405
0.952380952380952	-3.44322344322344	-4.004884004884
-0.708180708180708	-4.12698412698413	-4.15140415140415
-0.317460317460317	-1.73382173382173	-3.1990231990232
0.659340659340659	1.41636141636142	-0.390720390720391
3.61416361416361	2.68620268620269	-1.24542124542125
4.15140415140415	2.58852258852259	-2.58852258852259
4.15140415140415	2.58852258852259	-2.71062271062271
3.63858363858364	2.07570207570208	-1.75824175824176
1.95360195360195	1.68498168498168	-2.27106227106227
1.80708180708181	3.39438339438339	-1.66056166056166
2.34432234432234	5.44566544566545	0.317460317460317
1.02564102564103	5.83638583638584	-1.92918192918193
-1.0989010989011	5.2014652014652	-2.90598290598291
0.341880341880342	5.2991452991453	-2.58852258852259
-1.14774114774115	1.31868131868132	-3.17460317460317
0.0732600732600733	0.708180708180708	-3.36996336996337
1.83150183150183	0.0732600732600733	-2.34432234432234
4.12698412698413	1.12332112332112	-1.17216117216117
4.95726495726496	3.003663003663	1.58730158730159
5.2991452991453	5.07936507936508	2.95482295482295
5.12820512820513	3.54090354090354	2.78388278388278
3.15018315018315	1.97802197802198	3.93162393162393
2.83272283272283	1.17216117216117	4.98168498168498
2.93040293040293	1.14774114774115	4.15140415140415
3.34554334554335	0.952380952380952	2.58852258852259
2.51526251526252	0.610500610500611	2.39316239316239
2.78388278388278	0.122100122100122	1.22100122100122
3.95604395604396	0.708180708180708	0.586080586080586
5.07936507936508	1.1965811965812	2.66178266178266
4.46886446886447	0.927960927960928	2.73504273504274
2.12454212454212	0.708180708180708	1.31868131868132
0.0732600732600733	-0.390720390720391	1.0989010989011
0.610500610500611	0.244200244200244	-0.0244200244200244
-2.39316239316239	-1.68498168498168	-3.2967032967033
-0.634920634920635	-1.14774114774115	-2.002442002442
0.0976800976800977	-0.537240537240537	-1.17216117216117
2.2954822954823	-0.317460317460317	-0.488400488400488
2.66178266178266	-0.317460317460317	0.927960927960928
2.17338217338217	-0.976800976800977	0.976800976800977
1.58730158730159	-0.0488400488400488	2.78388278388278
1.44078144078144	0.805860805860806	2.66178266178266
1.51404151404151	1.85592185592186	3.56532356532357
1.92918192918193	3.003663003663	2.31990231990232
-0.341880341880342	1.07448107448107	2.1001221001221
-1.12332112332112	-0.293040293040293	0.659340659340659
1.1965811965812	-1.44078144078144	1.36752136752137
2.14896214896215	-1.12332112332112	2.36874236874237
1.53846153846154	-2.1001221001221	2.1978021978022
-0.170940170940171	-2.31990231990232	3.68742368742369
-0.43956043956044	-1.80708180708181	3.05250305250305
3.12576312576313	1.17216117216117	3.95604395604396
0.732600732600733	0.0244200244200244	1.39194139194139
1.53846153846154	1.58730158730159	2.46642246642247
3.41880341880342	3.02808302808303	4.004884004884
4.24908424908425	2.12454212454212	2.34432234432234
3.003663003663	-1.05006105006105	0.879120879120879
1.51404151404151	-3.02808302808303	1.80708180708181
5.00610500610501	-0.805860805860806	2.34432234432234
5.2991452991453	-0.952380952380952	1.02564102564103
3.1990231990232	-0.879120879120879	-0.244200244200244
3.12576312576313	3.1013431013431	3.24786324786325
3.15018315018315	3.61416361416361	3.46764346764347
0.610500610500611	2.95482295482295	2.78388278388278
1.85592185592186	2.97924297924298	3.1013431013431
3.2967032967033	3.15018315018315	3.22344322344322
4.59096459096459	3.003663003663	2.22222222222222
3.05250305250305	-0.195360195360195	-0.146520146520147
-0.903540903540904	-4.22466422466422	-2.31990231990232
-1.83150183150183	-4.42002442002442	-2.83272283272283
-1.31868131868132	-3.02808302808303	-1.56288156288156
-3.003663003663	-3.05250305250305	-1.92918192918193
-1.51404151404151	-1.78266178266178	-1.83150183150183
0.463980463980464	1.1965811965812	-2.22222222222222
0.366300366300366	0.463980463980464	-1.70940170940171
0.341880341880342	-1.44078144078144	-1.75824175824176
-0.488400488400488	-0.244200244200244	-1.70940170940171
-1.0989010989011	-1.001221001221	-2.73504273504274
-2.49084249084249	-2.88156288156288	-4.07814407814408
-0.952380952380952	-3.34554334554335	-1.92918192918193
-2.002442002442	-4.71306471306471	-2.2954822954823
-3.58974358974359	-3.95604395604396	-1.73382173382173
-1.70940170940171	-2.49084249084249	0.268620268620269
-0.244200244200244	-1.12332112332112	0.415140415140415
0.244200244200244	2.002442002442	0.732600732600733
0.390720390720391	1.66056166056166	-1.05006105006105
0.0488400488400488	2.90598290598291	0.659340659340659
-0.488400488400488	3.93162393162393	2.44200244200244
-1.58730158730159	2.75946275946276	1.73382173382173
-0.463980463980464	1.1965811965812	2.58852258852259
1.17216117216117	0.0488400488400488	2.73504273504274
1.73382173382173	-2.31990231990232	1.02564102564103
2.1001221001221	-2.56410256410256	-0.317460317460317
2.56410256410256	-0.21978021978022	0.195360195360195
-0.0732600732600733	1.80708180708181	1.02564102564103
-2.66178266178266	2.1978021978022	0.610500610500611
-1.88034188034188	4.63980463980464	-0.122100122100122
-0.43956043956044	5.25030525030525	-1.22100122100122
-1.05006105006105	3.63858363858364	-0.268620268620269
-2.95482295482295	2.41758241758242	-1.001221001221
-2.02686202686203	1.97802197802198	-0.903540903540904
-2.85714285714286	-1.12332112332112	-1.61172161172161
-0.805860805860806	-2.002442002442	-0.537240537240537
-1.51404151404151	-0.634920634920635	-0.757020757020757
0.146520146520147	2.07570207570208	0.0732600732600733
1.83150183150183	4.27350427350427	1.44078144078144
0.390720390720391	5.25030525030525	1.34310134310134
-0.83028083028083	4.71306471306471	1.41636141636142
-0.659340659340659	4.1025641025641	0.757020757020757
-2.12454212454212	1.1965811965812	-0.903540903540904
-2.73504273504274	-1.31868131868132	-2.41758241758242
-2.24664224664225	-0.463980463980464	-2.002442002442
-1.29426129426129	-1.58730158730159	-2.71062271062271
-0.146520146520147	-0.927960927960928	-1.17216117216117
0.0976800976800977	0.512820512820513	0.83028083028083
-1.53846153846154	1.73382173382173	1.22100122100122
-1.0989010989011	1.85592185592186	0.757020757020757
-1.05006105006105	3.49206349206349	-0.122100122100122
-0.976800976800977	2.93040293040293	-2.1978021978022
-0.244200244200244	1.70940170940171	-3.88278388278388
0.195360195360195	2.05128205128205	-3.83394383394383
-1.9047619047619	2.1001221001221	-1.68498168498168
-3.44322344322344	2.80830280830281	0.43956043956044
-2.44200244200244	5.66544566544567	2.22222222222222
-1.75824175824176	4.78632478632479	1.29426129426129
-2.12454212454212	3.24786324786325	0.537240537240537
-1.29426129426129	2.90598290598291	-0.781440781440781
-0.244200244200244	3.32112332112332	-1.75824175824176
-3.15018315018315	3.71184371184371	-2.63736263736264
-1.36752136752137	5.61660561660562	-0.805860805860806
-0.610500610500611	8.00976800976801	0.122100122100122
-1.31868131868132	7.03296703296703	-0.463980463980464
-3.58974358974359	4.2979242979243	-1.14774114774115
-4.78632478632479	3.78510378510378	-1.80708180708181
-4.93284493284493	4.07814407814408	-2.83272283272283
-5.51892551892552	2.75946275946276	-3.78510378510378
-3.27228327228327	1.83150183150183	-3.85836385836386
-0.21978021978022	0.146520146520147	-3.44322344322344
1.36752136752137	1.07448107448107	-1.14774114774115
0.244200244200244	-0.927960927960928	-1.39194139194139
0.927960927960928	0.390720390720391	-0.122100122100122
1.1965811965812	3.1990231990232	0.341880341880342
-1.41636141636142	1.68498168498168	-0.634920634920635
-0.561660561660562	3.2967032967033	-0.0244200244200244
1.70940170940171	4.81074481074481	0.366300366300366
0.683760683760684	1.95360195360195	-2.07570207570208
-0.0732600732600733	1.83150183150183	-0.781440781440781
0.268620268620269	1.78266178266178	0.293040293040293
-2.002442002442	-0.195360195360195	-0.879120879120879
-2.51526251526252	-1.68498168498168	-2.39316239316239
-2.31990231990232	0.268620268620269	-1.24542124542125
-2.41758241758242	1.97802197802198	-1.53846153846154
-2.27106227106227	2.75946275946276	-2.39316239316239
-0.122100122100122	4.34676434676435	-0.683760683760684
-1.73382173382173	4.17582417582418	-0.976800976800977
-1.9047619047619	5.07936507936508	-0.390720390720391
-0.83028083028083	6.71550671550672	0.415140415140415
-2.1978021978022	6.3980463980464	-1.39194139194139
-2.63736263736264	6.37362637362637	-1.39194139194139
-3.63858363858364	3.58974358974359	-2.39316239316239
-4.17582417582418	1.02564102564103	-2.53968253968254
-3.36996336996337	1.73382173382173	-0.976800976800977
-1.70940170940171	2.1001221001221	-0.0976800976800977
-5.22588522588523	-0.0488400488400488	-1.22100122100122
-2.12454212454212	6.00732600732601	2.02686202686203
0.244200244200244	8.71794871794872	3.02808302808303
-0.0244200244200244	7.57020757020757	3.68742368742369
1.29426129426129	9.10866910866911	4.37118437118437
3.02808302808303	9.18192918192918	4.90842490842491
5.00610500610501	7.83882783882784	5.51892551892552
4.32234432234432	5.90964590964591	4.15140415140415
1.66056166056166	4.71306471306471	3.36996336996337
2.80830280830281	5.71428571428571	5.2014652014652
2.85714285714286	5.25030525030525	5.27472527472527
1.46520146520147	5.83638583638584	5.54334554334554
1.97802197802198	5.25030525030525	4.42002442002442
3.76068376068376	6.3980463980464	4.95726495726496
2.73504273504274	5.95848595848596	3.2967032967033
1.58730158730159	4.46886446886447	0.805860805860806
-0.561660561660562	3.36996336996337	0.293040293040293
-1.61172161172161	1.41636141636142	0.805860805860806
-2.1001221001221	-1.29426129426129	0.854700854700855
-2.34432234432234	-2.71062271062271	1.26984126984127
-2.63736263736264	-2.71062271062271	1.48962148962149
-2.27106227106227	-1.12332112332112	3.07692307692308
-3.76068376068376	-1.88034188034188	1.39194139194139
-3.51648351648352	-0.293040293040293	1.66056166056166
-2.1001221001221	1.36752136752137	0.415140415140415
-3.02808302808303	-1.07448107448107	-1.58730158730159
-0.561660561660562	-1.83150183150183	-2.95482295482295
0.561660561660562	-2.17338217338217	-4.54212454212454
-0.0976800976800977	-3.2967032967033	-3.76068376068376
-0.390720390720391	-5.71428571428571	-2.68620268620269
-1.78266178266178	-6.22710622710623	-3.85836385836386
-1.07448107448107	-5.05494505494505	-2.61294261294261
-0.927960927960928	-4.81074481074481	-2.34432234432234
-0.0244200244200244	-2.71062271062271	-3.05250305250305
0.122100122100122	-1.73382173382173	-3.02808302808303
0.244200244200244	-1.68498168498168	-4.07814407814408
-0.683760683760684	-3.54090354090354	-4.05372405372405
-0.83028083028083	-5.17704517704518	-4.17582417582418
-0.732600732600733	-6.00732600732601	-4.46886446886447
0.83028083028083	-4.73748473748474	-2.12454212454212
1.58730158730159	-6.37362637362637	-1.70940170940171
1.29426129426129	-6.59340659340659	-1.24542124542125
-0.122100122100122	-5.3968253968254	-0.463980463980464
0.317460317460317	-3.32112332112332	1.07448107448107
1.36752136752137	-2.56410256410256	1.29426129426129
-1.66056166056166	-2.34432234432234	0.610500610500611
-0.463980463980464	0.0732600732600733	2.02686202686203
1.0989010989011	-0.43956043956044	0.83028083028083
0.512820512820513	-1.12332112332112	1.97802197802198
1.68498168498168	1.34310134310134	3.54090354090354
4.05372405372405	4.15140415140415	2.41758241758242
5.83638583638584	6.83760683760684	4.2002442002442
6.12942612942613	5.1037851037851	3.58974358974359
5.32356532356532	3.98046398046398	2.22222222222222
2.95482295482295	1.26984126984127	0.43956043956044
1.17216117216117	-2.68620268620269	-1.41636141636142
-0.586080586080586	-4.49328449328449	-0.732600732600733
-1.85592185592186	-5.00610500610501	-0.83028083028083
-1.63614163614164	-3.32112332112332	-0.659340659340659
-1.12332112332112	-1.36752136752137	0.512820512820513
-1.36752136752137	-0.732600732600733	1.22100122100122
-1.61172161172161	1.88034188034188	2.63736263736264
-1.24542124542125	1.73382173382173	2.41758241758242
-3.98046398046398	-1.46520146520147	0.732600732600733
-3.90720390720391	-4.27350427350427	-0.586080586080586
-3.85836385836386	-3.56532356532357	0.317460317460317
-3.58974358974359	-3.76068376068376	0.268620268620269
-3.1990231990232	-2.61294261294261	1.07448107448107
-3.88278388278388	-0.903540903540904	1.68498168498168
-5.05494505494505	0.0976800976800977	2.2954822954823
-3.95604395604396	1.14774114774115	2.34432234432234
-4.17582417582418	-0.195360195360195	0.317460317460317
-3.63858363858364	0.488400488400488	1.17216117216117
-1.9047619047619	0.341880341880342	0.341880341880342
-1.34310134310134	0.732600732600733	1.12332112332112
0.610500610500611	0.244200244200244	0.561660561660562
-0.170940170940171	-1.48962148962149	-0.415140415140415
-0.293040293040293	-0.683760683760684	0.0732600732600733
-2.46642246642247	0.659340659340659	0.317460317460317
-2.02686202686203	1.63614163614164	-0.561660561660562
-4.61538461538461	1.70940170940171	-1.0989010989011
-4.93284493284493	3.83394383394383	2.58852258852259
-5.2014652014652	2.88156288156288	2.41758241758242
-5.51892551892552	1.39194139194139	0.512820512820513
-5.34798534798535	0.293040293040293	0.0488400488400488
-6.34920634920635	-1.48962148962149	-3.02808302808303
-7.54578754578755	-3.24786324786325	-4.90842490842491
-7.47252747252747	-5.64102564102564	-7.05738705738706
-7.32600732600733	-7.32600732600733	-7.47252747252747
-7.66788766788767	-8.47374847374847	-5.83638583638584
-8.76678876678877	-9.01098901098901	-5.56776556776557
-7.00854700854701	-6.88644688644689	-5.34798534798535
-4.61538461538461	-4.66422466422466	-3.17460317460317
-3.46764346764347	-2.05128205128205	-1.24542124542125
-0.683760683760684	-0.683760683760684	-0.83028083028083
-1.39194139194139	-1.66056166056166	-1.80708180708181
-1.85592185592186	-1.24542124542125	-1.53846153846154
-1.46520146520147	-1.29426129426129	-1.24542124542125
-1.80708180708181	-2.12454212454212	-3.27228327228327
-3.07692307692308	-3.68742368742369	-2.75946275946276
-3.34554334554335	-4.81074481074481	-2.44200244200244
-3.71184371184371	-6.34920634920635	-1.92918192918193
-5.71428571428571	-8.10744810744811	-2.2954822954823
-2.36874236874237	-5.61660561660562	-1.26984126984127
-1.12332112332112	-3.93162393162393	0.390720390720391
-0.341880341880342	-2.12454212454212	-0.170940170940171
-0.146520146520147	-0.122100122100122	0.366300366300366
-2.39316239316239	0.0732600732600733	-0.879120879120879
-4.3956043956044	1.53846153846154	-0.683760683760684
-5.90964590964591	0.976800976800977	-0.537240537240537
-5.2014652014652	2.66178266178266	0.366300366300366
-3.24786324786325	2.68620268620269	0.903540903540904
-1.78266178266178	2.14896214896215	0.0732600732600733
-2.66178266178266	0.708180708180708	-0.317460317460317
-1.63614163614164	-0.561660561660562	-1.26984126984127
-2.95482295482295	-1.14774114774115	-2.36874236874237
-3.39438339438339	-2.27106227106227	-2.58852258852259
-5.61660561660562	-2.05128205128205	-4.05372405372405
-4.78632478632479	-0.927960927960928	-4.1025641025641
-3.95604395604396	-0.708180708180708	-3.2967032967033
-2.58852258852259	1.31868131868132	-2.83272283272283
-1.44078144078144	1.07448107448107	-3.12576312576313
-1.61172161172161	0.537240537240537	-1.66056166056166
0.537240537240537	1.41636141636142	0.122100122100122
-0.0488400488400488	1.02564102564103	1.70940170940171
0.610500610500611	1.48962148962149	2.05128205128205
2.34432234432234	3.98046398046398	4.1025641025641
2.05128205128205	5.42124542124542	3.41880341880342
1.05006105006105	6.37362637362637	3.88278388278388
-0.708180708180708	6.3980463980464	2.73504273504274
-1.31868131868132	7.27716727716728	2.12454212454212
-1.14774114774115	6.88644688644689	0.854700854700855
-1.39194139194139	5.66544566544567	-1.31868131868132
-0.757020757020757	6.00732600732601	-2.51526251526252
-1.44078144078144	3.98046398046398	-2.90598290598291
-3.1990231990232	2.66178266178266	-3.1013431013431
-4.004884004884	3.1013431013431	-0.317460317460317
-3.02808302808303	1.36752136752137	0.781440781440781
-3.49206349206349	0.317460317460317	0.952380952380952
-5.03052503052503	0.341880341880342	1.83150183150183
-2.90598290598291	2.53968253968254	0.293040293040293
-2.88156288156288	3.003663003663	-2.61294261294261
-3.34554334554335	3.17460317460317	-3.39438339438339
-1.46520146520147	6.03174603174603	-2.1001221001221
1.05006105006105	5.98290598290598	-1.44078144078144
1.48962148962149	3.90720390720391	-1.63614163614164
0.195360195360195	2.05128205128205	-0.390720390720391
0.952380952380952	1.41636141636142	0.512820512820513
-0.146520146520147	1.31868131868132	-0.146520146520147
-1.001221001221	1.12332112332112	-0.708180708180708
-1.80708180708181	0.659340659340659	-2.1978021978022
-1.75824175824176	1.12332112332112	-2.2954822954823
-1.36752136752137	1.70940170940171	-2.14896214896215
-2.61294261294261	1.001221001221	-4.004884004884
-2.24664224664225	-0.732600732600733	-5.32356532356532
-1.05006105006105	1.61172161172161	-3.2967032967033
-2.44200244200244	2.58852258852259	-1.34310134310134
-2.17338217338217	1.97802197802198	0.463980463980464
-0.854700854700855	2.97924297924298	0.586080586080586
-0.781440781440781	1.92918192918193	1.61172161172161
-2.002442002442	-1.29426129426129	0.195360195360195
-2.002442002442	-2.66178266178266	-1.14774114774115
-1.05006105006105	-2.97924297924298	-0.610500610500611
-2.2954822954823	-2.88156288156288	0.0244200244200244
-0.927960927960928	-1.39194139194139	3.22344322344322
2.58852258852259	2.27106227106227	4.1025641025641
2.85714285714286	2.63736263736264	2.78388278388278
3.80952380952381	2.36874236874237	2.53968253968254
6.98412698412698	3.63858363858364	3.07692307692308
5.15262515262515	2.44200244200244	2.34432234432234
4.95726495726496	3.61416361416361	3.41880341880342
3.34554334554335	4.07814407814408	2.85714285714286
0.879120879120879	2.41758241758242	2.56410256410256
-2.36874236874237	0.586080586080586	1.24542124542125
-4.63980463980464	-1.0989010989011	-0.415140415140415
-3.51648351648352	-2.1978021978022	-1.22100122100122
-2.51526251526252	-3.44322344322344	-1.1965811965812
0.146520146520147	-0.903540903540904	1.63614163614164
2.1978021978022	-0.415140415140415	2.27106227106227
3.58974358974359	-1.001221001221	4.83516483516483
0	-2.83272283272283	2.80830280830281
-1.14774114774115	-2.68620268620269	1.07448107448107
-2.88156288156288	-2.39316239316239	0.463980463980464
-2.90598290598291	-4.07814407814408	-1.58730158730159
-3.22344322344322	-4.34676434676435	-1.24542124542125
-2.90598290598291	-4.73748473748474	0.488400488400488
-2.39316239316239	-6.08058608058608	2.44200244200244
-0.561660561660562	-6.1050061050061	2.36874236874237
-0.781440781440781	-4.49328449328449	3.73626373626374
0.341880341880342	-3.56532356532357	5.03052503052503
5.03052503052503	0.0488400488400488	5.12820512820513
5.51892551892552	1.75824175824176	5.03052503052503
4.24908424908425	1.34310134310134	3.78510378510378
3.51648351648352	1.78266178266178	4.004884004884
3.27228327228327	1.02564102564103	2.12454212454212
0.317460317460317	-1.39194139194139	-0.0244200244200244
0.610500610500611	-3.98046398046398	0.0732600732600733
3.1013431013431	-4.46886446886447	0.512820512820513
3.27228327228327	-3.12576312576313	1.05006105006105
4.15140415140415	-1.53846153846154	2.63736263736264
3.88278388278388	0.610500610500611	3.66300366300366
3.2967032967033	2.002442002442	3.85836385836386
2.63736263736264	4.78632478632479	4.83516483516483
0.610500610500611	3.41880341880342	3.68742368742369
0.195360195360195	1.70940170940171	2.002442002442
0.659340659340659	0.805860805860806	2.97924297924298
-0.683760683760684	-1.001221001221	3.24786324786325
-0.415140415140415	-3.24786324786325	2.36874236874237
0.415140415140415	-4.95726495726496	3.46764346764347
0.83028083028083	-4.59096459096459	4.59096459096459
2.73504273504274	-0.463980463980464	4.42002442002442
3.2967032967033	0.952380952380952	5.1037851037851
4.51770451770452	2.1978021978022	5.12820512820513
5.71428571428571	5.27472527472527	5.73870573870574
5.54334554334554	3.93162393162393	4.61538461538461
5.95848595848596	1.78266178266178	3.63858363858364
6.64224664224664	0.683760683760684	2.05128205128205
4.85958485958486	-0.83028083028083	1.58730158730159
5.22588522588523	-0.976800976800977	1.53846153846154
5.49450549450549	0.463980463980464	2.1001221001221
3.90720390720391	-0.43956043956044	1.66056166056166
4.12698412698413	1.68498168498168	2.07570207570208
4.07814407814408	3.02808302808303	2.22222222222222
4.61538461538461	3.73626373626374	3.1990231990232
3.44322344322344	1.75824175824176	2.27106227106227
2.2954822954823	1.12332112332112	2.02686202686203
3.34554334554335	-0.586080586080586	2.66178266178266
4.17582417582418	-1.9047619047619	1.61172161172161
3.66300366300366	-2.97924297924298	1.88034188034188
5.86080586080586	-2.14896214896215	4.12698412698413
4.78632478632479	-0.83028083028083	4.07814407814408
4.83516483516483	0	5.61660561660562
6.15384615384615	1.75824175824176	6.2026862026862
4.15140415140415	2.90598290598291	6.54456654456654
7.3992673992674	4.49328449328449	7.25274725274725
8.69352869352869	4.34676434676435	7.37484737484737
7.05738705738706	1.95360195360195	7.08180708180708
4.2979242979243	0.390720390720391	5.76312576312576
2.14896214896215	-0.268620268620269	4.34676434676435
1.36752136752137	-2.51526251526252	3.44322344322344
0.537240537240537	-1.70940170940171	4.22466422466422
0.561660561660562	-1.1965811965812	5.3968253968254
1.95360195360195	-2.2954822954823	4.90842490842491
1.22100122100122	-4.15140415140415	4.59096459096459
0.415140415140415	-4.49328449328449	3.56532356532357
0.146520146520147	-2.97924297924298	4.32234432234432
-1.05006105006105	-4.27350427350427	3.71184371184371
0.244200244200244	-3.1990231990232	2.31990231990232
1.24542124542125	-0.317460317460317	2.66178266178266
0.903540903540904	-1.70940170940171	2.22222222222222
1.80708180708181	-2.85714285714286	1.17216117216117
3.80952380952381	-1.41636141636142	0.317460317460317
5.03052503052503	-3.07692307692308	-0.0488400488400488
2.24664224664225	-4.85958485958486	1.31868131868132
2.46642246642247	-2.75946275946276	2.85714285714286
3.34554334554335	-0.976800976800977	2.56410256410256
3.15018315018315	0.415140415140415	2.73504273504274
2.22222222222222	1.001221001221	1.53846153846154
3.88278388278388	4.05372405372405	1.61172161172161
3.78510378510378	3.36996336996337	1.41636141636142
3.12576312576313	1.63614163614164	1.83150183150183
3.88278388278388	1.75824175824176	3.85836385836386
4.46886446886447	1.73382173382173	4.68864468864469
5.86080586080586	0.927960927960928	4.02930402930403
5.37240537240537	-0.879120879120879	3.44322344322344
3.83394383394383	-0.805860805860806	3.71184371184371
2.73504273504274	-1.58730158730159	3.73626373626374
-0.0732600732600733	-0.586080586080586	3.98046398046398
0.0732600732600733	1.07448107448107	4.78632478632479
1.31868131868132	1.48962148962149	4.85958485958486
2.24664224664225	2.93040293040293	4.73748473748474
3.12576312576313	3.05250305250305	4.34676434676435
3.07692307692308	2.27106227106227	4.83516483516483
2.66178266178266	2.49084249084249	4.46886446886447
0.903540903540904	1.80708180708181	3.63858363858364
-1.48962148962149	-0.122100122100122	1.44078144078144
0.805860805860806	-1.92918192918193	-0.195360195360195
2.24664224664225	-2.24664224664225	0.512820512820513
2.31990231990232	-1.61172161172161	0.903540903540904
3.15018315018315	-1.58730158730159	1.58730158730159
5.15262515262515	0.146520146520147	3.49206349206349
6.93528693528694	2.49084249084249	4.83516483516483
5.44566544566545	1.34310134310134	3.34554334554335
4.42002442002442	-1.36752136752137	0.463980463980464
4.12698412698413	-0.0732600732600733	-0.537240537240537
3.2967032967033	-0.21978021978022	0.244200244200244
1.53846153846154	-1.12332112332112	-0.21978021978022
2.78388278388278	-0.170940170940171	1.12332112332112
3.58974358974359	1.07448107448107	4.44444444444444
5.3968253968254	1.63614163614164	3.80952380952381
3.83394383394383	0.659340659340659	1.12332112332112
3.54090354090354	0.634920634920635	0.0488400488400488
2.61294261294261	-0.415140415140415	-0.512820512820513
1.80708180708181	-0.757020757020757	-1.12332112332112
3.27228327228327	-1.56288156288156	-1.92918192918193
3.36996336996337	-1.80708180708181	-1.70940170940171
3.66300366300366	-2.49084249084249	-1.80708180708181
2.73504273504274	-2.34432234432234	-2.39316239316239
4.12698412698413	-2.2954822954823	-2.63736263736264
4.37118437118437	-3.22344322344322	-3.003663003663
2.27106227106227	-4.12698412698413	-2.90598290598291
1.48962148962149	-4.24908424908425	-2.75946275946276
2.2954822954823	-2.56410256410256	-3.003663003663
0.976800976800977	-2.14896214896215	-3.1990231990232
-0.146520146520147	-1.80708180708181	-1.17216117216117
-0.293040293040293	-1.36752136752137	-1.0989010989011
-0.512820512820513	-2.53968253968254	-2.34432234432234
-0.293040293040293	-1.73382173382173	-1.92918192918193
-2.002442002442	-4.76190476190476	-3.83394383394383
-1.12332112332112	-4.85958485958486	-3.83394383394383
-2.07570207570208	-3.68742368742369	-5.34798534798535
-0.805860805860806	-3.93162393162393	-3.83394383394383
0.195360195360195	-2.58852258852259	-3.02808302808303
0.341880341880342	-2.02686202686203	-2.97924297924298
2.46642246642247	-2.41758241758242	-3.27228327228327
3.95604395604396	-1.92918192918193	-2.1978021978022
3.76068376068376	-0.952380952380952	-2.12454212454212
3.02808302808303	0.293040293040293	-1.36752136752137
2.53968253968254	0.976800976800977	-0.537240537240537
2.71062271062271	0.512820512820513	0.122100122100122
3.51648351648352	0.366300366300366	-0.0732600732600733
3.12576312576313	-0.317460317460317	-0.122100122100122
4.73748473748474	0.122100122100122	-0.634920634920635
5.17704517704518	0.952380952380952	-0.537240537240537
4.46886446886447	1.92918192918193	1.56288156288156
3.78510378510378	3.46764346764347	3.34554334554335
3.49206349206349	4.76190476190476	3.66300366300366
3.2967032967033	4.88400488400488	3.63858363858364
3.27228327228327	6.52014652014652	2.85714285714286
2.95482295482295	5.25030525030525	1.07448107448107
1.41636141636142	3.41880341880342	0
3.05250305250305	3.02808302808303	0.659340659340659
3.17460317460317	1.56288156288156	0.952380952380952
3.07692307692308	-0.43956043956044	-0.366300366300366
3.24786324786325	0.659340659340659	-2.73504273504274
3.56532356532357	2.56410256410256	-2.95482295482295
2.07570207570208	2.41758241758242	-3.46764346764347
0.512820512820513	2.88156288156288	-3.63858363858364
0.21978021978022	3.41880341880342	-1.34310134310134
2.05128205128205	2.75946275946276	1.80708180708181
0.610500610500611	-0.170940170940171	0.561660561660562
-0.683760683760684	-1.51404151404151	-1.1965811965812
-1.44078144078144	-1.88034188034188	-3.58974358974359
-0.146520146520147	0.21978021978022	-3.98046398046398
-3.80952380952381	-0.512820512820513	-5.27472527472527
-4.1025641025641	0.976800976800977	-3.83394383394383
-2.85714285714286	0.317460317460317	-1.24542124542125
-2.73504273504274	-0.83028083028083	1.22100122100122
-3.73626373626374	-2.07570207570208	0.879120879120879
-2.61294261294261	-2.58852258852259	-0.879120879120879
-1.75824175824176	-3.27228327228327	-2.31990231990232
-2.63736263736264	-3.34554334554335	-4.15140415140415
-4.3956043956044	-5.2991452991453	-5.88522588522589
-2.41758241758242	-4.46886446886447	-5.51892551892552
-3.15018315018315	-4.71306471306471	-4.49328449328449
-1.29426129426129	-2.24664224664225	-1.63614163614164
-0.268620268620269	-1.0989010989011	1.70940170940171
0	0.146520146520147	3.83394383394383
0.537240537240537	1.88034188034188	5.34798534798535
1.001221001221	2.05128205128205	4.88400488400488
-0.415140415140415	2.24664224664225	3.46764346764347
-1.85592185592186	0.634920634920635	0.170940170940171
-3.12576312576313	-0.0976800976800977	-1.39194139194139
-1.78266178266178	0.537240537240537	-1.58730158730159
0.0976800976800977	0.757020757020757	-1.44078144078144
1.44078144078144	1.05006105006105	-1.29426129426129
-0.43956043956044	-0.0244200244200244	-1.41636141636142
-0.146520146520147	0.757020757020757	-1.83150183150183
-1.17216117216117	1.36752136752137	-1.17216117216117
-3.85836385836386	1.05006105006105	0
-4.73748473748474	0.781440781440781	0.537240537240537
-2.53968253968254	2.80830280830281	1.92918192918193
-0.976800976800977	2.93040293040293	0.537240537240537
-2.53968253968254	0.659340659340659	-1.34310134310134
-4.34676434676435	-0.903540903540904	-3.2967032967033
-1.95360195360195	1.07448107448107	-2.41758241758242
-2.44200244200244	-1.48962148962149	-4.32234432234432
-2.68620268620269	-0.0732600732600733	-2.97924297924298
-2.39316239316239	1.75824175824176	-1.41636141636142
-2.41758241758242	1.73382173382173	-1.0989010989011
-4.44444444444444	1.66056166056166	-1.05006105006105
-6.3003663003663	1.44078144078144	-3.85836385836386
-6.3003663003663	1.39194139194139	-4.98168498168498
-6.93528693528694	1.17216117216117	-5.44566544566545
-5.68986568986569	1.12332112332112	-5.03052503052503
-4.85958485958486	2.58852258852259	-4.24908424908425
-3.36996336996337	3.05250305250305	-3.83394383394383
-3.95604395604396	2.24664224664225	-2.97924297924298
-5.22588522588523	0.732600732600733	-3.22344322344322
-4.44444444444444	2.02686202686203	-1.73382173382173
-1.78266178266178	4.22466422466422	-0.244200244200244
-0.781440781440781	3.1990231990232	1.02564102564103
0.146520146520147	4.004884004884	1.46520146520147
-0.805860805860806	2.05128205128205	-0.0732600732600733
-2.53968253968254	-1.12332112332112	-1.53846153846154
-3.71184371184371	-1.75824175824176	-3.95604395604396
-5.81196581196581	-4.17582417582418	-5.07936507936508
-4.46886446886447	-5.27472527472527	-5.71428571428571
-3.85836385836386	-3.15018315018315	-4.34676434676435
-4.51770451770452	-4.95726495726496	-5.37240537240537
-5.17704517704518	-5.95848595848596	-5.34798534798535
-4.12698412698413	-5.64102564102564	-3.54090354090354
-4.17582417582418	-4.1025641025641	-2.83272283272283
-1.80708180708181	-2.49084249084249	-1.001221001221
-0.537240537240537	-3.73626373626374	-2.39316239316239
-0.537240537240537	-2.75946275946276	-1.07448107448107
-0.341880341880342	-1.61172161172161	0.757020757020757
-0.293040293040293	-0.586080586080586	1.17216117216117
0.0488400488400488	0.634920634920635	1.97802197802198
0.317460317460317	1.92918192918193	2.44200244200244
2.39316239316239	5.07936507936508	2.75946275946276
2.22222222222222	4.12698412698413	0.879120879120879
2.17338217338217	3.39438339438339	0.854700854700855
2.41758241758242	4.63980463980464	2.97924297924298
2.71062271062271	5.37240537240537	4.93284493284493
2.49084249084249	5.68986568986569	5.90964590964591
-0.268620268620269	3.27228327228327	5.51892551892552
0	2.61294261294261	2.44200244200244
1.07448107448107	0.854700854700855	-0.0732600732600733
0.146520146520147	-2.07570207570208	-2.63736263736264
1.001221001221	-1.75824175824176	-3.32112332112332
0.537240537240537	-0.268620268620269	-2.44200244200244
1.48962148962149	1.70940170940171	-0.43956043956044
1.88034188034188	2.97924297924298	1.97802197802198
0.268620268620269	2.93040293040293	1.48962148962149
1.14774114774115	2.12454212454212	0.463980463980464
2.1978021978022	-0.708180708180708	-0.512820512820513
1.9047619047619	-1.88034188034188	-1.36752136752137
-0.268620268620269	-2.07570207570208	-1.48962148962149
-1.34310134310134	-2.83272283272283	-1.78266178266178
-2.53968253968254	-1.73382173382173	-1.63614163614164
-1.88034188034188	0.463980463980464	-0.195360195360195
-2.02686202686203	0.341880341880342	-1.66056166056166
1.14774114774115	3.95604395604396	-0.366300366300366
2.66178266178266	5.15262515262515	1.31868131868132
2.73504273504274	6.05616605616606	1.97802197802198
1.97802197802198	4.71306471306471	2.36874236874237
0.903540903540904	3.46764346764347	2.41758241758242
0.0732600732600733	3.68742368742369	2.80830280830281
0.170940170940171	3.78510378510378	1.39194139194139
-3.46764346764347	3.54090354090354	0.708180708180708
-4.71306471306471	4.61538461538461	1.39194139194139
-3.85836385836386	4.56654456654457	0.293040293040293
-3.93162393162393	3.98046398046398	-1.07448107448107
-2.75946275946276	1.12332112332112	-1.68498168498168
-1.24542124542125	-0.195360195360195	-2.31990231990232
-0.268620268620269	-1.78266178266178	-2.80830280830281
3.1013431013431	0.463980463980464	0.561660561660562
0.732600732600733	-3.07692307692308	-0.341880341880342
-1.58730158730159	-5.78754578754579	-2.02686202686203
-0.683760683760684	-4.17582417582418	-2.53968253968254
-2.49084249084249	-4.88400488400488	-4.07814407814408
-2.75946275946276	-5.15262515262515	-4.76190476190476
-3.68742368742369	-2.88156288156288	-1.68498168498168
-2.83272283272283	-3.05250305250305	-0.0976800976800977
-1.34310134310134	-1.31868131868132	0.634920634920635
-2.46642246642247	-3.1013431013431	-1.34310134310134
-2.44200244200244	-2.68620268620269	-3.44322344322344
-3.34554334554335	-1.48962148962149	-4.61538461538461
-5.59218559218559	-0.512820512820513	-5.2014652014652
-4.81074481074481	1.14774114774115	-4.004884004884
-3.36996336996337	1.51404151404151	-2.53968253968254
-4.004884004884	1.78266178266178	-0.781440781440781
-1.78266178266178	2.31990231990232	0.757020757020757
-0.854700854700855	1.95360195360195	-0.146520146520147
-0.83028083028083	1.85592185592186	-0.781440781440781
0.0732600732600733	2.27106227106227	0.732600732600733
-0.317460317460317	0.659340659340659	-2.24664224664225
-0.879120879120879	-0.805860805860806	-3.39438339438339
-0.0488400488400488	-1.07448107448107	-2.88156288156288
-1.83150183150183	-1.48962148962149	-2.90598290598291
-1.56288156288156	-0.732600732600733	-1.75824175824176
-3.27228327228327	-1.22100122100122	-1.75824175824176
-3.46764346764347	-1.51404151404151	0.903540903540904
-2.61294261294261	-1.9047619047619	2.83272283272283
-3.58974358974359	-1.22100122100122	3.93162393162393
-3.1990231990232	-3.003663003663	1.95360195360195
-1.1965811965812	-3.12576312576313	-0.293040293040293
-1.61172161172161	-3.71184371184371	-3.54090354090354
0.488400488400488	-4.1025641025641	-3.58974358974359
0.634920634920635	-3.93162393162393	-3.58974358974359
1.73382173382173	-2.05128205128205	-3.22344322344322
0.537240537240537	-2.24664224664225	-2.2954822954823
-0.244200244200244	-2.85714285714286	-1.68498168498168
-0.805860805860806	-3.80952380952381	-2.68620268620269
0.366300366300366	-3.51648351648352	-1.75824175824176
0.708180708180708	-5.07936507936508	-0.903540903540904
1.44078144078144	-5.07936507936508	-0.537240537240537
3.66300366300366	-3.003663003663	1.02564102564103
5.73870573870574	-0.757020757020757	1.46520146520147
5.59218559218559	0.488400488400488	0.488400488400488
3.56532356532357	0.317460317460317	-1.12332112332112
4.83516483516483	2.1001221001221	0.268620268620269
4.05372405372405	2.1978021978022	0.732600732600733
2.58852258852259	0.732600732600733	-0.732600732600733
1.12332112332112	-0.195360195360195	-0.976800976800977
0.537240537240537	-0.415140415140415	-0.537240537240537
-1.05006105006105	-2.05128205128205	-3.003663003663
-3.44322344322344	-1.85592185592186	-4.51770451770452
-3.39438339438339	-2.36874236874237	-5.86080586080586
-2.68620268620269	-2.41758241758242	-6.59340659340659
-2.63736263736264	-2.05128205128205	-4.44444444444444
-3.15018315018315	-2.46642246642247	-4.32234432234432
-2.24664224664225	-2.95482295482295	-3.63858363858364
-2.63736263736264	-2.46642246642247	-1.41636141636142
-2.05128205128205	-2.39316239316239	-1.66056166056166
-1.61172161172161	-1.61172161172161	-1.66056166056166
-0.21978021978022	0.390720390720391	-0.146520146520147
-1.53846153846154	0	0.952380952380952
-1.83150183150183	0.561660561660562	1.78266178266178
-0.976800976800977	1.12332112332112	1.29426129426129
-1.46520146520147	0.732600732600733	1.70940170940171
-0.293040293040293	2.12454212454212	3.22344322344322
-0.122100122100122	3.15018315018315	3.76068376068376
-1.51404151404151	2.27106227106227	1.001221001221
-3.003663003663	1.1965811965812	-1.95360195360195
-0.390720390720391	2.49084249084249	-0.805860805860806
-0.0732600732600733	0	-3.39438339438339
1.39194139194139	-1.95360195360195	-4.59096459096459
1.92918192918193	-3.58974358974359	-3.98046398046398
2.12454212454212	-3.98046398046398	-1.83150183150183
0.83028083028083	-4.93284493284493	-2.39316239316239
-1.14774114774115	-4.90842490842491	-3.68742368742369
-4.54212454212454	-4.73748473748474	-4.81074481074481
-6.91086691086691	-5.42124542124542	-5.71428571428571
-8.25396825396825	-4.98168498168498	-5.73870573870574
-6.2026862026862	-4.71306471306471	-5.66544566544567
-5.90964590964591	-4.42002442002442	-4.37118437118437
-3.34554334554335	-3.61416361416361	-1.36752136752137
-1.39194139194139	-3.51648351648352	0.879120879120879
-2.17338217338217	-3.02808302808303	2.63736263736264
-3.34554334554335	-4.004884004884	2.27106227106227
-5.25030525030525	-3.90720390720391	1.02564102564103
-4.95726495726496	-3.15018315018315	0.757020757020757
-2.49084249084249	-1.70940170940171	0.83028083028083
-0.244200244200244	0.634920634920635	0.683760683760684
1.63614163614164	0.952380952380952	0.390720390720391
1.39194139194139	0.0244200244200244	0.0244200244200244
0.512820512820513	-0.976800976800977	-0.927960927960928
-0.586080586080586	-1.07448107448107	2.49084249084249
-1.9047619047619	-0.43956043956044	5.34798534798535
-0.610500610500611	1.24542124542125	7.78998778998779
1.66056166056166	2.61294261294261	8.42490842490843
2.95482295482295	4.44444444444444	8.47374847374847
4.90842490842491	4.56654456654457	6.78876678876679
6.2026862026862	4.85958485958486	4.07814407814408
4.15140415140415	2.12454212454212	3.41880341880342
0.708180708180708	0	2.34432234432234
0.903540903540904	1.24542124542125	2.27106227106227
0.146520146520147	0.293040293040293	0.732600732600733
-2.002442002442	-0.610500610500611	-1.34310134310134
-3.83394383394383	-2.22222222222222	-2.97924297924298
-2.68620268620269	-2.36874236874237	-3.2967032967033
0.463980463980464	-1.66056166056166	-1.24542124542125
1.17216117216117	-0.195360195360195	3.36996336996337
4.07814407814408	2.73504273504274	5.90964590964591
4.88400488400488	4.61538461538461	7.98534798534799
5.25030525030525	4.71306471306471	7.17948717948718
4.15140415140415	4.42002442002442	4.3956043956044
1.66056166056166	2.07570207570208	0.415140415140415
0.659340659340659	-1.29426129426129	-2.49084249084249
-2.22222222222222	-3.61416361416361	-4.56654456654457
-0.341880341880342	-3.05250305250305	-3.78510378510378
-0.0976800976800977	-1.29426129426129	-2.12454212454212
-0.0244200244200244	-1.17216117216117	-2.83272283272283
-0.195360195360195	0.561660561660562	-3.07692307692308
-0.0244200244200244	1.88034188034188	-4.95726495726496
-0.927960927960928	2.83272283272283	-4.22466422466422
-3.76068376068376	0.83028083028083	-3.61416361416361
-5.49450549450549	-2.1001221001221	-4.51770451770452
-5.05494505494505	-2.22222222222222	-3.17460317460317
-3.1990231990232	-2.12454212454212	-0.586080586080586
-3.93162393162393	-4.46886446886447	-1.1965811965812
-1.85592185592186	-3.98046398046398	-0.512820512820513
-1.56288156288156	-3.1013431013431	-0.268620268620269
-3.22344322344322	-5.37240537240537	-2.31990231990232
-4.83516483516483	-5.22588522588523	-3.46764346764347
-5.66544566544567	-4.85958485958486	-4.54212454212454
-3.85836385836386	-1.48962148962149	-5.47008547008547
-1.88034188034188	0	-3.85836385836386
-1.001221001221	0.757020757020757	-1.51404151404151
1.17216117216117	3.63858363858364	3.49206349206349
2.58852258852259	5.3968253968254	5.2991452991453
3.003663003663	5.61660561660562	4.98168498168498
4.73748473748474	5.51892551892552	3.88278388278388
4.78632478632479	5.1037851037851	0.927960927960928
2.73504273504274	3.83394383394383	-2.1001221001221
0.805860805860806	0.976800976800977	-4.2002442002442
-2.002442002442	-0.488400488400488	-3.12576312576313
-2.24664224664225	-0.903540903540904	-2.1001221001221
-2.95482295482295	0.21978021978022	-1.58730158730159
-4.05372405372405	-1.36752136752137	-2.95482295482295
-3.12576312576313	-0.317460317460317	-2.97924297924298
-3.58974358974359	-1.80708180708181	-2.90598290598291
-4.37118437118437	-1.41636141636142	-2.02686202686203
