-3.69268329900053	0.0457770656900893	1.7242694743267
-6.91233691920348	-1.89211871519036	-0.207522697795071
-2.57572289616236	-1.67238879987793	-0.143434805828946
-7.57152666514076	-3.92462043183032	-6.60105287251087
-6.8055237659266	-4.87678339818418	-0.338750286106661
-6.00595101853971	-5.12397955291066	-5.51155870908675
-4.81269550621805	-3.41496910048066	-2.6642252231632
-8.43823910887312	-3.36919203479057	-3.53093766689555
-3.51567864499886	-3.16777294575418	-1.59609369039445
-6.42404821850919	-1.94705119401846	-3.82391088731212
-5.27351796749828	-0.192263675898375	-0.482185091935607
-0.888075074387732	2.14236667429618	4.39459830624857
-3.24101625085832	1.53505760280766	0.122072175173571
-1.82192721446555	2.45670252536812	2.93583581292439
-1.20241092545968	2.57267109178302	4.25421530479896
-3.44548714427405	0.988784618905928	-2.4933241779202
-2.09658960860609	2.37125200274662	3.41802090486
-1.24513618677043	1.79140917067216	0.201419089036393
1.13527122911421	3.86053253986419	1.62661173418784
1.16578927290761	4.47394522011139	4.34882124055848
-2.3773556115053	4.85236896314946	3.6743724727245
-1.66628519111925	3.13725490196078	3.39055466544594
1.45876249332418	5.45662623025864	4.52582589456016
-3.64690623331044	3.40581368734264	-0.46997787441825
1.19020370794232	6.16464484626535	3.96429388876173
0.784313725490196	5.48714427405203	3.86663614862287
-1.00709544518196	3.076218814374	1.64492256046387
0.759899290455482	5.57869840543221	7.87975890745403
-2.85954070344091	3.02738994430457	3.52788586251621
1.78835736629282	4.48004882887007	5.41695277332723
0.149538414587625	3.26848249027237	3.09452964065003
-2.89311055161364	2.75577935454337	2.26138704509041
-0.604257267109178	2.26443884946975	0.366216525520714
-2.27359426260777	1.08339055466545	-1.99588006408789
-4.01007095445182	0.405889982452125	3.06401159685664
-3.86358434424353	1.36110475318532	2.14847028305486
-4.5838101777676	1.26039520866712	-0.152590218966964
-9.60402838178073	1.51674677653162	2.72526131074998
-6.52475776302739	0.466926070038911	-1.50759136339361
-6.34775310902571	1.62050812542916	-0.592050049591821
-5.88693064774548	1.74258030060273	1.21461814297704
-5.50240329594873	1.4526588845655	-1.77309834439612
-2.56961928740368	4.75776302738994	1.98977645532921
3.47905699244678	8.30701152056153	6.31418326085298
3.72320134279393	8.74036774242771	2.08133058670939
4.19623102159152	9.62844281681544	5.79842832074464
4.41596093690394	9.57961394674601	5.33760585946441
6.77195391775387	10.4280155642023	7.62340733958953
3.11284046692607	9.51247425040055	7.64171816586557
2.51163500419623	10.0038147554742	6.89402609292744
5.8808270389868	11.0963607232776	7.79125658045319
2.88700694285496	10.4097047379263	5.92050049591821
3.67742427710384	8.8014038300145	3.90630960555428
-0.268558785381857	4.48004882887007	-3.02128633554589
-0.04272526131075	6.07919432364385	3.71709773403525
-0.164797436484321	2.79850461585412	0.479133287556268
2.68253604943923	4.30304417486839	2.0660715648127
4.59296559090562	4.18097199969482	2.67948424505989
4.07721065079728	3.01213092240787	1.90432593270771
2.41092545967803	1.96231021591516	-1.53505760280766
2.3224231326772	3.28679331654841	-0.119020370794232
3.22270542458228	2.26749065384909	4.02838178072786
0.476081483176928	0.854505226215	0.677500572213321
3.64995803768978	2.38956282902266	2.050812542916
4.70893415732052	0.689707789730678	1.01319905394064
1.78225375753414	-0.588998245212482	0.189211871519036
0.729381246662089	-2.10574502174411	-2.86564431219959
3.64080262455177	-1.22377355611505	0.781261921110857
0.198367284657053	-1.82192721446555	-0.729381246662089
3.7445639734493	1.24513618677043	8.1177996490425
2.62760357061112	1.06507972838941	2.30411230640116
6.29587243457694	2.20035095750362	3.70183871213855
5.04463263904784	0.973525597009232	4.67231250476844
9.31105516136416	0.924696726939803	0.177004654001679
6.31723506523232	1.29396505683986	2.42923628595407
4.27557793545434	0.63782711528191	3.15556572823682
7.19920653086137	-0.50965133134966	2.58793011367971
4.67231250476844	-2.03860532539864	-0.320439459830625
1.2664988174258	-3.19218738078889	-1.62966353856718
-0.180056458381018	-4.46784161135271	0.0732433051041428
-1.56862745098039	-7.00389105058366	-3.98565651941711
-2.54520485236896	-6.26230258640421	-4.04974441138323
-5.11482413977264	-7.98657206073091	-2.47501335164416
-4.39765011062791	-8.79835202563516	-6.26840619516289
0.833142595559625	-5.23079270618753	-3.80560006103609
-1.13832303349355	-2.91752498664836	-0.817883573662928
-0.448615243762875	-2.19729915312428	-1.4526588845655
-1.56252384222171	-0.0488288700694285	-1.35500114442664
2.76493476768139	3.54619668879225	3.73235675593194
-2.93278400854505	0.372320134279393	-2.70389868009461
2.16372930495155	3.32646677347982	1.56862745098039
2.20340276188296	2.60318913557641	-1.32753490501259
0.665293354695964	1.31532768749523	-2.60013733119707
1.02845807583734	1.54116121156634	-4.88593881132219
3.79034103913939	3.50957503624018	-1.62050812542916
-0.241092545967803	0.408941786831464	-1.68764782177462
4.50446326390478	0.747692072938125	-6.55527580682078
4.20233463035019	1.20546272983902	-0.891126878767071
6.70786602578775	1.61745632104982	0.0762951094834821
7.50133516441596	2.1515220874342	-3.32341496910048
5.10872053101396	4.90119783321889	-1.39162279697871
8.09643701838712	4.21454184786755	-0.0732433051041428
5.85336079957275	5.19417105363546	3.29289692530709
-1.89822232394903	1.05897611963073	-3.52178225375753
1.14137483787289	3.69573510337987	1.48317692835889
4.07721065079728	5.06599526970321	3.63469901579309
1.74258030060273	5.45967803463798	-2.05691615167468
4.73029678797589	5.13618677042802	1.3824673838407
3.63469901579309	5.64583810177768	2.30411230640116
4.73029678797589	5.7251850156405	1.73342488746471
3.61333638513771	2.68558785381857	0.338750286106661
-1.57473105973907	1.50148775463493	1.2970168612192
-0.228885328450446	0.354009308003357	-3.48210879682612
1.81582360570687	0.408941786831464	-1.59609369039445
-1.196307316701	-1.94399938963912	-6.68345159075303
2.45059891660945	1.03150988021668	1.93179217212177
1.22072175173571	-0.869764248111696	-0.741588464179446
1.58388647287709	-0.0579842832074464	-1.58083466849775
-2.30106050202182	-2.19119554436561	-5.43221179522393
0.131227588311589	-0.72632944228275	-2.65201800564584
2.08438239108873	3.35393301289387	0.12817578393225
5.48104066529335	4.51972228580148	-2.28274967574578
9.4544899671931	6.50644693675135	2.65506981002518
11.2275883115892	7.32433051041428	3.87884336614023
9.64370183871214	7.16868848706798	3.75066758220798
10.3730830853742	8.57557030594339	7.89806973373007
7.81872281986725	7.08323796444648	5.60311284046693
6.34470130464637	8.39246204318303	11.1146715495537
4.02227817196918	5.37422751201648	6.80857557030594
2.17593652246891	3.76287479972534	4.91950865949493
-1.00099183642329	-1.45876249332418	1.28786144808118
-2.68863965819791	-4.45258258945602	-1.83413443198291
-4.83100633249409	-6.21652552071412	-3.42717631799802
-8.06591897459373	-9.1981383993286	-6.91538872358282
-4.41596093690394	-7.81261921110857	-3.47905699244678
-4.69062333104448	-7.51354238193332	-5.0110627908751
-6.97337300679026	-7.6050965133135	-6.72922865644312
-6.8909742885481	-7.05577172503243	-4.52582589456016
-5.72823682001984	-6.665140764477	-2.95414663920043
-7.7759975585565	-7.35484855420767	-8.38330663004501
-10.4829480430304	-6.39963378347448	-3.50652323186084
-3.80254825665675	-3.23796444647898	0.677500572213321
-5.81979095140002	-4.09246967269398	-2.61234454871443
-0.866712443732357	-2.61234454871443	0.506599526970321
2.20340276188296	0.5981536583505	2.35904478522927
1.15968566414893	3.44853894865339	2.7496757457847
0.72632944228275	3.08842603189136	0.140383001449607
2.43839169909209	2.60929274433509	0.820935378042267
3.24101625085832	5.58175020981155	5.91439688715953
2.08743419546807	3.17387655451286	-3.13115129320211
2.88700694285496	5.47188525215534	-0.0701915007248035
1.73037308308537	5.47798886091402	-0.106813153276875
2.70389868009461	5.07515068284123	-1.84328984512093
0.268558785381857	6.11886778057526	-1.57473105973907
0.503547722590982	6.78416113527123	1.54726482032502
-0.0793469138628214	3.67742427710384	-1.10170138094148
-3.62249179827573	2.43228809033341	-0.500495918211643
-5.30403601129168	1.96231021591516	-2.05386434729534
-8.54505226215	0.375371938658732	0.253299763485161
-8.40161745632105	-0.878919661249714	-0.302128633554589
-8.2581826504921	-0.0885023270008393	1.63271534294652
-8.26428625925078	0	2.734416723888
-9.08827344167239	-1.15968566414893	-0.286869611657893
-8.81971465629053	-1.84023804074159	-4.10467689021134
-7.519645990692	-0.775158312352178	-2.46585793850614
-2.4933241779202	0.857557030594339	-3.6743724727245
-2.86869611657893	0.973525597009232	-1.22682536049439
2.86259250782025	6.10971236743725	3.64995803768978
-1.66628519111925	4.75471122301061	-1.25429159990845
-2.94804303044175	4.55024032959487	-1.65102616922255
-4.6997787441825	2.25223163195239	-0.677500572213321
0.784313725490196	4.15045395590143	-0.277714198519875
-1.77004654001678	3.98870832379644	-0.497444113832303
1.24208438239109	5.35591668574044	3.11589227130541
-4.73029678797589	3.67132066834516	-4.272526131075
-1.59609369039445	5.83810177767605	0.845349813076982
0.357061112382696	6.08529793240253	0.720225833524071
-2.21560997940032	5.48714427405203	-0.628671702143893
-3.66826886396582	2.86869611657893	-2.7191577019913
-0.692759594110018	2.21866178377966	-5.15754940108339
0.100709544518196	2.87785152971695	-1.43129625391012
-5.34981307698177	-2.38040741588464	-3.83306630045014
-3.97955291065843	-3.3325703822385	-8.60914015411612
-4.44953078507668	-2.88700694285496	-2.94499122606241
-6.65903715571832	-2.27054245822843	-3.49736781872282
-6.50949874113069	-2.53604943923095	-4.88899061570153
-8.76478217746243	-2.35294117647059	-2.93583581292439
-9.02418554970626	-2.14236667429618	-4.18097199969482
-7.85229266803998	-2.68558785381857	-3.27458609903105
-7.87670710307469	-1.16273746852827	-2.92057679102769
-4.86762798504616	0.180056458381018	-1.78225375753414
-8.21545738918135	-0.238040741588464	-3.82391088731212
-5.73128862439918	0.338750286106661	-4.01007095445182
-8.90211337453269	-1.31532768749523	-6.88792248416877
-8.7006942854963	0.115968566414893	-3.94293125810636
-11.4259555962463	-2.70695048447395	-9.08827344167239
-8.7861448081178	-1.48012512397955	-5.11787594415198
-9.54604409857328	-3.03959716182193	-8.06897077897307
-9.68642710002289	-5.20943007553216	-9.75661860074769
-10.6721599145495	-7.37621118486305	-14.4167238879988
-9.38735027084764	-5.76791027695125	-7.97741664759289
-12.4147402151522	-4.26642252231632	-8.86549172198062
-8.96925307087816	-3.13115129320211	-8.41077286945907
-8.98146028839551	-2.55741206988632	-5.86251621271076
-6.29587243457694	-1.34279392690929	-2.31937132829786
-6.9916838330663	-2.42008087281605	-7.36095216296635
-8.37109941252766	-1.9806210421912	-4.53498130769818
-5.15144579232471	-2.5787747005417	-4.66315709163043
-1.6388189517052	-0.363164721141375	-2.57572289616236
-4.91340505073625	-1.17494468604562	-6.6346227206836
-5.17280842298009	-1.05592431525139	-7.62340733958953
-2.56961928740368	-0.540169375143053	-2.93583581292439
-3.02433813992523	0.152590218966964	-5.1972228580148
-7.26634622720684	-1.12001220721752	-5.76791027695125
-3.54924849317159	1.13527122911421	-3.79339284351873
-2.96330205233845	-0.576791027695125	-4.40680552376593
-4.78217746242466	0.827038986800946	-5.1972228580148
-1.6937514305333	2.83817807278553	-4.34882124055848
0.317387655451286	3.64690623331044	-3.86053253986419
-0.378423743038071	6.10666056305791	0.442511635004196
0.323491264209964	5.74654764629587	-1.76394293125811
-2.24917982757305	3.85137712672618	-3.02128633554589
-2.734416723888	5.35896849011978	-2.79545281147478
-7.90722514686809	5.76791027695125	-1.43129625391012
-3.13115129320211	7.13817044327459	-1.67849240863661
-0.668345159075303	8.52063782711528	-0.860608834973678
-0.540169375143053	8.04455634393835	0.262455176623178
3.076218814374	8.90821698329137	3.70489051651789
0.408941786831464	6.35385671778439	-1.25734340428779
5.40169375143053	8.2581826504921	9.18898298619058
-0.0122072175173571	5.68245975432975	2.77714198519875
-1.06507972838941	6.87571526665141	6.96116578927291
1.49843595025559	7.59594110017548	5.16060120546273
0.98268101014725	6.17685206378271	4.07415884641794
3.07011520561532	8.17578393224994	8.21850919356069
-1.55642023346304	6.91233691920348	3.44853894865339
1.06507972838941	5.98458838788434	3.17692835889219
1.68459601739528	4.43427176317998	2.13321126115816
-0.85145342183566	4.16571297779812	1.37331197070268
2.50247959105821	5.14839398794537	2.62149996185245
-1.02845807583734	6.75974670023651	2.10879682612345
3.69268329900053	7.19005111772335	6.84519722285801
1.08033875028611	6.24704356450752	2.58182650492103
-0.274662394140536	3.73540856031128	-1.39162279697871
0.866712443732357	5.05378805218585	2.94804303044175
-1.83413443198291	2.97245746547646	-4.27557793545434
1.00099183642329	3.84222171358816	0.0823987182421607
-4.75165941863127	3.76592660410468	1.40993362325475
-6.59494926375219	1.24208438239109	-2.51163500419623
-2.9907682917525	2.49027237354086	-0.750743877317464
-6.45761806668193	1.03456168459602	-4.67231250476844
-6.9916838330663	0.717174029144732	-1.51369497215228
-6.86655985351339	-0.610360875867857	-7.4891279468986
-5.00801098649577	-0.0976577401388571	-3.33867399099718
-4.75471122301061	-1.96841382467384	-6.61020828564889
-5.69161516746777	-2.49027237354086	-5.73128862439918
-7.13206683451591	0.0579842832074464	-3.19523918516823
-2.08438239108873	0.485236896314946	-1.56862745098039
-0.558480201419089	0.839246204318303	0.946059357595178
0.38452735179675	2.20340276188296	-0.167849240863661
0.0549324788281071	3.64995803768978	1.22377355611505
1.15968566414893	3.64385442893111	4.63263904783703
-0.772106507972839	3.93377584496834	2.40482185091936
-4.01922636758984	2.17593652246891	0.0274662394140536
-1.36415655756466	3.88494697489891	4.26031891355764
-4.13214312962539	2.02029449912261	0.0488288700694285
-1.36415655756466	1.82192721446555	2.13321126115816
0.241092545967803	3.76287479972534	2.44144350347143
-5.38033112077516	2.12405584802014	2.60013733119707
-5.92660410467689	0.570687418936446	0.98268101014725
-1.96841382467384	3.52178225375753	7.15037766079194
-6.25009536888685	1.91042954146639	7.32738231479362
-3.10978866254673	2.62760357061112	2.95109483482109
-3.98260471503777	1.33974212252995	2.90226596475166
-2.59708552681773	0.93690394445716	2.21560997940032
-3.41496910048066	0.949111161974517	-1.58693827725643
-1.94399938963912	1.03456168459602	-0.0122072175173571
-4.45563439383536	1.95620660715648	2.53299763485161
-3.36003662165255	2.54215304798962	0.549324788281071
-6.33859769588769	2.6337071793698	1.67238879987793
-4.58991378652628	3.12504768444343	0.430304417486839
-6.21347371633478	3.83611810482948	-2.07217517357137
-7.04356450751507	4.17792019531548	1.42824444953079
-6.30502784771496	2.34988937209125	0.259403372243839
-6.03952086671244	1.74563210498207	1.71511406118868
-9.0272373540856	-0.869764248111696	-2.71305409323262
-9.51857785915923	-2.45365072098878	-3.38445105668727
-9.43923094529641	-3.61333638513771	-2.15762569619287
-10.6019684138247	-2.31937132829786	-1.65712977798123
-13.2021057450217	-1.63576714732586	-3.48210879682612
-9.20424200808728	-1.49233234149691	-2.8351262684062
-9.08522163729305	-2.12710765239948	-2.21866178377966
-8.98756389715419	-3.66521705958648	-4.97444113832303
-7.19310292210269	-2.05996795605402	-2.4933241779202
-13.6507209887846	-5.36202029449912	-5.14839398794537
-11.7372396429389	-4.0161745632105	-4.8706797894255
-10.244907301442	-2.58487830930037	-1.30006866559854
-12.0973525597009	-4.5838101777676	-5.3681239032578
-9.37209124895094	-3.87884336614023	0.796520943007553
-11.0963607232776	-4.3579766536965	-5.75570305943389
-7.6600289921416	-2.16678110933089	0.460822461280232
-9.43007553215839	-2.23392080567636	-0.253299763485161
-6.69565880827039	-0.72632944228275	2.04776073853666
-6.8055237659266	0.143434805828946	1.04371709773404
-5.63057907988098	0.317387655451286	4.09246967269398
-7.44335088120851	0.698863202868696	-1.19325551232166
-6.42099641412985	2.36820019836728	1.538109407187
-7.65392538338293	1.69985503929198	0.186160067139696
-7.22667277027543	0.375371938658732	-1.30922407873655
-2.86564431219959	3.14335851071946	4.32440680552377
-6.41184100099184	1.8097199969482	-0.494392309452964
-1.82803082322423	2.78934920271611	4.74555580987259
-5.33455405508507	2.09048599984741	2.27664606698711
-6.95811398489357	0.949111161974517	1.10475318532082
-3.75371938658732	1.34889753566796	1.58388647287709
-7.25413900968948	-0.946059357595178	-3.31120775158312
-9.06691081101701	-2.67643244068055	-0.241092545967803
-7.28770885786221	-2.79545281147478	-5.49019607843137
-5.60006103608759	-2.14847028305486	-0.573739223315785
-7.25413900968948	-3.8452735179675	-3.69573510337987
-6.323338673991	-3.22575722896162	-1.59609369039445
-8.57251850156405	-3.68352788586252	-4.75471122301061
-5.39559014267186	-2.15457389181353	-3.13420309758144
-5.73739223315785	-1.21461814297704	-1.90432593270771
-5.468833447776	-1.0406652933547	-2.76798657206073
-8.30090791180285	-3.64080262455177	-5.69161516746777
-6.81162737468528	-2.29800869764248	-2.10879682612345
-9.88784618905928	-4.86762798504616	-6.04867627985046
-8.23376821545739	-3.96429388876173	-4.956130312047
-5.18196383611811	-2.54520485236896	-1.96231021591516
-7.11375600823987	-1.6235599298085	-6.26840619516289
-5.29488059815366	-1.44350347142748	-3.46990157930877
-4.71198596169986	0.55542839703975	-2.98466468299382
-4.1718165865568	-0.219729915312428	-4.98054474708171
-6.06088349736782	-0.634775310902571	-5.70382238498512
-4.88899061570153	-0.738536659800107	-7.90417334248875
-9.57656214236667	-1.50453955901427	-5.94491493095293
-6.05783169298848	-1.1261158159762	-3.6591134508278
-5.51766231784543	-2.4628061341268	-2.31021591515984
-8.33447775997559	-3.47600518806744	-3.32341496910048
-1.39467460135805	0.122072175173571	-0.103761348897536
-1.91958495460441	-0.280766002899214	0.0396734569314107
-1.26344701304646	0.296025024795911	-1.76089112687877
-5.4535744258793	-0.479133287556268	1.40383001449607
-3.36614023041123	-0.265506981002518	-2.43533989471275
-2.53604943923095	0.195315480277714	0.231937132829786
-0.466926070038911	0.341802090486	-2.48722056916152
-1.41298542763409	1.98672465094987	-2.22476539253834
-2.27054245822843	1.07118333714809	-2.25528343633173
-6.60715648126955	-1.11696040283818	-6.05477988860914
-4.49530785076677	-1.34584573128862	-2.69474326695659
-2.51773861295491	-2.09964141298543	-0.445563439383536
-6.51865415426871	-2.25223163195239	-2.98466468299382
-5.13923857480736	-2.71610589761196	0.701915007248035
-3.25932707713436	-1.07118333714809	0.836194399938964
-3.81170366979477	0.714122224765393	4.67536430914778
-3.15556572823682	0.885023270008392	2.14847028305486
-0.714122224765393	0.89723048752575	3.80254825665675
0.350957503624018	1.13527122911421	7.20225833524071
0.927748531319142	1.67238879987793	8.82276646066987
-1.78225375753414	0.63782711528191	3.10978866254673
-0.863660639353018	-1.16884107728695	3.59197375448234
-1.07118333714809	-1.65712977798123	-1.37026016632334
1.45876249332418	-0.604257267109178	1.78530556191348
-0.564583810177768	-1.4526588845655	-2.08133058670939
-3.12199588006409	-3.67742427710384	-0.158693827725643
-3.62554360265507	-4.26642252231632	1.73647669184405
-7.36705577172503	-7.05271992065309	-4.39154650186923
-8.62745098039216	-7.52269779507134	-3.44548714427405
-4.19012741283284	-5.27046616311894	2.41397726405737
-7.87670710307469	-6.86045624475471	0.253299763485161
-8.89295796139467	-5.84725719081407	-1.196307316701
-6.52170595864805	-4.93781948577096	-1.879911497673
-5.76485847257191	-4.36408026245518	-2.02334630350195
-9.15236133363851	-1.58693827725643	1.33669031815061
-7.28770885786221	-2.49027237354086	-2.75577935454337
-3.82391088731212	1.37636377508202	3.71099412527657
-6.75669489585718	-1.51979858091096	-0.0823987182421607
-0.793469138628214	1.92263675898375	7.62951094834821
3.05485618371862	0.872816052491035	2.24307621881437
0.430304417486839	0.494392309452964	1.96231021591516
-0.341802090486	0.177004654001679	3.74761577782864
-1.196307316701	-3.06706340123598	-4.04058899824521
-9.82986190585184	-6.71702143892576	-3.95208667124437
-8.032349126421	-4.52277409018082	-1.12916762035554
-9.47280079346914	-6.25009536888685	-1.68459601739528
-8.21850919356069	-6.23483634699016	-2.40177004654002
-5.92355230029755	-5.34370946822309	-4.92866407263294
-9.39345387960632	-7.15953307392996	-5.39559014267186
-3.20439459830625	-4.09857328145266	-4.33051041428244
-6.15548943312734	-4.59601739528496	-3.43022812237736
-10.6569008926528	-4.63263904783703	-2.45365072098878
-6.50034332799268	-5.4535744258793	-6.1371786068513
-6.64072632944228	-3.03349355306325	-2.24002441443503
-6.68650339513237	-3.57061112382696	-4.82795452811475
-2.81071183337148	-4.04974441138323	-5.34676127260243
-3.3478294041352	-3.68352788586252	-6.75669489585718
-3.04264896620127	-2.91142137788968	-5.47798886091402
-8.2887006942855	-6.25009536888685	-5.96017395284962
-8.74952315556573	-4.74860761425193	-2.6642252231632
-10.6263828488594	-5.70687418936446	-6.82993820096132
-7.89806973373007	-3.3325703822385	-1.01930266269932
-3.28679331654841	-0.543221179522393	0.04272526131075
-3.45769436179141	0.943007553215839	1.11696040283818
0.451667048142214	2.71305409323262	1.66933699549859
-5.94491493095293	-0.488288700694285	0.531013962005035
-7.85229266803998	-2.62760357061112	-6.78721293965057
-6.0669871061265	-3.25017166399634	-3.31120775158312
-9.94583047226673	-5.23079270618753	-3.00297550926986
-11.6060120546273	-8.29785610742351	-7.5745784695201
-10.0709544518196	-9.24696726939803	-11.5266651407645
-5.52071412222477	-8.374151216907	-6.35996032654307
-6.5796902418555	-7.99267566948959	-5.62142366674296
-10.0709544518196	-9.43923094529641	-6.60715648126955
-9.34462500953689	-9.72915236133364	-8.46570534828717
-10.0434882124056	-8.9570458533608	-6.03952086671244
-8.1879911497673	-8.25513084611277	-7.29686427100023
-9.67421988250553	-9.0424963759823	-7.91027695124743
-9.04859998474098	-7.8309300373846	-6.90012970168612
-9.49416342412451	-8.21240558480201	-6.35996032654307
-9.43923094529641	-4.93171587701228	-1.38551918822004
-5.92660410467689	-6.15854123750668	-4.33051041428244
-6.38742656595712	-4.72419317921721	-1.32448310063325
-4.05889982452125	-3.71404592965591	-2.17288471808957
-4.60822461280232	-4.02838178072786	-2.03250171663996
-2.46585793850614	-4.51056687266346	-4.74250400549325
0.518806744487678	-3.02433813992523	-3.36003662165255
-1.73952849622339	-3.73846036469062	-3.42412451361868
1.10475318532082	-2.97245746547646	-2.4933241779202
1.73342488746471	-5.92965590905623	-4.26642252231632
-2.93888761730373	-4.36102845807584	-4.73945220111391
-5.34065766384375	-6.40268558785382	-5.9510185397116
-4.99885557335775	-5.03242542153048	-2.88395513847562
-9.86953536278325	-4.07415884641794	-5.57869840543221
-4.46173800259403	-0.955214770733196	-2.88395513847562
-3.62859540703441	-0.38452735179675	-0.958266575112535
-6.02731364919509	-1.43434805828946	-5.37727931639582
-1.04371709773404	0.985732814526589	2.51468680857557
-2.77103837644007	-2.39871824216068	-3.63469901579309
-3.9154650186923	-0.756847486076142	0.0183108262760357
-4.26337071793698	-0.848401617456321	-1.44960708018616
-2.18814373998627	-0.866712443732357	-0.103761348897536
-3.77508201724269	0.106813153276875	-0.958266575112535
1.20851453421836	1.51979858091096	1.45571068894484
1.07728694590677	2.06912336919203	2.16067750057221
3.26237888151369	5.26436255436027	7.78820477607385
3.44853894865339	7.79430838483253	8.30395971618219
1.17799649042496	6.45151445792325	8.18493934538796
-0.268558785381857	4.90424963759823	2.68558785381857
0.241092545967803	5.05378805218585	4.51056687266346
-2.905317769131	1.91042954146639	2.27054245822843
1.43129625391012	0.994888227664607	0.924696726939803
-2.25528343633173	-0.494392309452964	2.38956282902266
-3.36919203479057	-3.02738994430457	-4.28168154421302
0.506599526970321	-0.488288700694285	4.26337071793698
-6.14328221560998	-3.32951857785916	-2.70084687571527
0.625619897764553	-0.271610589761196	3.34477759975586
-1.26955062180514	-0.689707789730678	2.54520485236896
-1.64492256046387	-0.250247959105821	-0.0396734569314107
-0.268558785381857	0.064087891966125	1.1810482948043
-0.729381246662089	0.683604180972	-3.31425955596246
-0.885023270008392	0.686655985351339	0.534065766384375
-0.564583810177768	-1.0955977721828	-1.35500114442664
-6.82688639658198	-0.970473792629892	-1.5228503852903
-1.29091325246052	0.311284046692607	2.40482185091936
0.814831769283589	-0.125123979552911	1.18715190356298
-2.27359426260777	-1.59914549477379	-1.538109407187
-2.11184863050278	-0.991836423285267	-0.860608834973678
3.2318608377203	1.22377355611505	0.72632944228275
-2.64286259250782	-2.30411230640116	-3.20134279392691
-2.70389868009461	-0.131227588311589	0.100709544518196
-3.75066758220798	0.280766002899214	-1.64187075608453
-4.44037537193866	-1.00099183642329	-0.161745632104982
-2.53299763485161	-0.677500572213321	0.943007553215839
-1.87380788891432	1.51674677653162	3.076218814374
-5.16670481422141	0.482185091935607	1.025406271458
-2.07522697795071	1.52895399404898	1.72732127870604
-2.9755092698558	1.43434805828946	0.848401617456321
-5.22468909742885	-0.198367284657053	0.891126878767071
-6.58579385061418	-1.12916762035554	0.473029678797589
-3.01823453116655	-0.656137941557946	2.93583581292439
-2.54520485236896	-1.0101472495613	4.42206454566262
-1.13221942473487	-0.274662394140536	1.30617227435721
-0.0396734569314107	1.76089112687877	4.26337071793698
-1.60219729915312	-0.854505226215	-1.30006866559854
-0.521858548867018	-0.357061112382696	0.344853894865339
-2.60318913557641	-1.84634164950027	-0.421149004348821
-3.40581368734264	-1.17494468604562	1.33058670939193
-5.67025253681239	-3.79339284351873	-2.20950637064164
-4.785229266804	-2.56656748302434	0.689707789730678
-0.787365529869535	-0.457770656900893	1.99893186846723
-1.78225375753414	-1.2664988174258	-0.628671702143893
-1.6083009079118	1.36415655756466	4.67536430914778
3.97039749752041	3.69573510337987	4.22674906538491
3.90325780117494	3.42412451361868	2.51773861295491
-1.13221942473487	3.57976653696498	2.61539635309377
5.47798886091402	6.62546730754559	10.4554818036164
3.0914778362707	3.72320134279393	1.42519264515145
3.11894407568475	5.0263218127718	6.30502784771496
6.19211108567941	6.61326009002823	6.24704356450752
6.60105287251087	7.85229266803998	7.26939803158618
2.72831311512932	5.84420538643473	5.83199816891737
-0.46997787441825	3.53093766689555	3.64080262455177
1.85244525825895	4.02532997634852	4.86762798504616
2.31021591515984	3.18303196765087	1.71816586556802
4.45563439383536	3.06401159685664	2.24612802319371
4.43732356755932	2.59098191805905	1.38857099259937
4.82490272373541	3.3325703822385	2.20340276188296
3.32341496910048	2.91447318226902	3.82696269169146
1.15358205539025	3.75677119096666	5.78316929884794
0.341802090486	2.64286259250782	4.66620889600977
1.69985503929198	3.44548714427405	4.26947432669566
0.943007553215839	3.97344930189975	2.050812542916
0.228885328450446	3.05790798809796	4.05889982452125
2.92362859540703	5.3681239032578	6.152437628748
2.6642252231632	7.40672922865644	8.95399404898146
1.05592431525139	5.1972228580148	5.05683985656519
1.66933699549859	7.32433051041428	7.37010757610437
1.51674677653162	6.75669489585718	10.2418554970626
1.71511406118868	5.41390096894789	6.02731364919509
-0.567635614557107	4.72724498359655	9.17372396429389
0.228885328450446	5.20637827115282	3.19218738078889
4.11383230334935	6.53086137178607	9.24086366063935
3.77508201724269	5.4535744258793	4.21759365224689
0.158693827725643	2.31631952391852	-3.13420309758144
2.34378576333257	4.0009155413138	7.86755168993667
3.49431601434348	1.88601510643168	1.07118333714809
1.70595864805066	1.96841382467384	2.23086900129702
2.57267109178302	3.18303196765087	3.99786373693446
3.02128633554589	5.02937361715114	5.22468909742885
2.48416876478218	3.79949645227741	3.89105058365759
3.99786373693446	2.95109483482109	3.59197375448234
-0.448615243762875	2.42313267719539	0.543221179522393
3.18913557640955	3.05485618371862	4.01922636758984
4.70893415732052	3.33867399099718	1.84634164950027
5.51155870908675	8.20630197604333	7.90112153810941
4.12298771648737	7.60814831769284	8.0018310826276
6.86350804913405	8.79835202563516	6.79026474402991
8.32227054245823	9.08522163729305	9.06691081101701
4.66926070038911	6.05477988860914	0.988784618905928
5.5542839703975	8.60303654535744	8.36499580376898
3.64690623331044	7.09544518196384	4.81574731059739
2.19119554436561	6.7353322652018	9.25307087815671
0.0976577401388571	4.13519493400473	4.69062333104448
-0.970473792629892	3.8452735179675	4.80354009308003
1.39467460135805	2.66117341878386	3.68047608148318
1.4526588845655	1.73342488746471	0.360112916762036
1.65102616922255	4.18402380407416	1.18715190356298
4.43427176317998	4.31525139238575	5.63057907988098
4.25421530479896	3.00907911802853	4.0161745632105
3.09452964065003	1.95925841153582	4.94697489890898
2.67032883192187	1.23598077363241	0.762951094834821
1.8097199969482	-0.643930724040589	2.51773861295491
1.63271534294652	-2.53604943923095	-1.92874036774243
-1.13221942473487	-3.25932707713436	-1.85244525825895
-1.196307316701	-3.78118562600137	-4.26337071793698
-4.96223392080568	-4.57770656900893	-3.44243533989471
0.262455176623178	-2.38651102464332	-1.31532768749523
1.84023804074159	-0.912489509422446	1.81277180132753
3.02738994430457	-0.677500572213321	1.01625085831998
2.23392080567636	-1.18410009918364	1.55031662470436
1.95315480277714	-1.60219729915312	-0.717174029144732
2.85648889906157	-0.747692072938125	1.91653315022507
-1.89211871519036	-0.103761348897536	2.45670252536812
0.418097199969482	1.25123979552911	4.50446326390478
2.78629739833677	1.99282825970855	3.83611810482948
2.11795223926146	1.03456168459602	1.09864957656214
5.42610818646525	1.05897611963073	2.72831311512932
4.92561226825361	1.1261158159762	1.74563210498207
4.11688410772869	2.392614633402	2.09658960860609
9.33241779201953	4.32440680552377	1.75478751812009
8.62439917601282	5.31624322880903	8.61219195849546
10.4371709773404	6.37216754406043	6.85435263599603
9.83596551461051	6.91233691920348	5.41084916456855
6.83909361409934	6.05783169298848	9.1126878767071
8.5297932402533	7.03135728999771	6.60105287251087
10.919356069276	9.20729381246662	10.0343327992676
12.9518577859159	9.73830777447166	10.6446936751354
12.7718013275349	7.45555809872587	7.55321583886473
12.2255283436332	6.04867627985046	8.99671931029221
10.5806057831693	3.99786373693446	6.69871061264973
8.48401617456321	0.430304417486839	5.97848477912566
4.59296559090562	-1.37941557946136	-1.73342488746471
6.57663843747616	0.677500572213321	2.41702906843671
3.59197375448234	1.8646524757763	-0.198367284657053
5.8655680170901	3.97039749752041	0.497444113832303
6.90928511482414	5.88998245212482	4.25421530479896
5.99984740978103	6.50949874113069	3.35088120851453
5.44441901274128	5.96017395284962	3.39360646982528
8.40466926070039	6.35690852216373	4.6997787441825
3.40581368734264	2.52994583047227	-1.54116121156634
2.52689402609293	1.30006866559854	1.56252384222171
2.02944991226062	1.34584573128862	0.878919661249714
6.62546730754559	2.27664606698711	3.51873044937819
4.61127641718166	1.02235446707866	1.74868390936141
5.96322575722896	2.27054245822843	1.46486610208286
5.15449759670405	-2.8046082246128	-1.32143129625391
6.31113145647364	-2.49637598229953	-2.58793011367971
3.44548714427405	-2.44449530785077	-1.39467460135805
5.52681773098344	-1.03761348897536	0.408941786831464
5.16670481422141	1.11390859845884	-0.738536659800107
7.16563668268864	2.28274967574578	3.17692835889219
7.72716868848707	4.44647898069734	1.52895399404898
7.39757381551843	4.15350576028077	3.87884336614023
3.68352788586252	1.69985503929198	-0.653086137178607
4.22674906538491	2.51163500419623	0.500495918211643
-1.0101472495613	-1.48928053711757	-1.91042954146639
-1.0101472495613	-3.60112916762036	-1.26344701304646
-3.49431601434348	-5.02021820401312	-2.21560997940032
-3.75066758220798	-4.80659189745937	0.021362630655375
-0.204470893415732	-2.63065537499046	2.25223163195239
-2.43839169909209	-2.4628061341268	-2.69779507133593
-0.268558785381857	-2.38040741588464	-1.41298542763409
1.41298542763409	-1.04676890211337	-1.22072175173571
2.9907682917525	-1.83108262760357	-3.90325780117494
-1.25429159990845	-1.97451743343252	-3.58281834134432
2.16678110933089	0.115968566414893	-0.4272526131075
2.14847028305486	0.158693827725643	-2.12405584802014
-3.19523918516823	-1.07728694590677	-3.13115129320211
-3.52483405813687	-2.55741206988632	-5.51155870908675
-3.68352788586252	-4.21759365224689	-8.86549172198062
-2.82291905088884	-2.22476539253834	-3.42717631799802
-3.18608377203021	-2.2064545662623	-3.89715419241627
-2.08133058670939	-1.04676890211337	-3.96429388876173
-0.161745632104982	-0.698863202868696	-4.84931715877012
-0.625619897764553	-0.344853894865339	0.735484855420768
1.83108262760357	1.47707331960021	0.567635614557107
1.06202792401007	2.33157854581521	-0.756847486076142
1.12306401159686	2.02944991226062	-0.189211871519036
4.98054474708171	4.20538643472953	2.19119554436561
4.18402380407416	4.45868619821469	2.61539635309377
3.30510414282444	4.07415884641794	0.869764248111696
4.62653543907836	4.39154650186923	5.30098420691234
4.35492484931716	3.66216525520714	2.25833524071107
2.25528343633173	5.13008316166934	4.96223392080568
2.050812542916	3.47295338368811	0.784313725490196
3.09758144502937	3.93682764934768	-0.115968566414893
0.314335851071946	1.20546272983902	-1.67238879987793
-0.674448767833982	1.42214084077211	-1.22377355611505
-1.58693827725643	-0.616464484626535	-2.13015945677882
-3.94293125810636	-5.14839398794537	-9.59182116426337
-1.54421301594568	-3.67132066834516	-2.62455176623178
-4.23590447852293	-4.35492484931716	-6.71396963454643
-2.1210040436408	-1.70290684367132	-4.101625085832
0.155642023346304	1.43129625391012	0.4272526131075
0.921644922560464	2.27359426260777	2.26443884946975
0.274662394140536	2.97245746547646	1.24818799114977
2.905317769131	4.40070191500725	4.25116350041962
2.56046387426566	2.87174792095827	-0.0671396963454643
3.11894407568475	3.27153429465171	0.933852140077821
0.830090791180285	3.29594872968643	-2.02639810788128
1.88906691081102	4.37018387121385	-1.87685969329366
0.222781719691768	3.54924849317159	-1.73952849622339
1.86770428015564	3.95819028000305	0.671396963454643
-0.125123979552911	1.95315480277714	-0.369268329900053
-0.994888227664607	2.41092545967803	-0.473029678797589
-0.177004654001679	1.69680323491264	-0.00610360875867857
-2.89311055161364	0.2563515678645	-0.59510185397116
-3.82391088731212	1.26344701304646	-2.87479972533761
-4.12909132524605	3.71099412527657	0.00610360875867857
-1.88601510643168	3.88494697489891	0.805676356145571
-2.60929274433509	2.62455176623178	-0.378423743038071
-1.74563210498207	3.49126420996414	1.8646524757763
-4.14129854276341	1.15968566414893	-4.77607385366598
-0.665293354695964	0.12817578393225	0.04272526131075
-2.73746852826734	0.152590218966964	-4.11993591210803
-2.93583581292439	-1.14442664225223	-3.35088120851453
3.19218738078889	3.71404592965591	5.57564660105287
-0.0579842832074464	0.799572747386893	-0.354009308003357
1.4526588845655	3.11894407568475	4.02227817196918
1.95925841153582	1.38857099259937	-0.50965133134966
1.30617227435721	-1.01319905394064	-0.219729915312428
-1.32448310063325	-1.75478751812009	-1.54116121156634
-3.12504768444343	0.341802090486	-1.40077821011673
-0.216678110933089	2.02029449912261	0.506599526970321
0.500495918211643	4.15960936903944	0.927748531319142
1.53505760280766	7.4036774242771	3.60112916762036
3.47600518806744	8.66407263294423	4.98970016021973
2.60013733119707	7.1625848783093	3.55230029755093
3.36308842603189	8.38025482566568	5.84725719081407
2.89921416037232	9.41786831464103	5.07515068284123
3.22880903334096	7.64476997024491	5.69161516746777
2.92362859540703	4.80964370183871	5.38033112077516
1.2115663385977	3.37834744792859	2.58182650492103
-1.74258030060273	1.80666819256886	3.0609597924773
1.09864957656214	1.9806210421912	2.905317769131
0.833142595559625	1.73952849622339	2.18814373998627
-4.60822461280232	1.66933699549859	0.799572747386893
0.250247959105821	1.18410009918364	-0.0854505226215
0.332646677347982	1.95620660715648	0.0915541313801785
-1.12306401159686	-1.2664988174258	-4.42511635004196
2.0355535210193	-0.72327763790341	-0.415045395590143
1.58388647287709	0.131227588311589	0.00915541313801785
2.13321126115816	-0.38452735179675	-1.81887541008621
-0.0762951094834821	-1.4373998626688	-0.491340505073625
-0.408941786831464	-3.46379797055009	-5.76791027695125
-2.74662394140536	-4.0009155413138	-1.26039520866712
-0.518806744487678	-4.68757152666514	-2.53604943923095
-2.72220950637064	-6.11886778057526	-6.60105287251087
1.15053025101091	-3.72625314717327	0.988784618905928
3.13115129320211	-2.43839169909209	-1.90432593270771
-0.350957503624018	-5.61837186236362	-2.97245746547646
-3.67132066834516	-4.41901274128328	-3.46990157930877
-3.80560006103609	-6.74143587396048	-0.320439459830625
-5.10566872663462	-3.86663614862287	3.35698481727321
-6.07309071488518	-4.75471122301061	2.21560997940032
-5.16975661860075	-5.03852903028916	-0.552376592660411
-0.994888227664607	-3.22270542458228	-0.219729915312428
2.04776073853666	-2.87174792095827	0.875867856870375
1.45876249332418	-2.7496757457847	-2.62760357061112
2.72526131074998	-3.39971007858396	-2.21560997940032
2.31631952391852	-3.22880903334096	-2.9755092698558
2.2919050888838	-2.34378576333257	-3.72625314717327
1.44655527580682	-0.686655985351339	-0.198367284657053
5.7099259937438	1.24818799114977	0.250247959105821
8.99977111467155	3.44548714427405	4.48004882887007
5.19111924925612	1.90127412832837	0.943007553215839
4.8554207675288	3.52788586251621	2.0660715648127
2.58793011367971	1.59609369039445	-0.827038986800946
0.531013962005035	0.604257267109178	-1.15968566414893
0.0854505226215	0.576791027695125	-0.473029678797589
1.025406271458	0.00915541313801785	0.0457770656900893
5.02327000839246	-0.0122072175173571	-0.424200808728161
7.17479209582666	0.582894636453803	3.78728923476005
3.76897840848402	-0.735484855420768	-0.665293354695964
3.95513847562371	0.717174029144732	2.5787747005417
2.04165712977798	0.521858548867018	4.07415884641794
1.91042954146639	0.244144350347143	-1.1810482948043
-1.71206225680934	-0.720225833524071	1.06813153276875
-2.19424734874495	-0.80872816052491	-1.32448310063325
-1.10475318532082	-1.62050812542916	-4.86152437628748
-0.72327763790341	-2.59708552681773	-4.58686198214694
-0.411993591210803	-2.67032883192187	-4.49835965514611
0.967421988250553	-5.22774090180819	-1.8951705195697
1.196307316701	-4.98054474708171	-4.443427176318
1.67238879987793	-5.13008316166934	-4.956130312047
4.29999237048905	-3.84222171358816	-3.44548714427405
7.5745784695201	-2.27664606698711	-2.10269321736477
7.45860990310521	-2.1362630655375	-6.55222400244144
3.14946211947814	-1.38857099259937	-1.367208361944
4.33661402304112	-1.08033875028611	-3.06706340123598
1.89822232394903	-0.100709544518196	-2.48416876478218
1.96231021591516	1.54726482032502	-2.05691615167468
3.588921950103	3.11284046692607	-0.665293354695964
3.50652323186084	3.46074616617075	-1.20851453421836
8.24902723735408	5.54207675288014	2.35294117647059
6.68345159075303	3.33562218661784	1.39772640573739
4.15960936903944	2.49942778667887	0.192263675898375
4.64179446097505	2.98161287861448	-3.41496910048066
7.40978103303578	4.8554207675288	-2.91142137788968
7.37010757610437	4.72114137483787	0.747692072938125
7.28160524910353	4.29999237048905	4.87373159380484
6.68955519951171	3.90325780117494	2.82597085526818
6.19821469443809	2.0355535210193	4.26031891355764
3.94293125810636	0.98268101014725	3.87884336614023
2.58182650492103	0.564583810177768	7.77294575417716
-1.84939345387961	1.24818799114977	2.02029449912261
-0.292973220416571	2.82902265964752	2.68863965819791
-1.61440451667048	0.805676356145571	2.4933241779202
-2.77714198519875	2.38956282902266	2.59708552681773
3.34172579537652	4.69672693980316	5.71908140688182
1.19020370794232	3.00297550926986	2.23392080567636
1.28786144808118	3.72930495155261	3.68047608148318
-1.94094758525978	1.90737773708705	-2.29495689326314
-1.38857099259937	2.49027237354086	-1.25429159990845
-2.12405584802014	1.14442664225223	-0.430304417486839
-4.19623102159152	-1.56252384222171	-6.08529793240253
-3.12504768444343	-3.32036316472114	-5.70077058060578
-1.76699473563745	-1.81582360570687	-5.78316929884794
-3.55535210193027	-1.76394293125811	-5.87167162584878
-1.90432593270771	-1.05897611963073	-7.58678568703746
-2.97856107423514	-1.34889753566796	-6.20126649881743
-4.68146791790646	-0.790417334248875	-4.96223392080568
0.106813153276875	-0.241092545967803	-5.41695277332723
2.85343709468223	0.866712443732357	-0.820935378042267
2.050812542916	1.29091325246052	-3.57976653696498
2.84122987716487	1.73647669184405	-5.7099259937438
3.26237888151369	4.81269550621805	-0.0946059357595178
2.17593652246891	4.18097199969482	-1.57473105973907
3.34477759975586	5.76485847257191	3.72320134279393
2.89921416037232	5.50545510032807	0.607309071488518
3.46684977492943	6.69565880827039	3.05180437933928
3.73846036469062	5.29488059815366	2.65201800564584
0.985732814526589	3.18913557640955	-0.442511635004196
0.527962157625696	1.84939345387961	-2.45975432974746
-2.73136491950866	0.89723048752575	-5.13313496604868
2.17593652246891	0.564583810177768	-4.73945220111391
-1.83413443198291	-0.814831769283589	-2.87174792095827
-3.85442893110552	-0.317387655451286	-4.28168154421302
-3.98870832379644	-2.41702906843671	-6.30197604333562
-6.33249408712901	-3.64995803768978	-6.52475776302739
-5.63668268863966	-3.94598306248569	-7.95605401693751
-3.73540856031128	-2.62455176623178	-6.27756160830091
-3.2318608377203	-2.11184863050278	-4.1718165865568
-1.30922407873655	-1.10170138094148	-2.35599298084993
-1.13221942473487	-0.613412680247196	-1.78835736629282
1.55947203784237	1.65712977798123	1.77615014877546
-5.50545510032807	0.439459830624857	0.0488288700694285
-4.33051041428244	0.381475547417411	-5.34981307698177
-5.42610818646525	2.27969787136645	-1.34889753566796
-3.25932707713436	4.26642252231632	0.753795681696803
-7.78210116731517	0.946059357595178	-7.48607614251926
-2.43228809033341	1.02845807583734	-1.17799649042496
-3.97344930189975	-1.5228503852903	-7.21141374837873
-3.32646677347982	-2.35294117647059	-4.09246967269398
-6.09750514991989	-2.78324559395743	-4.36713206683452
-4.57770656900893	-3.70794232089723	-1.70595864805066
-3.02738994430457	-1.5228503852903	-2.53299763485161
-6.09445334554055	-0.436408026245518	-4.95002670328832
-2.02944991226062	0.448615243762875	0.570687418936446
-3.89715419241627	2.69169146257725	-4.55329213397421
3.588921950103	5.80758373388266	4.26947432669566
0.915541313801785	4.66315709163043	1.6235599298085
0.405889982452125	5.08430609597925	2.58487830930037
3.01213092240787	6.70786602578775	4.2572671091783
1.05897611963073	5.00495918211643	0.347905699244678
6.80247196154726	6.9916838330663	9.08827344167239
3.85137712672618	5.40169375143053	3.80254825665675
3.86968795300221	5.87472343022812	5.4383154039826
4.26642252231632	6.1371786068513	3.27458609903105
5.56038757915618	8.62745098039216	3.86358434424353
7.00999465934234	11.3618677042802	6.95201037613489
7.22972457465476	11.4259555962463	4.26031891355764
14.7615777828641	14.2275120164797	11.8348973830777
12.637521934844	11.5114061188678	5.72823682001984
9.18898298619058	11.7647058823529	9.15846494239719
8.1727321278706	10.5378805218585	7.44945448996719
8.1177996490425	12.4238956282902	8.74952315556573
10.1167315175097	13.4065766384375	11.6914625772488
9.06996261539635	14.6913862821393	12.2804608224613
10.6294346532387	15.1827267872129	13.9131761654078
14.7188525215534	17.5600823987182	14.679179064622
13.8399328603037	17.2762645914397	13.0006866559854
17.0046540016785	19.9008163576715	18.3871213855192
20.0564583810178	22.0675974670024	19.681086442359
23.3310444800488	23.7125200274662	24.2984664682994
26.8925001907378	23.1235217822538	22.4216067750057
18.313878080415	18.9547570000763	21.5793087663081
19.6688792248417	19.3087663080797	23.3432516975662
16.5804531929503	18.0422674906538	16.8093385214008
10.1655603875792	16.9619287403677	18.0514229037919
14.3526359960327	17.2396429388876	17.2915236133364
16.0067139696345	18.970016021973	17.9964904249638
21.8112458991379	21.560997940032	19.1958495460441
22.3941405355917	20.9475852597848	21.7410543984131
22.7603570611124	23.8223849851225	24.3259327077134
22.8305485618372	24.8508430609598	21.9882505531395
22.5955596246281	23.5294117647059	24.7226672770275
22.9892423895628	22.6138704509041	22.8793774319066
22.1164263370718	22.4307621881437	21.8448157473106
26.2577248798352	25.8823529411765	26.7978942549783
21.1520561532006	23.9993896391241	25.0247959105821
22.2568093385214	25.9616998550393	25.2872510872053
21.7807278553445	28.3329518577859	30.7042038605325
24.0573739223316	27.4357213702602	24.9668116273747
21.6220340276188	24.933241779202	22.1499961852445
25.6137941557946	26.0868238345922	25.5069810025177
22.1530479896239	22.8030823224231	25.9281300068666
22.5986114290074	23.4775310902571	22.6657511253529
20.2761882963302	24.3289845120928	27.9209582665751
21.6159304188602	23.5385671778439	26.9108110170138
19.5315480277714	21.7288471808957	27.2831311512932
23.062485694667	23.2822156099794	28.3360036621653
20.346379797055	21.5060654612039	25.6504158083467
25.0614175631342	23.6148622873274	28.7724116884108
25.1010910200656	24.0817883573663	29.1508354314488
25.824368657969	26.1997405966278	32.4650949874113
23.8071259632258	24.7562371252003	28.7418936446174
26.1112382696269	24.7348744945449	29.7428854810407
27.9240100709545	25.1529716945144	31.598382543679
19.5590142671855	22.0828564888991	23.0869001297017
20.6271457999542	20.8621347371633	22.3849851224536
23.053330281529	22.3849851224536	23.7064164187076
24.0482185091936	21.9851987487602	21.7593652246891
21.2863355458915	18.5183489738308	18.6739909971771
23.2944228274968	20.3219653620203	25.7785915922789
