4.41901274128328	-1.1108567940795	-7.13206683451591
3.99786373693446	-1.04371709773404	-8.98146028839551
6.24704356450752	0.750743877317464	-7.47386892500191
5.23994811932555	1.35805294880598	-7.79125658045319
5.65804531929503	1.68764782177462	-7.86755168993667
4.79743648432135	1.17189288166629	-7.690547035935
5.16365300984207	1.28480964370184	-6.97947661554894
6.2073701075761	1.06202792401007	-6.6346227206836
4.443427176318	1.18410009918364	-7.27244983596551
4.43427176317998	1.19935912108034	-6.91538872358282
4.6845197222858	0.89417868314641	-6.97337300679026
4.00396734569314	2.09353780422675	-5.99374380102235
5.297932402533	2.38345922026398	-5.54207675288014
5.38948653391318	1.67849240863661	-6.02121004043641
4.31830319676509	0.613412680247196	-6.93980315861753
2.67338063630121	-0.485236896314946	-7.9316395819028
2.84733348592355	-1.87380788891432	-8.5145342183566
0.628671702143893	-2.28885328450446	-10.4005493247883
-0.262455176623178	-1.75478751812009	-8.88075074387732
0.958266575112535	-1.73037308308537	-8.09033340962844
2.21255817502098	-0.878919661249714	-8.12695506218051
1.72732127870604	0.134279392690929	-6.69871061264973
1.53200579842832	-0.872816052491035	-7.80041199359121
-0.0671396963454643	-1.05287251087205	-8.886854352636
0.729381246662089	-1.29091325246052	-9.10048065918975
0.613412680247196	0.192263675898375	-8.24292362859541
1.75173571374075	1.79140917067216	-7.30601968413825
1.86770428015564	1.88601510643168	-5.79842832074464
3.85748073548486	2.3071641107805	-3.3325703822385
4.01007095445182	3.26848249027237	-2.91752498664836
4.02838178072786	2.48416876478218	-2.98466468299382
2.97856107423514	2.63065537499046	-5.46578164339666
4.21759365224689	1.01930266269932	-7.19615472648203
3.22270542458228	0.985732814526589	-8.40772106507973
1.6235599298085	0.64087891966125	-8.60608834973678
1.14442664225223	-0.89417868314641	-10.2143892576486
1.9501029983978	0.369268329900053	-8.32837415121691
0.646982528419928	0.4272526131075	-7.00389105058366
1.1108567940795	-0.170901045243	-9.41786831464103
2.01113908598459	0.0488288700694285	-9.05165178912032
1.63576714732586	-0.80872816052491	-10.1441977569238
2.1362630655375	-0.564583810177768	-9.73220416571298
1.85549706263828	-0.668345159075303	-9.61623559929808
2.56961928740368	-0.305180437933928	-8.40772106507973
3.19523918516823	1.26344701304646	-6.98252841992828
2.71610589761196	0.445563439383536	-6.66208896009766
3.71404592965591	1.66628519111925	-5.8655680170901
3.11284046692607	1.42519264515145	-6.39658197909514
3.0914778362707	1.50453955901427	-5.89303425650416
3.55840390630961	2.14541847867552	-4.41596093690394
3.25932707713436	2.8351262684062	-4.49530785076677
2.80766002899214	3.16777294575418	-5.71297779812314
1.88601510643168	2.62149996185245	-4.69672693980316
1.18715190356298	2.66117341878386	-4.99580376897841
1.55031662470436	2.26138704509041	-6.30197604333562
-0.329594872968643	0.198367284657053	-6.45151445792325
-1.04982070649271	-0.576791027695125	-6.64072632944228
-1.4373998626688	-1.86160067139696	-6.08224612802319
-1.14442664225223	-2.32547493705653	-6.55527580682078
-2.03860532539864	-2.18509193560693	-6.19211108567941
-2.02334630350195	-1.91348134584573	-5.5542839703975
-0.976577401388571	-1.45571068894484	-5.66720073243305
-1.37026016632334	-1.4526588845655	-7.02220187685969
-1.2115663385977	-2.07522697795071	-8.4443427176318
-1.66323338673991	-2.19119554436561	-7.98352025635157
-2.53604943923095	-3.588921950103	-8.24292362859541
-1.87075608453498	-2.08743419546807	-6.9214923323415
-2.25223163195239	-0.732433051041428	-4.8554207675288
-1.99588006408789	-1.17799649042496	-7.26024261844816
-1.29091325246052	0.399786373693446	-6.83299000534066
-0.753795681696803	-0.0183108262760357	-5.82589456015869
0.573739223315785	1.22987716487373	-5.01411459525444
1.74258030060273	1.2664988174258	-5.52071412222477
1.68154421301595	1.55947203784237	-4.47699702449073
1.50759136339361	2.05386434729534	-4.22064545662623
2.20950637064164	2.0660715648127	-4.31219958800641
0.823987182421607	1.62661173418784	-6.19211108567941
0.814831769283589	0.442511635004196	-6.97947661554894
0.46997787441825	0.131227588311589	-6.36301213092241
-0.543221179522393	-0.140383001449607	-6.33859769588769
-1.09864957656214	-1.06507972838941	-8.14221408407721
-2.47501335164416	-0.747692072938125	-9.09742885481041
-2.78324559395743	-0.161745632104982	-8.81666285191119
-1.85244525825895	0.515754940108339	-8.20019836728466
-2.88395513847562	1.23598077363241	-6.72922865644312
-2.82902265964752	1.23598077363241	-4.11078049897002
-2.25223163195239	0.268558785381857	-5.59395742732891
-1.39162279697871	-0.457770656900893	-5.08430609597925
-1.95315480277714	-1.40688181887541	-6.10666056305791
-2.02944991226062	-0.613412680247196	-7.03135728999771
-1.86160067139696	-1.31532768749523	-8.72510872053101
0.292973220416571	-0.350957503624018	-6.93064774547952
-2.18814373998627	-0.350957503624018	-5.06904707408255
-3.42107270923934	-0.643930724040589	-5.05073624780652
-3.93682764934768	-1.54116121156634	-6.3935301747158
-3.62859540703441	-2.14847028305486	-6.61020828564889
-4.11688410772869	-2.44144350347143	-7.54100862134737
-3.25017166399634	-1.76394293125811	-8.06286717021439
-2.52994583047227	-1.46181429770352	-9.1432059205005
-3.08232242313268	-1.95620660715648	-9.36293583581292
-3.32951857785916	-0.137331197070268	-8.58167391470207
-5.22774090180819	-1.24818799114977	-9.50331883726253
-4.31830319676509	-2.77409018081941	-9.66506446936751
-3.78728923476005	-1.88906691081102	-8.98146028839551
-2.08133058670939	-1.94705119401846	-7.35179674982834
-0.46997787441825	-1.73647669184405	-6.52475776302739
0.292973220416571	-0.747692072938125	-5.07820248722057
1.58999008163577	-0.347905699244678	-3.71709773403525
-1.367208361944	-1.81887541008621	-4.47699702449073
-3.27153429465171	-1.879911497673	-5.16365300984207
-3.38139925230793	-2.78934920271611	-5.9662775616083
-3.39055466544594	-2.84733348592355	-7.90722514686809
-3.01213092240787	-1.74868390936141	-5.85946440833143
-0.311284046692607	-0.537117570763714	-5.40779736018921
-0.564583810177768	-0.244144350347143	-5.00190737773709
-1.40077821011673	0.357061112382696	-5.13618677042802
-0.772106507972839	1.07423514152743	-4.75471122301061
-1.25123979552911	0.863660639353018	-5.39559014267186
-1.13221942473487	1.6083009079118	-5.76791027695125
-2.3071641107805	0.775158312352178	-7.14122224765393
-2.68253604943923	0.497444113832303	-7.27550164034485
-2.90226596475166	0.781261921110857	-6.43625543602655
-4.06195162890059	0.234988937209125	-6.75669489585718
-5.74959945067521	0.192263675898375	-5.71602960250248
-4.60517280842298	-0.210574502174411	-6.35385671778439
-1.66933699549859	0.653086137178607	-3.98565651941711
-1.72121766994736	0.915541313801785	-3.63469901579309
-1.58693827725643	-0.253299763485161	-5.98458838788434
-0.744640268558785	0.933852140077821	-5.29488059815366
-1.6083009079118	0.4272526131075	-4.90119783321889
-3.79644464789807	-0.234988937209125	-5.81673914702068
-3.0060273136492	-0.613412680247196	-5.39864194705119
-4.44953078507668	-0.161745632104982	-5.50850690470741
-4.67841611352712	-1.23292896925307	-5.11787594415198
-2.13931486991684	-0.0396734569314107	-3.77813382162203
-2.53299763485161	0.784313725490196	-4.21149004348821
-2.905317769131	2.05996795605402	-2.86564431219959
-1.79751277943084	2.05691615167468	-4.01007095445182
-3.02738994430457	1.01625085831998	-5.14229037918669
-2.19424734874495	1.83108262760357	-4.07415884641794
-5.29488059815366	0.561532005798428	-4.66620889600977
-2.22781719691768	2.81681544213016	-2.65812161440452
-3.06706340123598	2.98771648737316	-1.88601510643168
-2.09048599984741	4.94697489890898	-1.8646524757763
-0.387579156176089	5.12397955291066	-2.05996795605402
-0.866712443732357	5.03242542153048	-2.53604943923095
-0.778210116731518	3.1464103150988	-1.27870603494316
-0.0671396963454643	2.52689402609293	-0.704966811627375
-1.15968566414893	1.58388647287709	-0.305180437933928
-1.31227588311589	2.19729915312428	-1.07728694590677
-2.02639810788128	1.20851453421836	-0.970473792629892
-3.20134279392691	1.47096971084154	-3.97650110627909
-4.92866407263294	-0.247196154726482	-3.59502555886168
-5.9662775616083	-0.930800335698482	-5.27656977187762
-6.67429617761502	-1.66628519111925	-5.05378805218585
-6.32028686961166	-2.76798657206073	-4.95307850766766
-5.25825894560159	-2.2919050888838	-4.26642252231632
-4.90119783321889	-1.86770428015564	-4.81269550621805
-3.59807736324102	-0.796520943007553	-3.77508201724269
-3.76287479972534	0.497444113832303	-4.26031891355764
-2.30106050202182	1.21766994735637	-4.26337071793698
-2.55741206988632	2.16372930495155	-3.64385442893111
-1.47707331960021	2.05386434729534	-2.67948424505989
-1.92874036774243	0.762951094834821	-1.9806210421912
-0.579842832074464	1.9806210421912	-2.734416723888
0.778210116731518	1.20241092545968	-1.80056458381018
-0.686655985351339	1.16273746852827	-2.75883115892271
0.686655985351339	0.485236896314946	-3.87273975738155
-2.07522697795071	-1.10170138094148	-4.8706797894255
-2.52994583047227	-1.73647669184405	-5.92660410467689
-3.28984512092775	-2.63675898374914	-4.66010528725109
-3.91241321431296	-3.10368505378805	-3.90325780117494
-3.62554360265507	-2.67948424505989	-2.67032883192187
-6.19211108567941	-3.46379797055009	-1.88906691081102
-4.03448538948653	-3.31425955596246	-0.805676356145571
-5.21858548867018	-4.04669260700389	-1.44655527580682
-4.81574731059739	-2.59098191805905	-2.07217517357137
-5.36507209887846	-2.82291905088884	-2.65812161440452
-5.20943007553216	-2.15457389181353	-2.30411230640116
-5.64888990615702	-1.19935912108034	-2.92057679102769
-4.79743648432135	-0.393682764934768	-2.79240100709545
-5.19111924925612	0.140383001449607	-3.92156862745098
-3.95819028000305	-0.0854505226215	-3.04570077058061
-1.53200579842832	-0.311284046692607	-2.51773861295491
-2.18814373998627	0.683604180972	-1.44350347142748
-1.72121766994736	0.161745632104982	0.503547722590982
-0.81177996490425	0.369268329900053	1.73037308308537
-0.817883573662928	0.140383001449607	2.16678110933089
-3.18303196765087	0.415045395590143	1.18715190356298
-3.1464103150988	0.0244144350347143	-0.167849240863661
-3.1616693369955	-0.534065766384375	-2.01419089036393
-3.98260471503777	-0.152590218966964	-2.09964141298543
-4.80659189745937	-1.20851453421836	-0.418097199969482
-3.41802090486	-1.69069962615396	-2.09353780422675
-2.94499122606241	-1.67849240863661	-1.33669031815061
-2.79545281147478	-1.43129625391012	-1.66323338673991
-2.61844815747311	0.311284046692607	-3.30815594720378
-1.61745632104982	0.234988937209125	-3.63775082017243
-2.34378576333257	0.0701915007248035	-2.68253604943923
-0.85145342183566	1.48622873273823	-0.604257267109178
-2.94499122606241	-0.399786373693446	-0.286869611657893
-2.02334630350195	0.479133287556268	1.22377355611505
-3.65300984206912	-0.280766002899214	1.55031662470436
-2.77409018081941	-0.0732433051041428	0.207522697795071
-2.26749065384909	0.946059357595178	-0.317387655451286
-0.820935378042267	0.0762951094834821	-1.21766994735637
0.817883573662928	0.802624551766232	-0.335698481727321
0.72632944228275	0.119020370794232	0.546272983901732
-0.155642023346304	0.131227588311589	0.439459830624857
-1.44960708018616	-0.137331197070268	-0.744640268558785
-2.36514839398795	-0.921644922560464	-0.790417334248875
-5.17586022735943	-0.747692072938125	-1.92568856336309
-5.13313496604868	-0.494392309452964	-3.44243533989471
-6.14938582436866	-1.6083009079118	-2.32547493705653
-5.68856336308843	-1.99282825970855	-2.22781719691768
-6.25009536888685	-2.93278400854505	-1.75478751812009
-6.13412680247196	-2.392614633402	-1.34279392690929
-4.93781948577096	-2.51773861295491	-2.13321126115816
-3.49126420996414	-1.08644235904479	-1.5228503852903
-3.13420309758144	-0.567635614557107	-1.14442664225223
-5.09346150911727	-0.698863202868696	-2.97856107423514
-4.33356221866178	-0.930800335698482	-2.30106050202182
-4.58075837338827	-2.04165712977798	-2.59403372243839
-4.43427176317998	-2.85038529030289	-1.58083466849775
-3.76287479972534	-2.21560997940032	-0.781261921110857
-4.86762798504616	-3.18303196765087	-1.82803082322423
-4.83100633249409	-1.30006866559854	-0.683604180972
-3.76592660410468	-0.29907682917525	0.549324788281071
-4.40985732814527	-0.378423743038071	-0.567635614557107
-3.25627527275502	-0.650034332799268	-0.958266575112535
-1.93484397650111	-1.30617227435721	-1.12306401159686
-1.44350347142748	-1.75173571374075	-1.79751277943084
-1.39772640573739	-1.68764782177462	-2.52689402609293
-0.903334096284428	-0.433356221866178	-1.61135271229114
-1.58999008163577	0.762951094834821	-0.433356221866178
-1.07118333714809	1.15663385976959	0.820935378042267
-1.57473105973907	0.915541313801785	1.33669031815061
-1.90127412832837	-0.170901045243	0.778210116731518
-0.762951094834821	-1.84939345387961	-1.76699473563745
0.350957503624018	-1.07728694590677	0.0488288700694285
2.83207446402686	0.646982528419928	1.17494468604562
2.00198367284657	0.80872816052491	1.02235446707866
2.78934920271611	0.732433051041428	1.28786144808118
-0.408941786831464	-0.152590218966964	0.277714198519875
-0.915541313801785	-0.350957503624018	-0.820935378042267
-1.1810482948043	-0.451667048142214	-0.729381246662089
-2.40177004654002	-0.711070420386053	-1.82803082322423
-1.32143129625391	-0.222781719691768	-0.12817578393225
-0.753795681696803	1.66933699549859	0.653086137178607
0.0762951094834821	1.58999008163577	0.820935378042267
0.80872816052491	1.91348134584573	1.25123979552911
-0.393682764934768	1.81887541008621	-0.7690547035935
-2.27969787136645	-0.439459830624857	-2.2919050888838
-1.26344701304646	-0.436408026245518	-2.02334630350195
-3.68963149462119	-0.875867856870375	-3.28984512092775
-2.84428168154421	-2.09658960860609	-3.61028458075837
-3.24101625085832	-0.329594872968643	-2.48722056916152
-2.42923628595407	-0.448615243762875	-2.49637598229953
-2.7191577019913	0.00915541313801785	-3.55840390630961
-3.18913557640955	-0.991836423285267	-4.6845197222858
-1.11696040283818	-1.06507972838941	-3.13725490196078
-3.05790798809796	-1.59914549477379	-3.69268329900053
-2.95414663920043	-1.12306401159686	-2.70389868009461
-1.71816586556802	-0.479133287556268	-1.48622873273823
-3.96124208438239	-1.0406652933547	-1.95315480277714
-5.05989166094453	-1.20546272983902	-0.68055237659266
-5.93881132219425	-1.13221942473487	-0.668345159075303
-3.07927061875334	-0.787365529869535	-1.21766994735637
-3.43022812237736	-1.45876249332418	-1.26039520866712
-3.25627527275502	-1.88601510643168	-1.27870603494316
-3.29900053406577	-2.11490043488212	-2.04165712977798
-4.46173800259403	-2.34988937209125	-2.65506981002518
-4.43427176317998	-2.4780651560235	-3.40886549172198
-4.82185091935607	-3.26848249027237	-3.17692835889219
-5.03547722590982	-2.16372930495155	-2.65506981002518
-6.1371786068513	-2.59098191805905	-2.42313267719539
-4.40985732814527	-1.5533684290837	-1.29396505683986
-3.64385442893111	-2.4628061341268	-0.787365529869535
-3.84222171358816	-1.9806210421912	-1.53505760280766
-2.24002441443503	-1.17494468604562	-2.01419089036393
-1.62966353856718	-1.68459601739528	-1.68154421301595
-0.146486610208286	-0.967421988250553	-1.9653620202945
-0.421149004348821	-0.967421988250553	-0.9399557488365
-0.683604180972	-1.6388189517052	0.476081483176928
-1.70595864805066	-1.76394293125811	0.329594872968643
-2.86259250782025	-3.3478294041352	-0.836194399938964
-4.28168154421302	-3.14335851071946	-3.18608377203021
-5.64583810177768	-3.58281834134432	-5.47798886091402
-6.51255054551003	-4.71808957045853	-5.83199816891737
-5.23689631494621	-4.38239108873121	-5.29488059815366
-3.60418097199969	-4.0009155413138	-4.54718852521553
-5.23384451056687	-3.59807736324102	-4.06500343327993
-5.18501564049744	-4.11688410772869	-3.82391088731212
-5.41390096894789	-4.73334859235523	-4.16876478217746
-6.38742656595712	-3.96124208438239	-4.30914778362707
-4.59296559090562	-3.54009308003357	-4.53803311207752
-4.69672693980316	-3.0060273136492	-3.09452964065003
-4.65705348287175	-3.04264896620127	-2.76798657206073
-4.08941786831464	-1.82803082322423	-0.81177996490425
-4.81574731059739	-2.18509193560693	-1.30006866559854
-3.62249179827573	-2.26138704509041	-3.92767223620966
-1.69985503929198	-1.46486610208286	-2.5787747005417
-2.96635385671778	-2.21255817502098	-3.6743724727245
-1.98977645532921	-1.81582360570687	-3.77813382162203
-3.44853894865339	-2.17593652246891	-2.67338063630121
-2.42618448157473	-2.85954070344091	-1.07728694590677
-2.97856107423514	-1.73952849622339	-1.27260242618448
-3.22575722896162	-1.5533684290837	-1.57778286411841
-1.47402151522087	-1.93484397650111	-1.18715190356298
-2.09353780422675	-1.49538414587625	-1.19020370794232
-4.91340505073625	-1.88296330205234	-0.85145342183566
-6.95811398489357	-2.61844815747311	-0.860608834973678
-7.46471351186389	-4.19623102159152	-1.76394293125811
-6.95201037613489	-4.30304417486839	-4.45258258945602
-7.04356450751507	-3.69573510337987	-3.72625314717327
-5.45967803463798	-4.08331425955596	-1.367208361944
-4.64789806973373	-3.5034714274815	-0.72632944228275
-5.57564660105287	-3.81475547417411	-0.527962157625696
-4.56549935149157	-3.10063324940871	1.41603723201343
-4.91645685511559	-3.53704127565423	2.36820019836728
-4.66926070038911	-2.82597085526818	1.24513618677043
-1.62050812542916	-1.60524910353246	1.22682536049439
-1.51674677653162	-2.78019378957809	0.451667048142214
-2.67948424505989	-1.44960708018616	-1.06507972838941
-4.12298771648737	-1.76699473563745	-3.04875257495994
-3.73540856031128	-3.35088120851453	-3.62859540703441
-4.81879911497673	-2.44449530785077	-0.997940032043946
-4.44037537193866	-2.65201800564584	-0.201419089036393
-2.96635385671778	-2.15457389181353	1.76699473563745
-1.57473105973907	-1.91653315022507	-0.283817807278553
-2.27969787136645	-2.26749065384909	-2.09964141298543
-2.67643244068055	-2.52384222171359	-2.88700694285496
-2.01724269474327	-2.85954070344091	-3.07927061875334
-1.71511406118868	-2.87174792095827	-1.84328984512093
-4.02227817196918	-3.38750286106661	-0.991836423285267
-3.12809948882277	-2.55741206988632	1.57778286411841
-3.04570077058061	-2.30106050202182	1.91348134584573
-4.35187304493782	-2.18814373998627	0.656137941557946
-4.73945220111391	-2.39871824216068	-1.34584573128862
-4.66926070038911	-2.36209658960861	-1.40077821011673
-4.51056687266346	-1.91958495460441	-1.64492256046387
-5.64888990615702	-1.58388647287709	0.0549324788281071
-5.54818036163882	-1.56557564660105	-0.659189745937285
-4.30914778362707	-1.0101472495613	0.76600289921416
-2.72831311512932	-0.909437705043107	1.08644235904479
-4.23590447852293	-1.32448310063325	-1.1810482948043
-4.52277409018082	-1.47402151522087	-2.75883115892271
-4.33661402304112	-1.84023804074159	-3.19218738078889
-5.23384451056687	-1.89822232394903	-2.53910124361028
-4.785229266804	-1.62050812542916	-2.86259250782025
-4.24200808728161	-2.07522697795071	-1.93179217212177
-1.76089112687877	-1.15053025101091	-2.35294117647059
-2.05996795605402	-1.89822232394903	-3.5736629282063
-2.68558785381857	-1.89822232394903	-3.25322346837568
-4.7699702449073	-1.64187075608453	-2.67643244068055
-5.42305638208591	-0.527962157625696	-1.81582360570687
-4.91340505073625	0.109864957656214	0.289921416037232
-6.74753948271916	-1.40688181887541	0.201419089036393
-6.1219195849546	-1.44960708018616	1.32143129625391
-4.46173800259403	-0.622568093385214	-0.0457770656900893
-3.99176012817578	-1.4679179064622	-1.46181429770352
-3.90936140993362	0.683604180972	-1.25123979552911
-3.61638818951705	-0.582894636453803	-2.44754711223011
-4.50446326390478	0.320439459830625	-1.1261158159762
-5.12703135729	0.418097199969482	-1.53200579842832
-4.20233463035019	0.332646677347982	-1.65102616922255
-4.86457618066682	0.137331197070268	-1.2115663385977
-2.12405584802014	1.80361638818952	-1.38857099259937
-3.01823453116655	1.99588006408789	-2.31937132829786
-1.44350347142748	2.4933241779202	-1.49233234149691
-2.0355535210193	2.57267109178302	0.784313725490196
-2.61844815747311	2.12405584802014	0.302128633554589
-1.67849240863661	2.42618448157473	1.78225375753414
-2.39871824216068	1.55642023346304	1.24208438239109
-2.905317769131	1.30617227435721	-0.741588464179446
-2.35904478522927	0.903334096284428	-0.0122072175173571
-2.26443884946975	1.44045166704814	-0.98268101014725
-1.79140917067216	1.04371709773404	-0.140383001449607
-2.77409018081941	1.78835736629282	0.503547722590982
-3.84832532234684	1.17494468604562	0.89417868314641
-3.79339284351873	1.03761348897536	1.51674677653162
-2.68863965819791	1.74563210498207	2.31021591515984
-4.57465476462959	0.375371938658732	1.51064316777295
-4.55939574273289	-0.518806744487678	1.84328984512093
-4.43427176317998	-0.906385900663767	1.09864957656214
-4.73334859235523	-1.77004654001678	-1.01930266269932
-5.15449759670405	-2.75272755016403	-1.84634164950027
-5.02937361715114	-3.03654535744259	-2.34683756771191
-5.2124818799115	-1.91348134584573	-3.42717631799802
-5.97848477912566	-2.64591439688716	-3.01518272678721
-4.74555580987259	-2.57572289616236	-1.24208438239109
-6.39047837033646	-0.317387655451286	-0.735484855420768
-5.05989166094453	0.0610360875867857	1.61440451667048
-3.93682764934768	1.12306401159686	1.45571068894484
-1.48317692835889	2.42923628595407	2.14541847867552
0.518806744487678	1.79751277943084	1.49843595025559
-1.68154421301595	1.54116121156634	0.610360875867857
-3.33562218661784	0.283817807278553	-0.231937132829786
-2.85038529030289	1.025406271458	1.19325551232166
-1.84634164950027	1.367208361944	1.65407797360189
-2.38040741588464	0.625619897764553	0.762951094834821
-1.57778286411841	1.69069962615396	1.83108262760357
0.103761348897536	1.69680323491264	2.6642252231632
-0.891126878767071	-0.436408026245518	1.08033875028611
-2.1515220874342	0.195315480277714	-0.833142595559625
-2.07827878233005	0	-1.40688181887541
-2.28885328450446	0.0579842832074464	0.0457770656900893
-3.68352788586252	-0.405889982452125	-0.00610360875867857
-4.22369726100557	-0.457770656900893	0.436408026245518
-3.50041962310216	-0.341802090486	1.64492256046387
-3.588921950103	-0.326543068589303	1.19935912108034
-3.34172579537652	-0.537117570763714	0.216678110933089
-0.582894636453803	-0.900282291905089	-0.405889982452125
-1.03761348897536	-1.79751277943084	-0.225833524071107
-1.04982070649271	-1.33058670939193	0.967421988250553
-2.563515678645	-3.03654535744259	1.82803082322423
-4.96528572518502	-2.47501335164416	3.3325703822385
-6.21347371633478	-3.27458609903105	2.6642252231632
-4.7699702449073	-3.0914778362707	2.86259250782025
-4.14129854276341	-2.70695048447395	1.48928053711757
-3.01213092240787	-2.734416723888	1.42214084077211
0.784313725490196	-1.41298542763409	1.68154421301595
2.16983291371023	0.466926070038911	2.38651102464332
2.23392080567636	-0.0976577401388571	3.03044174868391
2.3071641107805	0.436408026245518	2.96330205233845
0.601205462729839	-0.137331197070268	3.12504768444343
-0.622568093385214	0.100709544518196	3.54924849317159
-1.20851453421836	-0.0701915007248035	3.46379797055009
-0.943007553215839	-0.369268329900053	3.29594872968643
0.805676356145571	-0.366216525520714	3.38139925230793
0.283817807278553	-1.21766994735637	2.65201800564584
2.19119554436561	-1.36110475318532	0.790417334248875
0.59510185397116	-0.0183108262760357	0.186160067139696
0.244144350347143	0.524910353246357	0.534065766384375
0.610360875867857	1.75783932249943	2.33157854581521
0.802624551766232	1.73952849622339	3.53704127565423
1.57778286411841	2.83207446402686	4.8706797894255
0.625619897764553	1.49538414587625	4.26642252231632
1.73037308308537	1.30617227435721	4.31830319676509
-1.33058670939193	0.485236896314946	3.46379797055009
-2.15762569619287	-0.650034332799268	2.56961928740368
-1.96841382467384	0.311284046692607	2.71305409323262
-1.14137483787289	-0.0610360875867857	3.16472114137484
-1.21766994735637	0.0915541313801785	1.69680323491264
2.16678110933089	0.741588464179446	1.78530556191348
3.43327992675669	0.741588464179446	1.71816586556802
2.85648889906157	0.753795681696803	1.51674677653162
2.42008087281605	0.390630960555428	1.6388189517052
1.95315480277714	0.89723048752575	2.93583581292439
0.262455176623178	1.23292896925307	3.46074616617075
0.0122072175173571	0.326543068589303	4.26031891355764
-0.63782711528191	0.93690394445716	4.10772869459068
0.125123979552911	1.8097199969482	3.10063324940871
0.0762951094834821	1.8646524757763	2.35599298084993
-1.27565423056382	2.05996795605402	1.8097199969482
1.45571068894484	2.8198672465095	2.45365072098878
1.64187075608453	3.01213092240787	3.76897840848402
1.01930266269932	2.84733348592355	3.42107270923934
-0.750743877317464	1.37941557946136	3.60418097199969
-1.47707331960021	0.512703135729	2.5787747005417
-1.51979858091096	-0.656137941557946	-0.0579842832074464
-2.01113908598459	-0.393682764934768	1.53200579842832
-0.317387655451286	-0.241092545967803	0.7690547035935
-1.879911497673	-0.0366216525520714	1.81582360570687
-0.799572747386893	0.109864957656214	4.53803311207752
-0.250247959105821	1.07423514152743	5.48104066529335
-1.2664988174258	0.115968566414893	5.89303425650416
-1.10475318532082	-0.613412680247196	3.98565651941711
1.49233234149691	-0.354009308003357	2.39871824216068
3.54009308003357	0.125123979552911	2.57572289616236
4.05279621576257	0.378423743038071	4.54718852521553
3.71404592965591	0.570687418936446	6.68955519951171
3.28984512092775	0.283817807278553	8.09948882276646
2.4078736552987	0.100709544518196	9.1279468986038
2.23086900129702	-0.656137941557946	5.84725719081407
0.930800335698482	-0.891126878767071	4.87678339818418
1.39162279697871	0.604257267109178	3.26848249027237
2.18814373998627	0.418097199969482	2.221713588159
0.219729915312428	0.0366216525520714	3.02128633554589
-0.186160067139696	0.183108262760357	3.80865186541543
0.115968566414893	-0.457770656900893	2.63675898374914
-1.06202792401007	-1.6937514305333	3.46684977492943
0.653086137178607	-2.00808728160525	2.99382009613184
1.30312046997787	-1.24208438239109	4.03143358510719
0.613412680247196	-0.50965133134966	4.65094987411307
0.494392309452964	-1.11390859845884	6.64682993820096
2.00503547722591	1.26039520866712	6.53391317616541
0.869764248111696	0.29907682917525	5.43221179522393
-0.863660639353018	-0.29907682917525	3.21660181582361
-1.62661173418784	-0.405889982452125	1.66628519111925
-2.90226596475166	-1.88601510643168	0.241092545967803
-4.73029678797589	-1.40077821011673	1.2115663385977
-4.67536430914778	-1.37941557946136	1.35805294880598
-2.16372930495155	0.021362630655375	3.37529564354925
-1.35805294880598	-0.317387655451286	3.27763790341039
-2.01724269474327	-0.784313725490196	2.14236667429618
-2.6489662012665	0.0122072175173571	0.634775310902571
-1.72121766994736	-1.4679179064622	-0.0885023270008393
-3.26237888151369	-1.97756923781186	-0.280766002899214
-3.00297550926986	-1.42824444953079	0.064087891966125
-2.08133058670939	-1.5228503852903	-1.59914549477379
-3.0609597924773	-1.9806210421912	-1.82803082322423
-2.90836957351034	-2.73746852826734	-2.50247959105821
-3.27153429465171	-3.96429388876173	-3.81475547417411
-2.50553139543755	-3.61943999389639	-3.42717631799802
-3.27458609903105	-4.97749294270237	-4.17792019531548
-2.30411230640116	-4.10467689021134	-3.68963149462119
-0.616464484626535	-4.56855115587091	-3.35088120851453
-2.63981078812848	-4.12909132524605	-3.97955291065843
-0.561532005798428	-3.03654535744259	-1.91042954146639
-2.00198367284657	-1.96231021591516	1.6388189517052
-0.653086137178607	-0.305180437933928	4.03143358510719
-0.415045395590143	-1.08339055466545	2.70084687571527
0.570687418936446	-1.0955977721828	3.47905699244678
-0.112916762035554	-1.08033875028611	1.67544060425727
-1.06813153276875	-1.71511406118868	-0.347905699244678
-2.21866178377966	-2.8198672465095	-0.161745632104982
-2.5482566567483	-2.58182650492103	0.12817578393225
-1.73952849622339	-2.42618448157473	0.744640268558785
-1.7792019531548	-2.21866178377966	0.494392309452964
-0.375371938658732	-1.82192721446555	-0.338750286106661
-1.01930266269932	-2.13321126115816	0.543221179522393
-1.367208361944	-1.44655527580682	1.61135271229114
-1.56862745098039	-0.192263675898375	1.26955062180514
-1.47402151522087	-1.22072175173571	1.15663385976959
0.38452735179675	0.103761348897536	2.68558785381857
0.823987182421607	-0.0396734569314107	2.86869611657893
-0.985732814526589	-0.436408026245518	1.73647669184405
-1.58693827725643	-0.613412680247196	1.01319905394064
-2.3224231326772	-0.408941786831464	1.73647669184405
-2.34378576333257	-0.653086137178607	2.01724269474327
-2.34378576333257	0.436408026245518	0.662241550316625
-0.198367284657053	0.711070420386053	2.050812542916
-0.89417868314641	0.125123979552911	2.0660715648127
-1.4679179064622	-0.180056458381018	2.15762569619287
-2.72526131074998	-1.62661173418784	1.84634164950027
-4.0161745632105	-2.17593652246891	2.55130846112764
-3.53093766689555	-2.98771648737316	1.98367284657053
-2.51163500419623	-3.09758144502937	3.17998016327153
-1.71511406118868	-3.76897840848402	2.78934920271611
0.347905699244678	-3.74151216906996	2.93888761730373
0.720225833524071	-2.92362859540703	3.5034714274815
-2.0355535210193	-2.51773861295491	2.05386434729534
-1.49538414587625	-1.57167925535973	1.76089112687877
-3.05790798809796	-0.500495918211643	3.05790798809796
-2.6489662012665	0.302128633554589	3.1464103150988
-1.59304188601511	1.24513618677043	4.72419317921721
-0.0152590218966964	1.30312046997787	6.22568093385214
-0.930800335698482	1.02235446707866	4.50446326390478
-1.30617227435721	1.02235446707866	4.79133287556268
-1.92263675898375	0.930800335698482	3.13420309758144
-1.367208361944	2.02029449912261	3.47295338368811
-2.58182650492103	2.27969787136645	3.71709773403525
-1.22987716487373	2.09353780422675	4.61127641718166
-0.140383001449607	2.04165712977798	4.80048828870069
-0.271610589761196	1.2970168612192	3.98870832379644
-1.16273746852827	0.946059357595178	1.2664988174258
-2.36514839398795	-0.317387655451286	-0.439459830624857
-4.69367513542382	-0.0152590218966964	-0.985732814526589
-3.52483405813687	-0.564583810177768	-2.84733348592355
-3.92767223620966	-1.2115663385977	-2.48416876478218
-3.57671473258564	-0.210574502174411	-0.885023270008392
0.381475547417411	-0.592050049591821	-0.772106507972839
-1.45571068894484	-0.46997787441825	-0.405889982452125
-1.91042954146639	0.515754940108339	2.24917982757305
-1.6083009079118	0.408941786831464	3.35088120851453
-1.61440451667048	0.967421988250553	3.51262684061952
0.204470893415732	1.40383001449607	4.60822461280232
0.347905699244678	1.95620660715648	6.32944228274968
3.98870832379644	3.09758144502937	8.25207904173343
1.74868390936141	1.70901045243	6.00289921416037
1.15968566414893	2.24002441443503	7.17479209582666
1.35805294880598	1.40993362325475	5.31013962005035
0.46997787441825	1.48317692835889	4.74860761425193
-0.762951094834821	0.503547722590982	5.33150225070573
-2.70389868009461	-0.222781719691768	4.19317921721218
-1.91348134584573	-0.106813153276875	3.76592660410468
-0.970473792629892	-1.32143129625391	2.54215304798962
-1.88906691081102	-0.405889982452125	2.65506981002518
-2.5787747005417	-0.686655985351339	2.93888761730373
-4.19928282597086	0.439459830624857	5.8808270389868
-2.83817807278553	1.17494468604562	7.6752880140383
-4.02227817196918	1.23292896925307	6.5491721980621
-2.99992370489052	2.14541847867552	6.14328221560998
-1.35805294880598	2.21560997940032	4.19317921721218
-1.14137483787289	2.51468680857557	2.34378576333257
-2.81071183337148	2.4933241779202	2.12405584802014
-3.42717631799802	2.87479972533761	1.93789578088045
-3.74761577782864	1.59609369039445	2.92668039978637
-4.10467689021134	2.9907682917525	2.26443884946975
-3.46074616617075	2.08743419546807	2.03860532539864
-0.900282291905089	2.33463035019455	2.74662394140536
-2.69169146257725	2.24612802319371	2.15762569619287
-2.97245746547646	1.86770428015564	1.38857099259937
-2.30106050202182	2.13321126115816	3.04264896620127
-2.98771648737316	2.28274967574578	2.27054245822843
-2.38345922026398	2.61539635309377	2.30411230640116
-1.56862745098039	2.69169146257725	2.42313267719539
-1.538109407187	2.95719844357977	2.35904478522927
-0.201419089036393	3.53704127565423	3.10673685816739
-0.46997787441825	3.54619668879225	3.99481193255512
-2.35904478522927	3.10063324940871	5.2124818799115
-1.84634164950027	3.47600518806744	6.34775310902571
-2.221713588159	2.47196154726482	5.06599526970321
-0.875867856870375	3.25627527275502	4.77607385366598
-1.35805294880598	3.1464103150988	4.25421530479896
-0.671396963454643	3.61638818951705	4.24505989166094
-1.17494468604562	3.77203021286336	5.02327000839246
-0.790417334248875	3.72014953841459	4.35492484931716
-1.90737773708705	3.39971007858396	3.13115129320211
-1.4373998626688	1.16578927290761	3.08537422751202
-0.820935378042267	2.01113908598459	2.69474326695659
-3.21965362020295	0.89723048752575	1.2970168612192
-4.26642252231632	-0.744640268558785	0.338750286106661
-5.53597314412146	0.820935378042267	0.622568093385214
-5.8655680170901	0.189211871519036	-0.454718852521553
-5.06599526970321	-0.0122072175173571	-0.119020370794232
-3.63164721141375	0.485236896314946	0.994888227664607
-2.43228809033341	-0.216678110933089	3.53398947127489
-2.85648889906157	0.68055237659266	5.52986953536278
-1.01625085831998	0.900282291905089	5.93575951781491
-3.09758144502937	2.21560997940032	5.31013962005035
-2.83207446402686	2.14541847867552	4.04364080262455
-2.81071183337148	1.58693827725643	3.78118562600137
-4.45868619821469	1.78835736629282	2.99992370489052
-5.58785381857023	1.18410009918364	1.52895399404898
-3.95208667124437	1.69069962615396	1.91653315022507
-4.41596093690394	1.20851453421836	2.39871824216068
-5.6244754711223	1.37636377508202	2.62760357061112
-4.56549935149157	1.62050812542916	3.33562218661784
-3.13420309758144	1.91958495460441	3.84222171358816
-2.40482185091936	2.04165712977798	3.30205233844511
-3.60112916762036	1.49538414587625	3.26543068589303
-3.87884336614023	1.41603723201343	3.28679331654841
-3.12809948882277	2.51468680857557	2.6642252231632
-4.27557793545434	2.85038529030289	2.53604943923095
-4.53803311207752	2.1515220874342	2.80155642023346
-4.19928282597086	2.08438239108873	3.80560006103609
-5.92660410467689	1.51674677653162	3.90630960555428
-6.46982528419928	1.02845807583734	5.00495918211643
-5.62142366674296	0.183108262760357	1.89822232394903
-7.12291142137789	-0.0885023270008393	3.20134279392691
-5.95407034409094	0.579842832074464	1.5533684290837
-3.5034714274815	0.820935378042267	1.34889753566796
-3.21660181582361	1.60524910353246	1.45571068894484
-3.61638818951705	1.47096971084154	2.21255817502098
-4.44037537193866	1.74258030060273	3.35393301289387
-2.81071183337148	2.13931486991684	4.60822461280232
-3.79644464789807	0.759899290455482	3.84222171358816
-3.32341496910048	0.109864957656214	2.92973220416571
-2.97245746547646	0.347905699244678	2.27664606698711
-3.47295338368811	1.71511406118868	1.34889753566796
-1.73342488746471	0.708018616006714	0.460822461280232
-0.854505226215	1.46181429770352	2.19119554436561
-1.35500114442664	1.30312046997787	3.31425955596246
-2.91752498664836	-0.317387655451286	1.36415655756466
-2.84733348592355	0.320439459830625	2.68253604943923
-4.05279621576257	0.189211871519036	1.58999008163577
-3.97650110627909	0.393682764934768	2.0355535210193
-3.90936140993362	1.50453955901427	2.98161287861448
-2.78324559395743	0.262455176623178	2.25223163195239
-1.70595864805066	0.201419089036393	2.221713588159
-2.83207446402686	-0.064087891966125	1.99588006408789
-5.02021820401312	-1.59609369039445	2.32547493705653
-5.22774090180819	-1.67544060425727	2.28580148012512
-6.19516289005875	-1.85549706263828	0.830090791180285
-5.27351796749828	-1.19935912108034	2.31937132829786
-3.72320134279393	-0.558480201419089	0.634775310902571
-3.62554360265507	-1.23292896925307	-0.369268329900053
-2.58487830930037	-1.17494468604562	1.2664988174258
-3.10673685816739	-1.9501029983978	0.985732814526589
-4.34882124055848	-2.62760357061112	1.28480964370184
-4.5990691996643	-1.98672465094987	0.933852140077821
-6.25619897764553	-1.59609369039445	-0.131227588311589
-5.1972228580148	-0.790417334248875	0.729381246662089
-3.12504768444343	0.466926070038911	1.04982070649271
-3.03044174868391	1.87380788891432	1.6937514305333
-2.44144350347143	0.59510185397116	1.25123979552911
-3.66826886396582	-0.521858548867018	-0.442511635004196
-1.97756923781186	0.473029678797589	2.20035095750362
-3.24101625085832	0.149538414587625	2.4933241779202
-2.02334630350195	1.93789578088045	3.5034714274815
-0.021362630655375	2.50858319981689	4.26031891355764
1.69680323491264	2.56961928740368	4.15655756466011
1.84939345387961	3.13115129320211	2.99992370489052
-0.125123979552911	2.10574502174411	1.99893186846723
0.98268101014725	2.73746852826734	2.24917982757305
0.72327763790341	2.45059891660945	3.06706340123598
-0.314335851071946	3.05180437933928	4.09246967269398
1.10475318532082	2.93583581292439	3.6743724727245
0.68055237659266	0.93690394445716	2.62455176623178
1.367208361944	0.814831769283589	2.57572289616236
0.564583810177768	0.866712443732357	2.06912336919203
1.89822232394903	0.9399557488365	2.56046387426566
2.32852674143587	2.07522697795071	4.15960936903944
0.259403372243839	1.53505760280766	5.34370946822309
0.350957503624018	0.784313725490196	5.38643472953384
0.933852140077821	-0.460822461280232	4.33661402304112
0.0823987182421607	-1.30617227435721	3.54009308003357
0.408941786831464	-1.85549706263828	2.43228809033341
0.759899290455482	-1.74563210498207	1.88296330205234
-0.0823987182421607	-1.39772640573739	2.04470893415732
1.0406652933547	-2.26443884946975	2.20035095750362
1.30922407873655	-1.84328984512093	1.86160067139696
1.05287251087205	-1.21461814297704	1.73647669184405
3.29594872968643	-0.881971465629053	2.95414663920043
2.4628061341268	-0.421149004348821	2.95719844357977
3.01213092240787	0.115968566414893	3.15251392385748
2.82902265964752	0.485236896314946	3.93682764934768
1.8097199969482	1.58388647287709	1.95925841153582
1.64797436484321	-0.244144350347143	1.92263675898375
1.32753490501259	1.27565423056382	3.29900053406577
1.76089112687877	0.772106507972839	3.25627527275502
0.827038986800946	1.28786144808118	3.43938353551537
2.10269321736477	1.42214084077211	5.18806744487678
2.38345922026398	1.01930266269932	5.05073624780652
-0.112916762035554	2.04165712977798	4.77302204928664
0.888075074387732	2.16372930495155	5.23689631494621
1.37331197070268	1.43129625391012	4.46784161135271
0.778210116731518	1.7242694743267	4.10467689021134
3.29900053406577	1.2970168612192	4.50751506828412
2.62760357061112	1.76699473563745	5.18196383611811
2.68558785381857	2.34683756771191	4.8401617456321
1.01930266269932	1.02845807583734	4.31830319676509
2.28885328450446	2.58487830930037	4.5838101777676
0.790417334248875	1.80056458381018	2.67032883192187
-0.344853894865339	1.57778286411841	0.582894636453803
0.149538414587625	0.482185091935607	0.103761348897536
1.88906691081102	-0.354009308003357	0.183108262760357
1.59304188601511	-0.186160067139696	1.87380788891432
2.32547493705653	0.064087891966125	2.78934920271611
3.68352788586252	-0.262455176623178	2.15762569619287
3.79644464789807	0.744640268558785	1.73037308308537
2.60318913557641	1.76089112687877	1.59914549477379
2.51773861295491	1.15968566414893	2.06301976043336
2.79850461585412	1.22072175173571	4.49530785076677
3.60112916762036	1.93484397650111	6.41489280537118
4.15960936903944	2.44754711223011	9.75967040512703
3.89715419241627	2.44449530785077	7.77904936293584
5.47493705653468	2.25833524071107	6.70481422140841
6.36911573968109	2.79850461585412	6.2928206301976
5.88998245212482	2.31631952391852	6.67734798199435
5.08430609597925	2.63675898374914	6.83604180972
5.23994811932555	2.19424734874495	6.96726939803159
4.45258258945602	1.93179217212177	8.0872816052491
1.91348134584573	2.62760357061112	7.41588464179446
1.61135271229114	2.2369726100557	7.27244983596551
0.408941786831464	1.9653620202945	5.41084916456855
2.11184863050278	3.45464255741207	6.9916838330663
1.24818799114977	2.99382009613184	5.73128862439918
2.24917982757305	2.75883115892271	4.49835965514611
2.85343709468223	2.27359426260777	4.95307850766766
3.89715419241627	2.43533989471275	4.45868619821469
2.81376363775082	1.13832303349355	2.61844815747311
1.7792019531548	0.955214770733196	2.09353780422675
0.619516289005875	-0.512703135729	0.985732814526589
2.55436026550698	-0.857557030594339	2.75272755016403
3.21355001144427	-0.823987182421607	3.35393301289387
4.07721065079728	-0.436408026245518	3.68657969024186
4.15350576028077	0.375371938658732	4.30914778362707
2.50247959105821	0.173952849622339	4.49225604638743
2.27054245822843	-0.170901045243	3.20744640268559
1.7792019531548	-1.10475318532082	2.91752498664836
2.8198672465095	-2.11490043488212	2.71610589761196
3.14335851071946	-2.08133058670939	2.81681544213016
4.54718852521553	-1.96231021591516	2.82902265964752
5.13618677042802	-0.103761348897536	4.14129854276341
3.95819028000305	-0.0122072175173571	2.99382009613184
3.72014953841459	0.677500572213321	3.75371938658732
4.05279621576257	1.14747844663157	4.75471122301061
4.52582589456016	0.946059357595178	5.75570305943389
4.22674906538491	0.473029678797589	4.53498130769818
4.98054474708171	0.613412680247196	4.6997787441825
3.17998016327153	0.219729915312428	4.74860761425193
0.4272526131075	0.436408026245518	3.11284046692607
0.833142595559625	-0.0335698481727321	3.20439459830625
1.31532768749523	1.23292896925307	4.31525139238575
3.14946211947814	1.42214084077211	4.58686198214694
2.71610589761196	1.87685969329366	6.00289921416037
2.86869611657893	1.47096971084154	6.01205462729839
2.19729915312428	0.0946059357595178	3.75066758220798
1.71511406118868	-0.912489509422446	4.31219958800641
0.201419089036393	-0.466926070038911	4.96528572518502
0.38452735179675	-0.216678110933089	4.50141145952544
3.17692835889219	-0.448615243762875	4.97749294270237
2.97245746547646	0.152590218966964	5.23384451056687
6.01205462729839	1.28480964370184	6.07614251926451
5.30098420691234	0.933852140077821	5.23384451056687
4.20843823910887	0.900282291905089	6.33554589150835
2.74052033264668	0.137331197070268	5.24299992370489
1.65102616922255	-0.0823987182421607	6.93369954985885
1.06813153276875	-0.308232242313268	7.06492713817044
2.21255817502098	-0.021362630655375	6.44846265354391
1.87685969329366	-1.00404364080262	6.70786602578775
3.04875257495994	-0.155642023346304	5.5237659266041
2.22781719691768	-0.674448767833982	4.22980086976425
1.95925841153582	-0.378423743038071	3.28068970778973
2.38345922026398	-0.170901045243	3.588921950103
1.29396505683986	-0.823987182421607	3.82391088731212
2.8198672465095	-1.11390859845884	3.13115129320211
2.54215304798962	-2.52994583047227	3.24101625085832
2.8900587472343	-2.98466468299382	1.18715190356298
1.92874036774243	-3.18913557640955	0.0671396963454643
2.19729915312428	-3.09452964065003	0.741588464179446
3.43327992675669	-1.91348134584573	1.85854886701762
0.192263675898375	-2.58487830930037	1.54421301594568
1.39162279697871	-0.314335851071946	4.35187304493782
1.17494468604562	-0.9399557488365	3.5034714274815
1.08644235904479	-0.89417868314641	2.89311055161364
3.19829098954757	-0.817883573662928	4.31219958800641
2.56961928740368	-0.628671702143893	2.82597085526818
3.07927061875334	-0.106813153276875	3.45159075303273
2.18814373998627	-0.112916762035554	3.92156862745098
0.259403372243839	-0.177004654001679	4.12603952086671
-1.88906691081102	-0.68055237659266	4.16266117341878
0.177004654001679	-1.16273746852827	4.65400167849241
-0.338750286106661	-0.991836423285267	4.36713206683452
1.21461814297704	-2.51773861295491	3.79949645227741
1.06813153276875	-2.75272755016403	3.67132066834516
1.23903257801175	-0.668345159075303	2.59098191805905
0.314335851071946	-1.54421301594568	3.18303196765087
1.03150988021668	-0.909437705043107	4.3427176317998
1.23598077363241	-1.53505760280766	4.33966582742046
2.25528343633173	-0.781261921110857	6.73228046082246
4.46784161135271	-0.0183108262760357	7.11375600823987
2.42008087281605	-0.140383001449607	4.13214312962539
2.74357213702602	1.196307316701	4.42511635004196
0.961318379491875	2.07217517357137	5.99069199664302
-0.72632944228275	1.01625085831998	5.11482413977264
-0.115968566414893	1.22072175173571	5.12397955291066
-0.265506981002518	-0.585946440833143	5.12703135729
1.98367284657053	-0.677500572213321	4.79438467994202
1.72121766994736	-1.27260242618448	4.12603952086671
1.0955977721828	-1.13527122911421	3.32341496910048
1.54421301594568	-0.671396963454643	2.7191577019913
1.74563210498207	-0.347905699244678	1.21461814297704
-0.161745632104982	0.38452735179675	1.71816586556802
-0.442511635004196	0.64087891966125	2.43839169909209
-0.482185091935607	-1.64797436484321	1.08644235904479
-2.221713588159	-2.34988937209125	0.81177996490425
-2.54520485236896	-3.32036316472114	1.78530556191348
-0.985732814526589	-2.42008087281605	0.845349813076982
0.503547722590982	-2.43839169909209	0.570687418936446
1.49538414587625	-2.42008087281605	2.54215304798962
0.668345159075303	-1.82192721446555	3.14030670634012
1.85244525825895	-2.57572289616236	3.30510414282444
3.15556572823682	-2.050812542916	4.59601739528496
3.37529564354925	-1.40383001449607	4.31830319676509
2.34073395895323	-1.03150988021668	4.03753719386587
2.81376363775082	-0.616464484626535	3.97344930189975
2.02944991226062	-1.00099183642329	2.80155642023346
3.31120775158312	-0.268558785381857	4.72114137483787
1.02235446707866	-1.1810482948043	4.02532997634852
2.92668039978637	-0.0488288700694285	4.16571297779812
2.08743419546807	-0.485236896314946	3.15251392385748
3.51567864499886	0.604257267109178	4.64484626535439
1.67849240863661	0.994888227664607	4.61127641718166
2.94193942168307	1.12916762035554	3.36003662165255
1.56862745098039	1.22987716487373	4.50141145952544
1.18715190356298	1.538109407187	5.14534218356603
0.704966811627375	0.921644922560464	3.87273975738155
0.436408026245518	0.515754940108339	3.588921950103
-0.347905699244678	-0.0976577401388571	3.29289692530709
0.0793469138628214	-0.747692072938125	4.70588235294118
1.98672465094987	0.289921416037232	4.73945220111391
1.84634164950027	0.271610589761196	4.3274586099031
0.961318379491875	1.01625085831998	3.85137712672618
0.747692072938125	0.396734569314107	2.76188296330205
0.268558785381857	0.85145342183566	2.72526131074998
-1.9806210421912	0.173952849622339	2.40482185091936
-1.50453955901427	-0.436408026245518	2.39566643778134
0.622568093385214	-0.363164721141375	4.99580376897841
0.180056458381018	0.0793469138628214	5.84115358205539
0.439459830624857	0.396734569314107	6.14023041123064
1.13832303349355	1.07728694590677	6.2073701075761
0.411993591210803	-0.741588464179446	3.58281834134432
