-1.86770428015564	0.949111161974517	-1.4679179064622
-1.94094758525978	0.762951094834821	-1.82803082322423
-0.909437705043107	0.387579156176089	-1.1108567940795
-0.198367284657053	0.76600289921416	-0.0274662394140536
-0.875867856870375	1.16578927290761	-1.30006866559854
-4.28473334859236	0.59510185397116	-1.65712977798123
-2.09353780422675	1.46181429770352	-0.994888227664607
-1.58999008163577	2.24307621881437	-0.161745632104982
-0.854505226215	3.52178225375753	0.665293354695964
0.0335698481727321	2.7191577019913	1.29396505683986
-1.11696040283818	1.81277180132753	0.781261921110857
-3.8452735179675	0.457770656900893	-2.09048599984741
-1.74258030060273	-0.677500572213321	-0.302128633554589
-2.45975432974746	-1.70290684367132	-1.08339055466545
-5.19417105363546	-2.26138704509041	-1.63576714732586
-2.28580148012512	-1.31227588311589	-1.83108262760357
-0.796520943007553	-1.24818799114977	-0.527962157625696
-3.56450751506828	-1.08339055466545	-1.05897611963073
-3.28374151216907	-1.10780498970016	-1.30922407873655
-2.00503547722591	-1.58999008163577	-1.07423514152743
-0.491340505073625	-1.38857099259937	-1.14442664225223
-0.81177996490425	-2.49637598229953	-2.1515220874342
-3.45769436179141	-2.5787747005417	-3.01213092240787
-1.50148775463493	-2.02639810788128	-4.38849469748989
-0.888075074387732	-1.52895399404898	-2.563515678645
-1.08339055466545	-0.646982528419928	-3.0609597924773
-0.891126878767071	-0.759899290455482	-2.2369726100557
0.488288700694285	0.390630960555428	-1.22072175173571
0.0610360875867857	1.15663385976959	0.579842832074464
-3.49126420996414	1.13527122911421	-0.854505226215
0.561532005798428	-0.408941786831464	-0.357061112382696
-0.537117570763714	-0.0549324788281071	-0.698863202868696
-2.46890974288548	-1.86770428015564	-2.70084687571527
-1.31837949187457	-0.180056458381018	-0.448615243762875
-0.0244144350347143	0.137331197070268	-0.0274662394140536
-1.31837949187457	1.27260242618448	0.268558785381857
0.85145342183566	2.35904478522927	1.29396505683986
1.85854886701762	1.08339055466545	0.372320134279393
2.09048599984741	0.549324788281071	0.332646677347982
2.42923628595407	-0.225833524071107	0.457770656900893
-0.454718852521553	-0.59510185397116	-1.29396505683986
0.686655985351339	0.0518806744487678	0.479133287556268
-2.02944991226062	-1.71511406118868	-1.68764782177462
-3.13725490196078	-2.35294117647059	-2.8351262684062
-1.03150988021668	-2.33463035019455	-3.15251392385748
-1.25734340428779	-2.76493476768139	-2.81376363775082
-2.67338063630121	-3.0060273136492	-2.96025024795911
-2.49637598229953	-3.03654535744259	-2.60624093995575
-2.24612802319371	-3.1616693369955	-3.10063324940871
-3.1616693369955	-2.16372930495155	-1.84634164950027
-4.51667048142214	-1.20546272983902	-1.93789578088045
-4.60212100404364	-0.378423743038071	-3.08842603189136
1.78530556191348	-0.433356221866178	-0.433356221866178
-0.64087891966125	0.064087891966125	-0.0152590218966964
0.68055237659266	-1.11390859845884	-2.38651102464332
3.076218814374	-1.55642023346304	-2.60624093995575
1.7792019531548	-0.628671702143893	-2.43839169909209
0.527962157625696	0.875867856870375	-1.03150988021668
0.241092545967803	1.54726482032502	0.701915007248035
0.708018616006714	0.888075074387732	-1.08339055466545
-0.955214770733196	0.277714198519875	1.58999008163577
-2.88395513847562	-0.0610360875867857	-1.2970168612192
-3.53704127565423	-1.31532768749523	-2.5482566567483
-5.08430609597925	-0.704966811627375	-2.77409018081941
-3.86053253986419	-0.695811398489357	-2.67338063630121
-2.50553139543755	-0.265506981002518	-3.24406805523766
-3.01518272678721	-0.558480201419089	-2.72831311512932
0.930800335698482	-0.225833524071107	-3.8452735179675
1.67238879987793	-0.689707789730678	-1.69985503929198
2.21866178377966	-1.17189288166629	-2.44144350347143
2.1210040436408	-0.552376592660411	-0.173952849622339
1.49233234149691	0.164797436484321	-0.259403372243839
-2.16067750057221	-0.238040741588464	-0.38452735179675
4.26947432669566	-0.173952849622339	0.946059357595178
1.77309834439612	-0.405889982452125	1.29091325246052
1.025406271458	-0.55542839703975	4.34882124055848
3.47905699244678	-0.701915007248035	2.02639810788128
-0.00915541313801785	-0.848401617456321	2.563515678645
-0.338750286106661	-0.238040741588464	3.85442893110552
-0.04272526131075	1.20851453421836	2.66117341878386
2.41092545967803	1.24208438239109	0.933852140077821
3.61028458075837	1.47096971084154	1.78835736629282
3.82391088731212	3.0060273136492	3.24101625085832
2.07522697795071	3.90325780117494	0.50965133134966
0.985732814526589	3.52483405813687	2.02029449912261
-0.695811398489357	3.59197375448234	1.96231021591516
-0.701915007248035	2.54520485236896	0.534065766384375
-1.16578927290761	1.76699473563745	0.430304417486839
-1.24818799114977	-0.0946059357595178	-0.970473792629892
-0.68055237659266	-1.55947203784237	-1.78225375753414
-2.05386434729534	-1.4679179064622	-1.2817578393225
-1.85854886701762	-1.11696040283818	-1.95620660715648
-4.91340505073625	-1.59609369039445	-2.58487830930037
3.43022812237736	-1.45876249332418	0.567635614557107
0.396734569314107	-1.10170138094148	-1.45876249332418
0.152590218966964	-0.524910353246357	0.262455176623178
1.8646524757763	-1.27565423056382	0.93690394445716
-0.234988937209125	-2.10879682612345	0.735484855420768
-1.34279392690929	-1.66323338673991	-0.930800335698482
1.39162279697871	-0.390630960555428	1.81277180132753
-0.476081483176928	-1.2817578393225	1.93484397650111
2.8198672465095	0.280766002899214	-0.405889982452125
4.04669260700389	1.19020370794232	3.64995803768978
2.83817807278553	1.39772640573739	3.66216525520714
1.73952849622339	2.70389868009461	3.12809948882277
3.30205233844511	2.38651102464332	1.32143129625391
1.80361638818952	0.878919661249714	-0.823987182421607
-0.204470893415732	-0.0915541313801785	-1.8097199969482
2.32547493705653	1.38551918822004	-0.918593118181125
1.33669031815061	-0.357061112382696	-0.253299763485161
-3.83306630045014	-1.36415655756466	-0.0610360875867857
3.27458609903105	-0.81177996490425	1.06202792401007
4.29083695735103	0.0457770656900893	2.19729915312428
4.09552147707332	1.05897611963073	1.46486610208286
4.74860761425193	0.97962920576791	1.31227588311589
4.58686198214694	2.27664606698711	1.10170138094148
4.63263904783703	3.3173113603418	0.424200808728161
2.67948424505989	4.55024032959487	1.42824444953079
3.25017166399634	4.09857328145266	-2.21866178377966
2.70084687571527	2.46890974288548	0.12817578393225
3.10368505378805	3.82696269169146	0.149538414587625
1.80056458381018	1.30617227435721	2.13015945677882
1.04982070649271	0.64087891966125	3.40581368734264
0.210574502174411	-0.827038986800946	1.82497901884489
-0.0274662394140536	-0.985732814526589	0.793469138628214
0.292973220416571	-0.796520943007553	0.302128633554589
0.607309071488518	-0.97962920576791	-0.814831769283589
0.933852140077821	0.241092545967803	0.238040741588464
0.369268329900053	-0.756847486076142	-2.050812542916
0.918593118181125	-0.72632944228275	-0.460822461280232
-0.973525597009232	0.109864957656214	-1.367208361944
1.58693827725643	-0.909437705043107	-2.40177004654002
1.51369497215228	-0.952162966353857	-0.921644922560464
0.0122072175173571	-1.80361638818952	-2.59098191805905
0.891126878767071	-1.94705119401846	-1.09864957656214
0.274662394140536	-3.37529564354925	-2.80155642023346
-0.524910353246357	-1.51064316777295	-3.39665827420462
-0.622568093385214	-2.62149996185245	-0.308232242313268
-1.4373998626688	-1.10170138094148	-0.59510185397116
1.90127412832837	0.756847486076142	1.10780498970016
0.775158312352178	0.228885328450446	1.11390859845884
0.329594872968643	0.149538414587625	2.93583581292439
2.09658960860609	0.265506981002518	2.77714198519875
1.73342488746471	-0.830090791180285	0.564583810177768
1.17189288166629	-1.0955977721828	0.863660639353018
2.78019378957809	-1.23903257801175	0.454718852521553
4.80048828870069	0.643930724040589	0.0610360875867857
2.12710765239948	-0.192263675898375	-1.82803082322423
-2.62760357061112	-0.729381246662089	-2.06301976043336
6.09445334554055	-0.344853894865339	-0.63782711528191
3.89715419241627	0.323491264209964	-0.582894636453803
3.24101625085832	-0.344853894865339	-0.72632944228275
2.24307621881437	0.72327763790341	-0.823987182421607
0.695811398489357	0.167849240863661	0.814831769283589
1.25429159990845	0.59510185397116	0.173952849622339
-2.95414663920043	-0.830090791180285	-0.866712443732357
-4.05889982452125	-3.22880903334096	-2.21255817502098
-1.9653620202945	-2.67643244068055	-3.14335851071946
0.93690394445716	-2.35599298084993	-1.2664988174258
-0.274662394140536	-2.25223163195239	-1.39467460135805
-2.63065537499046	-2.48111696040284	-1.87685969329366
1.8097199969482	-0.796520943007553	0.0762951094834821
-0.482185091935607	-0.448615243762875	-0.308232242313268
-2.41397726405737	-0.228885328450446	-0.662241550316625
2.54520485236896	-0.973525597009232	-0.80872816052491
-0.354009308003357	0.0122072175173571	-0.183108262760357
1.62661173418784	-0.762951094834821	-0.357061112382696
2.09048599984741	-0.537117570763714	0.762951094834821
1.87075608453498	-0.021362630655375	0.759899290455482
0.0488288700694285	-2.23086900129702	-2.01724269474327
-2.54215304798962	-1.29091325246052	0.0457770656900893
0.531013962005035	-2.28885328450446	-1.25429159990845
-0.0885023270008393	-1.59609369039445	-2.63065537499046
-0.473029678797589	-0.653086137178607	1.84023804074159
1.05897611963073	-1.50453955901427	3.40886549172198
1.03761348897536	-0.604257267109178	2.89616235599298
2.02639810788128	-0.753795681696803	2.65506981002518
0.625619897764553	-0.164797436484321	2.87479972533761
0.976577401388571	1.10475318532082	0.970473792629892
2.00198367284657	1.10780498970016	-1.01930266269932
-0.656137941557946	1.74563210498207	-1.08033875028611
-2.69169146257725	0.805676356145571	-0.552376592660411
4.66315709163043	0.796520943007553	-1.33363851377127
1.76394293125811	0.454718852521553	-0.375371938658732
2.08438239108873	1.06507972838941	-1.20851453421836
3.78118562600137	1.62661173418784	1.12916762035554
1.97146562905318	2.21866178377966	1.1108567940795
-0.866712443732357	0.836194399938964	0.524910353246357
-1.40688181887541	1.0101472495613	-1.09254596780346
-2.96635385671778	0.177004654001679	0.823987182421607
-1.52590218966964	0.192263675898375	-0.537117570763714
-3.30815594720378	-1.4679179064622	-1.27565423056382
-5.23384451056687	-0.781261921110857	0.793469138628214
-1.68154421301595	-1.74563210498207	-1.26955062180514
-2.68558785381857	-1.69985503929198	-0.830090791180285
-2.38040741588464	-1.31532768749523	-0.314335851071946
-0.750743877317464	0.234988937209125	-0.454718852521553
-1.01625085831998	0.158693827725643	-3.40886549172198
-0.543221179522393	1.12306401159686	0.89417868314641
-3.69878690775921	1.79140917067216	-0.869764248111696
3.93377584496834	2.53604943923095	0.375371938658732
1.92263675898375	2.54215304798962	1.36415655756466
0.439459830624857	2.01419089036393	1.21461814297704
0.735484855420768	1.85854886701762	-0.0152590218966964
1.81277180132753	1.93484397650111	-0.59510185397116
-1.18715190356298	1.367208361944	0.576791027695125
0.0183108262760357	-0.158693827725643	-0.881971465629053
0.0488288700694285	-0.186160067139696	-1.54726482032502
-1.36110475318532	-1.58083466849775	0.85145342183566
-1.44350347142748	-0.558480201419089	0.482185091935607
-0.521858548867018	-0.259403372243839	0.204470893415732
-2.04165712977798	0.753795681696803	0.262455176623178
-1.64797436484321	1.83108262760357	2.26749065384909
-0.0610360875867857	2.6642252231632	-0.146486610208286
1.82803082322423	2.18204013122759	-0.0579842832074464
-2.22476539253834	2.67643244068055	0.219729915312428
3.1464103150988	3.28679331654841	-0.00915541313801785
2.14847028305486	3.28679331654841	1.15968566414893
2.84122987716487	3.03349355306325	0.717174029144732
2.96940566109712	3.19218738078889	1.29091325246052
4.08941786831464	3.24101625085832	1.45876249332418
3.75677119096666	2.71000228885328	-0.476081483176928
2.85648889906157	2.59098191805905	-0.64087891966125
5.06904707408255	3.54619668879225	1.7944609750515
4.02227817196918	2.82291905088884	-2.51468680857557
2.18204013122759	2.49942778667887	-0.735484855420768
1.12001220721752	1.48622873273823	-2.050812542916
-1.17189288166629	1.56252384222171	-2.33157854581521
1.22072175173571	0.872816052491035	-3.66521705958648
2.51163500419623	0.607309071488518	-2.9907682917525
2.59403372243839	1.72732127870604	-1.03456168459602
3.08537422751202	0.146486610208286	-1.74258030060273
0.369268329900053	1.19020370794232	-1.16273746852827
-2.14847028305486	-0.732433051041428	-2.87174792095827
1.11696040283818	-0.0610360875867857	-1.84634164950027
-3.02128633554589	-0.784313725490196	-1.59609369039445
1.48317692835889	0.549324788281071	-3.3173113603418
0.927748531319142	0.207522697795071	-1.83718623636225
1.64797436484321	2.48111696040284	-2.42618448157473
2.14541847867552	1.70595864805066	0.781261921110857
2.78629739833677	2.95414663920043	-0.63782711528191
6.11581597619593	2.71610589761196	-0.302128633554589
5.6244754711223	3.25627527275502	1.61745632104982
2.51468680857557	1.94399938963912	-1.49538414587625
0.827038986800946	0.674448767833982	-3.99786373693446
-1.88296330205234	-0.372320134279393	-6.9764248111696
-4.01312275883116	-2.27359426260777	-8.29175249866484
-3.68657969024186	-1.80056458381018	-7.52269779507134
-1.66628519111925	-1.10475318532082	-5.27962157625696
-1.31532768749523	-1.14442664225223	-5.3833829251545
-3.74761577782864	-0.155642023346304	-3.588921950103
-2.85038529030289	0.762951094834821	-3.96429388876173
0.698863202868696	2.54215304798962	-0.622568093385214
1.84023804074159	3.02433813992523	-2.49637598229953
2.71610589761196	3.15251392385748	-2.88090333409628
3.15556572823682	3.94293125810636	-3.06706340123598
2.74357213702602	3.07927061875334	-5.19111924925612
2.40177004654002	2.62760357061112	-6.56748302433814
-0.115968566414893	0.238040741588464	-4.69367513542382
0.241092545967803	0.103761348897536	-2.83207446402686
0.543221179522393	-0.704966811627375	-1.42824444953079
-1.59304188601511	-0.878919661249714	0.497444113832303
-2.72220950637064	-1.78835736629282	0.228885328450446
-2.16983291371023	-1.33669031815061	-1.37331197070268
-1.00099183642329	-0.93690394445716	-0.756847486076142
-2.62760357061112	-1.92874036774243	-4.51667048142214
-2.33768215457389	-3.00907911802853	-5.42610818646525
-5.26436255436027	-2.81681544213016	-4.53498130769818
-3.48210879682612	-1.51674677653162	-6.61631189440757
-3.53093766689555	-3.35088120851453	-7.55016403448539
-5.68856336308843	-2.08743419546807	-7.77294575417716
-0.50965133134966	-1.10780498970016	-8.30090791180285
2.85954070344091	0.207522697795071	-10.7118333714809
0.863660639353018	0.360112916762036	-6.2073701075761
2.60318913557641	2.01419089036393	-5.62752727550164
2.91447318226902	3.08842603189136	-2.78019378957809
1.93789578088045	3.47295338368811	-0.283817807278553
2.32852674143587	1.74868390936141	-2.53604943923095
0.360112916762036	0.885023270008392	-1.83413443198291
1.00709544518196	0.167849240863661	-2.31021591515984
2.04165712977798	-0.750743877317464	-2.41702906843671
1.54421301594568	-1.36110475318532	-4.26642252231632
0.0366216525520714	-1.86160067139696	-1.69680323491264
-3.27763790341039	-2.6337071793698	-2.81071183337148
-6.29892423895628	-2.78629739833677	-3.94598306248569
-4.24505989166094	-2.93888761730373	-4.88288700694286
-0.177004654001679	-1.89211871519036	-2.56656748302434
-0.00610360875867857	-1.14747844663157	-4.07110704203861
3.7445639734493	-1.33363851377127	-4.65094987411307
5.80758373388266	0.820935378042267	-0.772106507972839
4.59296559090562	1.40993362325475	-0.662241550316625
3.03959716182193	2.84428168154421	-0.567635614557107
2.20340276188296	3.83306630045014	-0.173952849622339
2.7191577019913	3.26848249027237	-2.01724269474327
2.9755092698558	2.61234454871443	-2.33463035019455
0.506599526970321	1.58388647287709	-4.23590447852293
-0.234988937209125	1.30312046997787	-3.49431601434348
-1.3824673838407	0.244144350347143	-2.42618448157473
-2.76188296330205	-0.860608834973678	-1.07423514152743
-1.63576714732586	-1.025406271458	-2.48111696040284
-2.13015945677882	-1.35805294880598	-2.05996795605402
-6.3080796520943	-1.73037308308537	-3.21355001144427
-0.347905699244678	-1.88906691081102	-3.67742427710384
-0.759899290455482	-1.59914549477379	-5.52986953536278
-1.37941557946136	-1.87075608453498	-5.35591668574044
-1.03761348897536	-1.61745632104982	-7.04661631189441
4.21149004348821	-1.66018158236057	-5.40779736018921
2.24307621881437	-1.06202792401007	-1.77004654001678
1.24208438239109	0.292973220416571	-3.57671473258564
3.24101625085832	1.96231021591516	-2.20950637064164
1.58388647287709	3.31120775158312	-1.8097199969482
3.87884336614023	4.41596093690394	-0.228885328450446
1.40077821011673	5.79842832074464	-0.375371938658732
3.71099412527657	6.13412680247196	0.497444113832303
4.55329213397421	6.69565880827039	-0.134279392690929
3.01213092240787	5.85030899519341	1.18410009918364
1.59914549477379	5.34065766384375	-0.021362630655375
-1.0406652933547	5.23994811932555	1.00099183642329
4.9408712901503	5.32539864194705	0.186160067139696
2.03250171663996	6.0364690623331	0.109864957656214
2.15762569619287	5.13923857480736	0.924696726939803
2.97856107423514	3.57976653696498	-0.772106507972839
2.09658960860609	1.28480964370184	-0.216678110933089
-0.137331197070268	0.186160067139696	-0.0457770656900893
1.30312046997787	-0.692759594110018	-0.0701915007248035
1.04982070649271	-1.77004654001678	-1.63271534294652
2.88700694285496	-1.83413443198291	-1.90737773708705
1.16273746852827	-3.56450751506828	-5.07209887846189
-0.814831769283589	-4.45868619821469	-4.44647898069734
-2.21866178377966	-3.90020599679561	-4.57160296025025
-0.952162966353857	-2.96330205233845	-2.81681544213016
-2.68253604943923	-2.5787747005417	-4.22064545662623
-3.16472114137484	-1.2970168612192	-3.46990157930877
-1.9653620202945	0.518806744487678	-0.650034332799268
3.37834744792859	0.375371938658732	-3.02433813992523
1.12916762035554	1.61440451667048	0.0488288700694285
2.53910124361028	2.35904478522927	-0.546272983901732
3.49736781872282	3.70489051651789	-0.253299763485161
2.57267109178302	3.14335851071946	0.839246204318303
-1.15663385976959	1.7944609750515	-1.51064316777295
-3.18913557640955	0.527962157625696	-3.35698481727321
-3.14030670634012	0.869764248111696	-2.09353780422675
-1.4373998626688	-0.225833524071107	-2.31631952391852
0.72327763790341	-0.286869611657893	-0.991836423285267
-2.90226596475166	0.50965133134966	-0.250247959105821
1.2817578393225	1.69680323491264	0.546272983901732
3.00297550926986	1.36110475318532	-0.0854505226215
1.11696040283818	0.747692072938125	-0.186160067139696
0.0152590218966964	0.463874265659571	-0.0549324788281071
0.814831769283589	1.87685969329366	1.7944609750515
7.47386892500191	2.18204013122759	3.18608377203021
5.810635538262	4.01312275883116	4.52582589456016
8.88380254825666	4.33966582742046	5.31013962005035
8.43213550011444	4.43427176317998	5.3528648813611
5.16060120546273	4.92866407263294	3.58281834134432
2.8900587472343	3.21660181582361	3.67742427710384
0.796520943007553	3.05180437933928	3.99481193255512
0.842298008697642	3.03044174868391	2.70084687571527
1.40383001449607	3.25322346837568	3.1464103150988
1.05592431525139	3.05180437933928	2.14847028305486
1.3519493400473	4.0009155413138	3.48210879682612
0.588998245212482	3.73235675593194	2.74052033264668
1.89822232394903	2.38651102464332	4.29083695735103
1.49843595025559	1.60524910353246	1.78530556191348
-2.51163500419623	-0.473029678797589	1.83413443198291
5.63668268863966	-1.94399938963912	-0.125123979552911
0.561532005798428	-1.6388189517052	0.558480201419089
2.35294117647059	-2.221713588159	-2.07522697795071
2.15762569619287	-1.49843595025559	1.79751277943084
2.68253604943923	-1.57167925535973	1.15968566414893
1.96841382467384	-1.2970168612192	2.38956282902266
2.84428168154421	0.152590218966964	4.03143358510719
1.87075608453498	0.100709544518196	2.16067750057221
3.10063324940871	1.80361638818952	1.92263675898375
2.20035095750362	2.51163500419623	0.262455176623178
1.24818799114977	1.33974212252995	0.738536659800107
0.2563515678645	2.44449530785077	-0.170901045243
3.56755931944762	1.57778286411841	-1.61135271229114
5.69771877622644	1.77309834439612	3.04570077058061
5.71908140688182	2.62455176623178	1.78530556191348
2.96635385671778	3.36614023041123	1.11696040283818
11.3862821393149	4.06805523765927	3.50957503624018
5.34676127260243	4.05279621576257	0.805676356145571
7.46471351186389	3.64690623331044	3.61943999389639
6.61326009002823	3.47295338368811	0.72327763790341
6.48508430609598	2.6337071793698	-1.34584573128862
3.08842603189136	0.695811398489357	0.274662394140536
3.24406805523766	-0.674448767833982	-1.06813153276875
2.09658960860609	-1.42214084077211	-2.55130846112764
3.80254825665675	-2.48722056916152	-1.4373998626688
2.76798657206073	-0.848401617456321	-0.747692072938125
3.44243533989471	0	0.296025024795911
3.21355001144427	0.463874265659571	0.628671702143893
3.12809948882277	0.415045395590143	1.61745632104982
2.69474326695659	0.830090791180285	2.5482566567483
3.95819028000305	0.875867856870375	1.73342488746471
0.134279392690929	0.219729915312428	0.5981536583505
-1.28786144808118	1.27565423056382	2.8351262684062
5.54512855725948	2.30411230640116	-1.69069962615396
1.59914549477379	2.05691615167468	2.88700694285496
3.04264896620127	3.68047608148318	2.91142137788968
5.27351796749828	2.77409018081941	1.75478751812009
4.89204242008087	0.817883573662928	2.05996795605402
3.03349355306325	1.78835736629282	2.33157854581521
2.4078736552987	2.06912336919203	1.78225375753414
4.55939574273289	1.1810482948043	0.512703135729
3.92767223620966	0.817883573662928	0.714122224765393
1.68764782177462	1.96231021591516	0.869764248111696
3.27763790341039	1.11696040283818	1.78835736629282
3.71709773403525	0.219729915312428	1.49233234149691
3.12809948882277	1.01930266269932	3.40581368734264
0.0610360875867857	2.76188296330205	3.59807736324102
5.61837186236362	2.31326771953918	2.3071641107805
2.05996795605402	2.17288471808957	2.98466468299382
1.65102616922255	2.62149996185245	2.39871824216068
4.19623102159152	2.64286259250782	4.05584802014191
4.23285267414359	3.04875257495994	3.59502555886168
4.33356221866178	3.36003662165255	2.89311055161364
1.50148775463493	2.76493476768139	2.50858319981689
2.98161287861448	2.21866178377966	-1.38857099259937
2.82597085526818	2.4078736552987	-0.344853894865339
4.98359655146105	2.05691615167468	-0.854505226215
2.44754711223011	1.68764782177462	-0.0396734569314107
4.69672693980316	1.40077821011673	1.81277180132753
5.68551155870909	2.06301976043336	2.72831311512932
3.64385442893111	1.61135271229114	2.08133058670939
4.43732356755932	2.49637598229953	2.25528343633173
1.67238879987793	1.12001220721752	0.387579156176089
-1.23903257801175	1.025406271458	0.762951094834821
-2.19424734874495	0.891126878767071	-0.613412680247196
4.21759365224689	0.793469138628214	-3.94903486686503
-1.37331197070268	-0.115968566414893	1.17189288166629
4.17486839093614	0.04272526131075	0.515754940108339
5.94796673533227	0.540169375143053	1.90737773708705
4.24505989166094	1.00099183642329	4.56549935149157
3.97650110627909	1.31837949187457	4.78828107118334
5.13618677042802	2.13931486991684	4.16266117341878
4.09246967269398	0.781261921110857	3.75371938658732
3.32646677347982	2.03860532539864	2.69779507133593
3.8300144960708	1.22987716487373	4.60212100404364
5.36202029449912	1.44655527580682	4.30304417486839
2.82291905088884	0.833142595559625	0.85145342183566
6.82993820096132	1.92874036774243	-0.064087891966125
5.38948653391318	1.24513618677043	1.33974212252995
2.34378576333257	2.96025024795911	-1.05287251087205
2.53299763485161	2.75883115892271	0.451667048142214
5.30098420691234	2.15457389181353	3.07316700999466
2.1515220874342	2.18814373998627	1.40077821011673
2.19424734874495	3.00297550926986	2.4780651560235
3.03654535744259	3.25322346837568	2.53910124361028
2.59403372243839	2.4078736552987	2.8351262684062
1.51674677653162	2.62149996185245	3.89410238803693
1.25734340428779	3.15556572823682	3.33562218661784
1.05287251087205	2.57572289616236	1.16578927290761
3.930724040589	2.12405584802014	0.0549324788281071
4.43732356755932	2.15762569619287	0.81177996490425
2.99382009613184	1.3824673838407	-1.93789578088045
3.25322346837568	1.7944609750515	-0.372320134279393
4.87373159380484	2.29495689326314	0.924696726939803
2.49637598229953	0.625619897764553	0.38452735179675
2.5482566567483	1.3519493400473	-1.66018158236057
1.64187075608453	1.53505760280766	-3.03654535744259
-0.616464484626535	2.05691615167468	1.16273746852827
4.62653543907836	1.79140917067216	0.0885023270008393
2.4780651560235	2.59098191805905	-1.03150988021668
2.06301976043336	2.35599298084993	2.79545281147478
4.92866407263294	1.09864957656214	-0.695811398489357
2.34988937209125	1.07118333714809	0.125123979552911
2.27359426260777	2.02944991226062	-0.192263675898375
3.02128633554589	2.04165712977798	0.122072175173571
3.37529564354925	4.03448538948653	3.2318608377203
4.38239108873121	4.49225604638743	1.90737773708705
2.94499122606241	5.73434042877852	5.27046616311894
2.89616235599298	5.64278629739834	4.23285267414359
4.2572671091783	4.6997787441825	4.37628747997253
3.81170366979477	4.98359655146105	1.92568856336309
3.96734569314107	3.77203021286336	4.77302204928664
1.3519493400473	3.5736629282063	1.01625085831998
8.64881361104753	2.15762569619287	2.59098191805905
5.48104066529335	1.81582360570687	0.775158312352178
4.92561226825361	1.24818799114977	0.354009308003357
7.40672922865644	0.140383001449607	-1.367208361944
5.82284275577935	-0.0762951094834821	-1.14137483787289
3.11894407568475	0.686655985351339	-1.16273746852827
3.13420309758144	1.26039520866712	0.131227588311589
0.515754940108339	0.46997787441825	0.50965133134966
2.00808728160525	2.08438239108873	0.238040741588464
1.58999008163577	2.10574502174411	0.512703135729
1.10170138094148	2.5787747005417	-0.759899290455482
2.97245746547646	3.77508201724269	1.85854886701762
0.442511635004196	3.247119859617	2.68558785381857
0.891126878767071	3.4882124055848	1.72732127870604
0.854505226215	2.563515678645	4.92561226825361
-1.80666819256886	1.15968566414893	3.06706340123598
-2.75577935454337	1.7242694743267	1.86770428015564
-4.37933928435187	0.650034332799268	1.6235599298085
2.98466468299382	1.49843595025559	1.48622873273823
5.09040970473793	3.60418097199969	1.62661173418784
7.09544518196384	4.82490272373541	2.49637598229953
9.38124666208896	5.28877698939498	2.6337071793698
9.43007553215839	5.34981307698177	4.47089341573205
