-2.63736263736264	-7.54578754578755	-12.6984126984127
-2.51526251526252	-5.32356532356532	-8.93772893772894
-5.27472527472527	-5.2014652014652	-4.37118437118437
-4.12698412698413	-3.80952380952381	-5.90964590964591
-2.58852258852259	-3.56532356532357	-6.95970695970696
-5.25030525030525	-4.51770451770452	-5.54334554334554
-2.73504273504274	-4.24908424908425	-2.46642246642247
0.415140415140415	-2.97924297924298	-2.56410256410256
-1.61172161172161	-4.1025641025641	-4.2979242979243
-2.97924297924298	-1.75824175824176	0.0976800976800977
3.2967032967033	1.001221001221	3.85836385836386
-0.83028083028083	-0.268620268620269	-2.14896214896215
-1.39194139194139	0.634920634920635	0.463980463980464
0.195360195360195	0.293040293040293	-0.757020757020757
0.0244200244200244	0.244200244200244	-1.0989010989011
-0.805860805860806	0.83028083028083	0.0244200244200244
-0.366300366300366	0.732600732600733	1.75824175824176
-1.51404151404151	0.488400488400488	2.83272283272283
-4.66422466422466	-2.31990231990232	0.512820512820513
-3.2967032967033	-3.34554334554335	2.46642246642247
-5.95848595848596	-6.56898656898657	-1.66056166056166
-4.68864468864469	-6.47130647130647	-3.07692307692308
-5.22588522588523	-6.88644688644689	-3.12576312576313
-2.90598290598291	-5.95848595848596	-4.83516483516483
-0.659340659340659	-4.76190476190476	-4.68864468864469
-1.56288156288156	-4.44444444444444	-3.93162393162393
0.537240537240537	-4.34676434676435	-3.58974358974359
-2.73504273504274	-4.71306471306471	-1.95360195360195
-5.64102564102564	-6.78876678876679	-2.31990231990232
-0.537240537240537	-4.63980463980464	-4.02930402930403
-4.63980463980464	-4.2979242979243	-2.2954822954823
-5.34798534798535	-4.54212454212454	-0.854700854700855
-0.146520146520147	-4.004884004884	-4.61538461538461
-2.07570207570208	-4.004884004884	-0.976800976800977
-1.46520146520147	-4.98168498168498	-0.805860805860806
-0.927960927960928	-7.42368742368742	-5.12820512820513
-2.39316239316239	-6.64224664224664	-3.36996336996337
-2.02686202686203	-5.71428571428571	-3.66300366300366
-2.85714285714286	-5.59218559218559	-6.00732600732601
0.366300366300366	-2.85714285714286	1.22100122100122
-0.21978021978022	-3.90720390720391	-5.15262515262515
1.83150183150183	-3.1990231990232	-1.92918192918193
3.15018315018315	-0.244200244200244	2.2954822954823
-0.341880341880342	-0.757020757020757	1.92918192918193
-1.05006105006105	-1.9047619047619	-1.66056166056166
2.05128205128205	0.366300366300366	-3.51648351648352
3.17460317460317	1.85592185592186	2.002442002442
1.53846153846154	1.14774114774115	0.244200244200244
0.805860805860806	1.80708180708181	-1.29426129426129
1.53846153846154	0.561660561660562	0.170940170940171
-3.2967032967033	-2.83272283272283	4.51770451770452
-4.54212454212454	-4.93284493284493	0.659340659340659
-3.83394383394383	-4.15140415140415	-1.97802197802198
-4.37118437118437	-4.98168498168498	0.0488400488400488
-3.95604395604396	-5.22588522588523	-2.12454212454212
-3.17460317460317	-4.81074481074481	-3.1990231990232
-6.73992673992674	-5.17704517704518	0
-7.44810744810745	-5.05494505494505	1.85592185592186
-9.84126984126984	-5.71428571428571	1.53846153846154
-7.83882783882784	-5.2014652014652	-6.61782661782662
-5.25030525030525	-2.1978021978022	-3.22344322344322
-4.71306471306471	-2.46642246642247	-6.05616605616606
-2.85714285714286	-1.68498168498168	-8.47374847374847
-2.71062271062271	0.732600732600733	-4.54212454212454
-0.0976800976800977	3.36996336996337	-0.879120879120879
0.122100122100122	3.41880341880342	-1.95360195360195
-2.95482295482295	3.73626373626374	-1.0989010989011
2.12454212454212	6.88644688644689	4.15140415140415
3.003663003663	6.73992673992674	-0.708180708180708
1.46520146520147	5.27472527472527	-2.56410256410256
0.195360195360195	5.51892551892552	-0.927960927960928
-0.0732600732600733	3.98046398046398	-1.56288156288156
1.53846153846154	3.39438339438339	-4.54212454212454
0.341880341880342	3.56532356532357	1.46520146520147
-1.34310134310134	2.2954822954823	6.37362637362637
0.854700854700855	2.88156288156288	-2.14896214896215
2.51526251526252	3.78510378510378	0.561660561660562
3.15018315018315	4.07814407814408	-1.9047619047619
1.92918192918193	4.22466422466422	-1.78266178266178
1.85592185592186	4.24908424908425	1.63614163614164
0.317460317460317	2.66178266178266	-3.76068376068376
3.02808302808303	4.12698412698413	0.415140415140415
1.70940170940171	4.98168498168498	-1.12332112332112
3.44322344322344	5.47008547008547	0.512820512820513
0.0732600732600733	5.00610500610501	-0.0488400488400488
5.32356532356532	6.00732600732601	6.52014652014652
4.15140415140415	4.85958485958486	9.71916971916972
3.85836385836386	2.58852258852259	-0.854700854700855
2.17338217338217	1.1965811965812	2.61294261294261
4.12698412698413	1.58730158730159	4.07814407814408
5.12820512820513	1.92918192918193	-4.34676434676435
4.27350427350427	2.97924297924298	2.31990231990232
5.71428571428571	3.54090354090354	0.781440781440781
4.78632478632479	3.1990231990232	-1.12332112332112
3.51648351648352	2.78388278388278	-1.73382173382173
0.854700854700855	3.02808302808303	3.36996336996337
2.93040293040293	2.53968253968254	4.95726495726496
2.58852258852259	4.07814407814408	0.805860805860806
0.0488400488400488	1.63614163614164	2.17338217338217
-1.78266178266178	1.39194139194139	2.39316239316239
3.90720390720391	4.32234432234432	2.34432234432234
3.71184371184371	6.22710622710623	1.58730158730159
-0.586080586080586	7.42368742368742	3.15018315018315
5.32356532356532	11.1599511599512	6.05616605616606
8.74236874236874	14.041514041514	6.83760683760684
10.6471306471306	16.0927960927961	9.32844932844933
9.57264957264957	15.1404151404151	9.76800976800977
10.2319902319902	16.3614163614164	17.5579975579976
11.4041514041514	16.1416361416361	11.6971916971917
10.7203907203907	14.041514041514	8.64468864468864
7.3015873015873	12.4786324786325	9.01098901098901
3.85836385836386	9.57264957264957	3.68742368742369
6.05616605616606	11.1843711843712	5.25030525030525
6.52014652014652	11.3308913308913	7.54578754578755
4.54212454212454	7.98534798534799	7.57020757020757
5.93406593406593	8.66910866910867	8.76678876678877
9.15750915750916	8.88888888888889	4.56654456654457
5.15262515262515	5.86080586080586	4.32234432234432
6.32478632478632	7.86324786324786	4.32234432234432
5.05494505494505	7.86324786324786	1.44078144078144
4.34676434676435	7.2039072039072	3.36996336996337
4.90842490842491	7.17948717948718	3.1990231990232
7.05738705738706	7.15506715506716	3.51648351648352
2.24664224664225	7.10622710622711	4.78632478632479
6.27594627594628	8.96214896214896	5.64102564102564
7.03296703296703	11.5750915750916	7.22832722832723
7.69230769230769	11.2087912087912	6.42246642246642
5.90964590964591	10.2319902319902	5.07936507936508
6.81318681318681	8.3028083028083	4.54212454212454
2.56410256410256	5.32356532356532	3.61416361416361
0.21978021978022	3.22344322344322	2.36874236874237
0.561660561660562	3.78510378510378	3.003663003663
2.49084249084249	6.05616605616606	3.2967032967033
3.88278388278388	6.71550671550672	5.25030525030525
3.95604395604396	6.54456654456654	5.95848595848596
4.49328449328449	7.81440781440781	6.27594627594628
5.93406593406593	8.57142857142857	8.4004884004884
2.34432234432234	7.3992673992674	7.22832722832723
3.66300366300366	9.18192918192918	8.84004884004884
6.56898656898657	11.3553113553114	9.47496947496948
5.47008547008547	12.3565323565324	10.964590964591
8.10744810744811	12.3565323565324	10.1587301587302
4.54212454212454	9.4993894993895	12.7472527472527
1.12332112332112	5.78754578754579	5.22588522588523
9.42612942612943	6.25152625152625	5.37240537240537
7.37484737484737	3.78510378510378	4.76190476190476
3.68742368742369	0.854700854700855	-1.24542124542125
4.2979242979243	2.17338217338217	0.805860805860806
4.3956043956044	1.48962148962149	6.54456654456654
0.244200244200244	-0.21978021978022	-3.98046398046398
-1.0989010989011	-0.903540903540904	0.366300366300366
1.53846153846154	0.122100122100122	0.634920634920635
1.29426129426129	0.634920634920635	-2.22222222222222
5.05494505494505	2.34432234432234	-1.44078144078144
0.659340659340659	1.24542124542125	3.80952380952381
0.879120879120879	1.14774114774115	4.90842490842491
3.05250305250305	2.1001221001221	8.08302808302808
-0.415140415140415	0.0244200244200244	3.1013431013431
-1.39194139194139	1.39194139194139	3.63858363858364
0.537240537240537	2.27106227106227	3.24786324786325
0.83028083028083	4.78632478632479	4.2979242979243
2.14896214896215	6.66666666666667	4.56654456654457
2.41758241758242	9.45054945054945	7.74114774114774
7.3992673992674	11.0622710622711	8.4004884004884
9.89010989010989	11.4041514041514	9.23076923076923
7.37484737484737	8.79120879120879	9.4017094017094
7.74114774114774	6.95970695970696	-0.83028083028083
11.5018315018315	7.96092796092796	3.46764346764347
4.63980463980464	5.00610500610501	0.952380952380952
4.2979242979243	5.27472527472527	3.73626373626374
3.44322344322344	6.05616605616606	4.83516483516483
3.56532356532357	5.12820512820513	3.2967032967033
2.39316239316239	6.71550671550672	7.05738705738706
1.85592185592186	6.22710622710623	4.90842490842491
2.80830280830281	5.88522588522589	4.51770451770452
3.78510378510378	8.22954822954823	6.59340659340659
4.68864468864469	6.64224664224664	7.44810744810745
3.27228327228327	6.64224664224664	2.44200244200244
5.59218559218559	7.91208791208791	2.80830280830281
5.64102564102564	7.83882783882784	2.68620268620269
-0.415140415140415	8.57142857142857	2.73504273504274
3.71184371184371	10.03663003663	5.05494505494505
4.17582417582418	11.5018315018315	5.37240537240537
2.90598290598291	11.2087912087912	6.44688644688645
5.37240537240537	10.5494505494505	4.15140415140415
5.83638583638584	10.7692307692308	4.95726495726496
2.49084249084249	6.98412698412698	6.71550671550672
2.51526251526252	4.2979242979243	-1.51404151404151
-2.02686202686203	1.78266178266178	2.24664224664225
-1.53846153846154	-0.732600732600733	-0.21978021978022
-5.37240537240537	-1.95360195360195	-0.659340659340659
-4.22466422466422	-2.27106227106227	1.39194139194139
-2.2954822954823	-0.732600732600733	3.54090354090354
-2.24664224664225	1.53846153846154	8.32722832722833
-0.390720390720391	3.2967032967033	8.35164835164835
3.1013431013431	4.02930402930403	3.39438339438339
2.56410256410256	2.56410256410256	1.75824175824176
2.24664224664225	2.41758241758242	0.976800976800977
1.31868131868132	-0.390720390720391	-2.88156288156288
-1.58730158730159	-3.49206349206349	-5.88522588522589
-1.001221001221	-2.75946275946276	-3.36996336996337
-6.95970695970696	-4.49328449328449	-1.66056166056166
-5.15262515262515	-4.78632478632479	-8.05860805860806
-5.25030525030525	-3.78510378510378	-4.07814407814408
-5.2014652014652	-3.54090354090354	-1.56288156288156
-1.34310134310134	-0.952380952380952	-2.66178266178266
-1.34310134310134	-1.14774114774115	-4.76190476190476
-4.004884004884	0	-1.73382173382173
0.903540903540904	1.56288156288156	-3.1990231990232
-1.9047619047619	0.0976800976800977	-4.1025641025641
-4.81074481074481	-1.61172161172161	-6.59340659340659
-5.44566544566545	-0.732600732600733	-3.83394383394383
-6.3980463980464	-0.390720390720391	-1.51404151404151
-6.88644688644689	-0.146520146520147	-2.17338217338217
-8.08302808302808	-0.0976800976800977	-1.88034188034188
-7.66788766788767	0.0488400488400488	-1.39194139194139
-6.3003663003663	1.51404151404151	0.341880341880342
-1.97802197802198	1.39194139194139	-0.757020757020757
-3.66300366300366	-0.952380952380952	-1.92918192918193
-5.49450549450549	-1.001221001221	-1.63614163614164
-1.29426129426129	1.02564102564103	-0.366300366300366
-4.34676434676435	-1.9047619047619	-3.02808302808303
-4.66422466422466	-0.317460317460317	-0.512820512820513
-0.805860805860806	1.9047619047619	1.80708180708181
-0.488400488400488	0.21978021978022	1.14774114774115
1.24542124542125	0.537240537240537	1.46520146520147
-0.659340659340659	0.610500610500611	2.02686202686203
0.903540903540904	2.17338217338217	3.63858363858364
4.2002442002442	3.12576312576313	-2.36874236874237
2.17338217338217	3.76068376068376	2.002442002442
2.27106227106227	5.61660561660562	8.57142857142857
-0.341880341880342	2.56410256410256	-5.49450549450549
-3.2967032967033	0.146520146520147	-4.73748473748474
-9.4017094017094	-4.12698412698413	-5.93406593406593
-9.37728937728938	-6.54456654456654	-9.76800976800977
-9.18192918192918	-7.83882783882784	-10.3296703296703
-11.3064713064713	-10.3296703296703	-11.1111111111111
-7.71672771672772	-7.64346764346764	-6.37362637362637
-2.83272283272283	-4.68864468864469	-3.68742368742369
-6.81318681318681	-6.22710622710623	-7.2039072039072
-6.66666666666667	-4.02930402930403	-3.22344322344322
-1.97802197802198	-3.49206349206349	-0.683760683760684
-6.47130647130647	-4.1025641025641	-3.68742368742369
-7.22832722832723	-5.98290598290598	-6.1050061050061
-5.34798534798535	-5.59218559218559	-4.56654456654457
-6.3980463980464	-3.49206349206349	-1.1965811965812
-4.2002442002442	-2.14896214896215	2.51526251526252
-3.22344322344322	-0.610500610500611	4.54212454212454
-1.92918192918193	0.463980463980464	3.95604395604396
-1.12332112332112	0.512820512820513	4.1025641025641
-1.68498168498168	1.85592185592186	1.85592185592186
-2.12454212454212	1.36752136752137	1.34310134310134
-2.1978021978022	1.36752136752137	4.1025641025641
-4.88400488400488	2.36874236874237	12.0879120879121
-5.44566544566545	-0.195360195360195	-1.70940170940171
-5.15262515262515	-1.14774114774115	-2.14896214896215
-6.2026862026862	-1.36752136752137	-3.58974358974359
-4.44444444444444	-0.708180708180708	-6.64224664224664
-5.12820512820513	0.732600732600733	-5.81196581196581
-2.75946275946276	0.952380952380952	-0.293040293040293
-4.98168498168498	-0.415140415140415	-1.58730158730159
-6.3003663003663	-0.293040293040293	0.0732600732600733
-8.64468864468864	-1.88034188034188	-4.81074481074481
-7.03296703296703	-0.927960927960928	-5.47008547008547
-8.10744810744811	-3.2967032967033	-5.90964590964591
-6.17826617826618	-2.56410256410256	-2.58852258852259
-10.5006105006105	-6.22710622710623	-4.81074481074481
-9.54822954822955	-9.4993894993895	-7.05738705738706
-11.1355311355311	-9.81684981684982	-2.90598290598291
-7.91208791208791	-9.47496947496948	-4.15140415140415
-4.76190476190476	-8.57142857142857	4.73748473748474
-4.95726495726496	-8.98656898656899	-2.73504273504274
-1.14774114774115	-5.78754578754579	-6.44688644688645
-1.39194139194139	-6.1050061050061	-4.78632478632479
-3.68742368742369	-7.76556776556777	-8.08302808302808
-1.46520146520147	-4.98168498168498	-6.52014652014652
-0.43956043956044	-3.78510378510378	-3.58974358974359
1.63614163614164	-1.51404151404151	0.976800976800977
-1.0989010989011	-0.83028083028083	1.88034188034188
-0.732600732600733	-1.46520146520147	-0.634920634920635
1.68498168498168	1.14774114774115	-1.24542124542125
3.1990231990232	4.73748473748474	4.05372405372405
1.07448107448107	5.90964590964591	8.74236874236874
4.98168498168498	8.00976800976801	5.98290598290598
5.3968253968254	8.2051282051282	6.78876678876679
5.83638583638584	9.62148962148962	12.2588522588523
7.78998778998779	9.20634920634921	-4.78632478632479
3.51648351648352	8.62026862026862	-0.634920634920635
3.46764346764347	8.15628815628816	-0.976800976800977
2.58852258852259	8.86446886446886	-1.88034188034188
4.76190476190476	9.62148962148962	0.952380952380952
1.83150183150183	8.88888888888889	3.90720390720391
5.27472527472527	9.23076923076923	5.88522588522589
7.54578754578755	10.4517704517705	7.17948717948718
2.02686202686203	7.78998778998779	3.83394383394383
2.05128205128205	6.95970695970696	5.03052503052503
3.46764346764347	7.61904761904762	6.93528693528694
5.32356532356532	8.03418803418803	7.17948717948718
3.24786324786325	8.71794871794872	6.3003663003663
5.07936507936508	7.96092796092796	5.37240537240537
1.44078144078144	5.3968253968254	6.1050061050061
0.390720390720391	4.15140415140415	3.44322344322344
1.34310134310134	3.36996336996337	4.07814407814408
5.22588522588523	3.24786324786325	-3.49206349206349
2.02686202686203	3.05250305250305	-0.708180708180708
2.49084249084249	3.85836385836386	0.317460317460317
1.53846153846154	3.44322344322344	3.17460317460317
1.12332112332112	3.80952380952381	-0.732600732600733
1.61172161172161	3.93162393162393	2.90598290598291
-0.244200244200244	2.93040293040293	2.90598290598291
3.44322344322344	3.27228327228327	-0.293040293040293
2.58852258852259	1.26984126984127	-1.9047619047619
-1.88034188034188	-0.903540903540904	-0.586080586080586
3.22344322344322	1.07448107448107	1.41636141636142
6.15384615384615	1.44078144078144	1.14774114774115
4.63980463980464	0.952380952380952	-0.293040293040293
5.12820512820513	1.001221001221	-0.195360195360195
0.903540903540904	-1.0989010989011	2.1978021978022
-2.51526251526252	-5.37240537240537	-8.76678876678877
-4.81074481074481	-6.98412698412698	-3.85836385836386
-8.35164835164835	-7.86324786324786	-9.86568986568987
-6.88644688644689	-4.78632478632479	-7.47252747252747
-4.61538461538461	-4.17582417582418	-5.56776556776557
-0.952380952380952	-2.14896214896215	-4.85958485958486
-2.07570207570208	-3.22344322344322	-4.63980463980464
1.66056166056166	-1.75824175824176	-0.976800976800977
2.83272283272283	-3.39438339438339	-7.03296703296703
2.12454212454212	-2.02686202686203	-4.66422466422466
-1.34310134310134	-2.2954822954823	-6.17826617826618
2.14896214896215	-0.0976800976800977	-4.15140415140415
1.97802197802198	3.1990231990232	0.732600732600733
5.37240537240537	6.3980463980464	4.32234432234432
6.08058608058608	9.67032967032967	5.32356532356532
9.5970695970696	12.2100122100122	10.3540903540904
9.74358974358974	12.7472527472527	14.7741147741148
9.74358974358974	11.990231990232	6.86202686202686
6.1050061050061	11.3797313797314	5.47008547008547
5.15262515262515	11.7704517704518	9.27960927960928
7.08180708180708	11.5506715506716	5.81196581196581
6.05616605616606	11.037851037851	5.27472527472527
4.56654456654457	11.5018315018315	7.37484737484737
5.03052503052503	10.2075702075702	7.00854700854701
3.46764346764347	7.66788766788767	5.81196581196581
3.68742368742369	8.05860805860806	7.05738705738706
3.56532356532357	5.00610500610501	-0.0976800976800977
3.39438339438339	3.05250305250305	-0.21978021978022
-0.976800976800977	0.170940170940171	-1.39194139194139
0.415140415140415	-0.415140415140415	-4.98168498168498
0.0488400488400488	-0.903540903540904	-2.78388278388278
-6.03174603174603	-2.27106227106227	-0.366300366300366
-0.83028083028083	-1.07448107448107	-2.83272283272283
-0.927960927960928	-0.903540903540904	-0.341880341880342
-3.24786324786325	-3.22344322344322	-7.2039072039072
-1.73382173382173	-2.78388278388278	-4.93284493284493
-5.37240537240537	-4.22466422466422	-4.46886446886447
-5.68986568986569	-1.85592185592186	-0.634920634920635
-2.002442002442	1.12332112332112	3.95604395604396
-0.659340659340659	1.63614163614164	1.58730158730159
-1.88034188034188	1.39194139194139	4.22466422466422
-1.46520146520147	1.0989010989011	1.22100122100122
-0.952380952380952	-1.05006105006105	-2.36874236874237
0.366300366300366	-1.14774114774115	-0.268620268620269
0.244200244200244	-0.879120879120879	1.31868131868132
-3.17460317460317	-2.53968253968254	-5.86080586080586
0.586080586080586	-1.24542124542125	3.003663003663
-6.78876678876679	-3.98046398046398	-1.31868131868132
-4.90842490842491	-5.51892551892552	-4.32234432234432
-4.93284493284493	-5.98290598290598	-0.146520146520147
-0.0488400488400488	-3.71184371184371	-1.34310134310134
2.68620268620269	-2.88156288156288	-3.07692307692308
4.51770451770452	-1.001221001221	0.268620268620269
4.22466422466422	-0.781440781440781	0.610500610500611
6.3980463980464	0.659340659340659	2.34432234432234
5.93406593406593	2.34432234432234	3.56532356532357
3.41880341880342	1.44078144078144	4.46886446886447
6.61782661782662	2.46642246642247	4.63980463980464
7.32600732600733	4.98168498168498	7.47252747252747
6.3003663003663	5.27472527472527	6.71550671550672
6.98412698412698	5.83638583638584	8.10744810744811
5.2991452991453	2.78388278388278	4.17582417582418
4.93284493284493	3.58974358974359	14.969474969475
3.76068376068376	0.0488400488400488	0.390720390720391
-1.05006105006105	-2.31990231990232	-0.976800976800977
-7.47252747252747	-4.004884004884	2.95482295482295
-7.83882783882784	-4.24908424908425	-3.49206349206349
-9.81684981684982	-4.12698412698413	-7.71672771672772
-10.9401709401709	-5.05494505494505	-6.61782661782662
-10.4029304029304	-4.63980463980464	-7.13064713064713
-7.3015873015873	-4.49328449328449	-10.4273504273504
-3.88278388278388	-4.1025641025641	-8.79120879120879
-3.90720390720391	-4.61538461538461	-8.05860805860806
-0.976800976800977	-3.05250305250305	-4.3956043956044
-1.88034188034188	-2.78388278388278	-5.59218559218559
1.31868131868132	-1.63614163614164	-5.56776556776557
1.80708180708181	-2.1978021978022	-4.54212454212454
-1.31868131868132	-5.07936507936508	-6.17826617826618
-0.561660561660562	-3.15018315018315	-2.75946275946276
0.0244200244200244	-1.31868131868132	-1.61172161172161
0.805860805860806	-0.561660561660562	4.83516483516483
-2.24664224664225	-0.146520146520147	3.80952380952381
-1.58730158730159	-0.610500610500611	-4.76190476190476
-2.24664224664225	0.170940170940171	2.14896214896215
-6.71550671550672	-2.1978021978022	-1.95360195360195
-1.85592185592186	-2.80830280830281	-7.71672771672772
-4.54212454212454	-3.66300366300366	-7.13064713064713
-5.86080586080586	-2.68620268620269	-3.003663003663
-3.98046398046398	-4.61538461538461	-7.78998778998779
-3.1990231990232	-4.32234432234432	-8.00976800976801
-3.88278388278388	-4.81074481074481	-6.47130647130647
-0.268620268620269	-3.61416361416361	-3.85836385836386
0.634920634920635	-2.41758241758242	-2.63736263736264
0.43956043956044	-2.12454212454212	-0.757020757020757
-0.122100122100122	0.0488400488400488	0.293040293040293
0	0.732600732600733	-0.463980463980464
-1.22100122100122	1.05006105006105	0
1.70940170940171	1.0989010989011	-0.244200244200244
1.39194139194139	3.78510378510378	1.41636141636142
4.02930402930403	4.49328449328449	2.58852258852259
3.76068376068376	3.76068376068376	1.07448107448107
4.46886446886447	5.2014652014652	2.34432234432234
5.07936507936508	7.10622710622711	5.3968253968254
6.56898656898657	7.35042735042735	5.59218559218559
2.95482295482295	6.44688644688645	6.17826617826618
4.34676434676435	6.44688644688645	6.76434676434676
3.83394383394383	5.83638583638584	5.32356532356532
2.49084249084249	5.44566544566545	5.90964590964591
2.22222222222222	4.17582417582418	3.76068376068376
2.39316239316239	3.90720390720391	3.07692307692308
3.76068376068376	4.81074481074481	4.07814407814408
4.2979242979243	5.71428571428571	4.46886446886447
3.32112332112332	3.61416361416361	5.3968253968254
2.24664224664225	2.17338217338217	-3.07692307692308
3.07692307692308	1.29426129426129	-3.68742368742369
4.56654456654457	0.366300366300366	-4.46886446886447
6.47130647130647	-0.854700854700855	-5.34798534798535
5.1037851037851	0.0488400488400488	-5.73870573870574
4.81074481074481	1.14774114774115	-6.00732600732601
5.73870573870574	3.90720390720391	-1.29426129426129
2.53968253968254	2.75946275946276	-3.46764346764347
4.44444444444444	2.71062271062271	-2.56410256410256
2.68620268620269	1.17216117216117	-1.26984126984127
3.41880341880342	1.73382173382173	2.1001221001221
2.49084249084249	1.1965811965812	6.81318681318681
5.66544566544567	3.24786324786325	5.61660561660562
3.71184371184371	2.27106227106227	3.44322344322344
6.34920634920635	4.34676434676435	5.22588522588523
7.03296703296703	2.68620268620269	2.93040293040293
7.91208791208791	1.66056166056166	1.61172161172161
6.93528693528694	0.341880341880342	1.68498168498168
6.1050061050061	-0.561660561660562	4.46886446886447
6.05616605616606	-2.22222222222222	8.76678876678877
4.83516483516483	-2.46642246642247	0.122100122100122
5.2014652014652	-2.24664224664225	4.83516483516483
4.24908424908425	-2.34432234432234	6.17826617826618
2.68620268620269	-3.36996336996337	1.75824175824176
0.708180708180708	-3.80952380952381	1.70940170940171
1.66056166056166	-2.46642246642247	5.73870573870574
0.781440781440781	-2.31990231990232	6.3003663003663
4.88400488400488	-1.29426129426129	5.76312576312576
0.341880341880342	-0.488400488400488	4.93284493284493
3.39438339438339	1.46520146520147	6.17826617826618
6.52014652014652	3.90720390720391	12.039072039072
7.22832722832723	4.68864468864469	3.15018315018315
5.81196581196581	5.83638583638584	3.90720390720391
7.98534798534799	7.81440781440781	8.2051282051282
9.62148962148962	9.57264957264957	9.69474969474969
8.79120879120879	9.93894993894994	14.2124542124542
7.91208791208791	10.2319902319902	7.74114774114774
5.81196581196581	10.01221001221	12.6251526251526
6.47130647130647	9.18192918192918	10.3540903540904
9.08424908424908	11.3064713064713	14.3101343101343
11.013431013431	10.6471306471306	8.22954822954823
9.15750915750916	9.13308913308913	11.3553113553114
6.83760683760684	9.32844932844933	11.6727716727717
7.64346764346764	8.76678876678877	6.86202686202686
5.27472527472527	7.64346764346764	3.71184371184371
3.49206349206349	6.59340659340659	5.95848595848596
7.57020757020757	8.2051282051282	6.1050061050061
5.86080586080586	5.90964590964591	6.1050061050061
7.13064713064713	4.34676434676435	3.2967032967033
5.81196581196581	2.17338217338217	-0.512820512820513
3.39438339438339	0.244200244200244	-2.1001221001221
1.001221001221	-1.70940170940171	-4.61538461538461
-1.9047619047619	-2.44200244200244	-0.903540903540904
1.68498168498168	-3.95604395604396	-5.56776556776557
-0.146520146520147	-4.05372405372405	-5.34798534798535
-2.07570207570208	-4.3956043956044	-0.463980463980464
1.14774114774115	-1.53846153846154	-5.88522588522589
1.58730158730159	-0.854700854700855	-1.17216117216117
3.56532356532357	1.001221001221	-3.34554334554335
3.1990231990232	1.92918192918193	-0.268620268620269
4.1025641025641	1.56288156288156	-0.659340659340659
5.44566544566545	0.83028083028083	-2.44200244200244
2.93040293040293	0.537240537240537	-2.71062271062271
4.68864468864469	2.1001221001221	1.66056166056166
3.12576312576313	1.48962148962149	1.22100122100122
2.53968253968254	-0.586080586080586	-0.952380952380952
4.56654456654457	0.21978021978022	-2.05128205128205
2.73504273504274	0.610500610500611	0.854700854700855
2.39316239316239	-1.22100122100122	-0.170940170940171
6.66666666666667	1.31868131868132	0.415140415140415
-1.97802197802198	-1.39194139194139	-8.3028083028083
-2.78388278388278	-1.56288156288156	-6.15384615384615
-6.32478632478632	-0.244200244200244	-5.68986568986569
-3.71184371184371	-0.195360195360195	-4.1025641025641
-2.63736263736264	2.41758241758242	-2.75946275946276
-2.1978021978022	3.63858363858364	0.293040293040293
2.07570207570208	5.76312576312576	5.12820512820513
7.13064713064713	8.2051282051282	4.24908424908425
6.66666666666667	8.05860805860806	2.71062271062271
7.17948717948718	8.62026862026862	4.02930402930403
7.88766788766789	10.1587301587302	7.10622710622711
8.22954822954823	10.01221001221	5.98290598290598
9.20634920634921	10.0854700854701	4.68864468864469
4.83516483516483	6.83760683760684	2.97924297924298
3.32112332112332	4.83516483516483	3.003663003663
2.97924297924298	3.41880341880342	5.00610500610501
2.71062271062271	4.56654456654457	9.23076923076923
2.02686202686203	5.51892551892552	11.965811965812
2.93040293040293	5.03052503052503	6.64224664224664
9.15750915750916	8.35164835164835	10.1343101343101
6.4957264957265	7.27716727716728	6.56898656898657
4.66422466422466	7.4969474969475	7.47252747252747
3.68742368742369	4.2979242979243	2.002442002442
-0.659340659340659	1.56288156288156	6.52014652014652
0.488400488400488	0.195360195360195	1.12332112332112
1.83150183150183	-0.390720390720391	-0.244200244200244
0.708180708180708	0.0488400488400488	0.0244200244200244
0.488400488400488	-0.879120879120879	-0.610500610500611
0.83028083028083	-0.854700854700855	-2.02686202686203
2.88156288156288	0.146520146520147	0.0732600732600733
1.97802197802198	0.170940170940171	1.34310134310134
5.42124542124542	1.17216117216117	1.53846153846154
4.95726495726496	1.02564102564103	-0.268620268620269
5.68986568986569	1.88034188034188	1.29426129426129
4.68864468864469	1.9047619047619	5.44566544566545
5.05494505494505	1.85592185592186	8.15628815628816
5.42124542124542	3.34554334554335	7.83882783882784
7.3992673992674	4.54212454212454	4.05372405372405
4.44444444444444	3.44322344322344	6.83760683760684
5.78754578754579	4.2979242979243	4.95726495726496
4.34676434676435	3.1013431013431	2.73504273504274
2.95482295482295	0.952380952380952	6.66666666666667
2.27106227106227	-0.488400488400488	6.15384615384615
0.366300366300366	-2.53968253968254	0.952380952380952
-1.41636141636142	-4.76190476190476	-1.61172161172161
-3.54090354090354	-6.2026862026862	-0.781440781440781
-4.12698412698413	-7.27716727716728	-3.56532356532357
-7.78998778998779	-6.95970695970696	-0.244200244200244
-4.88400488400488	-7.76556776556777	2.41758241758242
-6.81318681318681	-7.66788766788767	-4.93284493284493
-6.12942612942613	-6.47130647130647	1.0989010989011
-6.32478632478632	-5.22588522588523	0.659340659340659
-4.2979242979243	-5.71428571428571	-9.18192918192918
1.97802197802198	-0.21978021978022	-0.927960927960928
3.27228327228327	3.05250305250305	1.51404151404151
6.27594627594628	6.61782661782662	2.14896214896215
9.62148962148962	8.62026862026862	8.3028083028083
7.78998778998779	9.10866910866911	2.75946275946276
8.25396825396825	10.2075702075702	9.25518925518926
7.35042735042735	10.3785103785104	7.47252747252747
5.86080586080586	9.74358974358974	8.37606837606838
5.59218559218559	8.76678876678877	2.44200244200244
1.85592185592186	7.08180708180708	3.46764346764347
-1.17216117216117	4.37118437118437	2.63736263736264
-0.903540903540904	2.66178266178266	-0.463980463980464
0.122100122100122	0.757020757020757	-3.90720390720391
-4.61538461538461	0.0488400488400488	-3.41880341880342
-1.92918192918193	-1.75824175824176	-4.49328449328449
-4.54212454212454	-2.44200244200244	-0.927960927960928
-6.52014652014652	-3.95604395604396	-10.989010989011
-8.15628815628816	-7.3015873015873	-9.93894993894994
-9.05982905982906	-8.47374847374847	-8.96214896214896
-7.91208791208791	-8.64468864468864	-9.42612942612943
-8.5958485958486	-9.91452991452991	-10.3052503052503
-9.35286935286935	-11.0622710622711	-11.5750915750916
-7.74114774114774	-10.989010989011	-11.1355311355311
-6.3003663003663	-10.3296703296703	-12.9426129426129
-6.3980463980464	-8.71794871794872	-11.2087912087912
-3.54090354090354	-8.18070818070818	-7.08180708180708
-1.83150183150183	-7.83882783882784	-8.98656898656899
1.12332112332112	-5.42124542124542	-4.49328449328449
0.146520146520147	-4.88400488400488	-3.56532356532357
-1.85592185592186	-5.61660561660562	-8.13186813186813
-0.586080586080586	-4.98168498168498	-6.27594627594628
-2.36874236874237	-4.12698412698413	-10.03663003663
-3.05250305250305	-4.27350427350427	-7.59462759462759
-4.88400488400488	-5.73870573870574	-3.80952380952381
-3.80952380952381	-6.61782661782662	-7.3992673992674
-7.03296703296703	-8.25396825396825	-11.7704517704518
-7.76556776556777	-9.74358974358974	-10.6471306471306
-9.08424908424908	-12.1855921855922	-13.1868131868132
-9.05982905982906	-13.0647130647131	-14.1636141636142
-8.69352869352869	-12.6495726495726	-12.8449328449328
-9.71916971916972	-15.7020757020757	-11.5018315018315
-11.5995115995116	-16.043956043956	-11.9169719169719
-11.4529914529915	-16.1904761904762	-13.015873015873
-8.91330891330891	-15.4822954822955	-13.9438339438339
-11.6971916971917	-13.9194139194139	-13.0647130647131
-4.95726495726496	-12.5518925518926	-9.01098901098901
-4.37118437118437	-10.4029304029304	-9.89010989010989
-1.66056166056166	-6.08058608058608	-5.95848595848596
0.341880341880342	-2.78388278388278	-1.0989010989011
1.02564102564103	-0.43956043956044	-2.78388278388278
2.78388278388278	1.97802197802198	-2.002442002442
4.73748473748474	3.24786324786325	2.05128205128205
1.92918192918193	1.44078144078144	3.07692307692308
3.93162393162393	1.9047619047619	-4.42002442002442
0.586080586080586	1.36752136752137	-1.58730158730159
1.17216117216117	2.93040293040293	0.341880341880342
4.05372405372405	5.2991452991453	2.1978021978022
3.63858363858364	5.22588522588523	1.70940170940171
1.17216117216117	4.93284493284493	3.27228327228327
3.07692307692308	4.95726495726496	4.63980463980464
2.14896214896215	3.80952380952381	4.32234432234432
2.88156288156288	4.78632478632479	5.95848595848596
-0.708180708180708	3.93162393162393	6.52014652014652
-0.244200244200244	3.05250305250305	5.37240537240537
-2.17338217338217	1.34310134310134	5.54334554334554
-2.97924297924298	0.83028083028083	5.66544566544567
-3.85836385836386	-0.805860805860806	-0.21978021978022
-3.003663003663	-1.07448107448107	2.85714285714286
-1.29426129426129	1.14774114774115	3.22344322344322
3.12576312576313	2.58852258852259	4.88400488400488
4.63980463980464	3.02808302808303	4.49328449328449
6.69108669108669	4.34676434676435	6.56898656898657
8.37606837606838	4.59096459096459	4.66422466422466
7.3992673992674	5.3968253968254	9.20634920634921
7.32600732600733	3.68742368742369	2.2954822954823
5.07936507936508	1.68498168498168	2.22222222222222
4.73748473748474	1.68498168498168	3.56532356532357
4.05372405372405	0.488400488400488	-0.586080586080586
0.537240537240537	-3.003663003663	-5.00610500610501
2.80830280830281	-2.002442002442	-2.58852258852259
1.17216117216117	-1.83150183150183	-2.56410256410256
-0.659340659340659	-0.879120879120879	1.85592185592186
-0.0244200244200244	-0.879120879120879	-4.17582417582418
-1.78266178266178	-1.53846153846154	-3.66300366300366
-7.44810744810745	-5.00610500610501	-5.34798534798535
-3.02808302808303	-5.34798534798535	-5.27472527472527
-1.12332112332112	-5.71428571428571	-5.88522588522589
-6.25152625152625	-7.74114774114774	-11.7216117216117
-3.68742368742369	-5.17704517704518	-7.4969474969475
-1.56288156288156	-2.02686202686203	-7.3992673992674
-7.98534798534799	-4.37118437118437	-11.4041514041514
-3.76068376068376	-2.75946275946276	-9.01098901098901
-2.66178266178266	-1.46520146520147	-7.3015873015873
-4.44444444444444	-1.97802197802198	-8.00976800976801
-2.002442002442	-0.463980463980464	-7.74114774114774
-1.39194139194139	0.634920634920635	-8.05860805860806
2.61294261294261	2.61294261294261	-7.66788766788767
3.93162393162393	3.003663003663	-7.47252747252747
4.07814407814408	3.85836385836386	-3.05250305250305
4.76190476190476	4.05372405372405	0.390720390720391
3.68742368742369	2.68620268620269	-6.42246642246642
0.463980463980464	2.31990231990232	-1.63614163614164
-0.952380952380952	1.12332112332112	-1.41636141636142
0.757020757020757	0.586080586080586	-2.07570207570208
1.29426129426129	-0.43956043956044	-3.17460317460317
0.659340659340659	-1.24542124542125	-2.22222222222222
1.0989010989011	-0.854700854700855	-1.63614163614164
0	-0.805860805860806	-4.44444444444444
0.757020757020757	-0.903540903540904	-4.90842490842491
-1.34310134310134	-2.31990231990232	-5.00610500610501
-3.95604395604396	-5.05494505494505	-3.003663003663
-3.17460317460317	-6.66666666666667	-2.75946275946276
-6.76434676434676	-9.35286935286935	-9.69474969474969
-4.3956043956044	-8.37606837606838	-4.93284493284493
-5.71428571428571	-9.57264957264957	-12.5518925518926
-5.64102564102564	-8.15628815628816	-9.4993894993895
-6.56898656898657	-7.69230769230769	-9.81684981684982
-5.73870573870574	-5.66544566544567	-1.44078144078144
-5.86080586080586	-4.88400488400488	-6.4957264957265
-6.22710622710623	-6.3003663003663	-4.12698412698413
-7.69230769230769	-8.37606837606838	-7.3992673992674
-4.78632478632479	-7.52136752136752	-7.35042735042735
-4.93284493284493	-7.93650793650794	-7.27716727716728
-6.54456654456654	-8.42490842490843	-6.56898656898657
-3.83394383394383	-6.05616605616606	-2.002442002442
-4.76190476190476	-5.15262515262515	-0.586080586080586
-2.27106227106227	-6.15384615384615	-7.2039072039072
-4.34676434676435	-7.2039072039072	-7.57020757020757
-3.71184371184371	-8.27838827838828	-9.62148962148962
-3.78510378510378	-8.5958485958486	-10.8913308913309
-2.61294261294261	-9.27960927960928	-7.93650793650794
-2.24664224664225	-7.2039072039072	1.63614163614164
-4.71306471306471	-8.18070818070818	-7.74114774114774
-4.42002442002442	-7.27716727716728	-7.22832722832723
-4.78632478632479	-3.58974358974359	-0.976800976800977
-5.90964590964591	-5.03052503052503	-5.78754578754579
-5.2991452991453	-5.22588522588523	-6.54456654456654
-3.98046398046398	-4.15140415140415	-4.1025641025641
-2.27106227106227	-5.15262515262515	-3.44322344322344
-5.34798534798535	-7.64346764346764	-3.85836385836386
-5.47008547008547	-7.61904761904762	-3.63858363858364
-5.32356532356532	-8.66910866910867	-9.25518925518926
-7.3015873015873	-10.6959706959707	-5.71428571428571
-5.32356532356532	-11.1355311355311	-8.57142857142857
-2.97924297924298	-10.1831501831502	-6.22710622710623
-4.15140415140415	-8.86446886446886	-4.98168498168498
-4.2002442002442	-7.59462759462759	-3.85836385836386
-2.46642246642247	-4.81074481074481	-1.56288156288156
-2.34432234432234	-3.07692307692308	-0.757020757020757
-0.805860805860806	-1.39194139194139	0.0244200244200244
-0.757020757020757	-1.88034188034188	-2.53968253968254
-4.05372405372405	-3.41880341880342	-1.70940170940171
-1.39194139194139	-1.9047619047619	0.732600732600733
-1.61172161172161	-3.2967032967033	-6.2026862026862
-3.27228327228327	-4.24908424908425	-2.17338217338217
1.26984126984127	-3.68742368742369	-5.32356532356532
-1.75824175824176	-2.49084249084249	-0.757020757020757
0.976800976800977	-1.14774114774115	-4.32234432234432
-1.44078144078144	0.610500610500611	-0.415140415140415
-3.24786324786325	0.634920634920635	0.170940170940171
-0.927960927960928	0.195360195360195	-2.51526251526252
0.317460317460317	0.0732600732600733	-3.90720390720391
1.12332112332112	0	0.146520146520147
-1.88034188034188	-2.002442002442	1.1965811965812
0.708180708180708	-1.68498168498168	-4.004884004884
3.15018315018315	0.415140415140415	-1.63614163614164
-0.561660561660562	-2.05128205128205	-5.17704517704518
3.15018315018315	-0.805860805860806	-4.2979242979243
5.05494505494505	1.001221001221	-3.1013431013431
2.46642246642247	0.463980463980464	-0.805860805860806
1.68498168498168	-0.21978021978022	-2.95482295482295
0.463980463980464	-0.0976800976800977	-1.78266178266178
-0.488400488400488	-0.170940170940171	-2.002442002442
2.1001221001221	2.61294261294261	-0.317460317460317
3.2967032967033	2.14896214896215	1.02564102564103
5.90964590964591	4.61538461538461	3.24786324786325
5.51892551892552	3.32112332112332	0.83028083028083
2.85714285714286	2.34432234432234	0.879120879120879
-0.317460317460317	2.85714285714286	3.05250305250305
3.61416361416361	2.85714285714286	2.51526251526252
0.317460317460317	1.70940170940171	3.17460317460317
0.341880341880342	2.66178266178266	3.95604395604396
1.001221001221	3.22344322344322	6.05616605616606
-1.88034188034188	0.976800976800977	0.952380952380952
-3.46764346764347	1.1965811965812	-0.805860805860806
-3.44322344322344	-0.0732600732600733	-1.80708180708181
-2.24664224664225	-1.1965811965812	-2.27106227106227
0.268620268620269	-0.122100122100122	-3.73626373626374
0.0976800976800977	-0.708180708180708	-2.27106227106227
0.879120879120879	-0.488400488400488	-2.05128205128205
1.29426129426129	-0.488400488400488	-1.68498168498168
-0.0488400488400488	-0.634920634920635	-2.61294261294261
-2.07570207570208	-0.708180708180708	-4.07814407814408
-3.39438339438339	-2.12454212454212	-5.47008547008547
-5.81196581196581	-3.2967032967033	-7.61904761904762
-3.78510378510378	-1.66056166056166	-6.69108669108669
-1.58730158730159	0.781440781440781	-4.42002442002442
-0.708180708180708	2.41758241758242	-3.36996336996337
-1.1965811965812	3.2967032967033	-1.88034188034188
0.903540903540904	5.32356532356532	0.463980463980464
2.34432234432234	7.69230769230769	3.12576312576313
2.41758241758242	8.47374847374847	5.3968253968254
1.83150183150183	7.66788766788767	8.18070818070818
0.683760683760684	7.44810744810745	0.21978021978022
2.73504273504274	8.98656898656899	1.83150183150183
2.02686202686203	6.64224664224664	2.1001221001221
1.07448107448107	7.22832722832723	-3.54090354090354
3.63858363858364	8.5958485958486	-0.268620268620269
4.68864468864469	9.57264957264957	1.73382173382173
4.12698412698413	12.967032967033	4.68864468864469
4.93284493284493	13.8217338217338	5.47008547008547
3.78510378510378	14.017094017094	7.17948717948718
7.88766788766789	16.2148962148962	9.67032967032967
4.63980463980464	15.9462759462759	11.3797313797314
0.83028083028083	13.0891330891331	9.15750915750916
0.537240537240537	11.2820512820513	9.71916971916972
1.22100122100122	10.5006105006105	4.49328449328449
1.05006105006105	11.0622710622711	9.23076923076923
2.63736263736264	10.7203907203907	9.86568986568987
7.10622710622711	11.9413919413919	3.05250305250305
5.95848595848596	11.7704517704518	4.76190476190476
6.83760683760684	11.7460317460317	3.78510378510378
1.41636141636142	8.81562881562882	2.97924297924298
3.51648351648352	8.22954822954823	2.22222222222222
4.88400488400488	7.35042735042735	4.85958485958486
3.83394383394383	5.1037851037851	4.61538461538461
2.24664224664225	3.68742368742369	0.195360195360195
5.27472527472527	4.85958485958486	2.71062271062271
5.66544566544567	4.68864468864469	3.80952380952381
0.0976800976800977	1.92918192918193	-5.44566544566545
-1.63614163614164	0.537240537240537	-1.0989010989011
-2.53968253968254	-0.952380952380952	-1.22100122100122
0.317460317460317	-1.97802197802198	-2.71062271062271
-2.27106227106227	-2.24664224664225	-1.75824175824176
-1.63614163614164	-1.66056166056166	0.879120879120879
-2.51526251526252	-2.36874236874237	-1.83150183150183
-1.07448107448107	-1.14774114774115	-2.80830280830281
0.463980463980464	1.75824175824176	-1.53846153846154
2.88156288156288	3.76068376068376	-4.78632478632479
5.15262515262515	5.49450549450549	-2.78388278388278
5.49450549450549	6.03174603174603	-1.53846153846154
2.85714285714286	5.86080586080586	-1.24542124542125
-0.463980463980464	4.88400488400488	-1.22100122100122
4.07814407814408	4.63980463980464	-1.22100122100122
1.02564102564103	3.63858363858364	-0.83028083028083
3.36996336996337	5.03052503052503	0.341880341880342
5.37240537240537	5.95848595848596	1.14774114774115
2.71062271062271	4.85958485958486	6.86202686202686
1.001221001221	3.02808302808303	5.07936507936508
0.268620268620269	1.46520146520147	-4.07814407814408
0.903540903540904	0.122100122100122	4.88400488400488
-3.27228327228327	-1.44078144078144	1.51404151404151
-2.36874236874237	-1.88034188034188	-2.80830280830281
-1.51404151404151	-1.70940170940171	0.952380952380952
-0.537240537240537	0.0488400488400488	6.76434676434676
-1.51404151404151	-1.12332112332112	0.512820512820513
-1.07448107448107	-0.0732600732600733	1.46520146520147
1.61172161172161	2.002442002442	3.003663003663
1.29426129426129	3.66300366300366	3.02808302808303
0.537240537240537	4.37118437118437	5.34798534798535
3.2967032967033	5.27472527472527	7.93650793650794
2.88156288156288	6.12942612942613	9.76800976800977
4.63980463980464	8.00976800976801	9.52380952380952
5.27472527472527	8.27838827838828	10.7936507936508
3.22344322344322	7.32600732600733	17.3626373626374
5.73870573870574	7.64346764346764	17.2893772893773
6.44688644688645	7.74114774114774	6.15384615384615
3.54090354090354	7.69230769230769	12.2588522588523
4.76190476190476	6.69108669108669	9.86568986568987
4.3956043956044	7.86324786324786	6.54456654456654
6.61782661782662	8.32722832722833	8.96214896214896
4.61538461538461	7.83882783882784	10.6227106227106
1.92918192918193	4.90842490842491	9.15750915750916
1.46520146520147	3.39438339438339	4.76190476190476
1.75824175824176	4.3956043956044	4.83516483516483
4.004884004884	6.59340659340659	8.74236874236874
3.54090354090354	7.13064713064713	10.7203907203907
2.36874236874237	5.61660561660562	10.1098901098901
0.781440781440781	4.93284493284493	9.25518925518926
-0.415140415140415	3.56532356532357	7.2039072039072
-5.81196581196581	-2.14896214896215	8.54700854700855
-7.08180708180708	-4.68864468864469	9.96336996336996
-6.95970695970696	-5.3968253968254	-0.634920634920635
-3.41880341880342	-5.22588522588523	0.21978021978022
-1.14774114774115	-3.63858363858364	1.85592185592186
-0.976800976800977	-2.73504273504274	-1.80708180708181
-1.24542124542125	-0.0488400488400488	0.683760683760684
1.80708180708181	3.80952380952381	6.66666666666667
1.80708180708181	4.73748473748474	8.3028083028083
0.927960927960928	4.51770451770452	6.86202686202686
4.1025641025641	6.56898656898657	6.34920634920635
3.1990231990232	7.86324786324786	6.95970695970696
5.3968253968254	9.18192918192918	10.2319902319902
7.78998778998779	13.1623931623932	12.8449328449328
8.25396825396825	14.6275946275946	10.0610500610501
11.8192918192918	15.1159951159951	11.0866910866911
8.81562881562882	18.1196581196581	10.5250305250305
12.2832722832723	17.3870573870574	8.4004884004884
10.5250305250305	17.2405372405372	11.1599511599512
10.4029304029304	18.4126984126984	20.2197802197802
8.66910866910867	15.1892551892552	3.1990231990232
9.23076923076923	13.7728937728938	7.98534798534799
10.1343101343101	13.3333333333333	9.86568986568987
10.2564102564103	11.4041514041514	1.83150183150183
5.83638583638584	9.35286935286935	3.34554334554335
8.22954822954823	8.52258852258852	6.32478632478632
7.47252747252747	7.17948717948718	8.4004884004884
5.03052503052503	7.3992673992674	4.93284493284493
6.08058608058608	5.88522588522589	2.68620268620269
4.95726495726496	6.03174603174603	1.1965811965812
1.05006105006105	3.15018315018315	2.07570207570208
1.07448107448107	4.07814407814408	4.17582417582418
2.36874236874237	2.68620268620269	5.07936507936508
0.976800976800977	1.17216117216117	1.70940170940171
4.22466422466422	2.75946275946276	2.58852258852259
3.73626373626374	1.78266178266178	5.68986568986569
5.27472527472527	1.73382173382173	2.88156288156288
3.34554334554335	1.07448107448107	-0.952380952380952
4.32234432234432	3.73626373626374	5.71428571428571
4.49328449328449	2.85714285714286	6.42246642246642
4.93284493284493	1.83150183150183	-1.44078144078144
8.13186813186813	4.32234432234432	3.88278388278388
