-2.78388278388278	-2.73504273504274	6.81318681318681
-3.93162393162393	-3.24786324786325	0.268620268620269
-4.2979242979243	-1.14774114774115	1.63614163614164
-1.73382173382173	-0.586080586080586	0.43956043956044
-1.46520146520147	0.854700854700855	-0.0732600732600733
0.244200244200244	1.75824175824176	-1.51404151404151
-0.610500610500611	1.07448107448107	-1.78266178266178
-0.927960927960928	0.561660561660562	-0.903540903540904
1.1965811965812	0.781440781440781	-0.268620268620269
1.31868131868132	1.0989010989011	-0.488400488400488
1.41636141636142	1.51404151404151	-0.537240537240537
2.2954822954823	3.1013431013431	-0.610500610500611
1.17216117216117	3.83394383394383	1.14774114774115
0.757020757020757	4.56654456654457	2.05128205128205
2.36874236874237	7.27716727716728	4.15140415140415
3.12576312576313	8.47374847374847	4.88400488400488
3.80952380952381	8.57142857142857	4.85958485958486
6.69108669108669	7.25274725274725	3.98046398046398
5.22588522588523	6.64224664224664	3.39438339438339
5.78754578754579	5.95848595848596	4.68864468864469
5.47008547008547	6.61782661782662	4.78632478632479
5.98290598290598	6.17826617826618	6.52014652014652
4.81074481074481	6.34920634920635	8.15628815628816
7.00854700854701	8.93772893772894	10.2808302808303
7.25274725274725	10.03663003663	12.8937728937729
8.00976800976801	9.45054945054945	12.2832722832723
6.69108669108669	9.45054945054945	9.57264957264957
7.27716727716728	8.84004884004884	10.1343101343101
5.68986568986569	6.86202686202686	7.10622710622711
1.92918192918193	4.54212454212454	2.78388278388278
0.903540903540904	4.05372405372405	3.32112332112332
4.004884004884	4.49328449328449	-0.268620268620269
1.53846153846154	3.58974358974359	0.805860805860806
0.732600732600733	3.17460317460317	0.683760683760684
2.83272283272283	5.05494505494505	-0.293040293040293
3.51648351648352	4.2002442002442	-1.07448107448107
2.51526251526252	3.17460317460317	-2.78388278388278
3.02808302808303	3.49206349206349	0
5.86080586080586	3.76068376068376	0.561660561660562
5.37240537240537	3.56532356532357	2.07570207570208
3.83394383394383	5.15262515262515	2.97924297924298
4.71306471306471	6.93528693528694	2.46642246642247
5.05494505494505	6.05616605616606	5.2014652014652
2.97924297924298	5.15262515262515	5.17704517704518
3.76068376068376	4.93284493284493	4.66422466422466
3.15018315018315	4.17582417582418	5.93406593406593
4.17582417582418	4.15140415140415	3.66300366300366
3.46764346764347	4.42002442002442	4.76190476190476
3.51648351648352	4.90842490842491	6.03174603174603
2.51526251526252	5.27472527472527	8.74236874236874
6.00732600732601	7.47252747252747	7.59462759462759
5.05494505494505	7.3015873015873	6.12942612942613
4.66422466422466	6.95970695970696	8.05860805860806
6.66666666666667	6.61782661782662	6.15384615384615
6.3003663003663	5.78754578754579	4.3956043956044
3.49206349206349	3.56532356532357	3.003663003663
3.68742368742369	2.2954822954823	0.805860805860806
2.02686202686203	2.31990231990232	-0.244200244200244
3.39438339438339	2.68620268620269	1.29426129426129
3.07692307692308	1.58730158730159	0.244200244200244
1.0989010989011	1.80708180708181	0.268620268620269
0.805860805860806	2.49084249084249	-0.244200244200244
1.78266178266178	3.46764346764347	2.17338217338217
-1.73382173382173	2.49084249084249	1.1965811965812
-0.317460317460317	1.56288156288156	2.66178266178266
2.58852258852259	0.952380952380952	1.70940170940171
-1.46520146520147	-1.07448107448107	0.122100122100122
1.02564102564103	-1.61172161172161	0.195360195360195
-0.122100122100122	-2.68620268620269	2.22222222222222
-3.17460317460317	-1.73382173382173	4.1025641025641
-3.15018315018315	-0.170940170940171	4.1025641025641
-2.56410256410256	1.12332112332112	4.49328449328449
-3.58974358974359	0.659340659340659	2.53968253968254
-2.2954822954823	1.31868131868132	-0.659340659340659
-2.85714285714286	1.56288156288156	-1.83150183150183
-0.903540903540904	0.83028083028083	-2.39316239316239
-0.757020757020757	1.73382173382173	-1.83150183150183
-0.757020757020757	2.36874236874237	-2.14896214896215
-2.2954822954823	2.12454212454212	-2.63736263736264
-2.02686202686203	1.24542124542125	-1.92918192918193
-2.1001221001221	1.29426129426129	-2.49084249084249
-1.75824175824176	1.78266178266178	-4.2002442002442
-3.32112332112332	1.78266178266178	-3.39438339438339
-3.1013431013431	1.70940170940171	-1.1965811965812
1.80708180708181	2.68620268620269	-0.293040293040293
-1.07448107448107	3.51648351648352	0.561660561660562
-0.879120879120879	2.2954822954823	-0.293040293040293
0.341880341880342	1.78266178266178	1.68498168498168
-0.244200244200244	2.80830280830281	4.15140415140415
-1.07448107448107	2.71062271062271	2.93040293040293
-1.73382173382173	2.71062271062271	3.17460317460317
-1.92918192918193	2.27106227106227	1.44078144078144
-2.46642246642247	1.17216117216117	0.659340659340659
-1.39194139194139	-0.268620268620269	-1.95360195360195
-2.46642246642247	-1.1965811965812	-0.146520146520147
-1.29426129426129	-0.976800976800977	-0.634920634920635
-2.02686202686203	-1.58730158730159	-3.61416361416361
-3.24786324786325	-1.61172161172161	-3.003663003663
-4.3956043956044	-3.003663003663	-3.56532356532357
-3.05250305250305	-2.68620268620269	-6.00732600732601
-1.41636141636142	-2.2954822954823	-4.88400488400488
-1.83150183150183	-4.02930402930403	-7.66788766788767
0.122100122100122	-4.32234432234432	-6.44688644688645
-1.51404151404151	-3.58974358974359	-4.2979242979243
-0.610500610500611	-4.54212454212454	-2.68620268620269
0.488400488400488	-4.61538461538461	-0.293040293040293
-0.976800976800977	-3.78510378510378	-3.61416361416361
-0.879120879120879	-4.05372405372405	-2.34432234432234
0.854700854700855	-3.95604395604396	-1.88034188034188
0.561660561660562	-4.05372405372405	-2.78388278388278
0.757020757020757	-3.90720390720391	-1.26984126984127
-1.17216117216117	-3.83394383394383	-0.21978021978022
-1.95360195360195	-4.24908424908425	3.24786324786325
-1.34310134310134	-3.76068376068376	2.17338217338217
-2.2954822954823	-4.05372405372405	4.51770451770452
-0.879120879120879	-2.41758241758242	4.93284493284493
-1.39194139194139	-4.15140415140415	0.293040293040293
-1.58730158730159	-4.22466422466422	1.61172161172161
-3.24786324786325	-5.47008547008547	0.195360195360195
-5.37240537240537	-5.32356532356532	-2.36874236874237
-5.12820512820513	-5.90964590964591	-4.85958485958486
-5.27472527472527	-4.85958485958486	-5.27472527472527
-4.90842490842491	-4.59096459096459	-3.90720390720391
-5.25030525030525	-4.81074481074481	-6.25152625152625
-5.54334554334554	-4.3956043956044	-5.2014652014652
-7.10622710622711	-4.61538461538461	-5.34798534798535
-5.59218559218559	-4.51770451770452	-6.15384615384615
-5.15262515262515	-4.34676434676435	-5.68986568986569
-3.98046398046398	-5.2014652014652	-5.27472527472527
-1.14774114774115	-4.24908424908425	-5.12820512820513
-1.001221001221	-3.41880341880342	-4.2979242979243
-2.75946275946276	-3.78510378510378	-3.90720390720391
-2.1978021978022	-4.2002442002442	-4.17582417582418
-4.1025641025641	-5.49450549450549	-3.93162393162393
-4.44444444444444	-4.34676434676435	-1.44078144078144
-3.15018315018315	-4.2979242979243	-0.952380952380952
-1.75824175824176	-3.36996336996337	1.51404151404151
-0.122100122100122	-2.51526251526252	3.61416361416361
2.12454212454212	-0.0488400488400488	5.3968253968254
-0.170940170940171	1.26984126984127	7.54578754578755
-0.0488400488400488	0.708180708180708	5.07936507936508
-0.903540903540904	0.21978021978022	2.97924297924298
-1.95360195360195	-0.366300366300366	1.22100122100122
-3.12576312576313	-1.75824175824176	1.61172161172161
-3.1013431013431	-2.44200244200244	-0.879120879120879
-2.97924297924298	-3.54090354090354	-4.90842490842491
-4.12698412698413	-3.83394383394383	-4.90842490842491
-5.22588522588523	-3.93162393162393	-4.46886446886447
-4.2002442002442	-3.63858363858364	-6.59340659340659
-5.59218559218559	-3.2967032967033	-5.83638583638584
-5.3968253968254	-3.07692307692308	-6.05616605616606
-5.83638583638584	-2.78388278388278	-7.03296703296703
-5.54334554334554	-1.97802197802198	-4.07814407814408
-4.22466422466422	-2.49084249084249	-4.24908424908425
-3.44322344322344	-1.70940170940171	-1.1965811965812
-2.51526251526252	-0.561660561660562	-1.51404151404151
0.244200244200244	0.781440781440781	-1.26984126984127
0.0732600732600733	-0.0244200244200244	-0.317460317460317
-1.68498168498168	-0.976800976800977	-0.317460317460317
-1.0989010989011	0.0732600732600733	1.36752136752137
1.34310134310134	1.39194139194139	3.73626373626374
-0.195360195360195	0.659340659340659	4.61538461538461
-0.659340659340659	0.952380952380952	4.02930402930403
-2.41758241758242	1.73382173382173	4.63980463980464
-1.26984126984127	1.17216117216117	5.27472527472527
-3.46764346764347	-0.659340659340659	4.15140415140415
-4.95726495726496	-1.22100122100122	2.44200244200244
-4.71306471306471	-2.17338217338217	2.002442002442
-2.90598290598291	-1.9047619047619	2.1978021978022
-0.390720390720391	-2.61294261294261	1.48962148962149
-1.51404151404151	-3.22344322344322	-3.80952380952381
-1.63614163614164	-3.90720390720391	-6.56898656898657
-0.244200244200244	-3.90720390720391	-6.83760683760684
-1.83150183150183	-3.58974358974359	-7.44810744810745
-1.56288156288156	-2.46642246642247	-5.54334554334554
-0.0732600732600733	-2.22222222222222	-5.25030525030525
0.488400488400488	-1.88034188034188	-2.41758241758242
0.732600732600733	-0.122100122100122	1.58730158730159
1.56288156288156	0.83028083028083	1.9047619047619
0.879120879120879	1.66056166056166	3.83394383394383
-0.268620268620269	2.71062271062271	6.2026862026862
1.44078144078144	3.61416361416361	4.68864468864469
1.85592185592186	3.32112332112332	4.46886446886447
-1.44078144078144	2.63736263736264	4.54212454212454
-1.51404151404151	1.05006105006105	3.80952380952381
-2.61294261294261	0.390720390720391	2.44200244200244
-3.71184371184371	-1.95360195360195	-1.51404151404151
-5.32356532356532	-5.15262515262515	-1.29426129426129
-5.25030525030525	-7.42368742368742	-2.75946275946276
-5.37240537240537	-6.66666666666667	-4.68864468864469
-6.00732600732601	-6.34920634920635	-3.36996336996337
-5.56776556776557	-5.61660561660562	-1.53846153846154
-6.42246642246642	-5.12820512820513	-2.85714285714286
-5.37240537240537	-4.83516483516483	-1.9047619047619
-4.83516483516483	-4.85958485958486	-1.9047619047619
-3.46764346764347	-4.07814407814408	-1.12332112332112
-2.27106227106227	-4.3956043956044	-2.22222222222222
-3.003663003663	-4.2002442002442	-2.12454212454212
-0.854700854700855	-3.71184371184371	-2.41758241758242
-0.634920634920635	-4.2979242979243	-1.63614163614164
-2.46642246642247	-4.76190476190476	-1.73382173382173
0.341880341880342	-4.02930402930403	-0.43956043956044
-0.195360195360195	-3.12576312576313	3.15018315018315
-2.002442002442	-3.80952380952381	1.75824175824176
-1.44078144078144	-4.1025641025641	1.95360195360195
-1.001221001221	-3.32112332112332	-0.781440781440781
-1.24542124542125	-2.41758241758242	-1.78266178266178
-1.1965811965812	-2.41758241758242	-0.366300366300366
-2.002442002442	-2.51526251526252	-0.879120879120879
-3.22344322344322	-2.75946275946276	-2.46642246642247
-2.85714285714286	-2.53968253968254	-4.32234432234432
-4.004884004884	-3.63858363858364	-6.4957264957265
-4.49328449328449	-3.54090354090354	-8.42490842490843
-3.24786324786325	-3.39438339438339	-7.93650793650794
-3.15018315018315	-2.85714285714286	-3.80952380952381
-2.27106227106227	-3.07692307692308	-4.44444444444444
-5.81196581196581	-4.42002442002442	-4.81074481074481
-4.85958485958486	-5.07936507936508	-5.76312576312576
-4.95726495726496	-5.17704517704518	-4.90842490842491
-3.80952380952381	-5.66544566544567	-5.32356532356532
-3.68742368742369	-4.78632478632479	-5.90964590964591
-1.001221001221	-4.34676434676435	-5.59218559218559
-2.53968253968254	-2.41758241758242	-1.68498168498168
-0.268620268620269	-0.366300366300366	2.002442002442
-2.31990231990232	-0.0488400488400488	3.51648351648352
-1.80708180708181	1.24542124542125	2.83272283272283
-0.146520146520147	2.05128205128205	0.976800976800977
-1.05006105006105	1.56288156288156	1.44078144078144
-0.390720390720391	0.683760683760684	-1.001221001221
-1.83150183150183	0.976800976800977	-1.29426129426129
-2.46642246642247	0.146520146520147	-1.34310134310134
-0.83028083028083	-0.122100122100122	-3.85836385836386
-2.02686202686203	0.0488400488400488	-4.73748473748474
-1.0989010989011	0.293040293040293	-3.54090354090354
-0.463980463980464	1.22100122100122	-3.02808302808303
-0.146520146520147	1.75824175824176	-2.41758241758242
0.610500610500611	3.003663003663	-1.63614163614164
-1.70940170940171	3.02808302808303	0.83028083028083
0.317460317460317	1.24542124542125	-0.317460317460317
-0.708180708180708	2.02686202686203	0.610500610500611
-1.07448107448107	2.68620268620269	1.51404151404151
-1.48962148962149	3.88278388278388	3.49206349206349
-0.317460317460317	4.66422466422466	2.93040293040293
1.12332112332112	5.78754578754579	6.81318681318681
0.586080586080586	6.66666666666667	10.5738705738706
2.1001221001221	7.66788766788767	9.96336996336996
2.17338217338217	6.2026862026862	7.64346764346764
0.976800976800977	5.49450549450549	7.98534798534799
-0.0976800976800977	3.61416361416361	4.42002442002442
-3.27228327228327	1.70940170940171	-0.854700854700855
-1.88034188034188	0.659340659340659	-3.98046398046398
-4.73748473748474	-0.21978021978022	-4.27350427350427
-2.24664224664225	-0.879120879120879	-3.85836385836386
-1.14774114774115	-0.781440781440781	-5.25030525030525
0.293040293040293	-0.757020757020757	-2.75946275946276
1.51404151404151	-0.317460317460317	-1.83150183150183
1.70940170940171	0.43956043956044	-1.63614163614164
-0.0488400488400488	0.21978021978022	2.80830280830281
2.88156288156288	-0.122100122100122	0.781440781440781
1.12332112332112	-0.976800976800977	1.02564102564103
0.659340659340659	-0.293040293040293	-1.75824175824176
2.93040293040293	0.488400488400488	-4.34676434676435
0.488400488400488	-0.879120879120879	-3.90720390720391
0.268620268620269	-0.683760683760684	-2.51526251526252
0.512820512820513	-0.415140415140415	-0.976800976800977
1.46520146520147	-0.317460317460317	1.63614163614164
1.85592185592186	-1.26984126984127	3.2967032967033
1.0989010989011	-0.903540903540904	6.3980463980464
-0.854700854700855	0.170940170940171	8.2051282051282
1.02564102564103	0.43956043956044	9.64590964590965
1.05006105006105	0.0976800976800977	10.3540903540904
-0.366300366300366	-1.80708180708181	7.2039072039072
0.561660561660562	-2.46642246642247	4.05372405372405
1.1965811965812	-3.39438339438339	-1.29426129426129
1.58730158730159	-3.63858363858364	-2.41758241758242
1.51404151404151	-3.54090354090354	-5.78754578754579
1.66056166056166	-3.56532356532357	-8.25396825396825
1.22100122100122	-4.54212454212454	-7.22832722832723
3.34554334554335	-4.05372405372405	-4.78632478632479
1.44078144078144	-5.25030525030525	-4.68864468864469
-3.12576312576313	-4.81074481074481	-3.07692307692308
-0.390720390720391	-3.58974358974359	-5.73870573870574
0.708180708180708	-3.1013431013431	-2.85714285714286
-0.586080586080586	-1.48962148962149	-2.1978021978022
2.34432234432234	-1.53846153846154	-1.29426129426129
0.561660561660562	-0.634920634920635	-0.854700854700855
1.56288156288156	0.463980463980464	-0.0488400488400488
-0.512820512820513	0.21978021978022	3.1013431013431
-1.0989010989011	1.0989010989011	3.34554334554335
0.805860805860806	2.36874236874237	5.34798534798535
2.1001221001221	2.83272283272283	5.37240537240537
4.1025641025641	3.63858363858364	6.91086691086691
5.73870573870574	3.88278388278388	7.83882783882784
3.54090354090354	3.98046398046398	8.44932844932845
4.71306471306471	5.00610500610501	10.7448107448107
6.34920634920635	4.51770451770452	8.13186813186813
4.42002442002442	3.80952380952381	4.83516483516483
2.46642246642247	2.17338217338217	3.1013431013431
2.1978021978022	1.73382173382173	1.92918192918193
0.341880341880342	0.293040293040293	1.53846153846154
-2.44200244200244	-0.170940170940171	-1.9047619047619
-0.903540903540904	0.146520146520147	-3.17460317460317
-1.83150183150183	-0.879120879120879	-2.85714285714286
0.366300366300366	-0.317460317460317	-3.1013431013431
0.537240537240537	1.1965811965812	-1.80708180708181
1.31868131868132	1.001221001221	-1.41636141636142
0.122100122100122	2.56410256410256	-1.22100122100122
1.68498168498168	2.1978021978022	1.85592185592186
-0.463980463980464	1.17216117216117	0.0732600732600733
-1.22100122100122	0.976800976800977	1.31868131868132
-1.63614163614164	0.586080586080586	4.1025641025641
-3.98046398046398	1.17216117216117	3.80952380952381
-1.53846153846154	3.27228327228327	5.34798534798535
-1.83150183150183	5.3968253968254	6.73992673992674
-0.781440781440781	7.71672771672772	7.37484737484737
2.05128205128205	8.27838827838828	6.32478632478632
2.05128205128205	7.98534798534799	5.90964590964591
1.70940170940171	6.88644688644689	5.17704517704518
1.41636141636142	5.1037851037851	3.98046398046398
0.732600732600733	3.32112332112332	2.51526251526252
0.732600732600733	2.22222222222222	0.854700854700855
0.854700854700855	2.36874236874237	0.976800976800977
0.854700854700855	3.1990231990232	4.15140415140415
-0.244200244200244	2.51526251526252	2.56410256410256
0.0976800976800977	1.63614163614164	3.34554334554335
0.610500610500611	1.75824175824176	2.95482295482295
-1.29426129426129	0	-0.561660561660562
-1.39194139194139	-1.24542124542125	-2.68620268620269
-0.586080586080586	-1.80708180708181	-3.93162393162393
-0.659340659340659	-1.9047619047619	-3.41880341880342
-0.634920634920635	-1.29426129426129	-4.12698412698413
0.0244200244200244	-1.48962148962149	-3.98046398046398
-1.56288156288156	-0.805860805860806	-1.36752136752137
-0.43956043956044	-0.586080586080586	1.70940170940171
0.268620268620269	1.02564102564103	5.66544566544567
-0.488400488400488	3.27228327228327	6.76434676434676
1.97802197802198	4.1025641025641	7.93650793650794
3.66300366300366	3.63858363858364	7.3015873015873
1.73382173382173	3.93162393162393	6.3003663003663
3.39438339438339	3.68742368742369	2.53968253968254
2.07570207570208	2.75946275946276	0.561660561660562
0.683760683760684	3.32112332112332	0.122100122100122
-2.31990231990232	2.1001221001221	-3.63858363858364
-0.83028083028083	0.83028083028083	-4.63980463980464
0.195360195360195	0.170940170940171	-4.54212454212454
-3.2967032967033	-0.488400488400488	-5.12820512820513
-0.781440781440781	-1.12332112332112	-2.56410256410256
-1.07448107448107	-1.12332112332112	0.317460317460317
-1.24542124542125	-1.05006105006105	1.68498168498168
-2.34432234432234	-1.63614163614164	2.71062271062271
-1.12332112332112	-0.341880341880342	2.05128205128205
0.366300366300366	-0.854700854700855	-0.415140415140415
0.0244200244200244	-1.22100122100122	0.341880341880342
0.195360195360195	-1.75824175824176	0.195360195360195
0.952380952380952	-2.73504273504274	0.757020757020757
0.0976800976800977	-2.56410256410256	1.48962148962149
0.83028083028083	-3.56532356532357	0.586080586080586
-0.244200244200244	-3.49206349206349	2.02686202686203
-0.0488400488400488	-1.95360195360195	2.56410256410256
0.366300366300366	-0.195360195360195	3.41880341880342
1.48962148962149	1.24542124542125	2.73504273504274
0.683760683760684	2.05128205128205	0.903540903540904
4.17582417582418	1.58730158730159	1.05006105006105
3.83394383394383	1.46520146520147	0.463980463980464
3.02808302808303	1.17216117216117	0.317460317460317
1.92918192918193	-0.0732600732600733	-1.34310134310134
1.34310134310134	-0.0732600732600733	-4.51770451770452
1.41636141636142	-0.586080586080586	-2.12454212454212
0.195360195360195	-1.22100122100122	-3.12576312576313
1.41636141636142	-0.732600732600733	-1.58730158730159
-0.488400488400488	-0.21978021978022	-0.512820512820513
-0.268620268620269	0.21978021978022	-0.0976800976800977
-0.170940170940171	1.34310134310134	1.34310134310134
-1.29426129426129	2.46642246642247	3.02808302808303
-0.317460317460317	2.85714285714286	4.76190476190476
0.0732600732600733	3.27228327228327	6.4957264957265
0.463980463980464	3.003663003663	6.69108669108669
0.732600732600733	1.61172161172161	9.5970695970696
0.537240537240537	0.879120879120879	8.2051282051282
-0.122100122100122	0.366300366300366	6.88644688644689
1.29426129426129	0.195360195360195	4.05372405372405
-1.39194139194139	-0.0488400488400488	1.31868131868132
-1.46520146520147	-0.83028083028083	0.610500610500611
0.0732600732600733	-1.001221001221	-0.708180708180708
-1.22100122100122	-1.83150183150183	-2.002442002442
-0.293040293040293	-1.75824175824176	-2.49084249084249
0.732600732600733	-1.39194139194139	-2.95482295482295
-3.12576312576313	-0.781440781440781	-2.12454212454212
-0.781440781440781	-0.83028083028083	-2.14896214896215
-2.71062271062271	-0.512820512820513	2.05128205128205
-1.48962148962149	0.195360195360195	-0.537240537240537
-0.781440781440781	2.07570207570208	1.1965811965812
1.46520146520147	2.93040293040293	1.46520146520147
1.85592185592186	3.66300366300366	0.463980463980464
3.85836385836386	3.15018315018315	0.43956043956044
-1.68498168498168	2.27106227106227	-0.781440781440781
1.61172161172161	2.12454212454212	-0.976800976800977
1.83150183150183	0.879120879120879	-0.317460317460317
-0.683760683760684	-0.390720390720391	0.366300366300366
0.463980463980464	-0.634920634920635	0.659340659340659
0.732600732600733	0.0732600732600733	1.92918192918193
-0.122100122100122	1.73382173382173	3.54090354090354
0.170940170940171	3.85836385836386	6.4957264957265
2.85714285714286	6.08058608058608	9.89010989010989
4.27350427350427	8.25396825396825	11.7216117216117
3.85836385836386	7.81440781440781	6.59340659340659
3.24786324786325	4.98168498168498	2.36874236874237
0.976800976800977	2.75946275946276	-0.0976800976800977
-0.43956043956044	2.22222222222222	-3.83394383394383
0.757020757020757	0.952380952380952	-4.56654456654457
-1.34310134310134	1.51404151404151	-5.07936507936508
-1.75824175824176	2.75946275946276	-6.12942612942613
-2.51526251526252	1.68498168498168	-5.12820512820513
-2.53968253968254	1.88034188034188	-6.3003663003663
-3.05250305250305	0.610500610500611	-6.78876678876679
-3.02808302808303	0.586080586080586	-5.3968253968254
-2.95482295482295	1.68498168498168	-4.15140415140415
0.561660561660562	2.27106227106227	-3.32112332112332
-0.708180708180708	2.83272283272283	-4.24908424908425
-0.390720390720391	4.24908424908425	-1.63614163614164
1.44078144078144	4.76190476190476	-2.002442002442
1.24542124542125	2.39316239316239	-4.05372405372405
-0.415140415140415	0.659340659340659	-0.732600732600733
1.14774114774115	2.002442002442	2.31990231990232
2.22222222222222	1.41636141636142	2.46642246642247
1.1965811965812	2.07570207570208	2.36874236874237
2.24664224664225	3.61416361416361	2.24664224664225
2.41758241758242	5.05494505494505	2.95482295482295
4.1025641025641	5.81196581196581	4.76190476190476
4.1025641025641	5.93406593406593	4.71306471306471
5.2991452991453	6.17826617826618	3.93162393162393
4.81074481074481	5.73870573870574	1.9047619047619
6.4957264957265	5.78754578754579	4.98168498168498
3.41880341880342	3.58974358974359	0.854700854700855
4.07814407814408	2.14896214896215	2.31990231990232
3.58974358974359	1.02564102564103	0.0488400488400488
2.34432234432234	0.170940170940171	-1.61172161172161
1.07448107448107	-0.0244200244200244	-1.97802197802198
1.41636141636142	0.146520146520147	-2.78388278388278
1.02564102564103	0.952380952380952	-1.51404151404151
1.80708180708181	1.97802197802198	-1.1965811965812
1.78266178266178	1.24542124542125	-1.56288156288156
1.83150183150183	-1.63614163614164	-1.88034188034188
1.92918192918193	-2.78388278388278	-2.46642246642247
1.61172161172161	-1.88034188034188	-1.66056166056166
1.36752136752137	-1.95360195360195	-2.34432234432234
1.63614163614164	-0.781440781440781	-2.17338217338217
2.05128205128205	0.683760683760684	0.268620268620269
2.1001221001221	1.92918192918193	1.73382173382173
2.1001221001221	2.95482295482295	3.49206349206349
4.17582417582418	2.75946275946276	3.83394383394383
4.004884004884	2.46642246642247	2.46642246642247
3.32112332112332	3.15018315018315	1.9047619047619
3.44322344322344	6.22710622710623	1.95360195360195
0.879120879120879	1.07448107448107	0.732600732600733
0.293040293040293	2.66178266178266	-1.63614163614164
-0.317460317460317	2.90598290598291	-3.73626373626374
-0.21978021978022	1.48962148962149	-3.56532356532357
0.415140415140415	0.0244200244200244	-2.63736263736264
-0.708180708180708	-0.561660561660562	-6.32478632478632
-1.31868131868132	-0.732600732600733	-5.37240537240537
-0.805860805860806	-2.34432234432234	-7.2039072039072
-3.63858363858364	-3.24786324786325	-7.3992673992674
-4.24908424908425	-4.1025641025641	-6.95970695970696
-4.2002442002442	-4.56654456654457	-6.59340659340659
-4.59096459096459	-4.66422466422466	-6.59340659340659
-5.66544566544567	-5.22588522588523	-6.44688644688645
-5.73870573870574	-5.17704517704518	-4.68864468864469
-3.27228327228327	-3.80952380952381	-3.44322344322344
-2.56410256410256	-3.41880341880342	-2.1001221001221
-0.854700854700855	-2.73504273504274	-2.27106227106227
-2.002442002442	-2.66178266178266	-3.54090354090354
-0.268620268620269	-2.31990231990232	-4.05372405372405
-1.34310134310134	-3.07692307692308	-6.52014652014652
-3.22344322344322	-3.54090354090354	-7.69230769230769
-1.31868131868132	-2.71062271062271	-7.76556776556777
-2.46642246642247	-0.561660561660562	-8.22954822954823
-2.46642246642247	-1.41636141636142	-7.00854700854701
-4.17582417582418	-1.63614163614164	-4.93284493284493
-3.05250305250305	-0.854700854700855	-5.51892551892552
-1.61172161172161	-0.463980463980464	-3.88278388278388
-2.1001221001221	-0.268620268620269	-2.002442002442
-0.0488400488400488	1.12332112332112	-1.44078144078144
0.146520146520147	0.488400488400488	0.83028083028083
3.12576312576313	0.952380952380952	1.0989010989011
2.75946275946276	1.83150183150183	0.805860805860806
-0.879120879120879	1.56288156288156	1.07448107448107
0.244200244200244	1.34310134310134	0.854700854700855
0.659340659340659	1.68498168498168	0.0976800976800977
-1.58730158730159	0.879120879120879	-0.0976800976800977
-1.51404151404151	0.854700854700855	1.001221001221
-0.512820512820513	0.293040293040293	-1.73382173382173
1.02564102564103	-0.463980463980464	-0.586080586080586
-0.293040293040293	0	0.415140415140415
0.512820512820513	1.12332112332112	1.14774114774115
-2.1978021978022	2.02686202686203	1.22100122100122
-0.854700854700855	1.63614163614164	0.952380952380952
-1.97802197802198	1.56288156288156	1.39194139194139
-1.1965811965812	2.07570207570208	-0.21978021978022
-3.66300366300366	1.61172161172161	-0.0244200244200244
-3.17460317460317	1.9047619047619	-1.66056166056166
-3.22344322344322	1.68498168498168	-1.26984126984127
-2.14896214896215	1.75824175824176	0.683760683760684
-0.293040293040293	0.708180708180708	-0.903540903540904
1.17216117216117	1.05006105006105	0.293040293040293
3.44322344322344	1.53846153846154	0.170940170940171
4.12698412698413	1.1965811965812	-0.195360195360195
1.66056166056166	0.927960927960928	-1.44078144078144
0.512820512820513	1.61172161172161	0.122100122100122
-0.293040293040293	1.73382173382173	3.49206349206349
-2.02686202686203	2.05128205128205	0.586080586080586
-0.732600732600733	2.85714285714286	-0.708180708180708
-1.001221001221	2.17338217338217	-0.0976800976800977
-0.390720390720391	2.63736263736264	0.537240537240537
3.68742368742369	3.90720390720391	0.390720390720391
3.51648351648352	3.66300366300366	1.22100122100122
1.63614163614164	1.92918192918193	-3.17460317460317
-0.21978021978022	2.14896214896215	0.244200244200244
0.634920634920635	1.1965811965812	-0.659340659340659
0.757020757020757	1.07448107448107	-2.49084249084249
0.537240537240537	2.85714285714286	-2.05128205128205
2.12454212454212	2.39316239316239	-2.24664224664225
1.83150183150183	2.49084249084249	-1.05006105006105
0.341880341880342	1.92918192918193	-0.561660561660562
0.952380952380952	1.36752136752137	0.244200244200244
1.88034188034188	0.561660561660562	1.51404151404151
1.51404151404151	0.317460317460317	1.17216117216117
3.56532356532357	0.21978021978022	3.76068376068376
3.51648351648352	-0.586080586080586	2.68620268620269
3.07692307692308	-0.732600732600733	4.17582417582418
0.512820512820513	-1.31868131868132	3.1013431013431
-0.268620268620269	-1.66056166056166	0.976800976800977
0.610500610500611	-2.85714285714286	1.02564102564103
-1.73382173382173	-3.36996336996337	-1.24542124542125
-1.95360195360195	-4.02930402930403	-1.46520146520147
-1.22100122100122	-3.51648351648352	-0.879120879120879
-2.78388278388278	-2.14896214896215	-2.1001221001221
0.146520146520147	0	-0.0244200244200244
-0.21978021978022	1.61172161172161	2.97924297924298
1.95360195360195	2.61294261294261	2.56410256410256
3.78510378510378	2.88156288156288	3.54090354090354
2.14896214896215	1.70940170940171	4.2002442002442
2.97924297924298	0.757020757020757	2.85714285714286
1.12332112332112	0.781440781440781	2.07570207570208
0.0488400488400488	-0.0732600732600733	1.9047619047619
0.83028083028083	0.537240537240537	-0.0732600732600733
-1.73382173382173	-0.537240537240537	-3.78510378510378
-1.75824175824176	-1.001221001221	-3.90720390720391
-1.24542124542125	-1.78266178266178	-2.97924297924298
-1.26984126984127	-3.54090354090354	-1.44078144078144
0.317460317460317	-4.1025641025641	-1.88034188034188
2.02686202686203	-3.07692307692308	-0.122100122100122
0.976800976800977	-2.56410256410256	2.17338217338217
2.34432234432234	-1.61172161172161	3.56532356532357
1.56288156288156	0.170940170940171	2.53968253968254
0.146520146520147	1.0989010989011	0.0488400488400488
-2.02686202686203	1.75824175824176	-0.805860805860806
-0.683760683760684	0.561660561660562	-1.83150183150183
-1.05006105006105	-0.537240537240537	-2.68620268620269
0.732600732600733	-1.12332112332112	-1.70940170940171
0.610500610500611	-1.31868131868132	-0.341880341880342
-0.341880341880342	-0.537240537240537	2.2954822954823
0.0976800976800977	-2.53968253968254	-1.07448107448107
-0.976800976800977	-1.66056166056166	1.22100122100122
0.903540903540904	0.146520146520147	1.63614163614164
3.98046398046398	0.927960927960928	4.2002442002442
3.54090354090354	1.29426129426129	5.42124542124542
5.1037851037851	2.02686202686203	7.13064713064713
2.12454212454212	2.1001221001221	6.61782661782662
2.58852258852259	2.63736263736264	5.2991452991453
2.75946275946276	4.1025641025641	1.31868131868132
4.27350427350427	4.61538461538461	-0.366300366300366
2.34432234432234	2.53968253968254	1.51404151404151
4.81074481074481	2.22222222222222	3.63858363858364
3.54090354090354	0.83028083028083	2.41758241758242
1.68498168498168	0.0488400488400488	1.46520146520147
1.9047619047619	0.0244200244200244	1.56288156288156
1.68498168498168	1.9047619047619	3.39438339438339
1.34310134310134	3.61416361416361	2.44200244200244
1.22100122100122	4.2002442002442	2.2954822954823
0.634920634920635	5.2991452991453	3.49206349206349
-0.122100122100122	3.85836385836386	0.561660561660562
1.07448107448107	3.07692307692308	-0.781440781440781
1.95360195360195	0.146520146520147	-1.68498168498168
0.537240537240537	-2.31990231990232	-1.05006105006105
0.634920634920635	-2.75946275946276	-4.15140415140415
-0.146520146520147	-2.58852258852259	-4.1025641025641
2.05128205128205	-2.05128205128205	-3.76068376068376
1.05006105006105	-0.415140415140415	-5.71428571428571
1.51404151404151	0.122100122100122	-2.53968253968254
1.001221001221	0.903540903540904	-1.97802197802198
4.004884004884	0.952380952380952	-2.1001221001221
2.34432234432234	-0.879120879120879	0.537240537240537
0.415140415140415	-0.952380952380952	2.41758241758242
1.05006105006105	-1.53846153846154	2.2954822954823
0.757020757020757	-1.22100122100122	1.17216117216117
0.366300366300366	-0.952380952380952	0.170940170940171
-1.001221001221	-1.31868131868132	-0.537240537240537
-0.317460317460317	-0.561660561660562	-2.07570207570208
0.293040293040293	-0.122100122100122	-1.56288156288156
0.610500610500611	-0.683760683760684	-3.80952380952381
-0.805860805860806	-1.48962148962149	-5.90964590964591
0.170940170940171	-1.1965811965812	-6.17826617826618
0.122100122100122	-0.683760683760684	-5.00610500610501
-0.634920634920635	0.293040293040293	-3.07692307692308
0.268620268620269	0.805860805860806	-4.2979242979243
-0.683760683760684	1.001221001221	-3.22344322344322
-0.195360195360195	1.29426129426129	-0.293040293040293
1.48962148962149	0.83028083028083	-2.17338217338217
-0.21978021978022	0.83028083028083	-0.0976800976800977
3.24786324786325	2.002442002442	-0.268620268620269
3.73626373626374	2.88156288156288	-2.1978021978022
1.34310134310134	3.90720390720391	-0.732600732600733
2.58852258852259	3.12576312576313	-0.879120879120879
2.44200244200244	2.78388278388278	-0.146520146520147
2.71062271062271	3.44322344322344	0.390720390720391
2.80830280830281	2.93040293040293	0.781440781440781
1.73382173382173	3.2967032967033	2.39316239316239
3.1990231990232	2.78388278388278	-0.463980463980464
1.02564102564103	3.003663003663	3.93162393162393
0.586080586080586	3.1013431013431	5.90964590964591
1.51404151404151	2.71062271062271	4.34676434676435
0.683760683760684	2.66178266178266	8.00976800976801
2.75946275946276	3.56532356532357	7.42368742368742
3.93162393162393	3.58974358974359	5.15262515262515
2.73504273504274	2.41758241758242	0.927960927960928
3.54090354090354	2.05128205128205	-2.49084249084249
0.0244200244200244	0.586080586080586	-3.12576312576313
-0.659340659340659	-1.48962148962149	-4.07814407814408
-3.27228327228327	-3.83394383394383	-6.42246642246642
-4.2002442002442	-4.02930402930403	-6.25152625152625
-1.61172161172161	-3.07692307692308	-6.15384615384615
-0.879120879120879	-2.41758241758242	-3.76068376068376
-2.12454212454212	-1.95360195360195	-3.93162393162393
-1.95360195360195	-0.976800976800977	-4.05372405372405
-1.48962148962149	0.903540903540904	-0.317460317460317
-2.1001221001221	0.21978021978022	-6.27594627594628
-1.51404151404151	1.22100122100122	-3.2967032967033
-0.512820512820513	2.34432234432234	-1.12332112332112
-0.757020757020757	1.92918192918193	-2.02686202686203
-0.268620268620269	1.61172161172161	-1.39194139194139
-2.22222222222222	1.70940170940171	-2.78388278388278
-3.76068376068376	0.83028083028083	-2.2954822954823
-2.07570207570208	0.781440781440781	-0.708180708180708
0	0.317460317460317	-1.22100122100122
-0.195360195360195	-0.122100122100122	-0.146520146520147
-3.83394383394383	0.293040293040293	-0.170940170940171
-1.0989010989011	-0.0976800976800977	-0.0732600732600733
-2.85714285714286	0.0976800976800977	1.48962148962149
-2.88156288156288	1.26984126984127	1.51404151404151
-3.39438339438339	0.122100122100122	0.781440781440781
-1.95360195360195	-2.27106227106227	-1.1965811965812
-3.05250305250305	-2.88156288156288	-0.708180708180708
-2.97924297924298	-3.83394383394383	-4.88400488400488
-3.44322344322344	-3.63858363858364	-2.75946275946276
-0.879120879120879	-1.41636141636142	-2.80830280830281
0.976800976800977	-0.268620268620269	-5.56776556776557
1.29426129426129	-1.29426129426129	-2.41758241758242
1.29426129426129	-2.56410256410256	-3.76068376068376
-1.41636141636142	-4.15140415140415	-3.02808302808303
3.05250305250305	-4.76190476190476	-4.15140415140415
1.29426129426129	-4.81074481074481	-3.63858363858364
3.27228327228327	-3.80952380952381	0.854700854700855
4.63980463980464	-1.92918192918193	2.63736263736264
5.37240537240537	-0.634920634920635	5.00610500610501
4.15140415140415	1.0989010989011	5.3968253968254
2.49084249084249	1.39194139194139	4.56654456654457
4.3956043956044	1.58730158730159	4.46886446886447
3.90720390720391	1.61172161172161	2.07570207570208
3.36996336996337	2.05128205128205	0.0732600732600733
3.49206349206349	1.17216117216117	-1.36752136752137
1.92918192918193	-0.293040293040293	-3.17460317460317
0.757020757020757	-1.17216117216117	-1.73382173382173
0.805860805860806	-0.170940170940171	0.683760683760684
1.88034188034188	0.268620268620269	-0.43956043956044
1.05006105006105	1.05006105006105	1.58730158730159
1.51404151404151	2.02686202686203	1.05006105006105
-1.31868131868132	3.02808302808303	1.92918192918193
-0.0244200244200244	3.41880341880342	1.41636141636142
-0.512820512820513	3.95604395604396	1.48962148962149
-1.97802197802198	3.68742368742369	1.63614163614164
0.854700854700855	4.59096459096459	-1.46520146520147
-0.341880341880342	4.02930402930403	-1.22100122100122
-1.51404151404151	3.90720390720391	-1.61172161172161
-1.75824175824176	3.02808302808303	1.1965811965812
-0.708180708180708	2.93040293040293	2.51526251526252
0.854700854700855	3.68742368742369	2.24664224664225
-1.66056166056166	3.17460317460317	4.24908424908425
0.903540903540904	3.1990231990232	4.49328449328449
-0.83028083028083	2.41758241758242	3.56532356532357
-2.49084249084249	2.51526251526252	0.781440781440781
-0.0976800976800977	3.56532356532357	0.854700854700855
-0.293040293040293	3.80952380952381	0.195360195360195
-1.0989010989011	2.78388278388278	1.53846153846154
-2.41758241758242	1.58730158730159	3.1013431013431
-0.634920634920635	1.61172161172161	-0.463980463980464
-0.268620268620269	0.195360195360195	-0.0488400488400488
0.293040293040293	-1.24542124542125	1.17216117216117
-0.21978021978022	-2.12454212454212	-0.366300366300366
-0.610500610500611	-2.97924297924298	0.21978021978022
-4.51770451770452	-3.76068376068376	0.341880341880342
-6.32478632478632	-4.61538461538461	0.976800976800977
-7.15506715506716	-5.15262515262515	0.268620268620269
-5.07936507936508	-4.81074481074481	1.14774114774115
-3.41880341880342	-3.95604395604396	1.70940170940171
-1.97802197802198	-3.36996336996337	1.9047619047619
-1.95360195360195	-4.81074481074481	-1.46520146520147
-2.02686202686203	-5.93406593406593	-1.39194139194139
-2.51526251526252	-6.88644688644689	-0.170940170940171
-0.952380952380952	-7.2039072039072	-0.586080586080586
-5.07936507936508	-7.3992673992674	0.488400488400488
-3.41880341880342	-6.66666666666667	-0.0732600732600733
-2.39316239316239	-5.2014652014652	3.1013431013431
-2.61294261294261	-5.17704517704518	1.66056166056166
-4.56654456654457	-3.58974358974359	0.659340659340659
-2.39316239316239	-2.2954822954823	1.17216117216117
-2.51526251526252	-1.78266178266178	0.537240537240537
-3.44322344322344	-2.24664224664225	1.78266178266178
-4.1025641025641	-1.75824175824176	2.58852258852259
-1.36752136752137	-2.58852258852259	3.93162393162393
-2.53968253968254	-3.51648351648352	0.879120879120879
-1.31868131868132	-3.1013431013431	1.75824175824176
-1.68498168498168	-3.80952380952381	-0.512820512820513
-1.41636141636142	-4.12698412698413	-0.537240537240537
-3.85836385836386	-5.12820512820513	-0.0976800976800977
-4.004884004884	-6.05616605616606	-1.80708180708181
-2.51526251526252	-6.73992673992674	-1.24542124542125
-3.39438339438339	-6.91086691086691	-0.732600732600733
-5.68986568986569	-7.83882783882784	-2.1001221001221
-5.51892551892552	-8.22954822954823	-2.27106227106227
-6.25152625152625	-7.4969474969475	0.586080586080586
-4.66422466422466	-6.91086691086691	-0.122100122100122
-5.56776556776557	-6.83760683760684	-0.195360195360195
-1.92918192918193	-5.78754578754579	0.927960927960928
1.26984126984127	-3.41880341880342	1.24542124542125
-1.0989010989011	-3.44322344322344	-1.34310134310134
-2.90598290598291	-2.75946275946276	-1.51404151404151
-1.0989010989011	-3.2967032967033	-0.952380952380952
-4.15140415140415	-4.004884004884	-0.0244200244200244
-2.95482295482295	-4.24908424908425	1.56288156288156
-1.56288156288156	-3.1990231990232	-0.0732600732600733
0.0244200244200244	-2.34432234432234	-0.390720390720391
-1.48962148962149	-3.07692307692308	0.21978021978022
-1.70940170940171	-1.92918192918193	1.31868131868132
-1.68498168498168	-1.12332112332112	3.05250305250305
-1.36752136752137	-2.2954822954823	-2.27106227106227
-0.21978021978022	-2.41758241758242	-1.80708180708181
-1.39194139194139	-1.70940170940171	-2.05128205128205
1.41636141636142	-0.659340659340659	-2.24664224664225
0.732600732600733	-1.56288156288156	0.293040293040293
0.21978021978022	-1.53846153846154	0.0976800976800977
-0.610500610500611	-1.95360195360195	-0.170940170940171
0.146520146520147	-3.73626373626374	-1.07448107448107
0.21978021978022	-5.68986568986569	-2.83272283272283
-0.43956043956044	-5.47008547008547	-0.708180708180708
-0.146520146520147	-4.88400488400488	0.805860805860806
-0.268620268620269	-4.05372405372405	1.56288156288156
1.70940170940171	-3.39438339438339	2.97924297924298
-1.14774114774115	-4.2979242979243	0.268620268620269
-1.68498168498168	-2.66178266178266	-0.0488400488400488
-1.51404151404151	-0.781440781440781	-1.44078144078144
-1.78266178266178	-0.976800976800977	-3.36996336996337
-2.75946275946276	-1.41636141636142	-1.36752136752137
-3.02808302808303	-1.07448107448107	-0.463980463980464
-0.805860805860806	-1.58730158730159	-1.22100122100122
-1.26984126984127	-3.22344322344322	-3.24786324786325
-1.0989010989011	-3.88278388278388	-1.66056166056166
-1.1965811965812	-3.15018315018315	-0.195360195360195
-2.53968253968254	-3.22344322344322	0.879120879120879
-2.36874236874237	-3.02808302808303	1.31868131868132
-4.2979242979243	-4.42002442002442	-1.17216117216117
-5.32356532356532	-3.88278388278388	-0.757020757020757
-3.95604395604396	-4.32234432234432	-2.17338217338217
-3.80952380952381	-4.24908424908425	-2.22222222222222
-3.32112332112332	-4.1025641025641	-0.708180708180708
-1.75824175824176	-3.02808302808303	-1.22100122100122
0.268620268620269	-2.46642246642247	-2.68620268620269
1.001221001221	-2.39316239316239	-0.903540903540904
-0.708180708180708	-1.78266178266178	-0.781440781440781
2.22222222222222	-0.927960927960928	-0.512820512820513
2.61294261294261	0.927960927960928	0.805860805860806
1.78266178266178	0.927960927960928	1.17216117216117
2.1001221001221	1.97802197802198	2.78388278388278
2.1978021978022	1.83150183150183	3.17460317460317
2.36874236874237	1.07448107448107	4.90842490842491
2.53968253968254	0.708180708180708	4.004884004884
0.708180708180708	0.317460317460317	0.21978021978022
1.29426129426129	0.268620268620269	-0.757020757020757
-1.14774114774115	1.39194139194139	0.854700854700855
-0.781440781440781	1.75824175824176	1.63614163614164
-0.708180708180708	1.80708180708181	-0.537240537240537
-1.41636141636142	2.002442002442	0.463980463980464
-1.92918192918193	1.41636141636142	2.36874236874237
-0.43956043956044	1.53846153846154	3.68742368742369
1.39194139194139	1.51404151404151	4.46886446886447
1.34310134310134	2.05128205128205	4.90842490842491
-0.293040293040293	2.58852258852259	3.22344322344322
0.781440781440781	3.78510378510378	3.73626373626374
-0.268620268620269	2.80830280830281	2.49084249084249
-2.73504273504274	1.68498168498168	0.781440781440781
-0.610500610500611	2.71062271062271	0.122100122100122
1.9047619047619	2.75946275946276	-0.732600732600733
0.0732600732600733	2.90598290598291	-0.952380952380952
2.80830280830281	4.54212454212454	-1.24542124542125
3.56532356532357	5.12820512820513	0.390720390720391
3.51648351648352	5.44566544566545	-0.781440781440781
-0.195360195360195	2.95482295482295	-1.41636141636142
0.488400488400488	1.12332112332112	-0.610500610500611
-1.07448107448107	-0.0732600732600733	-0.683760683760684
-0.415140415140415	0.268620268620269	0.952380952380952
1.26984126984127	0.683760683760684	2.34432234432234
2.73504273504274	1.12332112332112	4.3956043956044
3.44322344322344	1.41636141636142	4.78632478632479
3.24786324786325	1.46520146520147	3.39438339438339
2.22222222222222	1.36752136752137	1.88034188034188
0	0.952380952380952	-1.80708180708181
0.488400488400488	0.390720390720391	-3.05250305250305
2.56410256410256	0.879120879120879	-2.31990231990232
1.39194139194139	0.927960927960928	-0.537240537240537
2.75946275946276	1.34310134310134	2.1001221001221
3.68742368742369	2.73504273504274	2.41758241758242
4.22466422466422	2.68620268620269	1.31868131868132
0.854700854700855	1.78266178266178	1.29426129426129
2.31990231990232	2.1001221001221	2.22222222222222
1.88034188034188	2.31990231990232	2.17338217338217
0	1.22100122100122	-0.146520146520147
1.41636141636142	1.66056166056166	-1.46520146520147
-0.366300366300366	2.66178266178266	-0.927960927960928
1.22100122100122	2.27106227106227	1.001221001221
1.14774114774115	2.49084249084249	-1.05006105006105
-3.44322344322344	2.14896214896215	-0.268620268620269
-1.46520146520147	1.73382173382173	-0.341880341880342
-1.75824175824176	1.44078144078144	-0.708180708180708
-0.757020757020757	0.0488400488400488	-0.488400488400488
-1.80708180708181	-0.683760683760684	-0.708180708180708
-0.659340659340659	0	0.170940170940171
1.58730158730159	1.46520146520147	-0.488400488400488
0.659340659340659	1.29426129426129	2.14896214896215
0.390720390720391	2.44200244200244	4.22466422466422
2.66178266178266	3.83394383394383	5.25030525030525
2.78388278388278	3.95604395604396	5.3968253968254
2.05128205128205	2.71062271062271	2.90598290598291
1.66056166056166	1.75824175824176	2.07570207570208
2.51526251526252	2.41758241758242	1.31868131868132
1.97802197802198	1.44078144078144	0.195360195360195
-0.903540903540904	0.805860805860806	-0.903540903540904
0.781440781440781	0.21978021978022	-4.46886446886447
-0.415140415140415	0.561660561660562	-2.90598290598291
-2.90598290598291	1.07448107448107	-3.71184371184371
0.805860805860806	2.2954822954823	-1.14774114774115
0.732600732600733	3.90720390720391	0.43956043956044
0.903540903540904	4.90842490842491	0.854700854700855
1.44078144078144	4.83516483516483	2.24664224664225
1.001221001221	3.61416361416361	2.53968253968254
0.244200244200244	3.27228327228327	0.561660561660562
2.90598290598291	2.90598290598291	0
2.61294261294261	3.36996336996337	0.293040293040293
1.51404151404151	2.97924297924298	1.92918192918193
2.17338217338217	2.78388278388278	0.415140415140415
-1.22100122100122	0.854700854700855	1.61172161172161
1.22100122100122	0.976800976800977	1.05006105006105
2.17338217338217	0.512820512820513	2.66178266178266
3.46764346764347	-0.170940170940171	1.41636141636142
2.71062271062271	-0.952380952380952	2.90598290598291
3.95604395604396	0.512820512820513	1.1965811965812
1.51404151404151	0.83028083028083	-0.683760683760684
3.1990231990232	0.976800976800977	-1.83150183150183
2.1001221001221	2.61294261294261	0.21978021978022
3.90720390720391	3.88278388278388	1.83150183150183
4.46886446886447	4.32234432234432	3.36996336996337
1.83150183150183	5.12820512820513	4.81074481074481
2.49084249084249	5.61660561660562	3.36996336996337
2.1978021978022	4.88400488400488	2.2954822954823
2.002442002442	3.83394383394383	2.88156288156288
1.83150183150183	2.71062271062271	2.90598290598291
0.610500610500611	2.46642246642247	1.58730158730159
