-1.96231021591516	2.21560997940032	-0.659189745937285
-0.387579156176089	1.20851453421836	0.122072175173571
-0.543221179522393	0.476081483176928	-1.4526588845655
0.204470893415732	-0.186160067139696	-2.65201800564584
-1.35805294880598	-1.00709544518196	-3.37529564354925
-1.99893186846723	-1.54421301594568	-4.76081483176928
-0.411993591210803	-2.68863965819791	-4.58686198214694
-2.23086900129702	-3.71099412527657	-5.0415808346685
-3.02738994430457	-2.56046387426566	-3.29594872968643
-4.62043183031968	-1.025406271458	-1.32143129625391
-4.785229266804	0.0274662394140536	1.73647669184405
-1.78225375753414	3.22880903334096	4.44037537193866
0.85145342183566	4.81574731059739	2.86564431219959
3.03654535744259	4.70283054856184	3.52483405813687
5.0965133134966	6.18600747692073	2.19424734874495
5.83810177767605	4.43732356755932	1.01625085831998
5.52986953536278	5.24605172808423	2.45059891660945
3.63469901579309	6.42099641412985	3.59502555886168
4.88899061570153	6.17990386816205	4.72419317921721
5.01411459525444	6.81162737468528	5.63363088426032
1.34889753566796	6.35996032654307	4.39459830624857
0.576791027695125	5.41390096894789	3.3325703822385
-3.6743724727245	4.40985732814527	0.949111161974517
-4.92866407263294	1.76699473563745	0.0244144350347143
-5.97543297474632	2.34683756771191	-0.0488288700694285
-7.05882352941176	1.57473105973907	-0.772106507972839
-3.98870832379644	1.20546272983902	1.23598077363241
-3.97039749752041	-0.286869611657893	1.10475318532082
-3.28679331654841	-0.579842832074464	1.06813153276875
-2.16372930495155	-1.00709544518196	1.29396505683986
-1.59914549477379	-2.0355535210193	-1.83108262760357
-0.466926070038911	-1.75783932249943	-2.35294117647059
0.378423743038071	-0.518806744487678	-2.01419089036393
0.320439459830625	1.64492256046387	-0.064087891966125
1.6083009079118	3.56145571068894	3.39055466544594
2.41092545967803	4.78217746242466	7.08628976882582
2.8900587472343	4.70588235294118	7.98352025635157
1.82803082322423	6.16464484626535	7.92858777752346
3.44243533989471	5.4383154039826	7.31517509727626
5.58175020981155	7.519645990692	5.40474555580987
6.94895857175555	7.01609826810101	3.59502555886168
7.19615472648203	8.032349126421	3.38139925230793
9.32936598764019	9.32021057450218	4.00396734569314
8.16357671473259	8.0018310826276	4.70893415732052
6.68650339513237	6.21347371633478	1.96841382467384
7.64171816586557	4.08941786831464	1.00709544518196
5.8808270389868	2.37125200274662	2.28885328450446
3.05790798809796	2.31021591515984	0.787365529869535
3.55535210193027	1.60219729915312	0.576791027695125
2.2369726100557	3.22880903334096	2.22476539253834
1.95315480277714	3.03044174868391	1.94399938963912
1.04371709773404	1.97451743343252	0.714122224765393
2.41702906843671	0.985732814526589	0.314335851071946
0.210574502174411	-0.7690547035935	-0.5981536583505
-0.335698481727321	-0.59510185397116	1.68764782177462
0.561532005798428	0.360112916762036	3.76897840848402
2.48416876478218	2.35294117647059	6.90928511482414
3.98565651941711	4.40680552376593	8.92652780956741
5.38643472953384	5.49019607843137	9.99465934233616
5.68245975432975	6.12497138933394	10.0282291905089
5.66720073243305	5.78316929884794	7.85229266803998
4.16876478217746	6.1219195849546	6.9764248111696
2.12710765239948	7.4189364461738	8.24597543297475
2.91142137788968	8.02929732204166	6.9062333104448
3.96734569314107	9.97940032043946	6.80857557030594
4.73945220111391	9.91836423285267	7.72106507972839
1.96231021591516	7.78210116731517	4.76386663614862
1.98672465094987	5.32234683756771	1.1261158159762
-0.875867856870375	2.63675898374914	-0.949111161974517
-2.49942778667887	0.405889982452125	-1.33669031815061
-6.39047837033646	-2.03860532539864	-3.6743724727245
-4.70283054856184	-2.00808728160525	-3.47295338368811
0.634775310902571	0.485236896314946	-0.857557030594339
2.07522697795071	0.561532005798428	-1.2115663385977
6.62241550316625	3.73540856031128	1.08033875028611
10.4585336079957	4.79438467994202	2.03250171663996
11.0322728313115	3.77508201724269	1.16884107728695
9.17067215991455	3.75371938658732	1.60524910353246
9.03028915846494	3.00297550926986	2.71610589761196
5.68856336308843	1.23292896925307	0.906385900663767
3.33562218661784	2.38956282902266	2.55741206988632
5.17891203173877	4.11688410772869	3.82391088731212
3.10673685816739	5.40779736018921	3.52178225375753
1.81887541008621	4.33051041428244	2.00198367284657
0.357061112382696	3.70794232089723	1.69069962615396
-2.89921416037232	2.43533989471275	1.6388189517052
-5.0415808346685	1.17799649042496	0.183108262760357
-7.35179674982834	0.518806744487678	-0.665293354695964
-7.74853131914244	1.43434805828946	0.610360875867857
-7.17479209582666	3.2318608377203	0.9399557488365
-7.74853131914244	3.43327992675669	-0.616464484626535
-9.14015411612116	1.58693827725643	-2.93583581292439
-7.21141374837873	-0.89417868314641	-3.61333638513771
-9.27443350881209	-5.96932936598764	-7.72411688410773
-8.81055924315251	-8.44129091325246	-10.9437705043107
-7.12901503013657	-9.71694514381628	-11.621271076524
-3.42717631799802	-9.06996261539635	-9.08827344167239
-0.628671702143893	-4.76386663614862	-5.13618677042802
3.23491264209964	-2.89311055161364	-1.196307316701
7.04356450751507	0.552376592660411	2.28580148012512
8.13000686655985	0.402838178072786	2.34683756771191
5.2826733806363	-1.15358205539025	1.19935912108034
5.61226825360494	-2.25833524071107	-1.23292896925307
3.68047608148318	-2.53910124361028	-2.33768215457389
2.88090333409628	-1.73037308308537	-2.60624093995575
4.13824673838407	0.524910353246357	-1.1108567940795
3.98260471503777	1.95315480277714	0.619516289005875
5.08125429159991	3.6591134508278	1.5533684290837
4.33051041428244	2.20340276188296	0.0793469138628214
4.94392309452964	0.753795681696803	-2.050812542916
5.810635538262	-1.19020370794232	-4.0009155413138
2.68558785381857	-3.14335851071946	-5.12397955291066
3.44548714427405	-2.40482185091936	-4.96833752956436
-0.793469138628214	-2.45365072098878	-5.3833829251545
-2.20340276188296	-1.62966353856718	-2.85343709468223
-2.55130846112764	-0.643930724040589	-2.89311055161364
-2.73136491950866	0.323491264209964	-2.44144350347143
-0.292973220416571	0.119020370794232	-2.26138704509041
0.814831769283589	-0.363164721141375	-0.970473792629892
-0.759899290455482	-0.460822461280232	-0.164797436484321
0.445563439383536	-0.875867856870375	0.817883573662928
0.415045395590143	-0.173952849622339	1.12001220721752
-1.06813153276875	-1.26039520866712	-0.643930724040589
-1.2970168612192	-2.94804303044175	-2.61844815747311
-2.51773861295491	-3.69268329900053	-3.82085908293278
-4.13214312962539	-5.02327000839246	-5.55123216601816
-4.91645685511559	-5.77096208133059	-5.27046616311894
-5.80148012512398	-5.0965133134966	-4.05584802014191
-3.50041962310216	-4.99885557335775	-2.85038529030289
-0.991836423285267	-2.86869611657893	-2.38651102464332
-0.909437705043107	-3.92462043183032	-4.75776302738994
0.900282291905089	-2.3773556115053	-6.59494926375219
-0.0152590218966964	-2.94193942168307	-9.80544747081712
-1.32143129625391	-3.73235675593194	-9.66811627374685
-2.06912336919203	-4.66010528725109	-9.32021057450218
-3.30815594720378	-4.19317921721218	-6.36301213092241
0.732433051041428	-2.68863965819791	-3.93377584496834
1.90432593270771	-0.518806744487678	-1.71206225680934
3.67742427710384	0.89417868314641	-0.491340505073625
1.7944609750515	2.96940566109712	-1.13527122911421
1.17189288166629	4.79743648432135	-1.01625085831998
3.10978866254673	5.00801098649577	2.10574502174411
0.131227588311589	5.43221179522393	4.21759365224689
-0.329594872968643	3.25932707713436	4.50751506828412
-0.888075074387732	3.25017166399634	6.67429617761502
-1.196307316701	0.671396963454643	5.3681239032578
-2.0660715648127	0.106813153276875	3.29289692530709
-3.87273975738155	-2.41702906843671	-0.0549324788281071
-6.51560234988937	-2.734416723888	-3.60418097199969
-5.12092774853132	-3.26237888151369	-6.01510643167773
-3.61638818951705	-5.27046616311894	-7.21141374837873
-3.03654535744259	-6.665140764477	-7.27550164034485
-1.83718623636225	-7.42809185931182	-3.11894407568475
-1.1108567940795	-9.46669718471046	-2.35904478522927
-2.88700694285496	-9.77798123140307	-1.69680323491264
-4.92256046387427	-10.1899748226139	-3.759822995346
-5.63668268863966	-7.77904936293584	-4.21759365224689
-5.87472343022812	-4.67841611352712	-6.3935301747158
-5.4535744258793	-1.05592431525139	-6.665140764477
-1.28786144808118	1.9806210421912	-4.79743648432135
-0.0732433051041428	3.39360646982528	-1.22072175173571
-0.305180437933928	3.55230029755093	1.10780498970016
2.8198672465095	4.37933928435187	4.48615243762875
1.47402151522087	3.30205233844511	4.80964370183871
2.38651102464332	4.614328221561	4.96833752956436
2.86869611657893	4.01007095445182	5.18806744487678
-0.738536659800107	3.03959716182193	1.025406271458
-1.49843595025559	2.07522697795071	-0.588998245212482
-2.39871824216068	0.216678110933089	-3.03654535744259
-2.91752498664836	-1.85244525825895	-4.65094987411307
-2.83207446402686	-3.18913557640955	-5.73128862439918
-1.20241092545968	-3.59807736324102	-7.33958953231098
-0.506599526970321	-4.14435034714275	-6.67429617761502
-3.25017166399634	-5.02021820401312	-6.86045624475471
-5.56038757915618	-5.44441901274128	-6.3782711528191
-4.69367513542382	-6.09750514991989	-5.15449759670405
-9.15541313801785	-6.55222400244144	-4.08026245517662
-10.3273060196841	-6.98252841992828	-2.4933241779202
-8.30395971618219	-5.49019607843137	-0.350957503624018
-4.0009155413138	-0.759899290455482	3.92156862745098
-1.4679179064622	1.26039520866712	5.89913786526284
3.36308842603189	6.69260700389105	8.02624551766232
6.53696498054475	7.27550164034485	9.08827344167239
7.16868848706798	7.96215762569619	7.82482642862592
4.443427176318	6.25009536888685	5.14534218356603
2.63065537499046	3.48516060120546	1.9501029983978
-1.42214084077211	0.610360875867857	-1.14137483787289
-0.402838178072786	0.775158312352178	-0.186160067139696
0.540169375143053	0.347905699244678	-1.39467460135805
1.8951705195697	-0.262455176623178	-0.802624551766232
2.96330205233845	-0.909437705043107	-0.341802090486
0.839246204318303	-2.50553139543755	-0.552376592660411
-0.479133287556268	-4.26337071793698	-2.41702906843671
-2.69779507133593	-6.41794460975052	-4.45563439383536
-7.90722514686809	-6.95506218051423	-5.01716639963378
-7.73022049286641	-5.07820248722057	-3.4882124055848
-8.11474784466316	-2.48722056916152	-3.15556572823682
-5.97238117036698	-1.20546272983902	0.170901045243
-2.40482185091936	-0.2563515678645	2.07522697795071
-1.59609369039445	0.109864957656214	0.625619897764553
1.07728694590677	-0.04272526131075	-0.250247959105821
-1.41298542763409	-0.994888227664607	-3.39360646982528
-0.50965133134966	-1.07118333714809	-4.38239108873121
-2.21560997940032	-0.122072175173571	-3.66216525520714
-2.04470893415732	1.66628519111925	0.103761348897536
0.064087891966125	2.85954070344091	5.15449759670405
4.81574731059739	5.05073624780652	9.20729381246662
6.83604180972	6.3935301747158	11.6609445334554
8.1177996490425	6.31723506523232	12.9915312428473
7.07103074692912	5.86861982146944	11.0505836575875
8.36499580376898	4.98970016021973	9.74135957885099
5.65804531929503	3.2318608377203	7.47386892500191
5.59700923170825	2.55436026550698	3.65606164644846
4.81879911497673	1.16578927290761	0.793469138628214
3.24406805523766	-0.375371938658732	-3.27458609903105
1.3824673838407	-1.91958495460441	-5.78927290760662
1.06507972838941	-2.6489662012665	-5.70687418936446
-1.39162279697871	-2.23086900129702	-5.77096208133059
-3.54314488441291	-2.80155642023346	-3.81780727855344
-4.06805523765927	-0.500495918211643	-0.885023270008392
-4.06805523765927	-0.607309071488518	1.75173571374075
-5.69161516746777	0.0976577401388571	3.38445105668727
-4.87373159380484	1.52590218966964	5.05683985656519
-3.31425955596246	3.86358434424353	6.65598535133898
-1.61440451667048	6.11886778057526	5.50850690470741
0.00610360875867857	6.2073701075761	4.30304417486839
2.10269321736477	7.40978103303578	4.12603952086671
3.79339284351873	6.75669489585718	2.94499122606241
6.71396963454643	5.60616464484626	4.33661402304112
6.72312504768444	3.68963149462119	3.01518272678721
5.18501564049744	1.8097199969482	2.48111696040284
2.09964141298543	1.03456168459602	0.906385900663767
0.363164721141375	0.0305180437933928	0.210574502174411
-0.604257267109178	-1.30312046997787	-1.95315480277714
0.567635614557107	-1.27260242618448	-3.8452735179675
-0.250247959105821	-2.52689402609293	-5.76180666819257
1.65102616922255	-3.14946211947814	-6.41184100099184
1.21766994735637	-3.86968795300221	-8.05371175707637
-0.424200808728161	-5.7801174944686	-7.29381246662089
-0.943007553215839	-3.71709773403525	-5.17891203173877
-1.27565423056382	-3.30510414282444	-2.09658960860609
-0.955214770733196	-0.994888227664607	1.89822232394903
0.0762951094834821	1.66628519111925	3.99481193255512
3.60723277637903	4.5990691996643	7.29076066224155
4.21759365224689	5.65499351491569	8.77698939497978
4.15960936903944	7.84008545052262	10.57755397879
4.00396734569314	8.203250171664	10.9040970473793
4.04364080262455	8.56336308842603	10.6935225452049
0.927748531319142	7.22667277027543	9.21034561684596
1.67238879987793	6.77500572213321	6.66208896009766
3.59502555886168	4.67536430914778	2.77103837644007
3.1464103150988	2.8198672465095	-0.0122072175173571
2.563515678645	0.643930724040589	-3.48516060120546
1.81887541008621	-3.28984512092775	-5.53292133974212
-1.45876249332418	-4.91035324635691	-7.29686427100023
-2.19424734874495	-7.35484855420767	-10.5348287174792
-1.879911497673	-7.67223620965896	-11.7647058823529
-2.48416876478218	-6.95506218051423	-11.3282978561074
-1.94705119401846	-7.38536659800107	-11.0475318532082
-2.4780651560235	-7.4036774242771	-9.54604409857328
-2.67948424505989	-9.13405050736248	-8.17883573662928
-3.27763790341039	-8.21240558480201	-7.40978103303578
-4.88899061570153	-9.10048065918975	-9.97634851606012
-3.65300984206912	-7.56542305638209	-10.6263828488594
-2.04165712977798	-4.91340505073625	-9.80544747081712
-1.38551918822004	-4.30609597924773	-8.64576180666819
2.2919050888838	-1.8951705195697	-4.38239108873121
2.91447318226902	-1.82497901884489	-0.866712443732357
2.94804303044175	-1.42214084077211	3.13725490196078
4.01007095445182	-0.222781719691768	4.15045395590143
4.22064545662623	0.814831769283589	4.73334859235523
4.15045395590143	3.78728923476005	5.82589456015869
2.42923628595407	4.72724498359655	4.92561226825361
3.92462043183032	5.44441901274128	4.04974441138323
3.52178225375753	4.48920424200809	-0.231937132829786
3.97039749752041	2.221713588159	-4.19012741283284
2.84733348592355	0.466926070038911	-6.34775310902571
4.01922636758984	-1.37331197070268	-5.639734493019
1.68154421301595	-3.93682764934768	-6.44235904478523
0.674448767833982	-4.31219958800641	-4.15960936903944
-1.10475318532082	-5.74349584191653	-3.28984512092775
-3.20134279392691	-7.02220187685969	-4.84321355001144
-5.43526359960327	-7.82482642862592	-7.17174029144732
-6.21652552071412	-9.14625772487983	-9.14930952925917
-5.57869840543221	-9.82070649271382	-9.06996261539635
-4.42206454566262	-10.5348287174792	-7.32433051041428
-2.1362630655375	-8.80750743877318	-5.29182879377432
1.59304188601511	-6.43930724040589	-2.50553139543755
3.05485618371862	-4.101625085832	0.164797436484321
5.80758373388266	-1.19325551232166	0.698863202868696
4.97749294270237	1.08644235904479	1.44350347142748
4.45563439383536	2.51468680857557	1.14747844663157
4.01312275883116	2.05996795605402	-1.2115663385977
3.8300144960708	1.78225375753414	-2.91752498664836
3.19218738078889	2.3224231326772	-3.23491264209964
2.64286259250782	1.40688181887541	-4.27862973983368
3.52178225375753	0.344853894865339	-3.82085908293278
0.195315480277714	-1.03456168459602	-4.29083695735103
0.784313725490196	-0.668345159075303	-1.98367284657053
0.85145342183566	-2.56961928740368	-2.97856107423514
-0.68055237659266	-5.59395742732891	-4.13824673838407
1.0101472495613	-6.20126649881743	-4.52582589456016
0.854505226215	-5.72823682001984	-4.54718852521553
1.26039520866712	-7.2632944228275	-3.94598306248569
-0.00915541313801785	-6.78110933089189	-3.35393301289387
3.48210879682612	-7.41588464179446	-4.43121995880064
5.91744869153887	-5.50850690470741	-2.31326771953918
9.91836423285267	-3.57671473258564	-0.0152590218966964
11.6700999465934	-2.34073395895323	-2.08438239108873
13.3882658121614	1.48012512397955	0.274662394140536
13.0678263523308	4.04669260700389	2.7191577019913
11.9172961013199	6.6498817425803	2.64591439688716
10.8155947203784	7.58373388265812	3.60418097199969
10.5134660868238	7.39757381551843	1.78225375753414
11.3344014648661	6.95201037613489	2.75272755016403
8.59388113221942	5.23384451056687	1.11696040283818
8.32227054245823	4.23285267414359	-1.21461814297704
5.05073624780652	1.40077821011673	-3.03654535744259
5.33150225070573	1.48622873273823	-3.43633173113603
2.88090333409628	-0.350957503624018	-5.48409246967269
2.86564431219959	-1.9653620202945	-8.29480430304418
-0.549324788281071	-4.46478980697337	-10.2845807583734
-1.83413443198291	-5.92050049591821	-12.5612268253605
-4.65705348287175	-6.50949874113069	-13.321126115816
-5.64583810177768	-7.97436484321355	-14.4014648661021
-4.38544289311055	-8.40466926070039	-15.2834363317311
-3.17692835889219	-9.20424200808728	-12.7718013275349
1.04676890211337	-8.20019836728466	-11.7097734035248
3.63164721141375	-7.76379034103914	-8.53589684901198
5.18501564049744	-6.52170595864805	-6.52170595864805
6.08529793240253	-5.33760585946441	-3.30205233844511
4.57770656900893	-1.96841382467384	-1.25123979552911
3.43327992675669	-0.823987182421607	0.775158312352178
2.08743419546807	0.195315480277714	1.28480964370184
1.71206225680934	0.93690394445716	1.76699473563745
2.19729915312428	2.02944991226062	2.91447318226902
3.23796444647898	2.66117341878386	3.39971007858396
0.634775310902571	3.46684977492943	4.23895628290227
4.58686198214694	4.95918211642634	5.33150225070573
3.83916990920882	6.64377813382162	2.86259250782025
5.92965590905623	6.35690852216373	3.29594872968643
7.64171816586557	5.54512855725948	2.40482185091936
7.4189364461738	4.956130312047	1.84939345387961
5.97543297474632	1.30006866559854	0.747692072938125
4.14740215152209	-1.57778286411841	-0.381475547417411
1.36110475318532	-5.27046616311894	-3.00907911802853
0.915541313801785	-7.87975890745403	-3.95513847562371
1.08644235904479	-8.93568322270542	-5.2826733806363
4.46478980697337	-7.75158312352178	-4.55329213397421
6.05477988860914	-7.28160524910353	-3.76592660410468
6.02731364919509	-6.25925078202487	-2.90836957351034
5.72823682001984	-5.84420538643473	-2.09048599984741
2.98466468299382	-4.55939574273289	-3.17387655451286
1.77615014877546	-4.13824673838407	-2.67948424505989
1.67849240863661	-2.91752498664836	-1.98367284657053
4.44647898069734	-0.0579842832074464	-0.772106507972839
6.87876707103075	3.12199588006409	0.921644922560464
7.90112153810941	3.42412451361868	-0.399786373693446
9.01197833218891	3.20439459830625	0.582894636453803
8.22766460669871	4.49835965514611	2.05691615167468
5.31624322880903	3.54619668879225	2.32852674143587
3.56755931944762	4.06195162890059	3.21660181582361
3.50041962310216	4.19928282597086	3.9154650186923
2.09048599984741	2.71305409323262	4.01312275883116
2.29800869764248	1.61440451667048	4.42206454566262
3.3478294041352	-1.42824444953079	3.03654535744259
1.88601510643168	-4.21454184786755	1.83108262760357
1.61440451667048	-6.3782711528191	-0.292973220416571
3.45769436179141	-7.58678568703746	-2.23392080567636
2.65201800564584	-5.96932936598764	-4.21454184786755
2.27969787136645	-6.05783169298848	-4.91950865949493
1.01625085831998	-5.62752727550164	-5.80148012512398
1.98672465094987	-4.95307850766766	-5.0415808346685
3.36308842603189	-4.42511635004196	-3.46379797055009
2.44754711223011	-5.27046616311894	-2.68863965819791
2.60624093995575	-6.36301213092241	-2.68558785381857
4.08331425955596	-5.5237659266041	-3.47600518806744
5.468833447776	-4.16266117341878	-2.94193942168307
4.07721065079728	-3.69573510337987	-1.84634164950027
3.97344930189975	-0.0152590218966964	0.375371938658732
4.03143358510719	0.564583810177768	3.12504768444343
3.27763790341039	1.52590218966964	3.38139925230793
3.29289692530709	1.9653620202945	3.68047608148318
4.49530785076677	2.00808728160525	3.71099412527657
5.62752727550164	1.95315480277714	2.87785152971695
4.41596093690394	0.943007553215839	2.60318913557641
4.15960936903944	0.164797436484321	4.0863660639353
3.46074616617075	-0.372320134279393	6.25619897764553
3.64385442893111	-1.51064316777295	4.01007095445182
4.76081483176928	-2.4628061341268	2.25223163195239
2.01113908598459	-3.63469901579309	0.305180437933928
4.14129854276341	-3.54619668879225	-1.74563210498207
2.33768215457389	-4.17486839093614	-2.09353780422675
0.250247959105821	-4.42206454566262	-2.96940566109712
-0.369268329900053	-3.41496910048066	-3.33867399099718
-1.36415655756466	-3.03959716182193	-4.0161745632105
0.76600289921416	-3.19829098954757	-4.26642252231632
-0.485236896314946	-2.98771648737316	-3.39665827420462
0.363164721141375	-2.1515220874342	-4.5990691996643
2.26443884946975	-1.78530556191348	-3.759822995346
0.466926070038911	-0.976577401388571	-4.29999237048905
-0.790417334248875	-0.0854505226215	-3.40581368734264
-0.653086137178607	1.27260242618448	-3.99481193255512
-0.585946440833143	-0.0335698481727321	-4.89509422446021
-1.91653315022507	0.4272526131075	-2.85038529030289
-0.0823987182421607	-0.711070420386053	-2.88090333409628
-0.244144350347143	-2.63981078812848	-5.35591668574044
1.00099183642329	-3.63469901579309	-3.51262684061952
2.09353780422675	-4.30304417486839	-3.19218738078889
3.27763790341039	-6.14023041123064	-3.86968795300221
3.71709773403525	-5.99069199664302	-4.09857328145266
3.14030670634012	-5.01716639963378	-4.27862973983368
3.3478294041352	-4.15350576028077	-4.05889982452125
1.35805294880598	-3.83916990920882	-4.20538643472953
0.0244144350347143	-1.85244525825895	-3.51262684061952
1.30006866559854	-2.05691615167468	-2.70695048447395
-0.451667048142214	-1.05592431525139	-0.701915007248035
-0.622568093385214	0.238040741588464	-0.231937132829786
2.64286259250782	1.21461814297704	-0.46997787441825
2.94193942168307	2.79850461585412	0.103761348897536
3.79644464789807	2.4078736552987	1.69985503929198
4.04974441138323	3.11894407568475	0.134279392690929
2.53299763485161	2.74052033264668	-1.37026016632334
1.39162279697871	2.93888761730373	-0.659189745937285
-0.488288700694285	3.52788586251621	-1.79751277943084
0.610360875867857	3.58281834134432	-2.40177004654002
2.1515220874342	2.76798657206073	-1.87075608453498
0.195315480277714	0.759899290455482	-0.659189745937285
0.961318379491875	-0.650034332799268	-0.12817578393225
1.40993362325475	-1.68154421301595	-0.234988937209125
3.55535210193027	-2.31937132829786	-0.698863202868696
3.43633173113603	-1.70595864805066	-1.39772640573739
4.956130312047	-1.55031662470436	-2.74052033264668
4.15655756466011	-2.4628061341268	-3.64690623331044
5.27351796749828	-0.588998245212482	-0.961318379491875
3.73540856031128	-1.78225375753414	-0.875867856870375
1.48622873273823	-2.05386434729534	-0.158693827725643
1.70901045243	-2.3224231326772	-0.781261921110857
1.97451743343252	-1.87380788891432	-0.0976577401388571
3.49736781872282	0.210574502174411	0.277714198519875
5.25520714122225	2.95414663920043	0.576791027695125
6.12802319371328	3.70794232089723	0.631723506523232
7.23582818341344	5.3833829251545	2.61234454871443
6.88792248416877	4.77607385366598	3.71099412527657
4.48310063324941	5.27046616311894	3.41191729610132
3.17387655451286	4.5838101777676	2.21560997940032
4.22980086976425	5.82894636453803	1.90432593270771
4.86152437628748	5.41084916456855	1.00099183642329
5.19417105363546	3.85442893110552	0.195315480277714
4.18402380407416	2.06301976043336	-1.10475318532082
3.84222171358816	-0.473029678797589	-3.79949645227741
3.6743724727245	-0.59510185397116	-4.20233463035019
2.87479972533761	-1.2970168612192	-5.1972228580148
3.82696269169146	-0.775158312352178	-5.2674143587396
4.53192950331884	-0.173952849622339	-4.44953078507668
4.66620889600977	0.347905699244678	-3.38750286106661
4.43732356755932	0.186160067139696	-2.0660715648127
3.22880903334096	1.54421301594568	0.466926070038911
2.62149996185245	0.448615243762875	-1.0406652933547
2.47196154726482	1.44045166704814	0.701915007248035
1.22072175173571	1.97756923781186	1.69985503929198
1.8951705195697	3.43327992675669	2.78934920271611
3.70489051651789	6.14023041123064	4.41290913252461
4.39459830624857	6.44846265354391	2.07827878233005
2.79850461585412	7.21751735713741	3.759822995346
1.73647669184405	4.97749294270237	2.81071183337148
-0.454718852521553	3.76897840848402	0.997940032043946
0.695811398489357	3.10368505378805	1.24513618677043
-2.60624093995575	2.25833524071107	0.650034332799268
-0.0823987182421607	3.51262684061952	0.515754940108339
0.863660639353018	3.01823453116655	-0.646982528419928
1.31532768749523	2.54215304798962	-1.74868390936141
3.36614023041123	2.11184863050278	-1.47096971084154
2.29800869764248	0.149538414587625	-2.89616235599298
0.323491264209964	-0.610360875867857	-3.96429388876173
0.949111161974517	-0.296025024795911	-4.23590447852293
0.912489509422446	0.567635614557107	-3.6591134508278
1.18410009918364	1.10780498970016	-3.34477759975586
2.37430380712596	2.49027237354086	-1.20546272983902
3.89105058365759	3.66216525520714	-2.57267109178302
2.61844815747311	2.01419089036393	-2.68863965819791
1.62661173418784	0.0549324788281071	-2.41397726405737
0.0183108262760357	0.122072175173571	-3.43938353551537
-0.585946440833143	0.329594872968643	-4.33356221866178
-0.930800335698482	2.63981078812848	-1.70901045243
-0.320439459830625	3.79339284351873	0.973525597009232
-1.26344701304646	5.11482413977264	2.80155642023346
1.82497901884489	5.67635614557107	3.59807736324102
2.00198367284657	4.44037537193866	2.10879682612345
0.747692072938125	1.69985503929198	0.115968566414893
0.180056458381018	-0.836194399938964	-1.84328984512093
-0.0732433051041428	-0.790417334248875	-3.04570077058061
-1.17494468604562	-0.204470893415732	-2.46890974288548
0.524910353246357	0.839246204318303	-1.72732127870604
3.23796444647898	1.80361638818952	-1.40688181887541
5.85336079957275	2.52079041733425	-0.253299763485161
4.01312275883116	3.54009308003357	0.793469138628214
3.36308842603189	3.0060273136492	-1.82192721446555
2.77714198519875	3.75371938658732	-0.457770656900893
1.0955977721828	5.37727931639582	-0.158693827725643
-0.173952849622339	5.3833829251545	-0.72327763790341
1.98977645532921	5.35896849011978	-0.836194399938964
2.67948424505989	5.77401388570993	-0.375371938658732
3.29289692530709	3.97650110627909	-0.952162966353857
1.14442664225223	2.62455176623178	-1.28786144808118
-1.28786144808118	1.00099183642329	-1.77615014877546
-3.71404592965591	-0.433356221866178	-2.05386434729534
-5.78622110322728	-1.28786144808118	-2.68253604943923
-6.33859769588769	-2.24002441443503	-2.69779507133593
-5.83504997329671	-0.857557030594339	-1.53200579842832
-4.74860761425193	-0.271610589761196	-0.753795681696803
-2.22476539253834	0.833142595559625	0.0366216525520714
-2.70389868009461	1.25429159990845	-0.634775310902571
1.32448310063325	1.34889753566796	-2.06912336919203
3.01213092240787	1.42214084077211	-4.28168154421302
6.88181887541009	2.39566643778134	-3.28374151216907
5.92355230029755	3.04875257495994	-1.67544060425727
5.4383154039826	4.94392309452964	-0.720225833524071
4.101625085832	5.89913786526284	0.772106507972839
2.12405584802014	6.18600747692073	2.50553139543755
0.81177996490425	4.95307850766766	0.155642023346304
0.692759594110018	4.21759365224689	-1.88601510643168
-0.0366216525520714	3.98260471503777	-1.12916762035554
-1.47707331960021	1.80666819256886	-1.26039520866712
0.0762951094834821	2.14847028305486	-0.0823987182421607
0.390630960555428	2.13931486991684	-0.210574502174411
1.20241092545968	2.58487830930037	0.692759594110018
-0.149538414587625	0.878919661249714	-0.357061112382696
0.387579156176089	-0.0244144350347143	-1.64797436484321
0.930800335698482	-0.12817578393225	-5.18806744487678
-2.74052033264668	-2.07827878233005	-5.55123216601816
-2.16067750057221	-3.1616693369955	-6.76890211337453
-1.15663385976959	-3.43938353551537	-6.36911573968109
0.0549324788281071	-2.92973220416571	-5.76791027695125
3.43022812237736	0.0579842832074464	-1.75173571374075
5.59090562294957	0.375371938658732	-1.29091325246052
6.43320363164721	1.42214084077211	0.0915541313801785
6.0669871061265	2.88700694285496	0.173952849622339
2.96330205233845	2.51773861295491	0.799572747386893
0.436408026245518	2.67032883192187	-0.921644922560464
1.44350347142748	3.60418097199969	0.195315480277714
-0.488288700694285	3.39360646982528	-1.025406271458
1.04676890211337	4.04669260700389	-0.668345159075303
1.7242694743267	4.13824673838407	0.00610360875867857
1.68459601739528	4.28778515297169	1.19020370794232
-0.750743877317464	2.97856107423514	0.900282291905089
-1.0955977721828	2.51468680857557	-1.26039520866712
-1.70901045243	2.24002441443503	-3.19523918516823
-2.66727702754253	0.5981536583505	-3.6743724727245
-4.50751506828412	-0.885023270008392	-6.46677347981994
-3.60418097199969	-3.13115129320211	-7.12291142137789
-3.54924849317159	-5.54207675288014	-7.4341954680705
-2.07217517357137	-4.97138933394369	-7.52880140383001
-2.01724269474327	-5.57869840543221	-7.40978103303578
-0.711070420386053	-3.50041962310216	-6.13107499809262
0.830090791180285	-0.567635614557107	-3.31120775158312
0.228885328450446	1.56252384222171	0.915541313801785
0.021362630655375	2.77714198519875	3.48210879682612
1.43434805828946	2.87174792095827	5.57564660105287
2.31631952391852	4.57160296025025	6.12497138933394
3.15251392385748	3.20744640268559	4.95307850766766
2.563515678645	2.56961928740368	1.08033875028611
6.48813611047532	5.80148012512398	1.35805294880598
8.07202258335241	6.67124437323568	1.71206225680934
7.84924086366064	7.98962386511025	2.27054245822843
5.65804531929503	5.86861982146944	3.46684977492943
5.6244754711223	5.83504997329671	3.45159075303273
1.67238879987793	3.07316700999466	0.869764248111696
0.106813153276875	1.29396505683986	-0.344853894865339
-4.08026245517662	-0.622568093385214	-4.60517280842298
-4.68146791790646	-2.64591439688716	-6.55527580682078
-5.37422751201648	-4.05584802014191	-7.31212329289693
-6.35996032654307	-4.98970016021973	-6.07614251926451
-2.85648889906157	-5.10872053101396	-5.09346150911727
-2.20035095750362	-6.58579385061418	-4.61738002594034
-3.32646677347982	-7.87365529869535	-6.05783169298848
-3.67742427710384	-6.323338673991	-6.78416113527123
-5.5390249485008	-7.09849698634318	-7.46471351186389
-6.24704356450752	-5.33150225070573	-6.58579385061418
-2.734416723888	-1.76394293125811	-2.28885328450446
-1.14137483787289	-0.100709544518196	-0.643930724040589
-0.369268329900053	1.12001220721752	3.39360646982528
0.784313725490196	1.57167925535973	3.11894407568475
-0.0396734569314107	0.0579842832074464	0.59510185397116
-2.61539635309377	-0.320439459830625	-2.14847028305486
-2.89616235599298	-1.05287251087205	-5.38033112077516
-2.64591439688716	-1.16884107728695	-6.62851911192493
-1.04982070649271	0.775158312352178	-4.4281681544213
-1.10475318532082	2.66727702754253	-1.36110475318532
0.183108262760357	3.247119859617	2.03860532539864
0.643930724040589	2.02639810788128	2.37125200274662
0.729381246662089	-1.05897611963073	-0.491340505073625
-1.76089112687877	-4.00396734569314	-6.14633401998932
-0.50965133134966	-6.72922865644312	-12.0271610589761
1.86770428015564	-5.42610818646525	-11.7891203173877
2.70695048447395	-3.27763790341039	-10.101472495613
8.69153887235828	0.518806744487678	-3.73540856031128
8.15442130159457	1.89822232394903	3.04875257495994
8.40466926070039	2.03860532539864	4.12909132524605
6.68650339513237	0.561532005798428	5.84115358205539
2.05691615167468	-1.32448310063325	1.2817578393225
2.57267109178302	-0.643930724040589	-1.00099183642329
1.41908903639277	0.756847486076142	-1.80666819256886
2.51773861295491	1.84023804074159	-1.91958495460441
6.40573739223316	5.59395742732891	0.354009308003357
8.14831769283589	4.40680552376593	1.31227588311589
5.44747081712062	1.83718623636225	-0.799572747386893
6.07919432364385	-0.0701915007248035	-0.823987182421607
1.07728694590677	-2.25833524071107	-3.10978866254673
-1.62050812542916	-1.0955977721828	-3.03044174868391
-2.75577935454337	-0.802624551766232	-3.06706340123598
-1.60524910353246	-0.323491264209964	-2.05386434729534
1.48012512397955	0.933852140077821	0.0915541313801785
4.88593881132219	1.27870603494316	-0.314335851071946
6.82688639658198	0.881971465629053	-0.00915541313801785
8.8014038300145	-0.543221179522393	0.805676356145571
8.91126878767071	-2.50247959105821	0.512703135729
6.36301213092241	-3.20439459830625	-1.7944609750515
3.39971007858396	-5.16365300984207	-3.22880903334096
-2.07522697795071	-7.26634622720684	-4.60822461280232
-0.314335851071946	-4.72419317921721	-4.68757152666514
-0.958266575112535	-3.19523918516823	-5.12092774853132
0.445563439383536	0.943007553215839	-2.04776073853666
3.16472114137484	1.36415655756466	-0.476081483176928
3.79949645227741	0.912489509422446	-0.271610589761196
2.12405584802014	-0.0793469138628214	-0.814831769283589
-0.665293354695964	-2.24917982757305	-1.26344701304646
-1.45571068894484	-3.3173113603418	-4.35187304493782
-1.62050812542916	-3.57976653696498	-5.90218966964218
-1.72732127870604	-1.36415655756466	-5.85641260395209
-2.5482566567483	-2.56656748302434	-7.87670710307469
-3.01518272678721	-2.67032883192187	-6.31113145647364
-1.78835736629282	-3.1616693369955	-5.30403601129168
-1.75478751812009	-5.0965133134966	-7.35484855420767
1.13527122911421	-5.33760585946441	-6.08834973678187
2.57267109178302	-6.5796902418555	-6.00289921416037
3.89105058365759	-5.41084916456855	-5.06599526970321
3.11589227130541	-4.04364080262455	-2.5482566567483
2.35599298084993	-3.57976653696498	0.323491264209964
1.06202792401007	-3.05485618371862	0.98268101014725
0.711070420386053	-3.41496910048066	1.42519264515145
-0.234988937209125	-4.37018387121385	-0.958266575112535
-0.289921416037232	-3.61943999389639	-2.87479972533761
-0.021362630655375	-3.01823453116655	-2.85343709468223
0.848401617456321	-0.738536659800107	-1.87685969329366
1.85244525825895	1.65102616922255	-0.68055237659266
0.653086137178607	1.54116121156634	1.45876249332418
0.289921416037232	1.57778286411841	2.18509193560693
0.543221179522393	-0.59510185397116	-0.387579156176089
0.390630960555428	-1.31227588311589	-0.686655985351339
-1.53505760280766	-2.36514839398795	-1.33669031815061
0.4272526131075	-2.55436026550698	-2.39566643778134
-0.543221179522393	-2.29800869764248	0.131227588311589
-0.512703135729	-1.8646524757763	1.30617227435721
0.100709544518196	-1.01930266269932	3.09452964065003
2.48722056916152	-2.60318913557641	1.30922407873655
4.2572671091783	-1.79751277943084	0.802624551766232
4.92866407263294	-0.308232242313268	0.222781719691768
4.77912565804532	1.28480964370184	0.286869611657893
5.94796673533227	1.55947203784237	-0.0885023270008393
3.64995803768978	2.22476539253834	0.0457770656900893
2.63981078812848	1.77004654001678	0.296025024795911
2.73136491950866	1.57778286411841	-1.196307316701
1.9501029983978	-0.738536659800107	-3.23796444647898
1.44960708018616	0.0518806744487678	-3.66216525520714
0.89417868314641	0.363164721141375	-3.25932707713436
2.4780651560235	2.07827878233005	-0.503547722590982
2.59098191805905	2.23392080567636	-1.2664988174258
4.51667048142214	3.51262684061952	1.44350347142748
2.8046082246128	2.65506981002518	0.2563515678645
-0.885023270008392	-0.192263675898375	-3.08537422751202
-2.68253604943923	-2.42008087281605	-4.26642252231632
-4.95918211642634	-4.23895628290227	-4.93171587701228
-1.87380788891432	-5.0263218127718	-4.41901274128328
2.81071183337148	-3.18913557640955	-1.66323338673991
7.29076066224155	-2.90226596475166	-0.164797436484321
11.2703135729	-0.866712443732357	-0.152590218966964
9.42397192339971	-1.5533684290837	-2.92973220416571
7.39757381551843	-2.75272755016403	-4.26947432669566
3.76287479972534	-2.92057679102769	-5.17586022735943
4.10772869459068	-2.0660715648127	-3.44243533989471
1.94399938963912	-1.83718623636225	-0.366216525520714
2.47501335164416	0.991836423285267	2.47501335164416
4.78217746242466	2.77409018081941	0.708018616006714
5.05989166094453	3.75677119096666	2.51163500419623
4.42206454566262	1.36415655756466	-2.16983291371023
1.63271534294652	-0.46997787441825	-4.08331425955596
3.56450751506828	-1.19325551232166	-5.31929503318837
2.07217517357137	-0.967421988250553	-4.68757152666514
1.89822232394903	1.40383001449607	-1.61440451667048
1.54421301594568	2.91447318226902	1.51369497215228
1.4373998626688	3.90020599679561	3.0914778362707
1.41298542763409	3.24101625085832	2.09353780422675
2.2369726100557	-0.0854505226215	0.173952849622339
1.76089112687877	-2.50553139543755	-4.30914778362707
0.805676356145571	-5.52681773098344	-7.0618753337911
2.30411230640116	-5.80758373388266	-7.3334859235523
4.02227817196918	-3.80254825665675	-5.13923857480736
5.56649118791485	-1.84328984512093	-0.793469138628214
6.80857557030594	1.58999008163577	-0.64087891966125
6.42710002288853	1.24513618677043	-1.04371709773404
5.2826733806363	2.14541847867552	-2.90836957351034
0.286869611657893	0.0335698481727321	-4.36713206683452
-0.341802090486	-0.729381246662089	-5.36202029449912
-1.42519264515145	-1.40077821011673	-5.13923857480736
-0.219729915312428	-1.69680323491264	-2.99382009613184
-0.421149004348821	-2.07522697795071	-2.25223163195239
1.83718623636225	-1.54116121156634	-2.17593652246891
0.677500572213321	-2.04165712977798	-2.66117341878386
-0.0823987182421607	-3.24101625085832	-3.24406805523766
-0.497444113832303	-2.81681544213016	-1.57778286411841
-2.51163500419623	-4.04364080262455	-1.9806210421912
-2.9907682917525	-4.47394522011139	-1.39467460135805
-4.10772869459068	-7.44640268558785	-1.84939345387961
-5.25520714122225	-6.55527580682078	-1.20241092545968
-6.06393530174716	-7.40672922865644	-2.0355535210193
-4.85236896314946	-7.24498359655146	-3.46684977492943
-0.909437705043107	-5.18501564049744	-2.70389868009461
3.16472114137484	-2.05996795605402	-1.71511406118868
7.27244983596551	-0.247196154726482	-1.70595864805066
11.1329823758297	0.103761348897536	0.421149004348821
9.228656443122	-0.875867856870375	-0.741588464179446
6.36301213092241	-1.58388647287709	-2.67643244068055
1.367208361944	-3.68963149462119	-3.44853894865339
-1.08033875028611	-2.87174792095827	-3.11894407568475
-2.61539635309377	-1.76699473563745	-2.55741206988632
-2.95719844357977	-0.915541313801785	-2.61844815747311
-3.21049820706493	-1.24818799114977	-1.3519493400473
-2.72526131074998	-1.66018158236057	-1.57778286411841
-2.25833524071107	-3.79949645227741	-1.82192721446555
-1.40077821011673	-3.39971007858396	-1.98977645532921
-3.68657969024186	-3.78728923476005	-1.74563210498207
-4.2572671091783	-4.05889982452125	-0.836194399938964
-3.3325703822385	-1.75783932249943	1.34584573128862
-5.8960860608835	-1.71511406118868	1.45571068894484
-5.49324788281071	-1.1261158159762	1.93789578088045
-2.77409018081941	-1.12306401159686	2.27359426260777
-1.42519264515145	-0.357061112382696	1.75478751812009
0.549324788281071	-0.55542839703975	2.22476539253834
4.46478980697337	1.39772640573739	1.15053025101091
5.82284275577935	1.91653315022507	1.73952849622339
6.94285496299687	3.39360646982528	1.92263675898375
6.90318150606546	4.15350576028077	0.820935378042267
7.27244983596551	3.66826886396582	0.521858548867018
5.4383154039826	3.85137712672618	0.527962157625696
3.02433813992523	1.91042954146639	-0.518806744487678
0.857557030594339	1.06202792401007	-2.01113908598459
0.177004654001679	0.378423743038071	-0.231937132829786
-1.33974212252995	0.820935378042267	-0.00610360875867857
-1.99282825970855	1.34889753566796	0.628671702143893
-1.94705119401846	1.85244525825895	0
-1.07423514152743	3.50041962310216	2.40482185091936
-0.488288700694285	1.51369497215228	-0.494392309452964
0.0244144350347143	1.93789578088045	-0.674448767833982
-1.20241092545968	0.228885328450446	0.531013962005035
-1.13832303349355	-0.817883573662928	-0.534065766384375
-0.430304417486839	-0.0610360875867857	-0.869764248111696
0.177004654001679	1.367208361944	-0.421149004348821
2.35904478522927	0.98268101014725	0.131227588311589
3.18608377203021	0.29907682917525	-1.54116121156634
4.614328221561	0.390630960555428	-0.646982528419928
6.15854123750668	-0.219729915312428	-1.79140917067216
6.10360875867857	-1.1261158159762	-2.43228809033341
4.96833752956436	-1.63576714732586	-3.39055466544594
3.36308842603189	-1.83108262760357	-3.93987945372702
2.905317769131	-1.18715190356298	-3.67742427710384
2.86259250782025	-1.2115663385977	-2.20340276188296
2.00198367284657	-2.24307621881437	-3.72014953841459
0.00610360875867857	-2.01419089036393	-4.11078049897002
1.11696040283818	-0.848401617456321	-2.85648889906157
0.241092545967803	-1.86160067139696	-2.39566643778134
-1.38857099259937	-2.1515220874342	-2.19729915312428
-1.29091325246052	-0.216678110933089	-1.58388647287709
-1.30922407873655	-1.24208438239109	-2.31631952391852
-1.00099183642329	-0.451667048142214	-1.83413443198291
-2.10879682612345	-0.732433051041428	-1.87685969329366
-1.75478751812009	-0.949111161974517	-2.9907682917525
-1.54116121156634	-0.860608834973678	-2.08133058670939
-3.25932707713436	-0.784313725490196	-2.62149996185245
1.08949416342412	0.909437705043107	-1.54726482032502
2.54520485236896	1.10780498970016	-1.64797436484321
6.04257267109178	1.47096971084154	-0.137331197070268
5.70382238498512	1.7944609750515	1.59609369039445
6.50644693675135	-0.0823987182421607	-0.866712443732357
6.02121004043641	0.662241550316625	-0.970473792629892
3.60723277637903	-0.186160067139696	-2.61234454871443
1.22377355611505	-1.33363851377127	-5.74044403753719
-0.778210116731518	-1.44045166704814	-5.44441901274128
-1.43129625391012	-1.66628519111925	-5.51461051346609
0.021362630655375	-1.87685969329366	-4.89509422446021
-2.0355535210193	-1.96231021591516	-4.23590447852293
-1.8951705195697	-1.57473105973907	-2.56961928740368
-0.949111161974517	-0.524910353246357	-3.53093766689555
-0.518806744487678	-1.64187075608453	-3.04875257495994
-0.106813153276875	-0.735484855420768	-2.81681544213016
-0.247196154726482	0.173952849622339	-2.24917982757305
1.40077821011673	-0.280766002899214	-3.00907911802853
0.363164721141375	-0.38452735179675	-3.57061112382696
0.0274662394140536	-1.05897611963073	-4.45868619821469
2.09353780422675	-1.37026016632334	-3.930724040589
2.36820019836728	-2.50553139543755	-4.40680552376593
1.93484397650111	-1.48622873273823	-3.47905699244678
3.49126420996414	-0.387579156176089	-4.21149004348821
2.30106050202182	0.250247959105821	-2.89311055161364
-0.21362630655375	0.451667048142214	-2.28274967574578
0.167849240863661	0.494392309452964	-2.95414663920043
0.970473792629892	2.29495689326314	-2.46585793850614
0.0518806744487678	1.97451743343252	-1.83108262760357
0.12817578393225	1.879911497673	-3.97955291065843
1.63271534294652	3.35698481727321	-2.99687190051118
0.582894636453803	1.00709544518196	-3.53093766689555
-0.0823987182421607	1.87075608453498	-2.95719844357977
1.84634164950027	2.37125200274662	-1.23903257801175
2.01113908598459	2.78629739833677	0.344853894865339
0.964370183871214	2.89311055161364	1.08949416342412
0.799572747386893	2.61539635309377	2.86259250782025
0.537117570763714	1.74258030060273	1.17494468604562
1.54421301594568	1.08339055466545	0.653086137178607
0.524910353246357	-0.222781719691768	-1.40383001449607
-2.29800869764248	-0.372320134279393	-0.576791027695125
0.219729915312428	-0.424200808728161	-1.87685969329366
0.393682764934768	0.521858548867018	-0.961318379491875
-2.221713588159	0.0762951094834821	-2.55741206988632
-1.2115663385977	-0.662241550316625	-2.57572289616236
-1.56252384222171	-0.582894636453803	-3.72625314717327
-1.8951705195697	-2.21560997940032	-5.58175020981155
-2.56656748302434	-2.85648889906157	-5.82894636453803
-3.23796444647898	-2.74052033264668	-4.83100633249409
-0.823987182421607	-2.42008087281605	-3.44243533989471
-1.78835736629282	-1.21766994735637	-3.77203021286336
-2.34683756771191	-1.63576714732586	-3.0609597924773
-3.69268329900053	-0.222781719691768	-1.92874036774243
-2.04776073853666	-0.634775310902571	-1.05592431525139
-3.42107270923934	-0.354009308003357	-1.48928053711757
-0.341802090486	-0.00610360875867857	-0.393682764934768
0.0366216525520714	-0.677500572213321	-0.354009308003357
2.27054245822843	-1.38857099259937	0.701915007248035
1.13221942473487	-2.69169146257725	-2.19119554436561
2.52384222171359	-2.31326771953918	-0.231937132829786
1.74563210498207	-1.93789578088045	0.662241550316625
-0.360112916762036	-2.86869611657893	-1.16273746852827
1.66018158236057	-1.94705119401846	-1.61440451667048
3.10063324940871	-1.91042954146639	-2.94193942168307
2.85648889906157	-1.67544060425727	-1.50148775463493
2.39871824216068	-1.34584573128862	-2.51773861295491
3.64385442893111	-0.665293354695964	-2.09048599984741
3.24101625085832	-0.802624551766232	-2.93278400854505
0.347905699244678	-0.405889982452125	-2.48111696040284
0.646982528419928	-0.0366216525520714	-0.186160067139696
-1.46486610208286	-0.473029678797589	-3.69878690775921
-1.29091325246052	-0.387579156176089	-2.57267109178302
-3.60418097199969	-0.192263675898375	-1.68459601739528
-3.07927061875334	0.277714198519875	-1.04371709773404
-3.18303196765087	-0.491340505073625	-2.07827878233005
-0.601205462729839	0.2563515678645	0.0122072175173571
1.31227588311589	-0.537117570763714	-0.540169375143053
5.8960860608835	0.494392309452964	-1.33058670939193
3.22575722896162	-1.538109407187	-0.729381246662089
2.20340276188296	-0.634775310902571	-1.98977645532921
0.463874265659571	-0.628671702143893	-2.80155642023346
-1.26344701304646	-0.579842832074464	-2.95109483482109
-0.354009308003357	0.415045395590143	-1.8646524757763
0.283817807278553	0.619516289005875	-2.86259250782025
2.26138704509041	0.576791027695125	-2.48111696040284
2.77409018081941	0.616464484626535	-2.20950637064164
2.09353780422675	-0.238040741588464	-4.47089341573205
0.140383001449607	-0.607309071488518	-4.20233463035019
-0.650034332799268	-1.30922407873655	-4.53803311207752
-1.05897611963073	-1.32143129625391	-4.73029678797589
-2.59098191805905	0.0396734569314107	-3.45159075303273
-2.41092545967803	-0.543221179522393	-2.24612802319371
-5.15449759670405	-0.347905699244678	-2.26138704509041
-6.68955519951171	-0.338750286106661	-0.784313725490196
-4.45563439383536	-1.26039520866712	-2.32547493705653
-3.60112916762036	-1.33058670939193	-1.43434805828946
-2.02944991226062	-1.75173571374075	-1.07118333714809
