8.42298008697643	6.78110933089189	2.50247959105821
7.71190966659037	5.54818036163882	2.21560997940032
4.4281681544213	4.56855115587091	2.9755092698558
1.01625085831998	3.25932707713436	2.26443884946975
0.613412680247196	3.61943999389639	1.70290684367132
0.021362630655375	3.3478294041352	4.00396734569314
-2.21560997940032	2.48722056916152	4.36713206683452
-2.67643244068055	2.88090333409628	3.59197375448234
-3.46990157930877	2.55436026550698	4.17792019531548
-3.39665827420462	0.729381246662089	3.15556572823682
-3.01518272678721	0.289921416037232	2.67643244068055
-2.15762569619287	-0.991836423285267	2.42618448157473
-2.42923628595407	-1.196307316701	1.53200579842832
-1.07423514152743	-0.634775310902571	0.912489509422446
0.381475547417411	0.561532005798428	1.82803082322423
0.534065766384375	-0.161745632104982	1.12916762035554
2.45975432974746	-0.790417334248875	0.0274662394140536
2.59708552681773	-1.91348134584573	0.0610360875867857
3.09758144502937	-1.80361638818952	-0.341802090486
3.16777294575418	-2.76798657206073	-0.360112916762036
6.22568093385214	-1.40688181887541	1.07423514152743
5.65499351491569	-0.738536659800107	0.5981536583505
5.25215533684291	0.143434805828946	1.68764782177462
2.81376363775082	-0.686655985351339	1.13527122911421
1.68459601739528	-0.653086137178607	1.19020370794232
-0.994888227664607	-2.59708552681773	0.573739223315785
-2.22476539253834	-3.588921950103	0.119020370794232
-1.61745632104982	-2.8351262684062	-0.674448767833982
-0.473029678797589	-1.6235599298085	-0.524910353246357
-0.955214770733196	-1.32143129625391	0.863660639353018
-1.41603723201343	0.204470893415732	1.67544060425727
-3.20134279392691	0.0457770656900893	2.050812542916
-4.05279621576257	0.326543068589303	2.58487830930037
-4.82490272373541	-0.326543068589303	3.08537422751202
-3.4882124055848	-1.22377355611505	2.09964141298543
-1.80361638818952	-1.6235599298085	2.27664606698711
-1.25123979552911	-1.77004654001678	1.79140917067216
-1.00709544518196	-4.29388876173037	0.515754940108339
-2.71000228885328	-4.46478980697337	-0.207522697795071
-3.39665827420462	-5.61226825360494	-1.1108567940795
-4.16571297779812	-3.43327992675669	0.326543068589303
-3.05790798809796	-2.87479972533761	0.177004654001679
0.241092545967803	-0.970473792629892	2.59403372243839
2.72220950637064	0.445563439383536	3.63469901579309
1.71511406118868	1.6388189517052	2.98466468299382
0.210574502174411	1.1261158159762	2.70389868009461
0.253299763485161	2.26138704509041	3.79644464789807
-0.964370183871214	2.55436026550698	3.91241321431296
-3.66216525520714	1.66933699549859	3.7445639734493
-2.69779507133593	0.863660639353018	3.3478294041352
-1.70290684367132	-1.12001220721752	3.34172579537652
0.112916762035554	-0.781261921110857	3.01823453116655
0.274662394140536	-0.302128633554589	3.51873044937819
-0.714122224765393	0.326543068589303	3.69268329900053
1.22987716487373	1.19935912108034	3.42412451361868
-0.674448767833982	1.03150988021668	3.39665827420462
-3.99786373693446	-0.366216525520714	1.7242694743267
-3.50652323186084	-1.58693827725643	1.24818799114977
-1.21766994735637	-1.23903257801175	0.875867856870375
1.90432593270771	-0.579842832074464	1.14747844663157
3.71404592965591	1.18410009918364	2.27054245822843
6.74753948271916	1.93789578088045	1.98367284657053
8.32532234683757	2.02334630350195	1.76089112687877
6.55222400244144	1.3824673838407	-0.161745632104982
5.09956511787594	1.52895399404898	0.222781719691768
4.41901274128328	1.71816586556802	-1.01625085831998
0.259403372243839	0.338750286106661	-0.656137941557946
-0.0152590218966964	0.0305180437933928	0.421149004348821
-2.76798657206073	0.418097199969482	0.619516289005875
-2.1515220874342	0.89723048752575	2.82902265964752
-2.62455176623178	2.0355535210193	4.98054474708171
-4.67841611352712	1.69985503929198	2.89311055161364
-4.08941786831464	1.02845807583734	1.05897611963073
-5.08430609597925	-0.610360875867857	1.63576714732586
-6.02121004043641	-3.27763790341039	0.00610360875867857
-5.99069199664302	-2.53910124361028	-0.0793469138628214
-4.63569085221637	-2.59708552681773	-0.0823987182421607
-2.22781719691768	-1.99282825970855	1.30006866559854
-0.753795681696803	-0.613412680247196	1.90127412832837
1.25123979552911	0.00915541313801785	0.552376592660411
0.72632944228275	-1.08033875028611	0.646982528419928
0.613412680247196	-1.04982070649271	1.09254596780346
1.75173571374075	-0.360112916762036	1.93179217212177
1.76394293125811	-0.457770656900893	1.4679179064622
1.9806210421912	0.524910353246357	2.02639810788128
2.5482566567483	2.0660715648127	2.75272755016403
2.97245746547646	2.14847028305486	3.62249179827573
3.48516060120546	2.29800869764248	4.04058899824521
4.15960936903944	2.24612802319371	4.00701915007248
5.30403601129168	2.7496757457847	4.47089341573205
2.90836957351034	0.454718852521553	4.05279621576257
2.0355535210193	-0.265506981002518	3.49431601434348
-0.112916762035554	-0.0274662394140536	3.49126420996414
-2.70389868009461	0.885023270008392	4.20538643472953
-3.12504768444343	0.161745632104982	3.88189517051957
-4.46784161135271	0.952162966353857	4.18402380407416
-6.34775310902571	0.329594872968643	2.75883115892271
-5.76180666819257	-1.44350347142748	-1.30006866559854
-6.44235904478523	-3.20744640268559	-1.72732127870604
-3.70183871213855	-3.13420309758144	-2.74662394140536
-1.50453955901427	-3.29594872968643	-1.76089112687877
-0.433356221866178	-2.71610589761196	-0.131227588311589
-0.634775310902571	-2.18204013122759	-0.656137941557946
0.363164721141375	-2.87174792095827	0.860608834973678
-2.49942778667887	-4.13519493400473	-1.29091325246052
-3.16777294575418	-6.06393530174716	-1.62661173418784
-0.827038986800946	-4.92561226825361	0.442511635004196
0.0671396963454643	-4.74250400549325	0.665293354695964
-0.204470893415732	-3.11589227130541	2.41092545967803
2.65201800564584	-0.933852140077821	3.48210879682612
1.85244525825895	0.430304417486839	3.64385442893111
1.20546272983902	1.87075608453498	2.6337071793698
0.872816052491035	3.32951857785916	3.41802090486
1.52895399404898	3.35698481727321	2.65506981002518
0.149538414587625	1.73037308308537	2.44754711223011
-0.759899290455482	1.77309834439612	1.50759136339361
-3.14335851071946	-0.363164721141375	1.30922407873655
-4.98054474708171	-2.59403372243839	-0.704966811627375
-6.44846265354391	-4.27557793545434	-2.4078736552987
-7.29686427100023	-4.55329213397421	-2.35599298084993
-7.64171816586557	-6.22568093385214	-3.15251392385748
-7.05882352941176	-5.27656977187762	-3.70794232089723
-5.09956511787594	-5.96322575722896	-2.78629739833677
-3.63775082017243	-6.0517280842298	-1.14747844663157
-2.20950637064164	-5.11482413977264	-1.17189288166629
-1.64797436484321	-5.09956511787594	0.378423743038071
-0.0610360875867857	-4.785229266804	0.354009308003357
1.10780498970016	-4.85847257190814	1.65407797360189
1.50759136339361	-2.96940566109712	2.26443884946975
3.90936140993362	-0.421149004348821	4.17792019531548
5.11482413977264	0.601205462729839	4.98359655146105
6.78416113527123	2.28885328450446	5.70077058060578
7.5745784695201	4.10467689021134	7.51659418631266
6.42404821850919	4.18402380407416	6.30197604333562
6.09140154116121	5.13618677042802	6.45456626230259
5.61837186236362	3.99481193255512	5.12703135729
3.17387655451286	3.01518272678721	3.26543068589303
0.900282291905089	2.44754711223011	1.68154421301595
1.54421301594568	0.607309071488518	0.100709544518196
0.347905699244678	-0.802624551766232	0.244144350347143
-0.888075074387732	-0.64087891966125	-0.643930724040589
-1.21461814297704	-1.48012512397955	0.466926070038911
-0.588998245212482	-2.91447318226902	0.0671396963454643
-2.11795223926146	-2.99992370489052	0.100709544518196
-1.12916762035554	-4.21454184786755	0.399786373693446
-0.0701915007248035	-3.32341496910048	0.546272983901732
-0.396734569314107	-3.75066758220798	-0.198367284657053
-0.436408026245518	-4.75165941863127	-1.25429159990845
-0.650034332799268	-4.03448538948653	-1.44045166704814
-1.47096971084154	-2.94193942168307	-1.30617227435721
-1.13527122911421	-2.28580148012512	0.799572747386893
0.619516289005875	-1.196307316701	2.21560997940032
0.363164721141375	-1.32448310063325	3.0914778362707
0.274662394140536	-0.354009308003357	2.4628061341268
1.83108262760357	-0.0549324788281071	3.68963149462119
2.78324559395743	1.33058670939193	3.48516060120546
3.16472114137484	2.50247959105821	2.13015945677882
1.83108262760357	2.69169146257725	1.66933699549859
2.77409018081941	2.95109483482109	1.88296330205234
1.21461814297704	1.85854886701762	1.59304188601511
-3.01213092240787	-0.80872816052491	-0.741588464179446
-4.14740215152209	-3.12504768444343	-0.579842832074464
-4.56549935149157	-2.48416876478218	-0.363164721141375
-4.20233463035019	-2.19424734874495	-0.231937132829786
-4.5288776989395	-3.11589227130541	-0.958266575112535
-3.95819028000305	-3.04570077058061	-1.40688181887541
-3.11894407568475	-2.12405584802014	-1.16884107728695
-1.11696040283818	-2.78934920271611	0.424200808728161
0.296025024795911	-1.41908903639277	0.146486610208286
0.198367284657053	-1.39772640573739	1.2817578393225
1.08644235904479	-0.311284046692607	2.15762569619287
3.09758144502937	-0.80872816052491	2.11184863050278
3.00297550926986	0.561532005798428	2.97245746547646
3.40886549172198	0.515754940108339	3.52483405813687
1.63271534294652	0.451667048142214	2.34988937209125
2.36514839398795	-0.582894636453803	2.38651102464332
0.317387655451286	-2.77103837644007	2.07217517357137
0.186160067139696	-2.01419089036393	1.8951705195697
1.08644235904479	-1.75173571374075	2.2369726100557
0.00305180437933928	-2.76798657206073	1.64492256046387
0.00305180437933928	-1.90432593270771	0.302128633554589
-1.12916762035554	-2.04165712977798	0.170901045243
-3.21049820706493	-2.26749065384909	-1.02235446707866
-3.67132066834516	-3.98260471503777	-0.845349813076982
-4.92866407263294	-4.35492484931716	-1.69680323491264
-5.26436255436027	-4.55024032959487	-1.65102616922255
-3.17998016327153	-3.54009308003357	0.103761348897536
-3.64385442893111	-3.95819028000305	-0.329594872968643
-3.04875257495994	-4.32135500114443	0.280766002899214
-4.101625085832	-3.19523918516823	0.540169375143053
-1.53505760280766	-2.09353780422675	0.527962157625696
-0.628671702143893	-0.521858548867018	1.67544060425727
-0.634775310902571	-0.424200808728161	2.81071183337148
1.0955977721828	0.366216525520714	2.79545281147478
4.39154650186923	0.93690394445716	3.2318608377203
3.47295338368811	0.89417868314641	3.39360646982528
3.16777294575418	1.82803082322423	2.84122987716487
3.26848249027237	1.13527122911421	1.13832303349355
2.55741206988632	1.39772640573739	0.131227588311589
1.6937514305333	1.09254596780346	-0.158693827725643
-0.021362630655375	0.424200808728161	-0.0885023270008393
0.0183108262760357	-0.592050049591821	-0.500495918211643
-1.58388647287709	-0.906385900663767	-0.0183108262760357
-3.2318608377203	-1.19020370794232	-2.86259250782025
-3.01213092240787	-2.51468680857557	-2.75883115892271
-5.12703135729	-3.78423743038071	-3.66521705958648
-7.56847486076142	-6.53086137178607	-3.50957503624018
-7.04356450751507	-5.99679560540169	-2.33768215457389
-8.17883573662928	-7.19920653086137	-1.1810482948043
-7.98352025635157	-6.55222400244144	-1.07118333714809
-9.61928740367742	-4.28168154421302	-0.717174029144732
-5.66720073243305	-3.1464103150988	-0.0488288700694285
-4.50446326390478	-2.28580148012512	-0.0396734569314107
-4.16266117341878	-0.994888227664607	0.317387655451286
-2.36514839398795	-1.05592431525139	2.00198367284657
-1.03456168459602	-1.367208361944	2.41092545967803
0.0488288700694285	-1.93484397650111	1.38551918822004
1.27870603494316	-3.40581368734264	0.64087891966125
3.08232242313268	-0.927748531319142	2.55130846112764
4.50141145952544	0.0793469138628214	2.79850461585412
6.28366521705959	0.625619897764553	1.82497901884489
5.69771877622644	1.41603723201343	1.74563210498207
3.70489051651789	0.711070420386053	0.582894636453803
3.3478294041352	-0.579842832074464	0.369268329900053
3.47295338368811	-0.878919661249714	-0.714122224765393
2.24612802319371	-0.201419089036393	-0.0152590218966964
0.396734569314107	-2.19119554436561	0.534065766384375
-2.19424734874495	-2.1362630655375	0.820935378042267
-2.92668039978637	-2.25223163195239	-0.201419089036393
-3.24101625085832	-3.0914778362707	0.802624551766232
-4.74250400549325	-3.67132066834516	0.836194399938964
-4.956130312047	-4.27557793545434	-0.0152590218966964
-3.13725490196078	-5.76180666819257	0.393682764934768
-1.82192721446555	-5.37727931639582	2.81071183337148
-1.40993362325475	-6.3080796520943	2.88395513847562
-0.628671702143893	-6.05477988860914	3.21049820706493
1.36415655756466	-4.27862973983368	3.77508201724269
2.26138704509041	-2.16372930495155	3.64995803768978
2.50858319981689	-0.286869611657893	3.66521705958648
2.06912336919203	0.317387655451286	3.21049820706493
3.00297550926986	0.12817578393225	3.57976653696498
3.18608377203021	-1.16578927290761	4.45258258945602
2.82291905088884	-1.19935912108034	4.26642252231632
5.69161516746777	0.274662394140536	5.32539864194705
8.81361104753185	2.94804303044175	5.44441901274128
9.66506446936751	4.14740215152209	5.13313496604868
12.9640650034333	7.82787823300526	5.81979095140002
13.0556191348135	8.50537880521859	5.16670481422141
12.0302128633555	8.08422980086976	5.09956511787594
8.32227054245823	7.04356450751507	4.11993591210803
5.80453192950332	6.50339513237201	2.83207446402686
2.4933241779202	3.247119859617	0.781261921110857
-0.878919661249714	0.985732814526589	0.573739223315785
-3.22880903334096	-1.49538414587625	-0.457770656900893
-4.79438467994202	-2.38345922026398	-1.79140917067216
-4.35187304493782	-2.37430380712596	-1.01625085831998
-5.17891203173877	-2.93888761730373	-0.485236896314946
-4.43732356755932	-1.83108262760357	-0.259403372243839
-4.66315709163043	-1.82192721446555	0.369268329900053
-2.392614633402	-2.01113908598459	2.05996795605402
-0.81177996490425	-1.07728694590677	2.16983291371023
-1.48622873273823	-1.79751277943084	2.41092545967803
0.68055237659266	-2.88090333409628	2.75883115892271
-0.04272526131075	-4.41290913252461	1.66933699549859
-0.0335698481727321	-4.63263904783703	1.62050812542916
-0.747692072938125	-4.58686198214694	-0.381475547417411
1.17189288166629	-3.37529564354925	0.677500572213321
1.36415655756466	-2.05691615167468	0.451667048142214
2.81681544213016	-0.433356221866178	-1.19325551232166
3.35393301289387	0.949111161974517	-0.366216525520714
2.63675898374914	0.820935378042267	-0.158693827725643
0.601205462729839	0.0915541313801785	-0.521858548867018
-0.579842832074464	1.41298542763409	-1.54116121156634
-1.4679179064622	0.885023270008392	-1.13221942473487
-2.44754711223011	0.854505226215	-0.866712443732357
-2.60318913557641	-0.00305180437933928	-0.906385900663767
-1.87685969329366	0.204470893415732	0.85145342183566
-1.05897611963073	0.2563515678645	2.12710765239948
-1.03456168459602	0.534065766384375	3.98260471503777
-0.668345159075303	1.90432593270771	3.80254825665675
-0.854505226215	1.84328984512093	3.75677119096666
-1.33974212252995	-0.064087891966125	3.01518272678721
-1.07423514152743	-1.0955977721828	1.19325551232166
-0.671396963454643	-2.23392080567636	-1.05287251087205
1.71511406118868	-2.89616235599298	-1.82192721446555
4.78217746242466	-2.71000228885328	-1.46486610208286
3.64690623331044	-2.76798657206073	-0.89723048752575
3.55230029755093	-1.71816586556802	-0.787365529869535
2.92973220416571	-1.85549706263828	-0.0122072175173571
0.387579156176089	-1.86160067139696	0.164797436484321
-2.54520485236896	-2.26138704509041	-0.378423743038071
-3.79034103913939	-1.25429159990845	-0.0305180437933928
-5.29182879377432	-4.04364080262455	0.12817578393225
-5.83504997329671	-3.62859540703441	-1.48622873273823
-6.58579385061418	-3.96734569314107	-1.32448310063325
-5.48409246967269	-5.08125429159991	-2.70695048447395
-5.62142366674296	-4.74860761425193	-3.87579156176089
-4.31525139238575	-3.65606164644846	-2.56656748302434
-4.16571297779812	-3.68963149462119	-1.83108262760357
-2.8900587472343	-2.41092545967803	-0.296025024795911
-2.97856107423514	-2.41702906843671	0.5981536583505
-0.845349813076982	-1.08644235904479	3.07011520561532
0.701915007248035	0.59510185397116	4.82490272373541
3.03654535744259	1.93789578088045	4.96528572518502
3.60723277637903	1.85244525825895	5.42000457770657
3.06401159685664	2.4628061341268	6.40268558785382
4.83405813687343	2.97245746547646	4.34576943617914
4.45258258945602	0.732433051041428	2.39871824216068
3.69573510337987	-1.07728694590677	0.677500572213321
4.33356221866178	-1.65407797360189	-2.02639810788128
3.58587014572366	-1.34584573128862	-2.31021591515984
1.28786144808118	-2.2369726100557	-2.65506981002518
0.4272526131075	-1.75783932249943	-1.94094758525978
-2.93278400854505	-1.75478751812009	-2.48416876478218
-5.76791027695125	-2.95414663920043	-1.17799649042496
-7.7607385366598	-4.60517280842298	-1.49538414587625
-8.53589684901198	-4.98054474708171	-2.36820019836728
-6.80247196154726	-4.15655756466011	-1.13221942473487
-5.66109712367437	-3.31120775158312	0.622568093385214
-4.33356221866178	-1.60524910353246	0.659189745937285
-4.09857328145266	-2.85038529030289	-0.103761348897536
-3.57061112382696	-2.78324559395743	-0.286869611657893
-3.83916990920882	-2.94499122606241	-0.592050049591821
-4.18402380407416	-2.55436026550698	-1.86770428015564
-2.62149996185245	-2.8046082246128	-2.27969787136645
-2.19424734874495	0.714122224765393	-0.204470893415732
-1.40383001449607	0.601205462729839	0.701915007248035
-1.74563210498207	0.933852140077821	2.06301976043336
0.238040741588464	2.33463035019455	2.90226596475166
3.06706340123598	2.02334630350195	4.93171587701228
3.09758144502937	2.94804303044175	4.19623102159152
3.58281834134432	4.25421530479896	2.98771648737316
6.35996032654307	4.49530785076677	3.41496910048066
5.22163729304952	4.96223392080568	3.80560006103609
5.42610818646525	5.72823682001984	3.96429388876173
5.18196383611811	6.25619897764553	2.85343709468223
2.28274967574578	4.79438467994202	2.91752498664836
0.140383001449607	3.44243533989471	0.616464484626535
-2.00503547722591	1.85549706263828	-0.772106507972839
-5.61837186236362	0.64087891966125	-1.65407797360189
-8.07812619211109	0.119020370794232	-1.21766994735637
-9.13099870298314	-0.350957503624018	-0.515754940108339
-9.03639276722362	-1.2970168612192	0.457770656900893
-9.53078507667658	-1.66628519111925	0.518806744487678
-9.2133974212253	-2.06912336919203	-0.442511635004196
-6.88181887541009	-1.90432593270771	0.225833524071107
-3.41802090486	-1.46486610208286	0.296025024795911
-2.14236667429618	-1.44655527580682	0.558480201419089
-2.2919050888838	-2.0660715648127	0.634775310902571
-0.216678110933089	-2.45059891660945	0.170901045243
0.619516289005875	-2.78629739833677	1.24513618677043
0.778210116731518	-2.72526131074998	0.00305180437933928
2.21560997940032	-1.65712977798123	-0.064087891966125
1.90432593270771	-0.433356221866178	-0.317387655451286
1.98367284657053	-1.41908903639277	0.250247959105821
2.80766002899214	0.790417334248875	0.985732814526589
4.23285267414359	1.42214084077211	1.32448310063325
3.83611810482948	1.9653620202945	2.11795223926146
4.96528572518502	3.15861753261616	3.59807736324102
4.61738002594034	2.4628061341268	3.39055466544594
0.970473792629892	1.84328984512093	3.43938353551537
-0.418097199969482	0.451667048142214	0.830090791180285
-2.15457389181353	0.866712443732357	-1.25734340428779
-3.68047608148318	0.625619897764553	-1.23292896925307
-5.83199816891737	-0.46997787441825	-1.90127412832837
-5.92355230029755	-0.817883573662928	-1.65712977798123
-5.23689631494621	-1.45876249332418	-0.460822461280232
-4.8706797894255	-0.814831769283589	-0.558480201419089
-3.98565651941711	-0.735484855420768	-0.494392309452964
-3.08537422751202	-0.857557030594339	1.10475318532082
-2.15457389181353	-2.15762569619287	1.88601510643168
-3.32036316472114	-3.80865186541543	2.73136491950866
-2.15762569619287	-3.84832532234684	1.81887541008621
-0.241092545967803	-3.6591134508278	1.80666819256886
1.11390859845884	-2.14541847867552	0.292973220416571
4.62958724345769	-0.695811398489357	-0.576791027695125
5.68551155870909	0.878919661249714	-0.665293354695964
5.65804531929503	1.79751277943084	0.04272526131075
5.14839398794537	1.91348134584573	1.87380788891432
3.36308842603189	2.81681544213016	1.51369497215228
1.54116121156634	2.24002441443503	1.81277180132753
-1.66628519111925	1.34889753566796	2.09658960860609
-2.72220950637064	0.451667048142214	2.85648889906157
-2.91447318226902	0.708018616006714	1.31227588311589
-3.73846036469062	1.28786144808118	1.51064316777295
-4.71503776607919	2.42923628595407	2.09048599984741
-5.16060120546273	3.18303196765087	2.96025024795911
-4.83710994125277	3.41496910048066	2.96025024795911
-7.27550164034485	3.05180437933928	3.11894407568475
-5.75875486381323	1.77004654001678	3.61333638513771
-4.66926070038911	1.55642023346304	1.58083466849775
-4.72724498359655	0.109864957656214	-0.451667048142214
-4.94392309452964	-0.592050049591821	-0.830090791180285
-4.33661402304112	-2.16678110933089	-0.72327763790341
-2.67948424505989	-2.45670252536812	-0.119020370794232
-1.65407797360189	-2.96635385671778	1.21766994735637
-0.021362630655375	-3.01518272678721	3.84832532234684
1.2664988174258	-2.35599298084993	4.84626535439078
1.84939345387961	0.527962157625696	5.34370946822309
4.71808957045853	1.40383001449607	4.83405813687343
3.90325780117494	2.85038529030289	5.39864194705119
3.49431601434348	2.95719844357977	2.96330205233845
4.46173800259403	2.67948424505989	1.62661173418784
4.92561226825361	1.74563210498207	-0.0885023270008393
3.41496910048066	0.952162966353857	-0.930800335698482
0.97962920576791	0.518806744487678	-0.665293354695964
0.0854505226215	2.12710765239948	-1.27565423056382
-1.77615014877546	-0.0183108262760357	-0.973525597009232
-3.3325703822385	-1.24208438239109	-0.140383001449607
-5.05683985656519	-0.833142595559625	-0.241092545967803
-5.98458838788434	-2.18509193560693	-1.2970168612192
-6.56748302433814	-3.01213092240787	-1.40688181887541
-6.9764248111696	-5.23384451056687	-2.71305409323262
-8.58777752346075	-6.02121004043641	-3.78728923476005
-9.75967040512703	-7.73327229724575	-4.11383230334935
-8.92042420080873	-6.85130083161669	-4.31830319676509
-7.61120012207217	-7.64476997024491	-5.5542839703975
-6.35385671778439	-7.17479209582666	-4.18097199969482
-6.19516289005875	-5.7099259937438	-4.84321355001144
-4.95002670328832	-6.09750514991989	-5.54207675288014
-4.1718165865568	-5.96322575722896	-3.77508201724269
-2.68863965819791	-3.39665827420462	-1.81277180132753
-0.0671396963454643	-1.91042954146639	-0.292973220416571
2.6642252231632	1.37636377508202	1.37636377508202
5.58785381857023	2.92362859540703	1.77004654001678
6.19516289005875	3.24101625085832	1.34584573128862
5.85641260395209	4.34882124055848	0.650034332799268
3.93987945372702	4.09552147707332	1.47707331960021
2.3224231326772	3.39055466544594	0.888075074387732
3.67132066834516	1.06813153276875	0.943007553215839
3.26848249027237	0.930800335698482	0.830090791180285
2.67338063630121	1.15968566414893	2.02944991226062
2.4078736552987	1.54726482032502	0.366216525520714
0.738536659800107	1.80056458381018	-0.292973220416571
-1.98977645532921	1.73952849622339	0.454718852521553
-4.03143358510719	1.83108262760357	-0.350957503624018
-4.51056687266346	1.77615014877546	-0.576791027695125
-6.18295567254139	1.75173571374075	-0.372320134279393
-6.56748302433814	1.48622873273823	0.170901045243
-6.2928206301976	2.0355535210193	-0.0457770656900893
-7.03135728999771	1.54116121156634	-0.115968566414893
-6.07309071488518	1.29396505683986	0.323491264209964
-4.69062333104448	0.704966811627375	-1.56252384222171
-1.93789578088045	2.66727702754253	-1.04676890211337
-0.98268101014725	2.67032883192187	0.0946059357595178
-1.46181429770352	2.78019378957809	-1.09254596780346
0.357061112382696	3.25017166399634	-0.170901045243
2.93278400854505	4.93171587701228	1.29091325246052
2.95109483482109	4.17486839093614	0.564583810177768
4.8554207675288	4.88593881132219	1.99282825970855
5.92355230029755	5.21553368429084	0.903334096284428
4.32440680552377	3.80865186541543	1.93789578088045
3.90020599679561	3.61028458075837	0.967421988250553
3.12199588006409	3.01213092240787	1.0955977721828
2.34988937209125	3.45159075303273	1.94705119401846
-0.21362630655375	3.22270542458228	2.89311055161364
0.970473792629892	3.28374151216907	3.77203021286336
-0.686655985351339	1.66018158236057	1.75783932249943
-1.20546272983902	1.34279392690929	2.42008087281605
-0.732433051041428	-0.167849240863661	0.350957503624018
-2.35294117647059	-0.558480201419089	1.19020370794232
-4.06500343327993	-0.784313725490196	1.79140917067216
-4.15655756466011	-1.6083009079118	2.49027237354086
-5.91439688715953	-1.27260242618448	3.80865186541543
-4.3579766536965	-1.34584573128862	3.53093766689555
-4.785229266804	-2.13321126115816	3.63164721141375
-2.93888761730373	-1.89211871519036	1.94399938963912
-0.946059357595178	-1.65712977798123	0.512703135729
-0.81177996490425	-0.80872816052491	-0.668345159075303
-1.5533684290837	-1.74868390936141	-2.67948424505989
-1.46486610208286	-1.56252384222171	-3.53093766689555
0.170901045243	-1.21766994735637	-5.06904707408255
-0.149538414587625	-2.84122987716487	-4.33661402304112
0.265506981002518	-3.28068970778973	-3.90325780117494
2.24307621881437	-2.61234454871443	-1.47096971084154
2.10269321736477	-1.65407797360189	0.280766002899214
1.54116121156634	-0.527962157625696	1.86160067139696
0.115968566414893	0.103761348897536	1.01319905394064
-0.683604180972	0.915541313801785	1.03150988021668
-2.53604943923095	0.531013962005035	-0.134279392690929
-1.59609369039445	0.0793469138628214	0.802624551766232
-2.34073395895323	-0.335698481727321	1.75478751812009
-2.21255817502098	-0.854505226215	1.58693827725643
-2.4078736552987	-1.1108567940795	1.91042954146639
-1.92263675898375	-2.24307621881437	1.15053025101091
-1.94399938963912	-2.6642252231632	-0.0305180437933928
-2.20950637064164	-2.4078736552987	-0.689707789730678
-1.30006866559854	-1.81277180132753	-1.65407797360189
-1.06202792401007	-1.73952849622339	-0.616464484626535
-0.360112916762036	-1.22682536049439	-0.393682764934768
-0.506599526970321	-1.09254596780346	-0.21362630655375
1.06202792401007	-1.33058670939193	0.335698481727321
0.827038986800946	-1.8646524757763	0.195315480277714
0.759899290455482	-2.67032883192187	-0.12817578393225
1.27565423056382	-1.58693827725643	1.13221942473487
2.60013733119707	-1.51674677653162	1.17494468604562
2.16067750057221	-1.33669031815061	0.744640268558785
1.44350347142748	-0.366216525520714	0.860608834973678
0.344853894865339	-0.924696726939803	0.762951094834821
-1.82803082322423	-2.57572289616236	-0.436408026245518
-3.1616693369955	-3.588921950103	-1.59609369039445
-2.69169146257725	-4.54413672083619	-1.69680323491264
-3.10978866254673	-4.48615243762875	-2.23392080567636
-3.43327992675669	-4.23895628290227	-1.09864957656214
-2.28885328450446	-4.33661402304112	0.946059357595178
-1.44655527580682	-3.50957503624018	2.77103837644007
-1.8951705195697	-3.02433813992523	4.33051041428244
-3.17082475013352	-5.2674143587396	2.74052033264668
-3.33867399099718	-4.67841611352712	2.2369726100557
-2.00198367284657	-4.48615243762875	0.689707789730678
-2.27664606698711	-4.91035324635691	1.22377355611505
-0.540169375143053	-2.76798657206073	0.531013962005035
-0.106813153276875	-1.62050812542916	1.00099183642329
2.050812542916	-0.0549324788281071	0.0885023270008393
1.43434805828946	0.9399557488365	-0.338750286106661
2.3224231326772	2.88700694285496	0.161745632104982
3.03044174868391	3.26543068589303	-1.48928053711757
3.88494697489891	2.53299763485161	0.0274662394140536
3.05790798809796	2.48416876478218	0.601205462729839
1.37636377508202	0.604257267109178	0.201419089036393
-1.80056458381018	-0.604257267109178	-1.09254596780346
-1.95620660715648	-2.77714198519875	-1.78835736629282
-3.67132066834516	-3.10063324940871	-2.69474326695659
-5.14229037918669	-3.74761577782864	-3.39360646982528
-4.74860761425193	-5.42610818646525	-3.92767223620966
-5.82284275577935	-5.89303425650416	-4.07415884641794
-5.71908140688182	-7.41588464179446	-3.56145571068894
-5.90524147402152	-7.13511863889525	-2.59403372243839
-3.61638818951705	-6.16769665064469	-0.784313725490196
-4.50446326390478	-4.45868619821469	0.817883573662928
-1.20241092545968	-1.40077821011673	1.96231021591516
-0.872816052491035	-0.0396734569314107	2.12405584802014
-0.576791027695125	1.30006866559854	4.58075837338827
-0.885023270008392	1.64797436484321	1.71511406118868
-0.186160067139696	-1.0101472495613	0.100709544518196
0.81177996490425	-0.85145342183566	0.292973220416571
1.20851453421836	-1.22377355611505	-0.98268101014725
1.08339055466545	-1.61440451667048	-2.60013733119707
0.68055237659266	-0.231937132829786	-2.85343709468223
1.91958495460441	-0.68055237659266	-2.28885328450446
0.277714198519875	1.01625085831998	-1.58083466849775
0.604257267109178	2.14236667429618	-0.80872816052491
0.131227588311589	1.64492256046387	-0.222781719691768
-0.421149004348821	0.732433051041428	0.146486610208286
-1.82192721446555	1.22377355611505	-0.711070420386053
-2.87479972533761	-0.265506981002518	-0.76600289921416
-4.32135500114443	0.268558785381857	-2.28885328450446
-5.81368734264134	-2.14541847867552	-2.45975432974746
-6.28671702143893	-0.888075074387732	-2.31326771953918
-5.82589456015869	-0.494392309452964	-2.60624093995575
-5.06599526970321	-1.68764782177462	-1.6235599298085
-5.6092164492256	-2.96635385671778	-1.20546272983902
-3.11894407568475	-3.12809948882277	-1.42519264515145
-3.16472114137484	-4.12909132524605	-0.72327763790341
-0.820935378042267	-3.20744640268559	-0.0732433051041428
0.543221179522393	-2.65506981002518	0.0183108262760357
1.62661173418784	-2.10574502174411	0.268558785381857
2.38651102464332	-1.18410009918364	-1.10170138094148
3.19829098954757	-0.631723506523232	-1.53200579842832
2.93888761730373	-1.7242694743267	-2.36820019836728
3.85748073548486	-1.27870603494316	-2.43839169909209
2.6337071793698	-1.54726482032502	-2.16372930495155
1.15968566414893	-2.40177004654002	-1.02235446707866
0.405889982452125	-2.06301976043336	-0.347905699244678
-0.0274662394140536	-1.30922407873655	0.488288700694285
-3.39971007858396	-0.561532005798428	0.64087891966125
-4.40070191500725	-1.03761348897536	0.610360875867857
-3.40581368734264	0.762951094834821	1.51674677653162
-2.95414663920043	1.68154421301595	2.54215304798962
-3.49736781872282	0.50965133134966	1.83718623636225
-2.58487830930037	2.24917982757305	3.42107270923934
-3.06706340123598	1.05287251087205	1.59914549477379
-3.87273975738155	-0.268558785381857	0.521858548867018
-5.92355230029755	-3.26848249027237	-2.24002441443503
-6.55222400244144	-5.0110627908751	-4.95918211642634
-6.24093995574884	-6.53391317616541	-5.43221179522393
-5.59090562294957	-7.02525368123903	-6.50644693675135
-4.79133287556268	-7.52269779507134	-6.43625543602655
-2.43228809033341	-4.7699702449073	-4.98359655146105
2.69169146257725	-2.26749065384909	-2.01724269474327
4.98970016021973	0.177004654001679	-1.34584573128862
9.17067215991455	3.4882124055848	-0.286869611657893
10.4188601510643	4.86457618066682	0.131227588311589
9.93362325474937	4.85236896314946	-0.796520943007553
8.92957961394675	4.47699702449073	-0.488288700694285
6.08834973678187	1.9501029983978	-0.787365529869535
3.64080262455177	0.949111161974517	0.454718852521553
2.35294117647059	0.622568093385214	1.49843595025559
0.875867856870375	1.14747844663157	2.14236667429618
1.66628519111925	1.70290684367132	3.17387655451286
0.292973220416571	1.08949416342412	2.77409018081941
-0.912489509422446	1.89211871519036	2.63981078812848
-2.20950637064164	1.71206225680934	3.82085908293278
-3.35698481727321	1.62050812542916	3.41802090486
-5.75265125505455	1.81277180132753	1.53200579842832
-6.8055237659266	0.390630960555428	0.985732814526589
-7.519645990692	-0.845349813076982	-0.741588464179446
-8.55115587090867	-3.89105058365759	-3.89410238803693
-9.43007553215839	-5.30708781567102	-4.03143358510719
-9.52468146791791	-8.55725947966735	-4.69367513542382
-11.0719462882429	-8.886854352636	-5.56038757915618
-6.58579385061418	-8.1177996490425	-4.04974441138323
-3.46379797055009	-7.30907148851759	-4.18097199969482
-1.57167925535973	-5.04463263904784	-2.39871824216068
0.80872816052491	-2.51773861295491	-1.32753490501259
4.62043183031968	0.930800335698482	-0.271610589761196
6.16769665064469	2.51773861295491	0.411993591210803
8.57557030594339	3.17998016327153	1.37331197070268
10.2113374532692	4.02532997634852	2.87479972533761
12.0790417334249	5.50545510032807	4.20843823910887
11.3282978561074	5.93270771343557	4.79133287556268
8.56641489280537	5.07515068284123	4.55634393835355
4.75776302738994	4.19012741283284	3.81780727855344
1.41298542763409	3.64080262455177	3.10978866254673
-1.14442664225223	1.24818799114977	4.36713206683452
-3.61943999389639	0.00915541313801785	4.55634393835355
-4.12603952086671	-0.259403372243839	3.59197375448234
-6.01205462729839	-0.790417334248875	3.18608377203021
-5.73128862439918	-1.03150988021668	1.94705119401846
-5.45662623025864	0.167849240863661	0.198367284657053
-4.08026245517662	-0.845349813076982	-0.0854505226215
-5.74349584191653	-2.90836957351034	-1.5533684290837
-5.92355230029755	-4.35492484931716	-3.70183871213855
-5.64583810177768	-6.10666056305791	-4.63263904783703
-6.20431830319677	-6.61936369878691	-3.81170366979477
-6.7200732433051	-8.33142595559625	-5.13618677042802
-6.47592889295796	-8.50537880521859	-4.66620889600977
-4.62043183031968	-8.30395971618219	-3.57976653696498
-2.55130846112764	-7.01915007248035	-1.27870603494316
0.497444113832303	-6.89707789730678	-1.78530556191348
2.18509193560693	-4.99885557335775	-1.36110475318532
5.71297779812314	-3.40581368734264	-0.503547722590982
7.23582818341344	-2.7496757457847	-0.476081483176928
9.37819485770962	-2.15457389181353	-0.677500572213321
11.7219806210422	-1.25123979552911	0.527962157625696
12.0943007553216	-1.06202792401007	0.76600289921416
11.3130388342107	0.445563439383536	1.26955062180514
8.54505226215	0.5981536583505	1.196307316701
4.8706797894255	0.558480201419089	1.27260242618448
2.5787747005417	-0.488288700694285	1.07118333714809
0.234988937209125	-0.231937132829786	1.17799649042496
-0.210574502174411	0.445563439383536	0.817883573662928
-0.973525597009232	1.4373998626688	1.44350347142748
-2.02639810788128	0.277714198519875	0.997940032043946
-3.03654535744259	-1.19325551232166	1.44655527580682
-6.67429617761502	-3.24101625085832	-1.26344701304646
-7.50133516441596	-6.45456626230259	-3.56145571068894
-10.1930266269932	-9.55214770733196	-4.64789806973373
-10.3883421072709	-10.2143892576486	-5.88693064774548
-11.0048065918975	-11.4381628137636	-6.95201037613489
-10.8094911116197	-13.3028152895399	-6.18905928130007
-9.01503013656825	-12.9060807202258	-5.51766231784543
-9.81765468833448	-14.4899671931029	-5.2826733806363
-7.80956740672923	-12.8694590676738	-4.69062333104448
-6.61936369878691	-10.9895475700008	-4.42206454566262
-5.40779736018921	-8.64271000228885	-2.91752498664836
-4.101625085832	-7.99877927824826	-2.56046387426566
-2.03860532539864	-6.51865415426871	-1.69680323491264
0.485236896314946	-6.48203250171664	-1.72121766994736
2.7191577019913	-4.36408026245518	-2.76188296330205
3.55535210193027	-4.0009155413138	-1.65407797360189
4.33661402304112	-3.17082475013352	-1.10170138094148
4.30609597924773	-2.81681544213016	-0.656137941557946
2.43533989471275	-0.253299763485161	-0.762951094834821
1.40077821011673	-1.98367284657053	-1.1810482948043
-1.89822232394903	-2.67948424505989	-1.4679179064622
-4.36713206683452	-3.07011520561532	-2.07217517357137
-5.05989166094453	-3.076218814374	-1.14442664225223
-6.24093995574884	-2.42618448157473	-2.13015945677882
-5.80758373388266	-1.9653620202945	-1.08644235904479
-4.22064545662623	-0.579842832074464	0.0366216525520714
-3.11894407568475	-0.186160067139696	0.0579842832074464
-2.56046387426566	0.0762951094834821	0.817883573662928
-2.56961928740368	0.537117570763714	1.99282825970855
-2.77714198519875	-1.10475318532082	1.76394293125811
-4.13519493400473	-2.69779507133593	0.961318379491875
-5.16670481422141	-5.2826733806363	-0.695811398489357
-5.16975661860075	-7.96826123445487	-2.392614633402
-4.65094987411307	-8.28564888990616	-3.88189517051957
-3.73846036469062	-8.4290836957351	-3.02738994430457
-1.65712977798123	-6.68345159075303	-1.5533684290837
1.31532768749523	-4.78828107118334	-0.433356221866178
2.59403372243839	-4.16876478217746	0.451667048142214
2.25833524071107	-2.29495689326314	0.488288700694285
2.07522697795071	-1.40688181887541	0.137331197070268
1.59914549477379	-1.86770428015564	-1.22377355611505
-0.784313725490196	-2.38345922026398	-2.28274967574578
-2.06301976043336	-4.25421530479896	-4.3274586099031
-1.88601510643168	-7.348744945449	-5.90829327840085
-3.71709773403525	-8.5145342183566	-7.00999465934234
-2.60624093995575	-8.70984969863432	-6.52170595864805
-1.30312046997787	-8.40161745632105	-5.23689631494621
-1.39162279697871	-7.11070420386053	-3.83611810482948
-0.12817578393225	-6.23483634699016	-2.45975432974746
0.592050049591821	-6.8207827878233	-1.83413443198291
-0.622568093385214	-5.62142366674296	-1.80361638818952
0.180056458381018	-4.8554207675288	-0.100709544518196
0.100709544518196	-4.63263904783703	-0.0823987182421607
1.29091325246052	-3.32646677347982	0.305180437933928
1.84328984512093	-1.29396505683986	-0.112916762035554
2.00503547722591	0.390630960555428	-0.729381246662089
1.83108262760357	1.80056458381018	-2.91447318226902
3.37529564354925	3.29900053406577	-1.67544060425727
2.25223163195239	4.78828107118334	-1.26344701304646
1.50148775463493	5.46272983901732	-1.83718623636225
-0.305180437933928	4.47394522011139	0.00305180437933928
-0.656137941557946	3.81170366979477	0.753795681696803
-1.28480964370184	3.56755931944762	-0.311284046692607
-1.3824673838407	2.75883115892271	0.491340505073625
-0.253299763485161	0.72327763790341	-1.12306401159686
-0.0732433051041428	0.665293354695964	-1.49538414587625
1.17799649042496	0.311284046692607	-2.51163500419623
0.5981536583505	-1.33363851377127	-3.45769436179141
-3.02128633554589	-2.04776073853666	-3.93682764934768
-3.45464255741207	-3.03044174868391	-3.04875257495994
-4.25421530479896	-2.97856107423514	-2.71305409323262
-4.85847257190814	-3.18608377203021	-1.8646524757763
-3.58587014572366	-4.46784161135271	-0.854505226215
-1.00099183642329	-2.97856107423514	0.80872816052491
1.1108567940795	-3.1464103150988	0.296025024795911
2.44754711223011	-3.79644464789807	1.65102616922255
2.57267109178302	-4.24811169604028	0.909437705043107
4.4281681544213	-4.37323567559319	-0.701915007248035
5.63363088426032	-3.62859540703441	0.466926070038911
2.42313267719539	-3.71709773403525	-1.84634164950027
1.68459601739528	-4.07415884641794	-1.4526588845655
2.33768215457389	-2.2919050888838	-0.799572747386893
-1.58388647287709	-2.56046387426566	-1.30006866559854
-3.47600518806744	-1.87075608453498	-0.833142595559625
-2.66727702754253	-2.54520485236896	-1.48622873273823
-3.44853894865339	-0.656137941557946	-2.14236667429618
-3.91851682307164	-1.3824673838407	-2.08133058670939
-3.54314488441291	-0.711070420386053	-2.34073395895323
-2.47501335164416	0.378423743038071	-1.64797436484321
-2.78324559395743	0.634775310902571	-0.750743877317464
-3.50957503624018	1.04982070649271	-2.27664606698711
-2.33463035019455	1.66628519111925	-2.92362859540703
-3.61333638513771	0.402838178072786	-4.31525139238575
-2.72220950637064	0.2563515678645	-2.93888761730373
-2.41702906843671	-0.76600289921416	-3.42107270923934
-2.41397726405737	-0.686655985351339	-1.20546272983902
-1.27260242618448	-1.52895399404898	-1.30617227435721
0.195315480277714	-0.12817578393225	-0.549324788281071
2.04165712977798	-0.668345159075303	-0.857557030594339
4.19317921721218	-0.561532005798428	-0.476081483176928
5.18806744487678	0.314335851071946	-1.03150988021668
4.8706797894255	-0.732433051041428	-2.11490043488212
1.55947203784237	-1.4679179064622	-3.41191729610132
-0.625619897764553	-2.79850461585412	-3.85442893110552
-1.65712977798123	-3.45464255741207	-4.06500343327993
-3.25322346837568	-3.52483405813687	-3.07011520561532
-4.04974441138323	-4.04974441138323	-3.65606164644846
-5.32234683756771	-3.5736629282063	-4.12909132524605
-5.23384451056687	-3.67742427710384	-3.759822995346
-5.24299992370489	-2.58793011367971	-4.98359655146105
-6.55527580682078	-1.90737773708705	-5.02937361715114
-5.84115358205539	-2.44144350347143	-4.96528572518502
-4.04974441138323	-1.75783932249943	-4.35492484931716
-3.11589227130541	-0.964370183871214	-4.03753719386587
-2.04165712977798	-1.4373998626688	-4.79743648432135
-2.75577935454337	-2.62760357061112	-3.70183871213855
-4.2572671091783	-1.12306401159686	-4.86457618066682
-3.24101625085832	-1.35805294880598	-3.82391088731212
-3.35088120851453	0.0457770656900893	-1.22377355611505
-4.10772869459068	0.497444113832303	-0.744640268558785
-2.050812542916	1.07423514152743	-0.442511635004196
0.912489509422446	2.27664606698711	0.308232242313268
1.01625085831998	2.09964141298543	0.216678110933089
2.48722056916152	2.69474326695659	-0.225833524071107
2.73746852826734	3.23491264209964	1.16578927290761
2.63675898374914	3.34477759975586	3.6743724727245
1.52895399404898	3.57976653696498	4.64179446097505
-1.20851453421836	3.76592660410468	5.13008316166934
0.308232242313268	4.92256046387427	7.0923933775845
-2.50247959105821	4.28778515297169	4.23590447852293
-3.64690623331044	4.09552147707332	4.29999237048905
-1.99282825970855	2.20950637064164	3.45464255741207
-3.34477759975586	0.692759594110018	0.665293354695964
-4.06195162890059	-0.418097199969482	-1.41298542763409
-5.14839398794537	-2.52994583047227	-3.84832532234684
-5.94186312657359	-2.26138704509041	-4.04974441138323
-4.90424963759823	-2.73136491950866	-4.62043183031968
-4.55024032959487	-3.00907911802853	-5.21858548867018
-3.65300984206912	-3.53704127565423	-4.90730144197757
-4.09857328145266	-4.32440680552377	-4.45868619821469
-2.92668039978637	-4.47699702449073	-4.08331425955596
-1.32143129625391	-4.65705348287175	-4.34882124055848
-0.946059357595178	-4.07721065079728	-3.3325703822385
-1.44655527580682	-3.34477759975586	-2.75577935454337
0.201419089036393	-4.25116350041962	-3.05790798809796
-1.15053025101091	-3.86053253986419	-3.05180437933928
-0.820935378042267	-2.16983291371023	-3.076218814374
-1.3519493400473	-2.53299763485161	-2.01419089036393
-1.3519493400473	-1.28786144808118	-0.863660639353018
-0.442511635004196	-0.970473792629892	-0.0305180437933928
-0.485236896314946	-1.04371709773404	0.762951094834821
-2.04165712977798	-0.579842832074464	1.18715190356298
-1.86770428015564	-0.881971465629053	0.80872816052491
-4.05889982452125	-1.50148775463493	-0.378423743038071
-3.80254825665675	-1.14747844663157	0.704966811627375
-3.80254825665675	-0.146486610208286	-0.0854505226215
-6.28061341268025	-1.47096971084154	-1.88296330205234
-4.80659189745937	-0.219729915312428	-1.66933699549859
-3.30815594720378	-0.149538414587625	0.402838178072786
-4.50446326390478	-1.12306401159686	-0.72327763790341
-3.64995803768978	-0.967421988250553	0.354009308003357
-3.35088120851453	-2.76798657206073	0.720225833524071
-1.26955062180514	-3.15861753261616	1.25429159990845
-0.0244144350347143	-2.95719844357977	2.26749065384909
1.61745632104982	-1.5228503852903	2.08743419546807
4.15350576028077	0.00915541313801785	4.93171587701228
6.37521934843977	0.653086137178607	5.97238117036698
5.27046616311894	2.17898832684825	6.24399176012818
7.69665064469368	3.79644464789807	6.9214923323415
7.11375600823987	4.82185091935607	7.55931944762341
7.18089570458534	5.05378805218585	8.57251850156405
6.9214923323415	7.49828336003662	9.81460288395514
6.90318150606546	7.43114366369116	10.3944457160296
6.42404821850919	6.68039978637369	10.0495918211643
4.97749294270237	5.87777523460746	9.68642710002289
3.37834744792859	5.3528648813611	9.7261005569543
4.19317921721218	5.66109712367437	10.0465400167849
4.74860761425193	6.82383459220264	9.75356679636835
7.29991607537957	8.70679789425498	10.3059433890288
6.323338673991	9.52773327229725	11.2703135729
9.17372396429389	10.4859998474098	12.1004043640803
8.78004119935912	8.67627985046158	10.928511482414
8.27038986800946	7.58068207827878	9.95803768978408
9.32021057450218	6.68345159075303	10.4829480430304
10.110627908751	3.62859540703441	9.7261005569543
11.1329823758297	3.21049820706493	9.80544747081712
12.0668345159075	1.40383001449607	9.29579613946746
11.944762340734	0.85145342183566	9.53688868543526
13.9131761654078	0.946059357595178	8.8014038300145
15.2742809185931	3.53704127565423	10.9712367437247
15.5306324864576	6.31723506523232	11.9691767757687
16.5407797360189	8.00793469138628	13.4126802471962
16.2569619287404	7.87060349431601	15.4695963988708
14.2854962996872	7.40062561989776	15.1094834821088
11.468680857557	6.32028686961166	13.3272297245747
8.67322804608225	3.82696269169146	10.4402227817197
7.38231479362173	3.13725490196078	10.5439841306172
6.0669871061265	3.78423743038071	8.64881361104753
7.07103074692912	4.16876478217746	7.55016403448539
6.61631189440757	4.57465476462959	9.3141069657435
5.90524147402152	4.57770656900893	8.46265354390784
5.5237659266041	3.59502555886168	8.09948882276646
6.2378881513695	3.44853894865339	8.70374608987564
3.96429388876173	3.17387655451286	8.27954528114748
3.39055466544594	1.38551918822004	6.36911573968109
4.37933928435187	1.6937514305333	5.83504997329671
3.98260471503777	0.585946440833143	4.84321355001144
4.58991378652628	-0.872816052491035	4.06805523765927
4.44647898069734	-0.579842832074464	2.97856107423514
5.87777523460746	0.415045395590143	3.32951857785916
7.67223620965896	-0.0579842832074464	3.37224383916991
7.37621118486305	2.7191577019913	4.8401617456321
6.27145799954223	3.52178225375753	2.98466468299382
5.76485847257191	3.759822995346	2.76188296330205
4.33661402304112	3.90936140993362	3.97039749752041
1.67849240863661	3.57061112382696	4.614328221561
1.10170138094148	3.55230029755093	5.45662623025864
0.250247959105821	3.12809948882277	6.10971236743725
-0.448615243762875	4.30609597924773	6.62851911192493
-0.430304417486839	4.01007095445182	5.29182879377432
-2.34683756771191	3.92767223620966	4.24200808728161
-1.40077821011673	4.76081483176928	4.01312275883116
-1.53200579842832	3.45769436179141	3.15556572823682
-3.20439459830625	2.09658960860609	3.23796444647898
-3.45159075303273	1.0101472495613	1.65712977798123
-4.33661402304112	-0.189211871519036	-0.915541313801785
-5.67940794995041	-0.4272526131075	-1.61745632104982
-5.72213321126116	-1.40993362325475	-3.31425955596246
-5.1117723353933	-1.31532768749523	-2.01724269474327
-3.44548714427405	-0.500495918211643	-1.9501029983978
-1.01319905394064	1.34889753566796	-1.88296330205234
