-0.170940170940171	0.170940170940171	2.44200244200244
-1.58730158730159	-1.07448107448107	0.976800976800977
1.70940170940171	1.39194139194139	3.46764346764347
5.37240537240537	5.59218559218559	8.54700854700855
6.12942612942613	6.64224664224664	11.6483516483516
7.13064713064713	7.47252747252747	13.040293040293
9.05982905982906	9.52380952380952	13.3333333333333
9.13308913308913	7.3015873015873	10.5738705738706
10.4273504273504	6.69108669108669	7.03296703296703
11.1599511599512	7.05738705738706	8.05860805860806
11.9413919413919	7.42368742368742	8.03418803418803
12.967032967033	8.32722832722833	9.37728937728938
12.2100122100122	7.61904761904762	9.91452991452991
11.5750915750916	7.66788766788767	9.54822954822955
8.35164835164835	6.78876678876679	9.64590964590965
6.91086691086691	6.83760683760684	8.2051282051282
5.03052503052503	4.98168498168498	6.59340659340659
-0.122100122100122	2.05128205128205	4.71306471306471
-2.88156288156288	-0.366300366300366	1.9047619047619
-0.927960927960928	-1.63614163614164	1.41636141636142
-0.976800976800977	-2.07570207570208	-1.14774114774115
-1.1965811965812	-2.22222222222222	-2.1978021978022
-1.73382173382173	-2.53968253968254	-2.002442002442
-1.63614163614164	-2.27106227106227	-3.98046398046398
-3.07692307692308	-3.003663003663	-4.24908424908425
-5.51892551892552	-5.34798534798535	-6.27594627594628
-4.63980463980464	-4.85958485958486	-3.05250305250305
-2.002442002442	-3.95604395604396	-1.95360195360195
-3.83394383394383	-4.46886446886447	-0.854700854700855
-2.1978021978022	-3.46764346764347	-1.0989010989011
-2.05128205128205	-2.31990231990232	-0.0244200244200244
1.05006105006105	-0.293040293040293	-0.415140415140415
1.1965811965812	1.14774114774115	0.390720390720391
2.71062271062271	1.80708180708181	-1.14774114774115
4.24908424908425	2.22222222222222	-0.0732600732600733
4.12698412698413	2.90598290598291	-0.0732600732600733
4.90842490842491	3.05250305250305	0.21978021978022
4.004884004884	3.12576312576313	1.07448107448107
4.81074481074481	1.31868131868132	1.22100122100122
8.88888888888889	3.34554334554335	4.90842490842491
8.3028083028083	2.88156288156288	4.51770451770452
9.37728937728938	3.39438339438339	5.12820512820513
7.32600732600733	3.36996336996337	4.37118437118437
6.15384615384615	4.2002442002442	5.71428571428571
0.683760683760684	0.659340659340659	1.78266178266178
1.14774114774115	2.41758241758242	5.32356532356532
-0.512820512820513	2.05128205128205	5.2991452991453
-0.0732600732600733	1.75824175824176	4.78632478632479
-0.463980463980464	1.75824175824176	3.73626373626374
0.659340659340659	2.85714285714286	5.00610500610501
0.537240537240537	3.73626373626374	3.1990231990232
-0.610500610500611	2.75946275946276	1.61172161172161
-0.634920634920635	3.44322344322344	3.34554334554335
0.83028083028083	2.2954822954823	1.58730158730159
0.781440781440781	0.561660561660562	1.61172161172161
1.9047619047619	-1.001221001221	1.34310134310134
1.24542124542125	-1.44078144078144	4.17582417582418
3.93162393162393	-2.51526251526252	3.68742368742369
3.95604395604396	-3.24786324786325	3.54090354090354
2.58852258852259	-5.15262515262515	3.36996336996337
2.27106227106227	-6.00732600732601	0.341880341880342
5.66544566544567	-3.80952380952381	-0.0488400488400488
2.95482295482295	-5.47008547008547	-2.88156288156288
0.561660561660562	-6.37362637362637	-3.54090354090354
-1.24542124542125	-8.2051282051282	-4.93284493284493
-5.05494505494505	-10.03663003663	-5.03052503052503
-7.83882783882784	-11.6727716727717	-7.13064713064713
-7.91208791208791	-10.8424908424908	-5.71428571428571
-8.10744810744811	-9.35286935286935	-5.3968253968254
-6.32478632478632	-6.27594627594628	-3.46764346764347
-3.49206349206349	-2.24664224664225	-2.80830280830281
-4.95726495726496	-2.49084249084249	-2.71062271062271
-3.003663003663	0.43956043956044	-0.293040293040293
-0.586080586080586	2.80830280830281	-4.004884004884
-0.21978021978022	3.2967032967033	-3.85836385836386
3.80952380952381	7.37484737484737	-1.48962148962149
3.80952380952381	7.88766788766789	-1.58730158730159
3.90720390720391	7.71672771672772	-1.73382173382173
4.004884004884	7.74114774114774	-2.73504273504274
1.05006105006105	5.59218559218559	-5.17704517704518
2.22222222222222	6.25152625152625	-3.63858363858364
1.001221001221	5.34798534798535	-5.59218559218559
-1.95360195360195	3.1013431013431	-6.37362637362637
-1.88034188034188	1.75824175824176	-5.07936507936508
-0.317460317460317	1.63614163614164	-3.34554334554335
-1.56288156288156	0.390720390720391	-4.56654456654457
-1.9047619047619	-0.0976800976800977	-5.54334554334554
-3.90720390720391	-0.293040293040293	-5.34798534798535
-3.12576312576313	0.0976800976800977	-5.68986568986569
-6.76434676434676	-2.97924297924298	-8.27838827838828
-8.00976800976801	-2.90598290598291	-9.91452991452991
-9.71916971916972	-5.34798534798535	-11.7216117216117
-9.81684981684982	-6.3980463980464	-13.1379731379731
-9.08424908424908	-6.44688644688645	-12.8449328449328
-10.5494505494505	-8.00976800976801	-13.7484737484737
-9.84126984126984	-8.4004884004884	-14.5299145299145
-10.8424908424908	-9.76800976800977	-15.2869352869353
-10.0854700854701	-9.37728937728938	-14.5787545787546
-8.79120879120879	-6.44688644688645	-12.0879120879121
-7.22832722832723	-5.90964590964591	-9.67032967032967
-6.08058608058608	-5.03052503052503	-8.69352869352869
-6.73992673992674	-5.86080586080586	-8.08302808302808
-7.3015873015873	-6.47130647130647	-6.69108669108669
-2.22222222222222	-3.90720390720391	-4.3956043956044
-2.22222222222222	-4.78632478632479	-6.3980463980464
-1.41636141636142	-2.73504273504274	-3.95604395604396
1.44078144078144	1.24542124542125	-1.001221001221
2.93040293040293	0.879120879120879	-2.39316239316239
-1.68498168498168	0.366300366300366	-2.90598290598291
-2.73504273504274	-0.952380952380952	-2.75946275946276
-2.73504273504274	-0.488400488400488	-3.51648351648352
-3.85836385836386	-0.854700854700855	-4.42002442002442
-3.2967032967033	-0.683760683760684	-3.36996336996337
-3.80952380952381	0.781440781440781	-1.05006105006105
-3.76068376068376	0.341880341880342	-3.2967032967033
0.0244200244200244	3.76068376068376	1.46520146520147
0.757020757020757	6.64224664224664	3.95604395604396
0.83028083028083	7.05738705738706	4.59096459096459
2.73504273504274	7.03296703296703	3.58974358974359
1.31868131868132	4.66422466422466	2.1978021978022
-1.44078144078144	1.34310134310134	-2.14896214896215
-1.58730158730159	0.146520146520147	-3.88278388278388
-1.68498168498168	-0.805860805860806	-3.71184371184371
-1.24542124542125	-1.34310134310134	-5.78754578754579
-0.463980463980464	0.0244200244200244	-5.07936507936508
1.75824175824176	1.44078144078144	-2.17338217338217
1.0989010989011	1.85592185592186	-3.07692307692308
2.66178266178266	2.1978021978022	-2.34432234432234
3.63858363858364	3.93162393162393	0.757020757020757
2.24664224664225	4.54212454212454	2.14896214896215
1.41636141636142	3.71184371184371	1.73382173382173
0.805860805860806	2.95482295482295	0.390720390720391
-1.53846153846154	2.44200244200244	2.41758241758242
-1.80708180708181	2.63736263736264	2.07570207570208
-2.58852258852259	1.92918192918193	3.58974358974359
-5.47008547008547	0.390720390720391	4.17582417582418
-5.17704517704518	0.463980463980464	4.32234432234432
-7.32600732600733	-1.1965811965812	5.27472527472527
-4.59096459096459	0.390720390720391	5.00610500610501
-1.92918192918193	1.80708180708181	3.93162393162393
-0.903540903540904	2.61294261294261	3.93162393162393
3.27228327228327	3.68742368742369	3.78510378510378
4.07814407814408	2.97924297924298	0.757020757020757
3.46764346764347	3.61416361416361	1.66056166056166
3.36996336996337	0.341880341880342	-1.48962148962149
4.51770451770452	1.85592185592186	0.634920634920635
4.37118437118437	3.17460317460317	3.27228327228327
4.07814407814408	2.02686202686203	0.683760683760684
4.73748473748474	1.80708180708181	2.14896214896215
5.93406593406593	1.48962148962149	2.1978021978022
4.68864468864469	2.31990231990232	3.07692307692308
3.76068376068376	0.146520146520147	1.78266178266178
1.66056166056166	-0.927960927960928	2.46642246642247
0.732600732600733	-2.07570207570208	3.05250305250305
1.61172161172161	-2.85714285714286	1.58730158730159
-1.26984126984127	-4.76190476190476	1.41636141636142
-3.24786324786325	-5.59218559218559	2.83272283272283
-3.39438339438339	-6.42246642246642	1.88034188034188
-2.27106227106227	-3.63858363858364	5.54334554334554
-2.39316239316239	-3.66300366300366	5.54334554334554
-1.0989010989011	-2.63736263736264	6.15384615384615
0.732600732600733	-0.43956043956044	6.93528693528694
1.14774114774115	0.146520146520147	7.25274725274725
-0.0732600732600733	-2.1001221001221	6.52014652014652
2.1978021978022	-1.63614163614164	5.2014652014652
1.68498168498168	-1.36752136752137	4.63980463980464
4.004884004884	0.976800976800977	6.27594627594628
4.2979242979243	1.73382173382173	4.54212454212454
6.76434676434676	4.81074481074481	4.68864468864469
5.42124542124542	4.88400488400488	2.78388278388278
4.85958485958486	5.61660561660562	2.83272283272283
4.59096459096459	6.95970695970696	3.34554334554335
8.10744810744811	9.27960927960928	5.15262515262515
6.64224664224664	7.96092796092796	2.97924297924298
7.2039072039072	9.03540903540904	1.51404151404151
9.84126984126984	9.62148962148962	3.66300366300366
5.42124542124542	6.95970695970696	-0.610500610500611
5.83638583638584	6.4957264957265	-0.415140415140415
4.27350427350427	4.22466422466422	-1.17216117216117
1.92918192918193	2.1001221001221	-2.61294261294261
-1.83150183150183	-0.268620268620269	-3.76068376068376
1.0989010989011	-0.634920634920635	-4.88400488400488
0.146520146520147	-3.1990231990232	-6.00732600732601
-2.44200244200244	-3.83394383394383	-3.63858363858364
-2.44200244200244	-4.49328449328449	-3.39438339438339
-3.02808302808303	-6.00732600732601	-3.22344322344322
-3.90720390720391	-6.12942612942613	-4.2002442002442
-5.56776556776557	-6.88644688644689	-7.44810744810745
-6.17826617826618	-7.4969474969475	-7.66788766788767
-4.07814407814408	-6.05616605616606	-7.71672771672772
-4.56654456654457	-4.73748473748474	-6.25152625152625
-4.63980463980464	-4.83516483516483	-5.54334554334554
-2.71062271062271	-2.61294261294261	-4.1025641025641
-2.61294261294261	-2.95482295482295	-3.63858363858364
-1.44078144078144	-2.80830280830281	-3.80952380952381
-1.1965811965812	-1.58730158730159	-1.73382173382173
0.268620268620269	0.170940170940171	0.43956043956044
-2.07570207570208	-0.83028083028083	1.05006105006105
-4.68864468864469	-3.44322344322344	0.463980463980464
-5.2991452991453	-3.22344322344322	0.512820512820513
-4.85958485958486	-3.76068376068376	-2.56410256410256
-0.732600732600733	-1.63614163614164	0.0244200244200244
-0.0488400488400488	0.0488400488400488	-0.512820512820513
2.07570207570208	1.9047619047619	-0.488400488400488
4.32234432234432	3.71184371184371	1.14774114774115
3.32112332112332	3.56532356532357	2.39316239316239
0.488400488400488	2.05128205128205	2.39316239316239
2.44200244200244	3.2967032967033	2.12454212454212
6.81318681318681	7.91208791208791	6.00732600732601
7.15506715506716	11.2576312576313	8.4004884004884
6.95970695970696	12.5763125763126	7.81440781440781
11.2332112332112	15.4822954822955	10.9401709401709
8.2051282051282	15.4578754578755	10.5494505494505
9.71916971916972	15.9218559218559	10.1098901098901
10.2808302808303	14.7008547008547	11.990231990232
10.4517704517705	14.4322344322344	10.4273504273504
11.8925518925519	15.6532356532357	10.2808302808303
11.7948717948718	14.8229548229548	8.44932844932845
9.4993894993895	11.5995115995116	5.42124542124542
7.10622710622711	9.93894993894994	3.24786324786325
5.93406593406593	8.42490842490843	2.39316239316239
1.61172161172161	4.95726495726496	1.63614163614164
0.610500610500611	2.68620268620269	0.488400488400488
-1.001221001221	-0.0244200244200244	-0.659340659340659
-4.05372405372405	-3.22344322344322	-1.36752136752137
-2.1978021978022	-3.34554334554335	0.879120879120879
-2.53968253968254	-5.05494505494505	-0.244200244200244
0.122100122100122	-4.2979242979243	0.537240537240537
-1.53846153846154	-3.63858363858364	1.85592185592186
-2.05128205128205	-4.2002442002442	0.415140415140415
-1.95360195360195	-4.17582417582418	-1.83150183150183
-0.0488400488400488	-2.66178266178266	-0.488400488400488
-1.41636141636142	-1.80708180708181	0.146520146520147
0.586080586080586	0.366300366300366	0.586080586080586
1.83150183150183	2.002442002442	-0.195360195360195
0.634920634920635	3.34554334554335	-1.31868131868132
4.1025641025641	6.56898656898657	1.73382173382173
1.80708180708181	6.54456654456654	1.0989010989011
5.90964590964591	8.05860805860806	2.1978021978022
10.1831501831502	11.1599511599512	4.49328449328449
9.52380952380952	10.9157509157509	5.22588522588523
9.20634920634921	11.1111111111111	5.42124542124542
8.64468864468864	11.1843711843712	5.44566544566545
7.88766788766789	10.3785103785104	5.98290598290598
4.02930402930403	7.59462759462759	1.66056166056166
3.15018315018315	7.61904761904762	1.39194139194139
1.92918192918193	7.54578754578755	2.22222222222222
0.561660561660562	7.15506715506716	2.1001221001221
0.512820512820513	7.61904761904762	5.03052503052503
0.879120879120879	7.66788766788767	5.98290598290598
2.1978021978022	7.93650793650794	7.37484737484737
3.1013431013431	7.64346764346764	7.00854700854701
3.02808302808303	7.27716727716728	5.90964590964591
2.46642246642247	5.78754578754579	5.34798534798535
3.07692307692308	5.3968253968254	4.54212454212454
2.49084249084249	5.3968253968254	3.49206349206349
2.71062271062271	5.98290598290598	3.1013431013431
4.07814407814408	5.90964590964591	2.39316239316239
3.54090354090354	5.44566544566545	1.61172161172161
3.12576312576313	4.78632478632479	0.781440781440781
4.78632478632479	4.85958485958486	1.29426129426129
3.88278388278388	4.49328449328449	1.61172161172161
4.22466422466422	5.34798534798535	4.3956043956044
6.42246642246642	7.44810744810745	5.47008547008547
4.49328449328449	5.78754578754579	3.76068376068376
3.15018315018315	5.15262515262515	3.93162393162393
2.78388278388278	5.03052503052503	1.70940170940171
4.59096459096459	6.2026862026862	2.2954822954823
4.22466422466422	4.61538461538461	-0.317460317460317
2.83272283272283	3.68742368742369	0.781440781440781
0.83028083028083	2.80830280830281	0.195360195360195
2.85714285714286	2.27106227106227	0.683760683760684
0.952380952380952	-0.341880341880342	-0.512820512820513
-0.537240537240537	-1.48962148962149	-2.1001221001221
-0.512820512820513	-1.80708180708181	-3.2967032967033
-1.46520146520147	-4.1025641025641	-4.66422466422466
-2.97924297924298	-5.03052503052503	-4.34676434676435
-3.85836385836386	-5.90964590964591	-6.03174603174603
-1.68498168498168	-3.003663003663	-4.1025641025641
1.97802197802198	2.31990231990232	0.463980463980464
1.39194139194139	2.02686202686203	-0.927960927960928
2.46642246642247	4.1025641025641	1.46520146520147
2.12454212454212	5.25030525030525	3.76068376068376
-3.95604395604396	1.58730158730159	3.22344322344322
-3.66300366300366	2.14896214896215	4.68864468864469
-2.80830280830281	3.85836385836386	6.81318681318681
-4.90842490842491	2.71062271062271	4.44444444444444
-8.22954822954823	0.659340659340659	3.003663003663
-8.32722832722833	-0.757020757020757	0.561660561660562
-8.62026862026862	-1.51404151404151	-2.05128205128205
-8.03418803418803	-1.80708180708181	-3.15018315018315
-8.42490842490843	-2.51526251526252	-5.71428571428571
-3.58974358974359	-1.22100122100122	-6.03174603174603
-1.39194139194139	-0.927960927960928	-6.44688644688645
-2.002442002442	-2.27106227106227	-5.73870573870574
-3.83394383394383	-3.83394383394383	-5.12820512820513
-4.44444444444444	-5.03052503052503	-5.49450549450549
-5.12820512820513	-4.56654456654457	-5.56776556776557
-4.42002442002442	-2.78388278388278	-2.2954822954823
-0.781440781440781	-0.708180708180708	1.56288156288156
3.22344322344322	0.586080586080586	-0.0244200244200244
4.88400488400488	3.05250305250305	4.004884004884
5.59218559218559	4.90842490842491	3.49206349206349
9.05982905982906	7.25274725274725	3.2967032967033
4.81074481074481	6.17826617826618	0.757020757020757
5.15262515262515	6.05616605616606	0.903540903540904
4.73748473748474	6.32478632478632	1.46520146520147
1.53846153846154	2.63736263736264	-0.512820512820513
-2.46642246642247	0	-1.68498168498168
-1.97802197802198	1.02564102564103	-0.415140415140415
-4.24908424908425	0.83028083028083	-2.83272283272283
-5.2014652014652	0.854700854700855	-0.0732600732600733
-3.76068376068376	3.56532356532357	2.17338217338217
-3.95604395604396	1.85592185592186	-0.83028083028083
-4.81074481074481	-0.415140415140415	-1.56288156288156
-3.51648351648352	-1.66056166056166	-1.51404151404151
0.659340659340659	-1.41636141636142	-2.80830280830281
0.195360195360195	-3.17460317460317	-4.83516483516483
-0.708180708180708	-4.88400488400488	-5.78754578754579
1.56288156288156	-4.44444444444444	-2.80830280830281
-0.366300366300366	-5.54334554334554	-4.66422466422466
-0.366300366300366	-5.37240537240537	-4.1025641025641
-1.1965811965812	-6.44688644688645	-4.83516483516483
-0.537240537240537	-5.93406593406593	-4.42002442002442
-0.146520146520147	-5.25030525030525	-3.78510378510378
0.293040293040293	-3.76068376068376	-3.85836385836386
0.0244200244200244	-2.44200244200244	-1.83150183150183
0.879120879120879	-0.0732600732600733	0.659340659340659
1.001221001221	1.83150183150183	1.83150183150183
4.46886446886447	4.63980463980464	4.004884004884
1.44078144078144	4.44444444444444	4.83516483516483
1.44078144078144	5.12820512820513	6.3003663003663
3.85836385836386	6.61782661782662	7.91208791208791
5.00610500610501	7.88766788766789	9.05982905982906
3.1013431013431	6.17826617826618	4.93284493284493
3.58974358974359	6.3980463980464	2.61294261294261
3.66300366300366	5.56776556776557	2.36874236874237
-1.001221001221	0.586080586080586	-1.61172161172161
-3.22344322344322	-0.390720390720391	-0.268620268620269
-3.66300366300366	0.146520146520147	1.48962148962149
-2.80830280830281	-1.34310134310134	-2.36874236874237
0.122100122100122	0.390720390720391	-1.17216117216117
-0.0976800976800977	0.146520146520147	-4.2979242979243
2.1001221001221	-0.195360195360195	-4.17582417582418
2.95482295482295	0.0244200244200244	-2.63736263736264
1.9047619047619	-1.53846153846154	-6.17826617826618
0.170940170940171	-3.66300366300366	-6.3003663003663
-1.80708180708181	-4.24908424908425	-4.83516483516483
-2.07570207570208	-4.2002442002442	-4.90842490842491
-1.83150183150183	-4.32234432234432	-2.95482295482295
-1.46520146520147	-4.34676434676435	-1.48962148962149
-1.70940170940171	-3.63858363858364	0.390720390720391
-2.1978021978022	-3.88278388278388	0
-3.12576312576313	-5.71428571428571	-4.73748473748474
-4.54212454212454	-7.44810744810745	-4.66422466422466
-3.1013431013431	-6.61782661782662	-3.66300366300366
-4.32234432234432	-8.37606837606838	-4.54212454212454
-0.683760683760684	-5.76312576312576	-2.46642246642247
2.2954822954823	-4.54212454212454	-0.952380952380952
1.26984126984127	-5.32356532356532	-0.683760683760684
-0.146520146520147	-6.05616605616606	-1.75824175824176
0.341880341880342	-5.64102564102564	-0.927960927960928
-1.31868131868132	-7.10622710622711	0.170940170940171
1.02564102564103	-4.88400488400488	2.66178266178266
2.63736263736264	-2.58852258852259	4.15140415140415
4.59096459096459	-0.512820512820513	6.2026862026862
4.46886446886447	0.366300366300366	5.93406593406593
4.93284493284493	1.75824175824176	6.83760683760684
5.68986568986569	2.02686202686203	6.61782661782662
3.32112332112332	1.80708180708181	6.61782661782662
3.34554334554335	2.88156288156288	7.78998778998779
2.14896214896215	3.05250305250305	6.61782661782662
0.879120879120879	1.53846153846154	2.53968253968254
-2.44200244200244	-2.17338217338217	-2.1978021978022
-1.9047619047619	-1.78266178266178	-2.05128205128205
-3.49206349206349	-3.22344322344322	-4.05372405372405
-3.95604395604396	-3.51648351648352	-2.71062271062271
-4.83516483516483	-4.81074481074481	-2.56410256410256
-4.42002442002442	-5.22588522588523	-3.71184371184371
-5.25030525030525	-7.42368742368742	-4.98168498168498
-3.36996336996337	-6.08058608058608	-6.44688644688645
-3.07692307692308	-5.83638583638584	-7.78998778998779
-1.41636141636142	-3.76068376068376	-8.76678876678877
0.21978021978022	-0.781440781440781	-6.37362637362637
2.51526251526252	1.07448107448107	-5.2014652014652
6.42246642246642	4.42002442002442	-3.49206349206349
7.61904761904762	4.76190476190476	-1.24542124542125
7.25274725274725	6.4957264957265	0.0244200244200244
8.42490842490843	9.79242979242979	4.59096459096459
6.88644688644689	8.47374847374847	4.2002442002442
6.52014652014652	8.54700854700855	2.1978021978022
5.90964590964591	8.35164835164835	3.15018315018315
6.08058608058608	5.68986568986569	0.43956043956044
3.1990231990232	4.24908424908425	-0.659340659340659
0.83028083028083	3.51648351648352	0.366300366300366
0.0244200244200244	2.39316239316239	1.92918192918193
-0.561660561660562	1.1965811965812	2.46642246642247
-2.78388278388278	-0.537240537240537	1.31868131868132
-3.78510378510378	-1.44078144078144	0.293040293040293
0.512820512820513	2.22222222222222	2.63736263736264
1.12332112332112	3.003663003663	5.05494505494505
1.02564102564103	3.90720390720391	4.78632478632479
4.78632478632479	5.34798534798535	4.73748473748474
4.15140415140415	3.85836385836386	3.54090354090354
2.53968253968254	0.341880341880342	-0.610500610500611
1.53846153846154	-1.14774114774115	-2.68620268620269
-0.537240537240537	-2.31990231990232	-2.97924297924298
-0.976800976800977	-2.90598290598291	-3.12576312576313
-1.22100122100122	-3.02808302808303	-0.0976800976800977
-1.44078144078144	-3.73626373626374	-1.95360195360195
-5.17704517704518	-5.78754578754579	-4.95726495726496
-3.24786324786325	-6.3003663003663	-4.63980463980464
-5.78754578754579	-8.10744810744811	-6.25152625152625
-7.42368742368742	-9.4017094017094	-5.90964590964591
-6.95970695970696	-10.03663003663	-6.98412698412698
-4.78632478632479	-9.5970695970696	-5.2014652014652
-3.61416361416361	-8.79120879120879	-4.22466422466422
-2.66178266178266	-7.54578754578755	-2.49084249084249
-2.56410256410256	-7.69230769230769	-3.36996336996337
-4.68864468864469	-8.44932844932845	-5.27472527472527
-3.17460317460317	-5.78754578754579	-5.17704517704518
-2.75946275946276	-5.51892551892552	-4.37118437118437
0.83028083028083	-3.66300366300366	-2.17338217338217
1.80708180708181	-2.46642246642247	-2.22222222222222
3.05250305250305	-1.14774114774115	-0.903540903540904
4.93284493284493	2.27106227106227	4.51770451770452
4.32234432234432	4.66422466422466	5.71428571428571
5.03052503052503	6.83760683760684	5.71428571428571
7.3992673992674	9.54822954822955	7.10622710622711
8.91330891330891	12.1611721611722	10.7203907203907
13.2844932844933	17.5335775335775	15.9218559218559
13.992673992674	18.1196581196581	15.0915750915751
16.6300366300366	19.1452991452991	17.5091575091575
16.0927960927961	17.4603174603175	15.2625152625153
12.7960927960928	13.1623931623932	12.8937728937729
9.15750915750916	8.86446886446886	10.5006105006105
4.44444444444444	5.00610500610501	9.4993894993895
1.85592185592186	3.83394383394383	7.4969474969475
-0.293040293040293	3.63858363858364	8.32722832722833
-1.26984126984127	2.88156288156288	8.57142857142857
-1.001221001221	1.41636141636142	4.81074481074481
-0.83028083028083	0.170940170940171	4.71306471306471
-1.9047619047619	-2.73504273504274	3.1990231990232
-3.05250305250305	-4.81074481074481	0.341880341880342
-2.73504273504274	-5.2014652014652	0.0488400488400488
-3.49206349206349	-7.00854700854701	-2.31990231990232
-4.93284493284493	-8.4004884004884	-3.36996336996337
-5.93406593406593	-7.22832722832723	-1.80708180708181
-6.69108669108669	-7.05738705738706	-1.001221001221
-5.64102564102564	-5.34798534798535	-2.14896214896215
-2.75946275946276	-1.83150183150183	1.14774114774115
-4.2002442002442	0.341880341880342	3.07692307692308
-0.0976800976800977	2.93040293040293	1.07448107448107
0	3.63858363858364	2.88156288156288
-0.415140415140415	2.46642246642247	2.78388278388278
5.83638583638584	4.98168498168498	4.05372405372405
5.2014652014652	6.54456654456654	4.73748473748474
6.54456654456654	6.78876678876679	5.59218559218559
7.52136752136752	7.3992673992674	6.66666666666667
5.71428571428571	7.32600732600733	5.93406593406593
-0.781440781440781	2.39316239316239	1.1965811965812
-2.97924297924298	0.0244200244200244	0.43956043956044
-3.58974358974359	-0.683760683760684	-1.22100122100122
-4.95726495726496	-1.31868131868132	-1.17216117216117
-4.71306471306471	-0.634920634920635	-0.415140415140415
-1.75824175824176	2.002442002442	3.49206349206349
-3.85836385836386	0.683760683760684	4.59096459096459
-4.2979242979243	-0.976800976800977	3.66300366300366
-4.54212454212454	-2.97924297924298	1.22100122100122
-5.27472527472527	-4.59096459096459	0.805860805860806
-3.1013431013431	-3.12576312576313	-1.22100122100122
-2.95482295482295	-3.07692307692308	-2.90598290598291
-1.68498168498168	-2.75946275946276	-2.44200244200244
-1.26984126984127	-2.90598290598291	-1.85592185592186
-2.1001221001221	-1.53846153846154	1.001221001221
-0.586080586080586	-0.781440781440781	2.53968253968254
1.41636141636142	0.463980463980464	2.93040293040293
1.31868131868132	2.51526251526252	3.61416361416361
4.78632478632479	7.17948717948718	5.88522588522589
5.64102564102564	7.54578754578755	6.76434676434676
5.95848595848596	9.20634920634921	6.59340659340659
6.08058608058608	10.7448107448107	8.08302808302808
8.44932844932845	14.2368742368742	12.6739926739927
7.3992673992674	13.7973137973138	10.1098901098901
5.47008547008547	12.7472527472527	10.5738705738706
3.05250305250305	11.2820512820513	9.4993894993895
0.366300366300366	8.57142857142857	9.76800976800977
-2.1978021978022	6.25152625152625	7.88766788766789
-3.66300366300366	4.44444444444444	7.64346764346764
-5.44566544566545	0.463980463980464	4.37118437118437
-4.56654456654457	-1.29426129426129	-0.268620268620269
-5.00610500610501	-3.95604395604396	-2.58852258852259
-8.15628815628816	-7.74114774114774	-5.66544566544567
-8.37606837606838	-9.57264957264957	-6.61782661782662
-7.98534798534799	-11.2820512820513	-7.27716727716728
-6.27594627594628	-11.8681318681319	-6.98412698412698
-6.1050061050061	-11.4774114774115	-5.15262515262515
-7.3015873015873	-11.7216117216117	-3.61416361416361
-7.96092796092796	-12.1855921855922	-2.51526251526252
-8.15628815628816	-13.6263736263736	-2.58852258852259
-10.01221001221	-14.3833943833944	-3.2967032967033
-9.74358974358974	-13.0647130647131	-0.488400488400488
-7.27716727716728	-12.2588522588523	-1.07448107448107
-5.51892551892552	-9.67032967032967	-0.976800976800977
-3.34554334554335	-6.93528693528694	1.61172161172161
-0.537240537240537	-2.58852258852259	4.27350427350427
2.1978021978022	1.0989010989011	6.76434676434676
2.93040293040293	1.70940170940171	6.56898656898657
4.22466422466422	4.15140415140415	9.69474969474969
5.54334554334554	5.05494505494505	9.91452991452991
3.51648351648352	4.34676434676435	8.03418803418803
3.2967032967033	2.53968253968254	8.2051282051282
3.56532356532357	3.68742368742369	8.52258852258852
3.61416361416361	4.44444444444444	7.15506715506716
1.80708180708181	3.24786324786325	6.37362637362637
4.78632478632479	5.47008547008547	7.03296703296703
5.64102564102564	4.51770451770452	4.61538461538461
4.44444444444444	2.97924297924298	5.17704517704518
2.53968253968254	2.44200244200244	4.12698412698413
2.93040293040293	1.58730158730159	4.90842490842491
1.83150183150183	0.268620268620269	4.63980463980464
0.390720390720391	-0.463980463980464	4.56654456654457
1.29426129426129	0.341880341880342	5.73870573870574
4.34676434676435	1.34310134310134	7.74114774114774
4.34676434676435	1.02564102564103	8.3028083028083
5.93406593406593	1.34310134310134	7.08180708180708
7.52136752136752	3.003663003663	9.84126984126984
7.10622710622711	5.15262515262515	11.0622710622711
6.1050061050061	5.71428571428571	8.91330891330891
6.61782661782662	6.15384615384615	9.86568986568987
5.66544566544567	6.42246642246642	9.57264957264957
5.95848595848596	5.2991452991453	5.64102564102564
4.07814407814408	2.17338217338217	3.17460317460317
6.12942612942613	1.70940170940171	2.97924297924298
3.56532356532357	-2.05128205128205	-2.1001221001221
0.146520146520147	-2.80830280830281	-3.07692307692308
-0.757020757020757	-3.15018315018315	-4.66422466422466
-3.51648351648352	-6.27594627594628	-8.22954822954823
-9.15750915750916	-8.69352869352869	-10.4517704517705
-10.3785103785104	-9.35286935286935	-11.4285714285714
-10.9401709401709	-7.2039072039072	-10.6227106227106
-8.05860805860806	-5.22588522588523	-8.18070818070818
-6.71550671550672	-2.68620268620269	-5.51892551892552
-0.952380952380952	1.46520146520147	-1.46520146520147
-1.29426129426129	2.75946275946276	-1.46520146520147
0.244200244200244	5.42124542124542	2.90598290598291
-1.22100122100122	6.54456654456654	5.37240537240537
0.341880341880342	9.89010989010989	7.37484737484737
1.39194139194139	12.2344322344322	9.20634920634921
1.53846153846154	11.8437118437118	9.5970695970696
3.83394383394383	12.9426129426129	10.03663003663
7.35042735042735	15.5311355311355	9.93894993894994
7.35042735042735	14.3589743589744	8.15628815628816
5.64102564102564	12.4053724053724	4.51770451770452
5.3968253968254	11.2820512820513	1.63614163614164
3.05250305250305	8.03418803418803	1.44078144078144
-0.244200244200244	5.66544566544567	-1.68498168498168
-1.39194139194139	3.1013431013431	-1.92918192918193
-3.63858363858364	0.317460317460317	-2.56410256410256
-4.12698412698413	-2.80830280830281	-4.15140415140415
-4.46886446886447	-4.73748473748474	-5.88522588522589
-4.004884004884	-4.3956043956044	-5.17704517704518
-4.98168498168498	-6.73992673992674	-6.69108669108669
-3.61416361416361	-4.3956043956044	-4.004884004884
-3.22344322344322	-3.61416361416361	-1.14774114774115
-2.1001221001221	-3.46764346764347	-1.44078144078144
-2.75946275946276	-2.68620268620269	-1.70940170940171
-3.36996336996337	-3.85836385836386	-2.1978021978022
-3.39438339438339	-5.17704517704518	-2.68620268620269
-5.3968253968254	-6.22710622710623	-1.24542124542125
-5.54334554334554	-6.00732600732601	-1.92918192918193
-5.78754578754579	-7.61904761904762	0.415140415140415
-5.86080586080586	-8.00976800976801	0.146520146520147
-5.64102564102564	-9.32844932844933	0.268620268620269
-5.86080586080586	-11.3308913308913	-4.93284493284493
-8.62026862026862	-13.4798534798535	-6.2026862026862
-11.3308913308913	-16.7521367521368	-8.69352869352869
-12.5763125763126	-17.2649572649573	-8.93772893772894
-13.0647130647131	-17.6068376068376	-11.4041514041514
-14.6031746031746	-19.5604395604396	-13.040293040293
-12.2588522588523	-18.7545787545788	-13.2112332112332
-12.3565323565324	-18.998778998779	-15.1404151404151
-11.8192918192918	-19.9023199023199	-16.4590964590965
-10.4273504273504	-20.4151404151404	-16.1660561660562
-11.0866910866911	-19.3650793650794	-15.4334554334554
-11.8437118437118	-19.6581196581197	-17.1672771672772
-11.6971916971917	-18.949938949939	-15.0915750915751
-12.2832722832723	-18.6324786324786	-16.9474969474969
-12.4542124542125	-16.1172161172161	-13.992673992674
-15.2380952380952	-16.8742368742369	-14.7252747252747
-14.3345543345543	-15.1404151404151	-14.1880341880342
-12.5518925518926	-13.7240537240537	-12.2832722832723
-10.6959706959707	-12.0634920634921	-9.27960927960928
-9.03540903540904	-10.5738705738706	-7.86324786324786
-6.00732600732601	-8.03418803418803	-8.05860805860806
-4.004884004884	-5.07936507936508	-7.03296703296703
-4.85958485958486	-4.07814407814408	-6.3003663003663
-6.27594627594628	-3.2967032967033	-5.88522588522589
-7.64346764346764	-4.02930402930403	-7.35042735042735
-7.54578754578755	-5.2014652014652	-6.61782661782662
-4.42002442002442	-4.73748473748474	-4.56654456654457
-9.52380952380952	-6.59340659340659	-5.93406593406593
-12.3321123321123	-8.64468864468864	-7.98534798534799
-13.992673992674	-8.25396825396825	-7.44810744810745
-16.5567765567766	-10.1831501831502	-8.2051282051282
-14.4078144078144	-8.2051282051282	-7.44810744810745
-11.4529914529915	-6.88644688644689	-7.57020757020757
-9.01098901098901	-5.59218559218559	-6.56898656898657
-9.18192918192918	-3.63858363858364	-4.68864468864469
-8.54700854700855	-2.63736263736264	-3.1990231990232
-9.76800976800977	-2.68620268620269	-3.34554334554335
-8.84004884004884	-2.1001221001221	-3.36996336996337
-6.1050061050061	-0.683760683760684	-4.004884004884
-5.17704517704518	-0.683760683760684	-3.66300366300366
-4.1025641025641	-1.22100122100122	-5.47008547008547
-1.39194139194139	1.05006105006105	-1.83150183150183
-0.708180708180708	1.68498168498168	-0.927960927960928
1.92918192918193	4.44444444444444	1.73382173382173
5.81196581196581	8.98656898656899	4.88400488400488
6.08058608058608	9.03540903540904	4.07814407814408
6.52014652014652	8.52258852258852	0.634920634920635
3.73626373626374	7.66788766788767	0.195360195360195
3.95604395604396	6.66666666666667	-0.683760683760684
1.85592185592186	4.66422466422466	-2.39316239316239
1.70940170940171	4.32234432234432	-0.537240537240537
2.1001221001221	3.56532356532357	0
-0.317460317460317	2.80830280830281	-0.879120879120879
-1.29426129426129	1.68498168498168	-0.781440781440781
-2.36874236874237	-0.732600732600733	-2.36874236874237
-4.37118437118437	-1.95360195360195	-3.66300366300366
-4.27350427350427	-1.83150183150183	-2.97924297924298
-3.1990231990232	-2.07570207570208	-1.83150183150183
1.0989010989011	0.634920634920635	-0.659340659340659
1.29426129426129	0.708180708180708	0.268620268620269
1.97802197802198	0.170940170940171	0.610500610500611
2.75946275946276	1.58730158730159	1.07448107448107
3.12576312576313	1.73382173382173	0.341880341880342
1.61172161172161	0.0488400488400488	-1.07448107448107
0.805860805860806	0.854700854700855	-1.41636141636142
-0.512820512820513	-1.07448107448107	-4.78632478632479
-2.2954822954823	-1.0989010989011	-5.15262515262515
-2.31990231990232	1.56288156288156	0.0244200244200244
-1.58730158730159	3.003663003663	0.610500610500611
1.05006105006105	6.17826617826618	4.22466422466422
1.02564102564103	7.17948717948718	6.3003663003663
2.66178266178266	8.22954822954823	5.32356532356532
-2.002442002442	6.1050061050061	3.12576312576313
-5.47008547008547	5.03052503052503	1.73382173382173
-4.71306471306471	4.61538461538461	1.63614163614164
-6.52014652014652	4.49328449328449	1.9047619047619
-4.32234432234432	4.56654456654457	0.781440781440781
-5.2991452991453	1.97802197802198	-1.48962148962149
-7.47252747252747	-1.39194139194139	-4.24908424908425
-6.00732600732601	-1.51404151404151	-4.98168498168498
-3.32112332112332	-2.53968253968254	-7.05738705738706
-1.53846153846154	-2.07570207570208	-9.47496947496948
1.31868131868132	-1.1965811965812	-7.32600732600733
4.88400488400488	0.683760683760684	-5.81196581196581
4.61538461538461	0.732600732600733	-3.39438339438339
7.96092796092796	0.415140415140415	-1.9047619047619
7.05738705738706	-0.586080586080586	-1.36752136752137
5.44566544566545	-2.07570207570208	-0.0244200244200244
4.63980463980464	-3.83394383394383	-1.17216117216117
4.95726495726496	-2.66178266178266	-0.122100122100122
1.78266178266178	-3.24786324786325	-0.341880341880342
2.51526251526252	-1.1965811965812	0.146520146520147
4.32234432234432	1.1965811965812	2.95482295482295
7.35042735042735	2.78388278388278	1.83150183150183
3.90720390720391	1.001221001221	0.0244200244200244
2.73504273504274	0.268620268620269	-0.683760683760684
5.59218559218559	2.58852258852259	0.952380952380952
4.88400488400488	3.73626373626374	0.43956043956044
2.97924297924298	3.85836385836386	-1.001221001221
1.63614163614164	2.2954822954823	-2.68620268620269
3.15018315018315	3.66300366300366	-1.70940170940171
3.17460317460317	2.46642246642247	-1.66056166056166
3.41880341880342	-1.0989010989011	-4.37118437118437
0.634920634920635	-2.56410256410256	-5.93406593406593
0.586080586080586	-3.003663003663	-3.98046398046398
1.73382173382173	-4.71306471306471	-4.2979242979243
1.48962148962149	-6.2026862026862	-5.90964590964591
-0.659340659340659	-7.81440781440781	-5.42124542124542
0.0976800976800977	-7.57020757020757	-5.34798534798535
0.732600732600733	-8.62026862026862	-6.17826617826618
-3.41880341880342	-9.96336996336996	-8.44932844932845
-6.78876678876679	-10.989010989011	-9.52380952380952
-10.9157509157509	-11.8681318681319	-10.4273504273504
-6.25152625152625	-9.01098901098901	-7.81440781440781
-6.27594627594628	-9.03540903540904	-5.73870573870574
-8.52258852258852	-10.8669108669109	-11.2087912087912
-5.73870573870574	-8.96214896214896	-10.7203907203907
-4.46886446886447	-7.76556776556777	-9.52380952380952
-3.78510378510378	-7.32600732600733	-10.7936507936508
-1.68498168498168	-5.12820512820513	-8.66910866910867
-2.17338217338217	-4.12698412698413	-5.88522588522589
0.244200244200244	-1.92918192918193	-4.98168498168498
0.683760683760684	1.17216117216117	-2.95482295482295
1.41636141636142	2.63736263736264	-2.39316239316239
-0.415140415140415	2.61294261294261	-2.1001221001221
2.51526251526252	3.85836385836386	0.976800976800977
8.15628815628816	7.61904761904762	5.32356532356532
7.05738705738706	6.42246642246642	4.83516483516483
7.52136752136752	5.78754578754579	4.44444444444444
9.27960927960928	7.3992673992674	7.03296703296703
9.84126984126984	8.22954822954823	8.32722832722833
13.4065934065934	8.35164835164835	10.1831501831502
11.3797313797314	6.44688644688645	10.3785103785104
7.15506715506716	3.34554334554335	9.35286935286935
4.66422466422466	0.415140415140415	8.4981684981685
1.0989010989011	-2.63736263736264	5.64102564102564
-2.56410256410256	-4.49328449328449	3.76068376068376
-2.1001221001221	-5.07936507936508	0.83028083028083
-2.34432234432234	-6.3980463980464	0.0488400488400488
-1.88034188034188	-6.47130647130647	-3.1990231990232
0.43956043956044	-5.00610500610501	-3.66300366300366
-0.244200244200244	-3.71184371184371	-3.61416361416361
3.27228327228327	0.586080586080586	0.586080586080586
5.61660561660562	4.17582417582418	3.98046398046398
9.45054945054945	8.3028083028083	7.2039072039072
10.5738705738706	7.78998778998779	5.78754578754579
10.1098901098901	6.73992673992674	3.78510378510378
8.00976800976801	5.1037851037851	3.15018315018315
8.35164835164835	5.68986568986569	2.1001221001221
13.015873015873	7.98534798534799	5.15262515262515
10.6471306471306	7.81440781440781	7.44810744810745
9.13308913308913	7.64346764346764	7.47252747252747
11.2820512820513	6.76434676434676	7.2039072039072
10.2564102564103	7.22832722832723	7.71672771672772
8.15628815628816	7.00854700854701	9.05982905982906
4.42002442002442	4.83516483516483	6.61782661782662
5.59218559218559	5.42124542124542	9.69474969474969
5.2991452991453	6.25152625152625	12.3809523809524
4.37118437118437	6.71550671550672	13.5286935286935
6.86202686202686	8.35164835164835	12.4297924297924
7.42368742368742	7.74114774114774	11.3553113553114
8.10744810744811	10.3540903540904	11.1111111111111
7.52136752136752	9.18192918192918	10.3785103785104
11.3308913308913	12.4786324786325	11.3553113553114
10.3296703296703	13.9194139194139	14.017094017094
11.5506715506716	15.8241758241758	15.2136752136752
17.4358974358974	18.9010989010989	14.5543345543346
18.9255189255189	21.8070818070818	16.3614163614164
20.3174603174603	21.953601953602	15.995115995116
22.002442002442	23.4432234432234	16.3125763125763
22.4175824175824	23.3699633699634	16.971916971917
20.9035409035409	22.7350427350427	17.4358974358974
23.2478632478632	23.2234432234432	20.1465201465201
21.2454212454212	20.5372405372405	18.5347985347985
20.7814407814408	20.2442002442002	17.973137973138
19.4627594627595	20.3418803418803	18.5592185592186
16.7521367521368	18.2173382173382	16.4590964590965
12.0879120879121	15.7020757020757	12.2588522588523
10.5494505494505	14.8229548229548	12.4053724053724
6.95970695970696	10.3296703296703	9.4993894993895
4.76190476190476	7.91208791208791	9.01098901098901
4.17582417582418	6.91086691086691	6.76434676434676
5.81196581196581	7.66788766788767	7.88766788766789
6.05616605616606	6.52014652014652	6.81318681318681
9.10866910866911	8.52258852258852	8.32722832722833
11.7704517704518	9.03540903540904	10.3052503052503
9.57264957264957	7.74114774114774	9.03540903540904
9.18192918192918	5.93406593406593	7.88766788766789
7.81440781440781	5.07936507936508	6.95970695970696
8.2051282051282	5.66544566544567	8.35164835164835
10.2319902319902	8.08302808302808	8.4004884004884
11.4529914529915	9.93894993894994	10.6227106227106
12.7228327228327	11.6239316239316	13.3577533577534
13.968253968254	13.3821733821734	12.5030525030525
13.9438339438339	15.018315018315	12.5274725274725
14.5299145299145	13.6752136752137	11.5018315018315
11.5018315018315	11.8192918192918	8.79120879120879
10.9401709401709	11.7948717948718	8.66910866910867
7.66788766788767	9.57264957264957	7.37484737484737
2.02686202686203	5.3968253968254	6.15384615384615
1.26984126984127	4.78632478632479	6.2026862026862
0.561660561660562	3.07692307692308	4.93284493284493
-0.952380952380952	3.003663003663	6.47130647130647
-2.53968253968254	2.93040293040293	4.68864468864469
2.22222222222222	6.32478632478632	7.47252747252747
0.512820512820513	4.90842490842491	4.56654456654457
0.879120879120879	4.07814407814408	3.61416361416361
1.36752136752137	3.1990231990232	6.2026862026862
0.903540903540904	0.903540903540904	4.95726495726496
2.88156288156288	1.1965811965812	3.71184371184371
0.268620268620269	1.02564102564103	2.27106227106227
2.02686202686203	1.12332112332112	2.002442002442
4.05372405372405	3.12576312576313	1.34310134310134
5.07936507936508	5.17704517704518	1.78266178266178
8.2051282051282	7.81440781440781	4.17582417582418
7.08180708180708	7.22832722832723	5.27472527472527
9.03540903540904	10.7203907203907	8.35164835164835
6.44688644688645	9.08424908424908	7.61904761904762
5.88522588522589	9.57264957264957	7.25274725274725
5.98290598290598	10.01221001221	6.37362637362637
8.71794871794872	10.7936507936508	7.15506715506716
8.00976800976801	11.7948717948718	7.86324786324786
7.54578754578755	12.5763125763126	6.93528693528694
9.32844932844933	13.7484737484737	6.88644688644689
8.32722832722833	13.7973137973138	7.15506715506716
6.56898656898657	10.8669108669109	5.73870573870574
7.10622710622711	11.3064713064713	4.68864468864469
10.5982905982906	10.6959706959707	4.05372405372405
8.71794871794872	8.57142857142857	2.002442002442
9.54822954822955	7.35042735042735	1.12332112332112
7.52136752136752	5.56776556776557	0.488400488400488
4.85958485958486	4.54212454212454	-1.17216117216117
5.86080586080586	5.93406593406593	4.17582417582418
4.88400488400488	6.42246642246642	3.80952380952381
4.07814407814408	6.95970695970696	7.64346764346764
3.98046398046398	6.15384615384615	7.81440781440781
4.51770451770452	6.03174603174603	6.73992673992674
2.53968253968254	3.85836385836386	4.27350427350427
-0.317460317460317	1.92918192918193	3.98046398046398
0.0244200244200244	1.29426129426129	2.53968253968254
1.9047619047619	1.0989010989011	3.12576312576313
0.195360195360195	-0.0488400488400488	2.02686202686203
1.44078144078144	-0.0488400488400488	5.05494505494505
2.66178266178266	-1.73382173382173	3.1990231990232
2.14896214896215	-3.85836385836386	0.43956043956044
2.46642246642247	-2.22222222222222	-0.0976800976800977
4.44444444444444	0.0976800976800977	-0.0976800976800977
1.14774114774115	-1.63614163614164	-0.879120879120879
-0.122100122100122	-2.02686202686203	-3.85836385836386
-3.44322344322344	-2.73504273504274	-3.88278388278388
-1.95360195360195	-2.88156288156288	-3.07692307692308
-4.15140415140415	-5.07936507936508	-5.22588522588523
-4.83516483516483	-6.4957264957265	-8.13186813186813
-3.68742368742369	-6.4957264957265	-8.37606837606838
-4.05372405372405	-7.2039072039072	-7.93650793650794
-5.95848595848596	-9.25518925518926	-9.42612942612943
-6.2026862026862	-7.59462759462759	-9.08424908424908
-5.95848595848596	-7.05738705738706	-7.81440781440781
-4.49328449328449	-5.25030525030525	-6.05616605616606
-2.36874236874237	-5.3968253968254	-5.25030525030525
-5.03052503052503	-6.73992673992674	-7.64346764346764
-2.31990231990232	-6.93528693528694	-7.52136752136752
-2.95482295482295	-7.61904761904762	-5.68986568986569
-3.27228327228327	-8.86446886446886	-7.88766788766789
-2.22222222222222	-7.98534798534799	-7.4969474969475
0.21978021978022	-6.25152625152625	-2.63736263736264
0.561660561660562	-5.27472527472527	-1.78266178266178
3.12576312576313	-1.56288156288156	3.56532356532357
3.49206349206349	0.390720390720391	2.24664224664225
8.03418803418803	3.98046398046398	4.004884004884
8.2051282051282	5.76312576312576	5.76312576312576
6.27594627594628	5.00610500610501	4.17582417582418
6.91086691086691	6.05616605616606	5.05494505494505
4.83516483516483	5.64102564102564	7.2039072039072
4.54212454212454	3.32112332112332	4.83516483516483
5.00610500610501	3.88278388278388	6.05616605616606
4.02930402930403	2.97924297924298	5.71428571428571
2.24664224664225	1.80708180708181	5.07936507936508
3.49206349206349	2.07570207570208	4.27350427350427
1.12332112332112	2.002442002442	3.12576312576313
-0.610500610500611	0.146520146520147	0.781440781440781
-1.75824175824176	-1.07448107448107	-4.07814407814408
-3.22344322344322	-4.71306471306471	-6.37362637362637
-5.61660561660562	-7.10622710622711	-7.57020757020757
-6.64224664224664	-10.8180708180708	-9.5970695970696
-4.83516483516483	-11.013431013431	-8.00976800976801
-1.63614163614164	-11.037851037851	-9.27960927960928
1.44078144078144	-9.62148962148962	-7.69230769230769
2.34432234432234	-8.42490842490843	-8.05860805860806
-0.293040293040293	-9.71916971916972	-7.3015873015873
1.31868131868132	-8.54700854700855	-5.81196581196581
0.634920634920635	-7.76556776556777	-3.07692307692308
-1.07448107448107	-8.71794871794872	-3.1990231990232
-3.12576312576313	-8.25396825396825	-1.70940170940171
-3.90720390720391	-9.27960927960928	-1.70940170940171
-7.93650793650794	-12.8937728937729	-5.86080586080586
-3.39438339438339	-10.5738705738706	-3.66300366300366
-1.0989010989011	-8.42490842490843	-1.88034188034188
1.24542124542125	-5.42124542124542	-1.75824175824176
1.70940170940171	-3.68742368742369	-0.21978021978022
2.07570207570208	-2.39316239316239	-0.83028083028083
3.71184371184371	-1.48962148962149	-0.341880341880342
