1.24542124542125	2.05128205128205	3.12576312576313
0.683760683760684	1.78266178266178	2.02686202686203
-0.0732600732600733	2.95482295482295	2.36874236874237
2.1001221001221	2.83272283272283	2.1978021978022
0.0244200244200244	4.12698412698413	2.1001221001221
1.66056166056166	4.05372405372405	2.2954822954823
1.88034188034188	4.78632478632479	2.61294261294261
0.976800976800977	4.49328449328449	2.31990231990232
2.88156288156288	4.44444444444444	2.73504273504274
1.97802197802198	5.54334554334554	2.22222222222222
2.85714285714286	4.46886446886447	3.22344322344322
3.88278388278388	4.85958485958486	3.58974358974359
4.27350427350427	5.88522588522589	3.17460317460317
4.15140415140415	5.03052503052503	4.15140415140415
4.27350427350427	5.15262515262515	5.98290598290598
4.76190476190476	5.27472527472527	5.54334554334554
2.73504273504274	5.25030525030525	5.2014652014652
1.70940170940171	4.24908424908425	4.83516483516483
3.39438339438339	3.80952380952381	4.004884004884
1.07448107448107	4.37118437118437	4.66422466422466
1.66056166056166	2.68620268620269	4.71306471306471
2.17338217338217	2.61294261294261	4.73748473748474
2.58852258852259	3.63858363858364	4.17582417582418
2.51526251526252	2.78388278388278	3.90720390720391
1.66056166056166	4.12698412698413	3.78510378510378
2.05128205128205	2.07570207570208	3.1013431013431
2.12454212454212	2.93040293040293	3.27228327228327
2.07570207570208	3.66300366300366	2.95482295482295
2.73504273504274	1.80708180708181	1.46520146520147
1.70940170940171	2.53968253968254	2.95482295482295
1.66056166056166	2.24664224664225	1.56288156288156
0	2.31990231990232	1.92918192918193
1.29426129426129	3.68742368742369	2.44200244200244
1.39194139194139	1.66056166056166	2.51526251526252
0.170940170940171	2.61294261294261	1.58730158730159
1.1965811965812	1.97802197802198	2.02686202686203
0.610500610500611	2.34432234432234	1.80708180708181
0.43956043956044	2.58852258852259	1.51404151404151
0.903540903540904	2.41758241758242	1.12332112332112
0.512820512820513	3.1990231990232	2.53968253968254
1.24542124542125	2.2954822954823	1.92918192918193
1.41636141636142	2.02686202686203	1.51404151404151
1.05006105006105	2.02686202686203	1.58730158730159
0.976800976800977	1.34310134310134	0.854700854700855
0.512820512820513	1.83150183150183	0.83028083028083
-0.366300366300366	0.390720390720391	1.31868131868132
-1.44078144078144	0.293040293040293	-0.512820512820513
-1.44078144078144	-0.122100122100122	-0.732600732600733
-1.97802197802198	-1.0989010989011	-1.51404151404151
-1.70940170940171	-0.0488400488400488	-0.903540903540904
0.195360195360195	-0.659340659340659	-0.0976800976800977
-0.0244200244200244	0.659340659340659	0.659340659340659
0.0488400488400488	-0.0488400488400488	0.244200244200244
-0.0976800976800977	-1.14774114774115	0.0976800976800977
1.26984126984127	0.415140415140415	2.1978021978022
0	-0.976800976800977	1.26984126984127
1.05006105006105	0.415140415140415	1.29426129426129
0.976800976800977	0.268620268620269	1.14774114774115
1.29426129426129	-0.732600732600733	0.170940170940171
0.43956043956044	0.0244200244200244	-0.634920634920635
1.48962148962149	-0.586080586080586	0.122100122100122
0.0488400488400488	-1.0989010989011	-1.12332112332112
0.317460317460317	-1.05006105006105	-1.34310134310134
-0.366300366300366	-1.1965811965812	-0.903540903540904
-1.46520146520147	0.83028083028083	0.366300366300366
-0.512820512820513	0.293040293040293	-0.170940170940171
-1.51404151404151	1.02564102564103	-0.170940170940171
-0.170940170940171	0.805860805860806	-0.805860805860806
-0.805860805860806	-0.537240537240537	-1.78266178266178
0.21978021978022	0.122100122100122	-1.73382173382173
-0.659340659340659	-0.732600732600733	-2.1978021978022
-1.24542124542125	0.732600732600733	-1.41636141636142
-0.390720390720391	1.66056166056166	-1.66056166056166
0.0244200244200244	1.85592185592186	-2.2954822954823
-0.146520146520147	3.51648351648352	-1.12332112332112
0.586080586080586	3.05250305250305	-0.659340659340659
0.512820512820513	2.93040293040293	-0.195360195360195
1.001221001221	3.2967032967033	1.05006105006105
0.879120879120879	1.31868131868132	-0.0244200244200244
-0.268620268620269	2.49084249084249	0.268620268620269
0.879120879120879	2.41758241758242	0.854700854700855
-0.390720390720391	2.02686202686203	-0.293040293040293
-0.0976800976800977	2.49084249084249	-1.1965811965812
0.390720390720391	1.41636141636142	-1.97802197802198
-1.29426129426129	1.83150183150183	-1.44078144078144
1.26984126984127	1.12332112332112	-1.66056166056166
-0.683760683760684	0.43956043956044	-2.41758241758242
-0.0732600732600733	0.293040293040293	-2.002442002442
0.268620268620269	-0.586080586080586	-2.07570207570208
-0.0976800976800977	-0.0732600732600733	-1.001221001221
-1.17216117216117	-1.05006105006105	-1.39194139194139
-0.512820512820513	0.244200244200244	-0.659340659340659
-0.903540903540904	1.17216117216117	-1.22100122100122
-0.976800976800977	-0.0244200244200244	-1.61172161172161
-0.317460317460317	0.488400488400488	-0.610500610500611
1.12332112332112	-0.317460317460317	0.268620268620269
0.43956043956044	-0.903540903540904	-0.195360195360195
0.903540903540904	-0.268620268620269	0.146520146520147
1.1965811965812	-1.07448107448107	-0.170940170940171
-1.17216117216117	-0.195360195360195	-0.21978021978022
-1.46520146520147	-0.415140415140415	-0.293040293040293
-2.34432234432234	-0.0244200244200244	-0.659340659340659
-0.586080586080586	0.488400488400488	-0.537240537240537
-0.0732600732600733	-0.170940170940171	-1.001221001221
-1.53846153846154	-0.390720390720391	-1.22100122100122
-0.390720390720391	-1.14774114774115	-2.41758241758242
-1.1965811965812	-1.07448107448107	-2.83272283272283
-2.75946275946276	-1.53846153846154	-2.53968253968254
-1.66056166056166	-2.1001221001221	-3.36996336996337
-2.58852258852259	-1.41636141636142	-3.003663003663
-0.927960927960928	-1.97802197802198	-2.46642246642247
-1.0989010989011	-1.46520146520147	-3.56532356532357
-1.1965811965812	-0.952380952380952	-3.1013431013431
-1.001221001221	-2.44200244200244	-2.95482295482295
-1.41636141636142	-1.48962148962149	-2.14896214896215
-0.757020757020757	-2.34432234432234	-1.39194139194139
-0.805860805860806	-1.92918192918193	-0.122100122100122
-0.976800976800977	-1.31868131868132	-0.512820512820513
0.732600732600733	-1.63614163614164	-0.244200244200244
0.512820512820513	1.12332112332112	1.31868131868132
1.92918192918193	0.21978021978022	1.68498168498168
0.683760683760684	0.586080586080586	0.366300366300366
1.34310134310134	0.708180708180708	0.244200244200244
1.17216117216117	-0.512820512820513	-0.537240537240537
-0.781440781440781	-0.366300366300366	-0.903540903540904
-0.293040293040293	-1.9047619047619	-0.415140415140415
-0.805860805860806	-1.22100122100122	-1.12332112332112
-1.07448107448107	-2.22222222222222	-1.31868131868132
-1.24542124542125	-3.71184371184371	-1.1965811965812
-2.02686202686203	-3.1013431013431	-1.66056166056166
-0.781440781440781	-4.2979242979243	-2.44200244200244
-2.002442002442	-3.88278388278388	-2.58852258852259
-1.46520146520147	-3.003663003663	-4.004884004884
-0.879120879120879	-3.36996336996337	-3.76068376068376
-0.512820512820513	-2.51526251526252	-2.12454212454212
-0.0976800976800977	-2.24664224664225	-1.05006105006105
1.0989010989011	-0.488400488400488	-0.244200244200244
1.63614163614164	-0.488400488400488	-0.341880341880342
1.34310134310134	-1.58730158730159	-0.927960927960928
0.317460317460317	0.463980463980464	-0.122100122100122
0.463980463980464	-1.22100122100122	-0.0244200244200244
1.66056166056166	0.244200244200244	0.195360195360195
0.0732600732600733	-0.415140415140415	0.488400488400488
1.14774114774115	-0.976800976800977	0.634920634920635
1.14774114774115	0.561660561660562	0.244200244200244
1.92918192918193	-0.586080586080586	-0.170940170940171
0.561660561660562	-0.805860805860806	-0.170940170940171
0.293040293040293	-1.85592185592186	-0.43956043956044
0.415140415140415	-3.2967032967033	-2.05128205128205
0.0976800976800977	-1.75824175824176	-0.488400488400488
0.366300366300366	-2.75946275946276	0.341880341880342
0.366300366300366	-2.02686202686203	0.537240537240537
0.0732600732600733	-0.781440781440781	1.73382173382173
0.610500610500611	-1.05006105006105	1.14774114774115
-1.29426129426129	-1.07448107448107	1.44078144078144
-0.0732600732600733	-1.83150183150183	1.17216117216117
-1.39194139194139	-1.53846153846154	0.708180708180708
-0.854700854700855	-1.05006105006105	0.195360195360195
-0.805860805860806	-2.31990231990232	0.488400488400488
-0.610500610500611	-1.75824175824176	0.586080586080586
0.244200244200244	-1.95360195360195	0.683760683760684
-0.0976800976800977	-1.17216117216117	0.43956043956044
1.41636141636142	-0.952380952380952	0.659340659340659
1.36752136752137	-1.66056166056166	0.488400488400488
0.708180708180708	-0.781440781440781	0.268620268620269
1.97802197802198	-2.07570207570208	0.537240537240537
0.879120879120879	-1.92918192918193	0.488400488400488
0.21978021978022	-1.1965811965812	0.512820512820513
1.70940170940171	-1.22100122100122	1.1965811965812
-0.390720390720391	0.293040293040293	0.610500610500611
1.48962148962149	-1.66056166056166	2.02686202686203
-0.244200244200244	-1.29426129426129	1.56288156288156
-1.26984126984127	-1.80708180708181	0.561660561660562
0.0732600732600733	-2.97924297924298	0.0244200244200244
-1.80708180708181	-2.61294261294261	-0.195360195360195
-0.83028083028083	-3.63858363858364	-0.879120879120879
-2.39316239316239	-2.83272283272283	-1.1965811965812
-1.0989010989011	-2.95482295482295	-1.97802197802198
-1.83150183150183	-4.02930402930403	-1.70940170940171
-3.73626373626374	-3.71184371184371	-1.83150183150183
-2.05128205128205	-3.46764346764347	-2.002442002442
-3.63858363858364	-4.17582417582418	-2.17338217338217
-2.95482295482295	-3.2967032967033	-2.66178266178266
-2.66178266178266	-3.22344322344322	-2.53968253968254
-3.54090354090354	-1.95360195360195	-1.83150183150183
-1.95360195360195	-2.83272283272283	-2.02686202686203
-2.1001221001221	-1.83150183150183	-1.12332112332112
-1.58730158730159	-2.75946275946276	-1.07448107448107
-1.26984126984127	-2.63736263736264	-0.634920634920635
-1.61172161172161	-0.537240537240537	0.634920634920635
-1.39194139194139	-1.05006105006105	0.268620268620269
-0.976800976800977	0.83028083028083	0.0732600732600733
-2.1001221001221	0.537240537240537	0.805860805860806
-1.85592185592186	-1.14774114774115	0.268620268620269
-2.90598290598291	-1.29426129426129	-0.488400488400488
-2.58852258852259	-2.2954822954823	0.463980463980464
-2.68620268620269	-1.58730158730159	0.317460317460317
-3.49206349206349	-2.24664224664225	-0.122100122100122
-2.71062271062271	-3.003663003663	-0.43956043956044
-1.83150183150183	-1.48962148962149	-0.0244200244200244
-1.73382173382173	-2.41758241758242	-0.317460317460317
-1.83150183150183	-0.952380952380952	0.659340659340659
-2.51526251526252	0.0244200244200244	0.561660561660562
-0.732600732600733	-1.05006105006105	1.22100122100122
-2.44200244200244	0.415140415140415	1.17216117216117
-1.0989010989011	-0.757020757020757	2.1001221001221
-2.68620268620269	-0.195360195360195	1.97802197802198
-2.80830280830281	0.561660561660562	1.29426129426129
-0.634920634920635	-0.366300366300366	1.53846153846154
-3.34554334554335	0.341880341880342	1.17216117216117
-1.97802197802198	-0.0732600732600733	1.02564102564103
-1.26984126984127	-0.0244200244200244	-0.0244200244200244
-2.12454212454212	-0.293040293040293	-1.12332112332112
-2.22222222222222	-1.1965811965812	-1.31868131868132
-4.88400488400488	-1.41636141636142	-0.976800976800977
-3.34554334554335	-3.02808302808303	-1.68498168498168
-4.49328449328449	-2.2954822954823	-1.53846153846154
-4.54212454212454	-2.27106227106227	-1.05006105006105
-2.58852258852259	-1.36752136752137	-0.21978021978022
-2.66178266178266	0.0732600732600733	0.781440781440781
-2.002442002442	-0.0976800976800977	0.805860805860806
-1.78266178266178	0.512820512820513	0.879120879120879
-2.27106227106227	-0.43956043956044	0
-0.83028083028083	-0.976800976800977	-1.22100122100122
-2.36874236874237	-0.781440781440781	-0.659340659340659
-1.61172161172161	-1.53846153846154	-0.390720390720391
-1.97802197802198	-0.390720390720391	0.757020757020757
-1.66056166056166	0.195360195360195	0.537240537240537
-0.781440781440781	-0.610500610500611	0.659340659340659
-1.46520146520147	1.41636141636142	0.927960927960928
0.21978021978022	0.732600732600733	0.659340659340659
-0.146520146520147	1.95360195360195	0.659340659340659
0.390720390720391	1.61172161172161	0.0732600732600733
0.781440781440781	0.903540903540904	-0.757020757020757
0.903540903540904	2.1978021978022	0.805860805860806
1.39194139194139	0.586080586080586	0.366300366300366
-0.317460317460317	0.170940170940171	1.24542124542125
-1.31868131868132	-0.683760683760684	0.732600732600733
-0.586080586080586	-0.976800976800977	1.0989010989011
-0.659340659340659	0.757020757020757	1.46520146520147
-0.488400488400488	-0.976800976800977	1.75824175824176
-0.366300366300366	0	1.73382173382173
-1.83150183150183	-0.927960927960928	0.268620268620269
-2.68620268620269	-1.83150183150183	0.293040293040293
-1.80708180708181	-0.781440781440781	-0.781440781440781
-1.80708180708181	-1.53846153846154	-0.952380952380952
-2.58852258852259	-0.781440781440781	-1.39194139194139
-2.17338217338217	1.1965811965812	-0.683760683760684
-1.26984126984127	0.0732600732600733	-0.268620268620269
-1.05006105006105	1.48962148962149	0.659340659340659
-0.21978021978022	0.170940170940171	0.952380952380952
0.415140415140415	0.463980463980464	0.83028083028083
0.244200244200244	0.781440781440781	-0.390720390720391
0.537240537240537	-0.537240537240537	-0.317460317460317
-0.976800976800977	-0.170940170940171	-0.0976800976800977
0.317460317460317	-0.268620268620269	-0.0976800976800977
-0.708180708180708	1.17216117216117	-0.170940170940171
0.317460317460317	0.610500610500611	1.36752136752137
0.537240537240537	-1.07448107448107	0.561660561660562
0.83028083028083	0.537240537240537	1.1965811965812
-0.390720390720391	-1.24542124542125	1.22100122100122
-0.634920634920635	-0.561660561660562	1.001221001221
-0.976800976800977	-0.781440781440781	0.195360195360195
-1.34310134310134	-0.879120879120879	0.512820512820513
-1.80708180708181	-0.586080586080586	0.610500610500611
-0.586080586080586	-1.88034188034188	0.659340659340659
0.293040293040293	-0.659340659340659	0.366300366300366
-0.610500610500611	-1.46520146520147	-0.341880341880342
0.463980463980464	-2.14896214896215	0.0488400488400488
-0.879120879120879	-1.39194139194139	-0.122100122100122
-0.0732600732600733	-2.17338217338217	0.537240537240537
-2.2954822954823	-1.63614163614164	0.634920634920635
-0.537240537240537	-1.56288156288156	-0.0976800976800977
-1.001221001221	-2.46642246642247	-1.92918192918193
-3.1990231990232	-1.31868131868132	-0.195360195360195
-2.07570207570208	-1.70940170940171	0.390720390720391
-2.41758241758242	-1.88034188034188	0.122100122100122
-2.73504273504274	-0.805860805860806	0
-1.97802197802198	-0.952380952380952	0.879120879120879
-1.58730158730159	0.122100122100122	1.24542124542125
-0.781440781440781	0.170940170940171	1.34310134310134
-1.17216117216117	1.85592185592186	0.317460317460317
-1.34310134310134	1.1965811965812	0.757020757020757
-0.927960927960928	0.512820512820513	0.927960927960928
-2.2954822954823	0.21978021978022	0.634920634920635
-2.66178266178266	-0.683760683760684	0.781440781440781
-2.49084249084249	-1.53846153846154	0.0976800976800977
-2.51526251526252	-1.46520146520147	0.634920634920635
-2.53968253968254	-2.1001221001221	-0.195360195360195
-3.32112332112332	-1.61172161172161	-0.0976800976800977
-0.927960927960928	-2.41758241758242	0.537240537240537
-1.41636141636142	-2.75946275946276	0.732600732600733
-1.24542124542125	-2.46642246642247	0.268620268620269
-0.170940170940171	-4.42002442002442	-0.757020757020757
-1.07448107448107	-2.63736263736264	-0.122100122100122
-0.488400488400488	-3.39438339438339	0.317460317460317
-1.29426129426129	-2.05128205128205	-0.21978021978022
-1.31868131868132	-2.22222222222222	0.122100122100122
-0.610500610500611	-3.12576312576313	-0.708180708180708
-1.97802197802198	-3.07692307692308	-1.53846153846154
-2.34432234432234	-4.27350427350427	-1.80708180708181
-1.53846153846154	-2.46642246642247	-1.78266178266178
-1.41636141636142	-1.22100122100122	-1.36752136752137
-1.83150183150183	-1.83150183150183	-2.73504273504274
-1.07448107448107	0.317460317460317	-1.07448107448107
-1.22100122100122	0.170940170940171	-0.43956043956044
-2.95482295482295	0.341880341880342	-0.708180708180708
-3.003663003663	0.146520146520147	-0.757020757020757
-3.27228327228327	-0.537240537240537	-0.879120879120879
-4.46886446886447	0.903540903540904	-0.43956043956044
-0.561660561660562	1.58730158730159	0.244200244200244
-2.1001221001221	1.85592185592186	0.341880341880342
-1.05006105006105	1.68498168498168	-0.0976800976800977
-0.708180708180708	0.903540903540904	-0.43956043956044
-1.83150183150183	1.70940170940171	-0.976800976800977
-1.36752136752137	0.146520146520147	0.0732600732600733
-1.70940170940171	-0.170940170940171	-0.21978021978022
-1.53846153846154	0.561660561660562	0.0976800976800977
-0.463980463980464	-0.268620268620269	0.854700854700855
0.0976800976800977	0.512820512820513	2.07570207570208
-0.341880341880342	-1.36752136752137	0.976800976800977
-0.317460317460317	-1.1965811965812	1.36752136752137
-0.195360195360195	-1.36752136752137	1.36752136752137
-1.07448107448107	-3.95604395604396	0.463980463980464
-2.34432234432234	-4.56654456654457	-0.659340659340659
-1.48962148962149	-5.47008547008547	-0.268620268620269
-2.49084249084249	-5.47008547008547	-0.390720390720391
-4.17582417582418	-5.32356532356532	-1.24542124542125
-1.75824175824176	-6.08058608058608	-1.36752136752137
-1.07448107448107	-3.58974358974359	0.244200244200244
-0.708180708180708	-4.02930402930403	0.927960927960928
-0.244200244200244	-3.32112332112332	0.146520146520147
1.001221001221	-2.75946275946276	-0.0976800976800977
0.537240537240537	-3.32112332112332	-0.390720390720391
0.732600732600733	-1.85592185592186	0.293040293040293
3.46764346764347	-2.46642246642247	0.683760683760684
1.70940170940171	-1.41636141636142	2.05128205128205
2.71062271062271	-0.293040293040293	1.75824175824176
1.68498168498168	-1.66056166056166	0.903540903540904
0.610500610500611	-0.634920634920635	1.36752136752137
0.537240537240537	-1.85592185592186	1.0989010989011
0.146520146520147	-0.366300366300366	1.46520146520147
0.610500610500611	-0.781440781440781	2.02686202686203
0.854700854700855	-1.85592185592186	1.12332112332112
0.0488400488400488	-0.122100122100122	1.56288156288156
0.781440781440781	-0.757020757020757	1.48962148962149
1.07448107448107	0.0244200244200244	1.17216117216117
0.366300366300366	0	0.83028083028083
1.61172161172161	-0.634920634920635	-0.390720390720391
0.463980463980464	-0.561660561660562	0.781440781440781
-0.21978021978022	-1.0989010989011	-0.415140415140415
0.415140415140415	0	0.537240537240537
-0.537240537240537	0.757020757020757	1.17216117216117
1.14774114774115	0.268620268620269	1.73382173382173
0.854700854700855	1.73382173382173	2.002442002442
1.31868131868132	0.854700854700855	0.83028083028083
0.805860805860806	1.29426129426129	0.366300366300366
-0.512820512820513	1.02564102564103	-0.463980463980464
-0.512820512820513	-0.488400488400488	-1.44078144078144
-1.36752136752137	0	-0.293040293040293
-2.61294261294261	-1.05006105006105	-0.390720390720391
-3.17460317460317	-1.07448107448107	-0.659340659340659
-2.85714285714286	-0.976800976800977	-0.952380952380952
-2.73504273504274	-1.51404151404151	-1.53846153846154
-3.2967032967033	-0.512820512820513	-1.70940170940171
-2.1978021978022	-0.854700854700855	-0.43956043956044
-2.14896214896215	-0.854700854700855	-1.56288156288156
-1.41636141636142	-0.634920634920635	-1.48962148962149
-1.31868131868132	-2.27106227106227	-1.80708180708181
-0.83028083028083	-0.244200244200244	-0.366300366300366
1.34310134310134	-0.43956043956044	-0.195360195360195
0.952380952380952	0.122100122100122	0.561660561660562
0.952380952380952	1.58730158730159	1.46520146520147
0.757020757020757	1.41636141636142	1.48962148962149
0.146520146520147	2.2954822954823	1.22100122100122
1.83150183150183	2.1001221001221	2.12454212454212
0.610500610500611	3.05250305250305	2.1978021978022
1.46520146520147	3.32112332112332	2.93040293040293
1.78266178266178	1.9047619047619	2.95482295482295
1.07448107448107	3.12576312576313	3.44322344322344
0.854700854700855	1.68498168498168	3.27228327228327
1.92918192918193	2.88156288156288	3.02808302808303
2.1978021978022	3.32112332112332	2.002442002442
2.75946275946276	2.12454212454212	2.12454212454212
2.17338217338217	2.17338217338217	1.78266178266178
2.02686202686203	0.463980463980464	2.63736263736264
1.05006105006105	0.854700854700855	2.78388278388278
0.976800976800977	1.66056166056166	2.58852258852259
1.05006105006105	1.31868131868132	1.51404151404151
1.12332112332112	3.46764346764347	1.26984126984127
1.75824175824176	2.97924297924298	2.2954822954823
0.317460317460317	2.17338217338217	2.51526251526252
1.22100122100122	3.003663003663	3.15018315018315
2.22222222222222	1.53846153846154	2.78388278388278
1.66056166056166	2.66178266178266	3.02808302808303
0.586080586080586	1.88034188034188	2.22222222222222
-0.170940170940171	2.97924297924298	1.29426129426129
0.293040293040293	3.27228327228327	-0.0244200244200244
-0.170940170940171	2.31990231990232	-0.0976800976800977
-0.659340659340659	2.31990231990232	0.610500610500611
0.708180708180708	1.0989010989011	1.001221001221
0.83028083028083	1.51404151404151	0.879120879120879
1.83150183150183	1.58730158730159	2.14896214896215
1.9047619047619	1.12332112332112	1.75824175824176
-0.195360195360195	1.14774114774115	0.757020757020757
0.146520146520147	-0.0244200244200244	1.9047619047619
-0.0488400488400488	0.512820512820513	1.07448107448107
-1.66056166056166	-0.170940170940171	1.1965811965812
-0.927960927960928	-0.146520146520147	1.12332112332112
-1.44078144078144	0.634920634920635	0.170940170940171
-0.976800976800977	0.293040293040293	0.488400488400488
-0.879120879120879	0.244200244200244	-0.366300366300366
-0.781440781440781	-1.61172161172161	-0.195360195360195
0.0976800976800977	-2.39316239316239	-1.31868131868132
-2.41758241758242	-1.68498168498168	-1.78266178266178
-1.22100122100122	-2.07570207570208	-0.83028083028083
0.170940170940171	0.537240537240537	0.170940170940171
-1.34310134310134	0.244200244200244	0.0732600732600733
-0.732600732600733	-0.170940170940171	1.05006105006105
-1.80708180708181	-0.0488400488400488	1.17216117216117
-0.927960927960928	0.244200244200244	1.85592185592186
-1.24542124542125	0.293040293040293	1.46520146520147
-1.001221001221	0.195360195360195	0.366300366300366
-0.0976800976800977	0.293040293040293	0.366300366300366
0.21978021978022	1.88034188034188	-0.146520146520147
0.122100122100122	0.341880341880342	-0.195360195360195
-1.92918192918193	-0.415140415140415	-1.85592185592186
-1.85592185592186	0.244200244200244	-2.12454212454212
-0.732600732600733	-0.0976800976800977	-1.92918192918193
-2.51526251526252	0.659340659340659	-0.0488400488400488
-0.268620268620269	0.43956043956044	1.31868131868132
-0.146520146520147	1.36752136752137	1.73382173382173
-1.78266178266178	1.61172161172161	1.75824175824176
-2.27106227106227	0.537240537240537	0.21978021978022
-1.80708180708181	0.903540903540904	1.75824175824176
-1.56288156288156	-0.0488400488400488	1.73382173382173
-1.95360195360195	0.293040293040293	2.41758241758242
0.146520146520147	1.41636141636142	3.1013431013431
1.26984126984127	-0.170940170940171	1.66056166056166
0.757020757020757	0.586080586080586	2.68620268620269
0.488400488400488	0.0488400488400488	1.73382173382173
0.708180708180708	0.512820512820513	0.683760683760684
0	1.41636141636142	1.83150183150183
0.341880341880342	0.43956043956044	2.07570207570208
-0.586080586080586	1.51404151404151	3.1990231990232
-0.195360195360195	0.0732600732600733	3.83394383394383
0.366300366300366	-0.146520146520147	3.44322344322344
0.43956043956044	0.0976800976800977	3.1990231990232
0.122100122100122	-1.39194139194139	0.512820512820513
-1.0989010989011	-0.268620268620269	-0.610500610500611
0.512820512820513	0	-1.05006105006105
-0.732600732600733	0.708180708180708	-0.854700854700855
-0.732600732600733	1.75824175824176	-1.17216117216117
-0.0488400488400488	1.36752136752137	-1.17216117216117
-1.53846153846154	2.58852258852259	-0.195360195360195
-2.17338217338217	1.95360195360195	-0.317460317460317
-2.22222222222222	2.90598290598291	-0.0976800976800977
-2.63736263736264	3.12576312576313	-1.22100122100122
-1.61172161172161	2.51526251526252	-0.463980463980464
-1.26984126984127	2.95482295482295	-0.0976800976800977
0.488400488400488	3.51648351648352	0.927960927960928
0.757020757020757	4.56654456654457	1.56288156288156
-0.244200244200244	4.83516483516483	1.001221001221
0.21978021978022	5.00610500610501	0.805860805860806
0.512820512820513	6.00732600732601	3.12576312576313
0.170940170940171	5.07936507936508	2.02686202686203
1.73382173382173	5.1037851037851	2.68620268620269
0.757020757020757	5.05494505494505	2.17338217338217
2.07570207570208	5.05494505494505	1.61172161172161
1.29426129426129	5.93406593406593	1.78266178266178
1.61172161172161	5.90964590964591	1.53846153846154
1.88034188034188	5.95848595848596	1.31868131868132
1.68498168498168	5.47008547008547	1.29426129426129
1.9047619047619	3.95604395604396	1.14774114774115
0.537240537240537	4.49328449328449	1.22100122100122
0.43956043956044	3.17460317460317	0.732600732600733
-0.610500610500611	3.58974358974359	0.757020757020757
-1.78266178266178	2.80830280830281	0.0976800976800977
-2.22222222222222	0.903540903540904	-1.12332112332112
-2.88156288156288	1.26984126984127	-0.561660561660562
-3.32112332112332	-0.0244200244200244	-0.195360195360195
-3.68742368742369	0.634920634920635	0.244200244200244
-3.15018315018315	1.83150183150183	0.659340659340659
-3.44322344322344	0.805860805860806	0.927960927960928
-5.03052503052503	0.805860805860806	0.122100122100122
-2.66178266178266	0.854700854700855	0.0488400488400488
-3.1990231990232	0.341880341880342	-0.512820512820513
-4.2002442002442	-0.317460317460317	-0.976800976800977
-2.63736263736264	-0.0732600732600733	-0.927960927960928
-3.1013431013431	1.92918192918193	-0.561660561660562
-1.83150183150183	1.17216117216117	0.341880341880342
-2.17338217338217	1.02564102564103	-0.0976800976800977
-1.97802197802198	1.95360195360195	0.488400488400488
-1.83150183150183	0.879120879120879	0.21978021978022
-2.88156288156288	0.708180708180708	0.634920634920635
-2.02686202686203	1.05006105006105	1.97802197802198
-1.80708180708181	0.976800976800977	1.31868131868132
-2.12454212454212	0.952380952380952	1.001221001221
0.0732600732600733	0.805860805860806	1.56288156288156
-0.732600732600733	1.41636141636142	1.61172161172161
0.732600732600733	0.146520146520147	1.75824175824176
-0.43956043956044	0.708180708180708	1.001221001221
-0.757020757020757	1.61172161172161	0.805860805860806
-0.83028083028083	0.805860805860806	0.146520146520147
-1.68498168498168	2.07570207570208	-0.0244200244200244
-1.41636141636142	1.05006105006105	0.170940170940171
-1.61172161172161	1.001221001221	-0.952380952380952
-1.83150183150183	1.05006105006105	-0.805860805860806
-1.39194139194139	1.02564102564103	-0.781440781440781
-2.31990231990232	1.31868131868132	-0.659340659340659
-1.39194139194139	1.24542124542125	-0.610500610500611
-0.757020757020757	0.879120879120879	-1.001221001221
-0.952380952380952	0.195360195360195	-1.68498168498168
-0.512820512820513	-1.26984126984127	-1.24542124542125
-1.29426129426129	-1.80708180708181	-1.73382173382173
-1.66056166056166	-2.46642246642247	-0.146520146520147
-3.36996336996337	-1.97802197802198	-0.976800976800977
-3.02808302808303	-1.66056166056166	-1.0989010989011
-1.78266178266178	-2.05128205128205	-1.26984126984127
-3.22344322344322	-1.34310134310134	-1.1965811965812
-1.83150183150183	-0.170940170940171	-0.708180708180708
-1.1965811965812	-0.0244200244200244	-1.001221001221
-2.56410256410256	-0.757020757020757	-2.34432234432234
-1.31868131868132	-1.31868131868132	-2.17338217338217
-2.36874236874237	-0.683760683760684	-1.68498168498168
-0.952380952380952	-2.61294261294261	-1.1965811965812
-1.44078144078144	-2.56410256410256	-0.976800976800977
-2.17338217338217	-2.97924297924298	-1.22100122100122
-0.952380952380952	-2.83272283272283	-0.317460317460317
-2.17338217338217	-3.1013431013431	-1.44078144078144
-0.683760683760684	-2.95482295482295	-1.24542124542125
-1.0989010989011	-3.1013431013431	-0.805860805860806
-0.170940170940171	-0.781440781440781	-1.24542124542125
-0.268620268620269	-1.85592185592186	-2.24664224664225
-1.29426129426129	-1.29426129426129	-1.70940170940171
-0.195360195360195	-1.001221001221	-1.88034188034188
-0.732600732600733	-0.952380952380952	-1.29426129426129
-0.610500610500611	-0.170940170940171	-2.02686202686203
-0.43956043956044	-1.07448107448107	-2.27106227106227
-0.757020757020757	-1.001221001221	-2.12454212454212
-1.34310134310134	-1.85592185592186	-2.73504273504274
-1.66056166056166	-1.31868131868132	-2.36874236874237
-1.70940170940171	-1.92918192918193	-2.44200244200244
-1.0989010989011	-2.75946275946276	-2.83272283272283
-1.51404151404151	-1.17216117216117	-1.53846153846154
-0.708180708180708	-2.51526251526252	-2.22222222222222
-0.683760683760684	-1.92918192918193	-1.001221001221
-0.903540903540904	-1.80708180708181	-1.14774114774115
0.366300366300366	-2.49084249084249	-1.36752136752137
-1.17216117216117	-2.02686202686203	0.488400488400488
-0.952380952380952	-2.71062271062271	0.21978021978022
-1.61172161172161	-1.95360195360195	-0.43956043956044
-0.634920634920635	-1.85592185592186	-1.31868131868132
-1.0989010989011	-2.85714285714286	-1.68498168498168
-1.07448107448107	-1.46520146520147	-1.80708180708181
-1.41636141636142	-3.78510378510378	-2.85714285714286
-1.78266178266178	-3.85836385836386	-3.36996336996337
-2.46642246642247	-4.71306471306471	-3.66300366300366
-2.39316239316239	-5.32356532356532	-4.05372405372405
-3.63858363858364	-4.73748473748474	-3.95604395604396
-1.83150183150183	-4.1025641025641	-2.75946275946276
-2.73504273504274	-3.98046398046398	-2.66178266178266
-3.66300366300366	-3.15018315018315	-1.9047619047619
-2.07570207570208	-4.004884004884	-2.71062271062271
-4.49328449328449	-3.003663003663	-1.48962148962149
-2.1978021978022	-3.93162393162393	0.732600732600733
-3.27228327228327	-4.51770451770452	0.341880341880342
-2.58852258852259	-2.53968253968254	1.63614163614164
-0.293040293040293	-3.07692307692308	2.71062271062271
-0.757020757020757	-1.39194139194139	3.12576312576313
-0.341880341880342	-2.71062271062271	0.537240537240537
0.854700854700855	-1.05006105006105	0.683760683760684
0.463980463980464	-1.29426129426129	-0.586080586080586
1.63614163614164	-2.27106227106227	-0.879120879120879
-1.001221001221	-0.83028083028083	-0.927960927960928
0.634920634920635	-2.44200244200244	-0.561660561660562
1.1965811965812	-1.75824175824176	-0.732600732600733
-0.0244200244200244	-2.1978021978022	-1.39194139194139
-0.293040293040293	-3.73626373626374	-2.36874236874237
-0.537240537240537	-2.002442002442	-3.05250305250305
0.0732600732600733	-2.2954822954823	-2.22222222222222
-0.659340659340659	-1.63614163614164	-1.75824175824176
-0.195360195360195	-1.53846153846154	-1.34310134310134
0.634920634920635	-2.24664224664225	-0.366300366300366
-0.146520146520147	-1.56288156288156	0.0244200244200244
1.9047619047619	-1.39194139194139	1.61172161172161
0.390720390720391	-0.43956043956044	1.39194139194139
1.001221001221	0.0244200244200244	0.415140415140415
0.732600732600733	-0.293040293040293	0.586080586080586
-0.561660561660562	-0.537240537240537	0.43956043956044
0.586080586080586	-1.001221001221	0.781440781440781
0.903540903540904	-0.732600732600733	-0.317460317460317
0.43956043956044	-0.586080586080586	-0.512820512820513
3.22344322344322	-1.66056166056166	0.0732600732600733
2.22222222222222	-0.561660561660562	-0.390720390720391
3.51648351648352	-0.805860805860806	1.78266178266178
4.3956043956044	0.732600732600733	0.83028083028083
4.46886446886447	1.12332112332112	0.561660561660562
2.71062271062271	-0.366300366300366	-0.146520146520147
2.34432234432234	0.0244200244200244	0.43956043956044
1.61172161172161	-1.53846153846154	-0.415140415140415
0.83028083028083	-2.44200244200244	-0.341880341880342
0.415140415140415	-1.73382173382173	0.879120879120879
1.0989010989011	-3.15018315018315	0.512820512820513
0.122100122100122	-2.1978021978022	0.683760683760684
0.634920634920635	-2.97924297924298	0.634920634920635
-1.17216117216117	-3.58974358974359	-1.001221001221
-1.31868131868132	-3.17460317460317	-1.29426129426129
-1.07448107448107	-4.12698412698413	-1.34310134310134
-0.683760683760684	-2.80830280830281	-0.976800976800977
-0.366300366300366	-3.56532356532357	-0.195360195360195
-0.561660561660562	-2.85714285714286	0.293040293040293
-1.95360195360195	-3.88278388278388	0.561660561660562
1.34310134310134	-2.97924297924298	1.29426129426129
-0.390720390720391	-2.24664224664225	0.415140415140415
1.80708180708181	-1.31868131868132	2.002442002442
2.17338217338217	-0.659340659340659	1.95360195360195
2.95482295482295	-0.0732600732600733	1.26984126984127
1.78266178266178	-0.463980463980464	1.0989010989011
0.781440781440781	-0.317460317460317	0.341880341880342
0	-0.879120879120879	0.122100122100122
0.463980463980464	-0.634920634920635	0.21978021978022
-0.390720390720391	-1.31868131868132	-0.781440781440781
0.415140415140415	-1.73382173382173	-0.854700854700855
0.683760683760684	-1.83150183150183	-0.805860805860806
0.976800976800977	-3.003663003663	-0.488400488400488
0.586080586080586	-3.95604395604396	-1.05006105006105
0.854700854700855	-4.1025641025641	-1.17216117216117
1.88034188034188	-4.3956043956044	-1.29426129426129
1.58730158730159	-3.80952380952381	-0.757020757020757
1.63614163614164	-4.27350427350427	-0.708180708180708
2.31990231990232	-3.003663003663	0.659340659340659
0.170940170940171	-3.46764346764347	-0.83028083028083
0.732600732600733	-5.88522588522589	-1.70940170940171
0.512820512820513	-5.34798534798535	-1.34310134310134
1.17216117216117	-6.03174603174603	-1.001221001221
2.80830280830281	-5.03052503052503	-0.268620268620269
1.68498168498168	-5.68986568986569	-0.0976800976800977
3.15018315018315	-4.44444444444444	0.903540903540904
2.2954822954823	-3.58974358974359	0.83028083028083
2.51526251526252	-3.93162393162393	1.63614163614164
2.07570207570208	-3.003663003663	1.58730158730159
3.1990231990232	-1.68498168498168	1.97802197802198
4.61538461538461	-2.31990231990232	2.1001221001221
4.71306471306471	-0.781440781440781	1.95360195360195
4.1025641025641	-1.73382173382173	1.26984126984127
3.93162393162393	-1.12332112332112	2.78388278388278
2.34432234432234	-0.708180708180708	1.44078144078144
1.80708180708181	-2.80830280830281	0.683760683760684
1.0989010989011	-2.75946275946276	1.17216117216117
1.83150183150183	-3.05250305250305	0.903540903540904
2.14896214896215	-3.49206349206349	0.805860805860806
1.70940170940171	-2.56410256410256	0.561660561660562
2.95482295482295	-3.22344322344322	1.12332112332112
2.61294261294261	-2.44200244200244	0.512820512820513
3.46764346764347	-3.85836385836386	0.415140415140415
2.58852258852259	-5.56776556776557	0.0488400488400488
2.80830280830281	-5.17704517704518	0.244200244200244
3.61416361416361	-5.90964590964591	0.732600732600733
1.44078144078144	-5.07936507936508	1.51404151404151
2.2954822954823	-4.56654456654457	1.53846153846154
1.39194139194139	-4.76190476190476	-1.17216117216117
0.903540903540904	-4.17582417582418	-0.659340659340659
1.1965811965812	-6.03174603174603	-1.83150183150183
-1.9047619047619	-6.1050061050061	-3.1990231990232
-0.0732600732600733	-5.25030525030525	-0.0488400488400488
-0.0488400488400488	-4.76190476190476	1.29426129426129
-0.0732600732600733	-4.07814407814408	-0.122100122100122
2.07570207570208	-3.32112332112332	1.34310134310134
1.31868131868132	-2.44200244200244	1.61172161172161
1.78266178266178	-3.32112332112332	1.41636141636142
1.39194139194139	-3.32112332112332	0.586080586080586
1.75824175824176	-2.002442002442	0.879120879120879
2.73504273504274	-2.95482295482295	-0.317460317460317
2.12454212454212	-0.976800976800977	0.0976800976800977
3.80952380952381	-1.61172161172161	0.561660561660562
3.003663003663	-0.781440781440781	0.195360195360195
2.49084249084249	-0.83028083028083	0.805860805860806
5.25030525030525	-1.51404151404151	0.683760683760684
2.2954822954823	-1.07448107448107	1.46520146520147
3.58974358974359	-0.659340659340659	1.9047619047619
2.85714285714286	-0.244200244200244	1.70940170940171
1.95360195360195	0.512820512820513	1.70940170940171
2.80830280830281	-0.634920634920635	1.26984126984127
1.58730158730159	-0.293040293040293	1.22100122100122
2.27106227106227	-0.390720390720391	1.58730158730159
2.90598290598291	0	0.390720390720391
4.34676434676435	1.75824175824176	2.85714285714286
3.61416361416361	1.34310134310134	2.39316239316239
3.95604395604396	2.31990231990232	2.83272283272283
4.15140415140415	1.02564102564103	3.22344322344322
4.2979242979243	1.07448107448107	1.41636141636142
1.29426129426129	0.610500610500611	0.146520146520147
0.903540903540904	-0.732600732600733	-1.48962148962149
-0.122100122100122	0.854700854700855	-1.73382173382173
1.56288156288156	1.0989010989011	-3.34554334554335
1.78266178266178	2.68620268620269	-1.95360195360195
1.88034188034188	3.39438339438339	-1.75824175824176
0.854700854700855	2.73504273504274	-2.14896214896215
1.41636141636142	3.80952380952381	-1.92918192918193
0.122100122100122	2.05128205128205	-1.78266178266178
0.586080586080586	1.9047619047619	-1.70940170940171
0.781440781440781	1.80708180708181	-2.17338217338217
1.66056166056166	0.586080586080586	-2.07570207570208
-0.122100122100122	1.34310134310134	-0.0976800976800977
0.708180708180708	1.31868131868132	0.0732600732600733
-0.268620268620269	1.63614163614164	0.366300366300366
-0.879120879120879	1.9047619047619	0.170940170940171
0.634920634920635	0.952380952380952	-0.146520146520147
0.634920634920635	1.34310134310134	-0.757020757020757
-0.0488400488400488	0.0976800976800977	-1.39194139194139
0.854700854700855	1.02564102564103	-0.659340659340659
-0.341880341880342	0.0976800976800977	-1.97802197802198
0.43956043956044	-1.29426129426129	-2.63736263736264
0.146520146520147	-0.0976800976800977	-2.05128205128205
0.903540903540904	0.0732600732600733	-0.293040293040293
1.78266178266178	1.05006105006105	-0.390720390720391
2.27106227106227	1.80708180708181	0.659340659340659
0.952380952380952	0.341880341880342	-0.805860805860806
1.46520146520147	1.66056166056166	-0.537240537240537
0.732600732600733	0.317460317460317	-0.146520146520147
0.170940170940171	-0.244200244200244	-1.0989010989011
-0.732600732600733	-0.0488400488400488	-1.22100122100122
-0.390720390720391	-0.976800976800977	-0.244200244200244
0	0.146520146520147	-1.001221001221
0.268620268620269	-0.390720390720391	-1.44078144078144
-0.43956043956044	0.268620268620269	-1.1965811965812
-0.366300366300366	0	0.146520146520147
2.12454212454212	0.415140415140415	-0.341880341880342
0.21978021978022	0.268620268620269	0.390720390720391
0.732600732600733	-0.488400488400488	1.001221001221
1.53846153846154	-1.17216117216117	0.683760683760684
0.244200244200244	-0.927960927960928	-1.31868131868132
0.561660561660562	-2.97924297924298	-3.02808302808303
0.390720390720391	-1.26984126984127	-2.14896214896215
1.14774114774115	-1.85592185592186	-1.22100122100122
1.26984126984127	-0.537240537240537	-0.634920634920635
2.83272283272283	0.903540903540904	0.537240537240537
2.49084249084249	-0.512820512820513	0.415140415140415
3.39438339438339	0.976800976800977	0.952380952380952
3.98046398046398	0.659340659340659	1.22100122100122
3.003663003663	-0.244200244200244	1.66056166056166
3.58974358974359	0.659340659340659	1.12332112332112
3.02808302808303	-0.683760683760684	0.170940170940171
1.0989010989011	-0.879120879120879	0.683760683760684
1.88034188034188	-0.854700854700855	0.854700854700855
2.36874236874237	-0.512820512820513	1.0989010989011
1.9047619047619	-0.463980463980464	0.0244200244200244
2.61294261294261	-0.976800976800977	0.122100122100122
1.88034188034188	0.0976800976800977	1.31868131868132
2.85714285714286	-0.708180708180708	0.732600732600733
4.34676434676435	0.43956043956044	1.24542124542125
3.1013431013431	1.73382173382173	1.75824175824176
3.1013431013431	1.001221001221	2.17338217338217
3.51648351648352	2.24664224664225	1.70940170940171
1.63614163614164	0.708180708180708	1.68498168498168
1.61172161172161	0.732600732600733	2.07570207570208
0.952380952380952	0.879120879120879	1.44078144078144
2.05128205128205	-0.927960927960928	0.757020757020757
0.683760683760684	0.293040293040293	1.07448107448107
1.88034188034188	-0.0488400488400488	1.68498168498168
1.07448107448107	-0.341880341880342	0.854700854700855
1.0989010989011	0.927960927960928	1.14774114774115
0.683760683760684	-0.634920634920635	0.512820512820513
0.122100122100122	1.61172161172161	2.1001221001221
0.659340659340659	0.976800976800977	1.9047619047619
-0.195360195360195	0.854700854700855	1.05006105006105
1.1965811965812	0.952380952380952	1.53846153846154
1.46520146520147	-0.146520146520147	1.58730158730159
0.732600732600733	0.537240537240537	1.75824175824176
2.90598290598291	0.366300366300366	1.83150183150183
3.24786324786325	0.293040293040293	1.97802197802198
3.17460317460317	1.85592185592186	2.95482295482295
4.34676434676435	1.34310134310134	2.36874236874237
4.73748473748474	3.07692307692308	3.32112332112332
5.37240537240537	2.49084249084249	4.3956043956044
4.22466422466422	2.58852258852259	3.98046398046398
3.24786324786325	3.1013431013431	3.78510378510378
3.44322344322344	1.97802197802198	2.63736263736264
2.002442002442	2.1978021978022	2.61294261294261
2.68620268620269	1.26984126984127	2.97924297924298
2.90598290598291	2.27106227106227	2.97924297924298
2.51526251526252	2.1978021978022	2.66178266178266
2.78388278388278	0.659340659340659	1.83150183150183
1.14774114774115	1.58730158730159	2.34432234432234
0.903540903540904	0.732600732600733	2.34432234432234
0.683760683760684	0.976800976800977	2.75946275946276
0.488400488400488	1.73382173382173	2.51526251526252
2.1001221001221	1.02564102564103	3.2967032967033
2.66178266178266	2.1001221001221	3.66300366300366
3.36996336996337	1.75824175824176	4.66422466422466
3.46764346764347	2.22222222222222	4.68864468864469
3.88278388278388	2.02686202686203	4.15140415140415
2.88156288156288	0.537240537240537	3.58974358974359
1.80708180708181	1.83150183150183	3.2967032967033
2.73504273504274	0.781440781440781	2.61294261294261
2.31990231990232	-0.463980463980464	1.73382173382173
1.36752136752137	-0.781440781440781	1.12332112332112
2.93040293040293	-1.85592185592186	0.390720390720391
3.22344322344322	-0.927960927960928	1.36752136752137
2.49084249084249	-0.659340659340659	2.1978021978022
2.31990231990232	-0.366300366300366	2.61294261294261
1.9047619047619	0.610500610500611	3.34554334554335
2.93040293040293	-1.26984126984127	1.95360195360195
2.27106227106227	-0.170940170940171	2.12454212454212
2.12454212454212	-1.9047619047619	2.24664224664225
2.1978021978022	-1.78266178266178	0.976800976800977
1.17216117216117	-0.976800976800977	2.002442002442
1.66056166056166	-1.07448107448107	2.07570207570208
0.488400488400488	-0.21978021978022	2.31990231990232
1.61172161172161	-0.634920634920635	2.49084249084249
1.70940170940171	-0.268620268620269	3.07692307692308
1.14774114774115	-0.43956043956044	2.31990231990232
1.75824175824176	-0.610500610500611	2.41758241758242
-0.0732600732600733	-0.146520146520147	1.88034188034188
0.244200244200244	-0.561660561660562	1.70940170940171
0.586080586080586	0.0976800976800977	1.12332112332112
-0.170940170940171	0.0488400488400488	-0.781440781440781
-0.512820512820513	-1.56288156288156	-1.07448107448107
-0.341880341880342	-0.366300366300366	0.781440781440781
1.97802197802198	-0.879120879120879	1.83150183150183
0.512820512820513	-1.36752136752137	1.73382173382173
-0.293040293040293	-0.805860805860806	3.1013431013431
0.952380952380952	-2.002442002442	4.2002442002442
0.561660561660562	-1.22100122100122	4.42002442002442
0.268620268620269	-1.73382173382173	4.17582417582418
0	-0.757020757020757	5.22588522588523
0.952380952380952	0.43956043956044	5.95848595848596
1.07448107448107	-1.12332112332112	4.42002442002442
-0.610500610500611	0.341880341880342	4.02930402930403
0.0244200244200244	-0.610500610500611	5.25030525030525
-0.903540903540904	-0.683760683760684	4.004884004884
-2.34432234432234	-0.293040293040293	4.34676434676435
-0.781440781440781	-0.854700854700855	4.34676434676435
-1.61172161172161	-0.0976800976800977	5.2014652014652
-1.36752136752137	-0.732600732600733	4.54212454212454
-1.1965811965812	-0.463980463980464	4.24908424908425
-0.293040293040293	-0.0244200244200244	4.49328449328449
-0.463980463980464	-1.31868131868132	3.15018315018315
-0.903540903540904	-0.610500610500611	3.63858363858364
0.293040293040293	0.537240537240537	3.68742368742369
-0.21978021978022	-0.415140415140415	2.56410256410256
-0.415140415140415	1.17216117216117	2.68620268620269
-0.488400488400488	-0.708180708180708	2.24664224664225
-0.952380952380952	-0.537240537240537	2.34432234432234
-0.732600732600733	-1.63614163614164	2.85714285714286
0.122100122100122	-0.659340659340659	3.34554334554335
-0.610500610500611	-1.001221001221	2.24664224664225
-0.146520146520147	-1.73382173382173	1.39194139194139
-0.610500610500611	-1.36752136752137	2.24664224664225
-1.1965811965812	-2.58852258852259	1.46520146520147
-1.58730158730159	-2.75946275946276	1.05006105006105
-2.83272283272283	-3.27228327228327	0.512820512820513
-3.27228327228327	-4.12698412698413	0.732600732600733
-2.53968253968254	-2.44200244200244	0.537240537240537
-2.80830280830281	-4.24908424908425	0.463980463980464
-2.68620268620269	-3.90720390720391	-0.293040293040293
-2.49084249084249	-3.71184371184371	-0.122100122100122
-2.95482295482295	-4.46886446886447	-0.390720390720391
-3.51648351648352	-3.83394383394383	0.659340659340659
-2.97924297924298	-4.24908424908425	1.36752136752137
-1.78266178266178	-2.83272283272283	1.66056166056166
-2.02686202686203	-2.61294261294261	1.26984126984127
-1.1965811965812	-3.003663003663	0.879120879120879
-2.34432234432234	-1.41636141636142	1.31868131868132
-2.1978021978022	-1.58730158730159	1.44078144078144
-0.83028083028083	0.170940170940171	2.24664224664225
-1.70940170940171	-0.0488400488400488	1.12332112332112
-1.61172161172161	-1.05006105006105	1.9047619047619
-1.58730158730159	-0.757020757020757	1.34310134310134
-1.78266178266178	-2.24664224664225	1.80708180708181
-1.48962148962149	-2.78388278388278	1.26984126984127
-2.1978021978022	-1.70940170940171	1.14774114774115
0.146520146520147	-1.83150183150183	1.12332112332112
-1.001221001221	-0.488400488400488	1.34310134310134
-1.22100122100122	-1.05006105006105	0.83028083028083
