-7.29686427100023	-0.89417868314641	-6.2226291294728
-6.17685206378271	-0.576791027695125	-6.85130083161669
-6.26230258640421	-0.0396734569314107	-7.09544518196384
-7.48607614251926	-0.418097199969482	-5.83199816891737
-4.9408712901503	2.25833524071107	-2.89311055161364
-2.01113908598459	5.468833447776	-0.357061112382696
-3.97039749752041	7.08018616006714	1.25123979552911
0.125123979552911	8.95094224460212	3.18608377203021
-0.064087891966125	9.37514305333028	3.39971007858396
-0.134279392690929	8.85023270008393	1.90432593270771
0.750743877317464	8.34973678187228	0.433356221866178
-1.04371709773404	9.02418554970626	0.747692072938125
0.445563439383536	8.14221408407721	-0.830090791180285
-1.70901045243	7.94995040817884	-0.918593118181125
0.750743877317464	6.92759594110018	0.341802090486
-0.0671396963454643	4.68146791790646	-1.4679179064622
-1.25734340428779	2.1210040436408	-2.24612802319371
0.81177996490425	3.65606164644846	-2.30106050202182
4.09246967269398	4.40985732814527	-0.900282291905089
6.94895857175555	3.54924849317159	-2.03860532539864
3.35393301289387	3.41802090486	-0.222781719691768
2.38345922026398	1.06202792401007	-0.262455176623178
0.399786373693446	-3.42717631799802	-2.221713588159
-5.10261692225528	-5.32539864194705	-4.15350576028077
-4.79743648432135	-6.42099641412985	-5.92050049591821
-4.87678339818418	-6.26840619516289	-6.98558022430762
-4.7699702449073	-6.59800106813153	-8.0018310826276
-3.43022812237736	-4.76691844052796	-6.64377813382162
-6.00289921416037	-5.86861982146944	-8.76173037308309
-4.22369726100557	-3.7445639734493	-7.89806973373007
-1.45876249332418	-0.610360875867857	-5.65194171053635
4.38849469748989	1.44960708018616	-5.38643472953384
-1.33363851377127	-0.463874265659571	-4.26031891355764
0.274662394140536	0.619516289005875	-4.56549935149157
1.196307316701	-3.37529564354925	-4.09246967269398
-0.259403372243839	-4.51667048142214	-3.68963149462119
-1.47096971084154	-4.20843823910887	-3.48516060120546
0.04272526131075	-4.45258258945602	-4.13519493400473
-0.411993591210803	-3.40581368734264	-3.17998016327153
-1.18410009918364	-4.12298771648737	-4.51667048142214
-0.830090791180285	-3.8300144960708	-5.84115358205539
-0.448615243762875	-1.58693827725643	-2.8198672465095
3.57061112382696	2.38345922026398	-2.2919050888838
1.03761348897536	3.03349355306325	-1.14747844663157
2.41397726405737	5.01716639963378	0.991836423285267
-0.347905699244678	4.57465476462959	0.698863202868696
-5.36507209887846	2.82291905088884	0.744640268558785
-2.45975432974746	-0.271610589761196	-2.08133058670939
-4.38544289311055	-1.94705119401846	-2.42923628595407
-0.985732814526589	1.32753490501259	0.430304417486839
-1.24513618677043	0.756847486076142	1.09254596780346
0.38452735179675	2.07827878233005	1.20546272983902
-0.466926070038911	4.1718165865568	4.18402380407416
-1.12306401159686	2.39566643778134	2.24612802319371
0.103761348897536	3.43327992675669	1.77004654001678
-1.10475318532082	3.10978866254673	0.512703135729
-1.24208438239109	4.60517280842298	-1.13832303349355
2.29800869764248	7.30907148851759	-0.408941786831464
1.99588006408789	7.11375600823987	-0.80872816052491
1.88296330205234	3.43633173113603	-1.88906691081102
0.418097199969482	-0.292973220416571	-1.68764782177462
1.025406271458	-2.02639810788128	-1.00404364080262
-1.27870603494316	-2.88090333409628	-0.527962157625696
-1.57778286411841	-3.1616693369955	-0.891126878767071
0.689707789730678	0.00305180437933928	-0.292973220416571
2.20035095750362	1.63271534294652	2.26443884946975
4.11078049897002	4.09246967269398	4.13214312962539
5.26131074998093	6.29587243457694	4.97444113832303
2.98771648737316	6.18600747692073	4.19928282597086
4.94392309452964	5.8960860608835	4.24811169604028
2.13015945677882	6.4637216754406	3.69573510337987
1.37941557946136	7.87365529869535	2.35904478522927
-1.93179217212177	2.76798657206073	-0.259403372243839
-5.16975661860075	-1.43129625391012	-1.25734340428779
-5.87472343022812	-3.39360646982528	-0.0122072175173571
-5.13923857480736	-3.80560006103609	-1.4679179064622
-5.33760585946441	-4.92561226825361	-2.33463035019455
-5.50545510032807	-3.21049820706493	-0.372320134279393
0.0122072175173571	1.025406271458	0.787365529869535
-1.17494468604562	1.83108262760357	-0.195315480277714
1.41908903639277	2.2369726100557	-0.0305180437933928
1.28786144808118	2.86564431219959	-0.0366216525520714
1.58693827725643	5.01411459525444	1.05897611963073
1.11696040283818	5.2674143587396	1.60219729915312
0.720225833524071	6.50949874113069	4.07415884641794
-0.0579842832074464	5.28877698939498	3.64385442893111
-3.05790798809796	1.57473105973907	2.65201800564584
-1.19020370794232	1.68764782177462	3.45464255741207
2.42008087281605	3.25932707713436	4.31219958800641
3.92462043183032	5.68551155870909	6.06393530174716
2.92973220416571	6.12497138933394	7.52880140383001
7.38536659800107	11.8776226443885	10.8857862211032
9.75356679636835	15.1888303959716	12.6955062180514
3.66826886396582	13.3791103990234	10.8888380254826
5.93270771343557	14.0871290150301	9.93667505912871
3.10063324940871	11.9996948195621	8.67933165484092
4.63263904783703	12.1187151903563	6.55832761120012
2.8046082246128	9.23170824750133	6.21347371633478
-0.0305180437933928	4.65400167849241	3.59197375448234
-2.0355535210193	1.94094758525978	2.36514839398795
0.46997787441825	1.26955062180514	2.34988937209125
-1.21461814297704	-0.280766002899214	2.21560997940032
3.61028458075837	1.26955062180514	0.930800335698482
2.01724269474327	1.5533684290837	0.503547722590982
5.32845044632639	3.89410238803693	2.6642252231632
3.70489051651789	3.72320134279393	2.59403372243839
5.04463263904784	6.57358663309682	4.45258258945602
5.83504997329671	8.0018310826276	5.51461051346609
4.74250400549325	5.48714427405203	4.77912565804532
3.17692835889219	4.0161745632105	3.65606164644846
0.790417334248875	-1.07728694590677	2.7496757457847
-0.671396963454643	-3.21355001144427	1.25429159990845
-1.66323338673991	-3.21965362020295	0.387579156176089
1.66933699549859	-0.89417868314641	2.84122987716487
2.77714198519875	0.833142595559625	4.12909132524605
2.98466468299382	1.9501029983978	4.24811169604028
2.30106050202182	5.50545510032807	5.77401388570993
4.30304417486839	5.56343938353552	4.31830319676509
3.59502555886168	4.95307850766766	4.07415884641794
7.93774319066148	8.38941023880369	5.52681773098344
7.41283283741512	5.82894636453803	1.83413443198291
2.905317769131	2.93583581292439	2.6337071793698
0.830090791180285	0.195315480277714	2.76798657206073
-1.50148775463493	-0.775158312352178	2.45059891660945
-2.20340276188296	-0.711070420386053	2.88090333409628
-0.2563515678645	0.314335851071946	3.17998016327153
0.0366216525520714	1.48622873273823	2.80155642023346
3.588921950103	6.59189745937285	5.77706569008927
2.18814373998627	5.8960860608835	1.91348134584573
-0.317387655451286	7.85534447241932	1.95620660715648
3.08537422751202	8.87464713511864	4.1718165865568
1.61745632104982	7.88891432059205	2.50553139543755
3.00297550926986	7.76379034103914	3.55230029755093
2.54215304798962	4.15350576028077	2.29800869764248
4.91340505073625	3.61028458075837	5.50850690470741
5.18806744487678	3.83306630045014	5.5390249485008
1.85549706263828	1.77004654001678	4.37018387121385
5.88387884336614	2.87479972533761	4.86457618066682
3.04264896620127	1.68764782177462	3.69268329900053
1.00404364080262	-0.247196154726482	1.83413443198291
-1.1810482948043	-1.27260242618448	1.42519264515145
-0.628671702143893	1.13527122911421	2.37430380712596
-1.48928053711757	0.204470893415732	0.143434805828946
-2.60013733119707	-1.34889753566796	-1.5533684290837
-2.75883115892271	-3.10063324940871	-1.63576714732586
-2.97245746547646	-4.16571297779812	-3.59807736324102
-6.82993820096132	-5.40779736018921	-4.91645685511559
-4.11078049897002	-2.71610589761196	-3.07011520561532
-2.42618448157473	-0.534065766384375	-0.89417868314641
-1.9653620202945	-0.643930724040589	-1.66933699549859
-1.17189288166629	1.14747844663157	-2.34378576333257
3.65300984206912	3.06401159685664	-0.234988937209125
2.88700694285496	0.72632944228275	-1.33058670939193
0.582894636453803	2.05996795605402	1.07728694590677
-1.78225375753414	0.89417868314641	0.177004654001679
-2.73746852826734	-0.262455176623178	2.01419089036393
-7.00389105058366	-2.52994583047227	1.54116121156634
-4.95918211642634	-2.13931486991684	1.33669031815061
-6.12497138933394	-2.14847028305486	0.119020370794232
-3.54619668879225	-0.796520943007553	1.27870603494316
-1.50759136339361	-2.36820019836728	-2.00198367284657
-6.11276417181659	-3.60418097199969	-1.45571068894484
-6.74448767833982	-5.66414892805371	-4.56244754711223
-7.38231479362173	-6.60410467689021	-3.58281834134432
-5.56038757915618	-5.5390249485008	-1.54421301594568
-6.85740444037537	-4.78828107118334	-1.72732127870604
-6.56137941557946	-5.38948653391318	-1.85854886701762
-7.7607385366598	-5.21553368429084	-1.33363851377127
-4.36713206683452	-3.76287479972534	0.192263675898375
-6.16464484626535	-3.73846036469062	-0.579842832074464
-4.59601739528496	-2.54215304798962	-0.912489509422446
-0.317387655451286	0.762951094834821	3.17692835889219
0.704966811627375	4.11383230334935	4.21454184786755
2.36209658960861	3.85748073548486	3.89410238803693
0.708018616006714	2.53604943923095	1.14747844663157
-0.253299763485161	-0.0610360875867857	-1.53200579842832
-0.149538414587625	0.592050049591821	-0.021362630655375
-0.805676356145571	-0.341802090486	-0.823987182421607
1.71511406118868	0.292973220416571	0.63782711528191
1.54421301594568	2.67643244068055	3.09452964065003
2.00808728160525	3.6743724727245	3.90630960555428
3.85442893110552	4.79743648432135	5.1117723353933
1.07423514152743	3.43633173113603	1.9806210421912
-0.0976577401388571	0.909437705043107	-0.152590218966964
-0.152590218966964	-0.305180437933928	0.72632944228275
3.22575722896162	0.274662394140536	-1.19020370794232
-0.50965133134966	-1.24818799114977	-1.27565423056382
0.543221179522393	-1.31532768749523	-1.31227588311589
1.19020370794232	-0.115968566414893	-0.122072175173571
0.885023270008392	-1.05287251087205	1.31532768749523
-2.00503547722591	-2.47501335164416	-0.360112916762036
-4.24811169604028	-3.74151216906996	-0.506599526970321
-0.842298008697642	-2.32547493705653	-0.878919661249714
-3.42107270923934	-3.3478294041352	-2.26749065384909
-2.11490043488212	-3.82696269169146	-3.14030670634012
1.41603723201343	-0.0610360875867857	-1.39772640573739
1.84328984512093	0.241092545967803	-2.1210040436408
-0.2563515678645	1.44655527580682	-2.81071183337148
1.00404364080262	1.35805294880598	-2.16678110933089
2.16372930495155	1.10170138094148	-2.15457389181353
2.13015945677882	2.69474326695659	-0.677500572213321
2.25223163195239	3.76592660410468	0.76600289921416
3.60112916762036	5.56649118791485	3.20134279392691
7.9316395819028	7.29686427100023	4.04058899824521
6.92759594110018	9.11573968108644	4.94392309452964
5.21553368429084	6.70786602578775	4.31830319676509
4.03143358510719	6.0517280842298	2.41702906843671
3.64690623331044	3.44548714427405	-0.881971465629053
2.10879682612345	2.09964141298543	-1.58999008163577
-1.32753490501259	0.29907682917525	-2.76188296330205
-3.10368505378805	-0.732433051041428	-5.20027466239414
1.83413443198291	-0.588998245212482	-6.08529793240253
0.134279392690929	-2.81071183337148	-7.43724727244984
0.198367284657053	-2.74357213702602	-6.94285496299687
-1.62050812542916	-3.57061112382696	-7.56542305638209
-4.57770656900893	-3.19218738078889	-6.23483634699016
-5.29488059815366	-3.48210879682612	-4.68757152666514
-3.55840390630961	-2.08133058670939	-3.75371938658732
-3.20439459830625	-1.80056458381018	-3.85442893110552
-2.14541847867552	-2.22476539253834	-2.78019378957809
-1.44960708018616	-1.58083466849775	-1.7792019531548
-2.35294117647059	-2.5787747005417	-2.14847028305486
-4.85847257190814	-3.3325703822385	-2.5482566567483
-4.22674906538491	-1.77615014877546	-0.881971465629053
-2.85954070344091	0.152590218966964	-0.460822461280232
-0.262455176623178	-0.448615243762875	-1.19325551232166
0.430304417486839	0.933852140077821	-0.280766002899214
0.347905699244678	0.839246204318303	1.36110475318532
0.662241550316625	1.82497901884489	0.476081483176928
4.67841611352712	5.38033112077516	3.59197375448234
6.3782711528191	7.0771343556878	3.23491264209964
4.18402380407416	5.85946440833143	1.49233234149691
2.74052033264668	4.99580376897841	0.506599526970321
-0.900282291905089	0.186160067139696	-2.19424734874495
-6.51560234988937	-4.59296559090562	-4.34576943617914
-3.96124208438239	-4.31525139238575	-4.11078049897002
-1.34584573128862	-3.4882124055848	-2.82597085526818
1.27565423056382	-0.503547722590982	-0.451667048142214
2.92668039978637	0.521858548867018	0.38452735179675
6.07614251926451	1.91042954146639	1.80666819256886
3.46379797055009	0.0457770656900893	-1.37331197070268
-3.26848249027237	-2.96330205233845	-3.64690623331044
-2.29800869764248	-3.21049820706493	-2.91447318226902
-2.1210040436408	-4.14435034714275	-5.18806744487678
-4.96223392080568	-4.33966582742046	-4.45258258945602
-4.87373159380484	-4.93476768139162	-3.74761577782864
-3.87273975738155	-6.04562447547112	-4.07110704203861
-0.747692072938125	-3.82696269169146	-2.11795223926146
-0.567635614557107	-3.35698481727321	-0.76600289921416
1.76394293125811	-1.0955977721828	0.360112916762036
2.37430380712596	-0.228885328450446	1.43434805828946
3.93987945372702	3.10368505378805	3.77813382162203
4.43121995880064	3.70183871213855	3.09758144502937
4.77912565804532	4.94697489890898	3.72625314717327
5.65499351491569	4.47394522011139	4.90730144197757
5.93270771343557	3.25322346837568	4.27557793545434
6.90318150606546	5.07515068284123	3.98870832379644
6.99778744182498	5.72823682001984	7.11680781261921
-0.607309071488518	3.17082475013352	5.2826733806363
5.4383154039826	2.84428168154421	5.36202029449912
2.06912336919203	1.47707331960021	3.55535210193027
-0.00305180437933928	-0.418097199969482	2.75883115892271
2.11795223926146	0.0152590218966964	0.457770656900893
0.253299763485161	-0.668345159075303	-0.234988937209125
-0.292973220416571	-0.552376592660411	-0.387579156176089
1.00404364080262	0.253299763485161	0.0701915007248035
2.98771648737316	1.95620660715648	0.872816052491035
4.02227817196918	1.88906691081102	2.21866178377966
4.71503776607919	2.58793011367971	3.60418097199969
6.494239719234	4.33661402304112	2.61539635309377
7.93469138628214	6.24704356450752	4.76386663614862
8.36804760814832	4.56855115587091	2.78019378957809
10.9071488517586	6.08834973678187	3.51873044937819
8.9417868314641	5.98458838788434	4.28778515297169
6.85740444037537	4.15045395590143	4.12603952086671
8.22766460669871	5.58175020981155	7.348744945449
4.71808957045853	4.48920424200809	5.61226825360494
4.83405813687343	3.68657969024186	5.38643472953384
0.177004654001679	0.656137941557946	2.25528343633173
-1.03761348897536	-1.33058670939193	1.27260242618448
-2.43533989471275	-2.63065537499046	-0.506599526970321
-6.12497138933394	-5.05073624780652	-0.433356221866178
-6.88487067978943	-6.68955519951171	0.85145342183566
-3.55535210193027	-6.18295567254139	0.689707789730678
-3.76897840848402	-4.38239108873121	0.448615243762875
2.93583581292439	-3.81780727855344	2.3773556115053
0.265506981002518	-3.79339284351873	2.71610589761196
-0.592050049591821	-1.879911497673	3.0914778362707
3.83611810482948	-0.729381246662089	4.48615243762875
4.52582589456016	1.40688181887541	8.6854352635996
6.88792248416877	3.03654535744259	10.4310673685817
6.21347371633478	2.25833524071107	9.42397192339971
7.6600289921416	3.5736629282063	9.73220416571298
9.80239566643778	3.54924849317159	10.595864805066
10.2113374532692	5.2826733806363	10.6263828488594
10.3028915846494	6.14633401998932	13.1258106355383
12.6253147173266	7.4341954680705	11.9661249713893
13.9131761654078	10.4676890211337	17.6577401388571
15.7747768368048	10.2418554970626	17.6089112687877
13.5866330968185	8.76478217746243	16.910048065919
12.9030289158465	8.52368963149462	15.3444724193179
15.9609369039445	9.93057145037003	18.115510795758
15.2071412222477	10.424963759823	16.2661173418784
15.7473105973907	10.5043106736858	17.1725032425422
13.3638513771267	10.8674753948272	17.4166475928893
13.9131761654078	12.1034561684596	17.9140917067216
13.6110475318532	11.3710231174182	18.0819409475853
14.7463187609674	10.9102006561379	17.1023117418173
11.1848630502785	8.36804760814832	13.7788967727169
7.6600289921416	5.36507209887846	9.86037994964523
7.69359884031434	5.51155870908675	10.0160219729915
6.04562447547112	4.86152437628748	8.49927519645991
5.0263218127718	4.03753719386587	6.81162737468528
6.86350804913405	5.49324788281071	7.37315938048371
7.7607385366598	6.07919432364385	8.55725947966735
7.7759975585565	5.06599526970321	7.34264133669032
6.90012970168612	5.22468909742885	7.68749523155566
5.71602960250248	4.48004882887007	8.65186541542687
6.38437476157778	3.49736781872282	8.54505226215
4.4281681544213	2.99687190051118	6.16464484626535
3.08537422751202	3.80865186541543	7.76379034103914
0.354009308003357	1.32143129625391	5.85946440833143
-1.71511406118868	1.08644235904479	3.63164721141375
-5.41084916456855	-1.94094758525978	0.994888227664607
-6.2073701075761	-3.73540856031128	1.83413443198291
-7.49523155565728	-5.43526359960327	-0.970473792629892
-5.54512855725948	-5.79232471198596	-2.25223163195239
-5.27351796749828	-4.74555580987259	-3.82696269169146
-3.36919203479057	-4.52277409018082	-1.41908903639277
-5.53597314412146	-3.50957503624018	-1.87380788891432
-6.62241550316625	-5.47188525215534	-4.62958724345769
-6.51865415426871	-7.26939803158618	-2.7191577019913
-9.27748531319143	-7.21446555275807	-2.86869611657893
-9.18898298619058	-9.30495155260548	-4.98664835584039
-7.12901503013657	-9.79018844892042	-5.00801098649577
-8.32227054245823	-10.7026779583429	-4.87983520256352
-9.55825131609064	-12.2163729304952	-6.08529793240253
-10.8155947203784	-13.5713740749218	-6.66819256885634
-10.8125429159991	-15.6404974441138	-6.12497138933394
-11.4991989013504	-15.533684290837	-5.44136720836194
-13.519493400473	-17.2091248950942	-7.71801327534905
-14.4716563668269	-17.6272220950637	-8.53284504463264
-13.0922407873655	-16.8062867170214	-7.20531013962005
-11.7463950560769	-16.3271534294652	-8.63355458915083
-11.4625772487984	-16.586556801709	-10.2876325627527
-11.1207751583124	-16.5712977798123	-10.101472495613
-10.1350423437858	-14.9294270237278	-10.4371709773404
-11.8135347524224	-15.3475242236973	-10.9132524605173
-12.5093461509117	-16.0097657740139	-14.0505073624781
-12.4452582589456	-14.9843595025559	-14.1634241245136
-13.1563286793317	-14.7646295872435	-12.8114747844663
-8.94789044022278	-13.8002594033722	-13.7270160982681
-10.4219119554437	-13.662928206302	-12.6100556954299
-10.794232089723	-12.8694590676738	-10.2388036926833
-10.0556954299229	-11.3008316166934	-6.82383459220264
-11.2153810940719	-11.6975661860075	-7.27855344472419
-11.3801785305562	-12.152285038529	-7.17174029144732
-11.4442664225223	-11.7219806210422	-7.76379034103914
-10.4737926298924	-10.3578240634775	-8.73731593804837
-9.64675364309148	-11.9111924925612	-11.2520027466239
-9.20729381246662	-11.1024643320363	-9.85122453650721
-9.14625772487983	-10.8339055466545	-11.0811017013809
-11.4564736400397	-10.9346150911727	-11.810482948043
-11.3893339436942	-10.7728694590677	-10.2876325627527
-10.2479591058213	-10.0343327992676	-8.74952315556573
-13.2967116807813	-13.2509346150912	-12.3964293888762
-15.4695963988708	-15.1369497215228	-14.3007553215839
-15.4940108339055	-16.7177843900206	-14.5143816281376
-15.0698100251774	-16.6567483024338	-14.36484321355
-15.2346074616617	-18.5244525825895	-16.2905317769131
-13.3699549858854	-17.9171435111009	-15.362783245594
-10.4127565423056	-16.4003967345693	-13.3760585946441
-6.8207827878233	-15.6099794003204	-13.3424887464714
-11.7250324254215	-16.6445410849165	-13.9528496223392
-8.374151216907	-15.4665445944915	-13.7422751201648
-7.66613260090028	-13.4889753566796	-11.7372396429389
-9.33546959639887	-10.1838712138552	-9.4850080109865
-8.89295796139467	-10.5836575875486	-7.94079499504082
-8.74036774242771	-10.4402227817197	-7.17174029144732
-9.35683222705425	-9.54604409857328	-6.06088349736782
-11.3710231174182	-10.8827344167239	-7.43724727244984
-12.5551232166018	-12.5764858472572	-9.09742885481041
-12.3506523231861	-12.2682536049439	-10.9407186999313
-10.785076676585	-13.8368810559243	-11.4656290531777
-10.9620813305867	-15.030136568246	-12.2377355611505
-10.1960784313725	-14.8805981536584	-14.203097581445
-7.82177462424659	-12.3994811932555	-10.7728694590677
-7.42504005493248	-11.5083543144884	-11.3313496604868
-7.40978103303578	-10.5348287174792	-9.54909590295262
-6.70786602578775	-11.2123292896925	-9.58266575112535
-7.49217975127794	-9.10963607232776	-8.41992828259709
-8.56946669718471	-9.03639276722362	-9.08216983291371
-7.49523155565728	-10.1808194094759	-8.96925307087816
-8.67933165484092	-10.406652933547	-10.62333104448
-7.22667277027543	-9.19203479056992	-8.95399404898146
-7.70275425345235	-10.9254596780346	-8.78919661249714
-7.54100862134737	-11.3557640955215	-8.61829556725414
-7.92553597314412	-10.0526436255436	-9.18898298619058
-8.92652780956741	-10.3028915846494	-9.50331883726253
-7.86755168993667	-8.203250171664	-9.65285725185016
-5.50545510032807	-7.30601968413825	-8.34973678187228
-3.3478294041352	-4.6845197222858	-8.66407263294423
-0.918593118181125	-2.12710765239948	-6.34470130464637
-0.796520943007553	-2.19729915312428	-7.01609826810101
-2.77103837644007	-2.40177004654002	-6.50034332799268
-4.29388876173037	-3.64995803768978	-8.04150453955901
-5.66720073243305	-5.87777523460746	-11.3435568780041
-6.93980315861753	-5.981536583505	-8.92957961394675
-7.50133516441596	-8.34668497749294	-10.9803921568627
-7.32433051041428	-7.77904936293584	-10.4097047379263
-5.95407034409094	-7.20836194399939	-8.81666285191119
-7.08934157320516	-6.98863202868696	-9.18287937743191
-6.76890211337453	-6.47287708857862	-8.4596017395285
-4.63874265659571	-5.75265125505455	-7.83398184176394
-3.45464255741207	-5.10566872663462	-6.51865415426871
-2.59708552681773	-6.64072632944228	-8.65491721980621
-1.64797436484321	-5.88693064774548	-7.45250629434653
-0.790417334248875	-6.494239719234	-9.35072861829557
-2.67338063630121	-7.03440909437705	-8.78919661249714
-2.94804303044175	-5.81673914702068	-8.63355458915083
-3.37834744792859	-5.09346150911727	-8.42603189135576
-3.73540856031128	-4.44953078507668	-7.80346379797055
-3.00907911802853	-2.69169146257725	-7.57152666514076
-2.91142137788968	-1.83413443198291	-5.92050049591821
-3.45769436179141	-1.89211871519036	-6.56137941557946
-2.63065537499046	-0.729381246662089	-5.02021820401312
-2.7496757457847	-0.564583810177768	-3.76287479972534
-1.66018158236057	1.37636377508202	-1.45571068894484
-2.42923628595407	0.482185091935607	-1.3824673838407
0.210574502174411	1.14137483787289	0.0335698481727321
-0.735484855420768	-0.271610589761196	-3.53704127565423
-0.170901045243	-1.05592431525139	-2.45365072098878
-1.35805294880598	-2.30411230640116	-3.35393301289387
-1.80361638818952	-1.30006866559854	-3.45769436179141
-3.97344930189975	-2.84733348592355	-5.27656977187762
-5.4535744258793	-1.90432593270771	-4.67536430914778
-4.10467689021134	-0.0183108262760357	-3.76592660410468
-5.54818036163882	-0.900282291905089	-5.07515068284123
-6.22873273823148	-2.85343709468223	-6.3935301747158
-5.61532005798428	-3.37224383916991	-6.35690852216373
-8.77393759060044	-6.27450980392157	-6.23178454261082
-6.86655985351339	-5.6946669718471	-6.27450980392157
-4.55634393835355	-3.76287479972534	-5.29488059815366
-2.45670252536812	-3.54009308003357	-5.58785381857023
-1.84023804074159	-3.73846036469062	-4.73334859235523
-2.75272755016403	-5.51766231784543	-4.48004882887007
-1.94094758525978	-5.15449759670405	-4.09552147707332
-3.10063324940871	-3.63164721141375	-3.88799877927825
-3.02738994430457	-3.32341496910048	-2.65201800564584
-1.26039520866712	-0.518806744487678	-2.84428168154421
-0.933852140077821	-0.314335851071946	-2.98466468299382
-0.363164721141375	-0.778210116731518	-5.90524147402152
-0.363164721141375	-1.07118333714809	-5.59395742732891
-2.92057679102769	-3.19829098954757	-6.63157091630427
-2.43839169909209	-2.69169146257725	-7.31517509727626
-2.21866178377966	-2.44754711223011	-7.37315938048371
-0.457770656900893	-1.35805294880598	-5.18196383611811
0.152590218966964	-2.61234454871443	-6.45456626230259
-1.27870603494316	-3.27458609903105	-5.49629968719005
-0.582894636453803	-3.83306630045014	-5.82284275577935
-3.15556572823682	-4.98054474708171	-4.80354009308003
-2.67032883192187	-5.05378805218585	-5.87167162584878
-2.46585793850614	-7.2327763790341	-9.54299229419394
-4.18402380407416	-10.0984206912337	-10.263218127718
-3.98260471503777	-10.3974975204089	-11.2642099641413
-4.82490272373541	-10.5378805218585	-11.6334782940414
-6.84214541847868	-11.630426489662	-13.2570382238499
-5.98458838788434	-10.8827344167239	-11.7860685130083
-4.54108491645685	-7.9468986037995	-10.4615854123751
-6.60715648126955	-8.07812619211109	-9.83291371023117
-4.55329213397421	-8.47791256580453	-8.69459067673762
-6.86045624475471	-8.1727321278706	-8.3436331731136
-6.41184100099184	-5.92050049591821	-5.82589456015869
-5.20943007553216	-3.33562218661784	-5.08430609597925
-4.61127641718166	-1.67849240863661	-3.39665827420462
-0.283817807278553	2.07522697795071	0.274662394140536
-0.5981536583505	3.36919203479057	1.12306401159686
1.99588006408789	5.53292133974212	3.11894407568475
3.15861753261616	6.30197604333562	3.60418097199969
4.05584802014191	7.4189364461738	4.62958724345769
4.84931715877012	7.53490501258869	5.87777523460746
5.24605172808423	8.30701152056153	5.42000457770657
5.82284275577935	8.5297932402533	6.35385671778439
3.71404592965591	7.74242771038376	5.54818036163882
2.02944991226062	7.11070420386053	3.72930495155261
5.44136720836194	9.12184328984512	5.297932402533
6.45456626230259	9.40260929274434	3.81475547417411
3.7445639734493	8.6152437628748	2.72220950637064
3.62554360265507	8.18493934538796	3.23491264209964
2.82291905088884	6.62851911192493	2.63065537499046
-1.41603723201343	5.63668268863966	0.973525597009232
-2.95109483482109	2.87174792095827	-1.1810482948043
-2.72220950637064	3.06401159685664	-0.46997787441825
-3.1616693369955	1.538109407187	-1.80056458381018
-3.88189517051957	-1.65712977798123	-2.90836957351034
-3.85748073548486	-1.28480964370184	-0.772106507972839
-5.8808270389868	-2.06301976043336	-0.692759594110018
-4.37933928435187	-0.842298008697642	-0.756847486076142
-2.6642252231632	-1.7944609750515	-0.433356221866178
-2.99687190051118	-1.61440451667048	-0.29907682917525
-3.35393301289387	-2.56046387426566	-1.48317692835889
