4.98054474708171	3.54009308003357	-3.69573510337987
5.34370946822309	2.86869611657893	-5.59700923170825
6.77195391775387	1.52590218966964	-9.28969253070878
6.76279850461585	1.42519264515145	-10.1197833218891
5.77096208133059	0.415045395590143	-9.43923094529641
4.40375371938659	0.515754940108339	-11.0261692225528
1.87075608453498	-0.564583810177768	-8.32837415121691
1.32753490501259	-0.805676356145571	-6.79636835278859
-0.674448767833982	-2.26443884946975	-5.0263218127718
-1.4679179064622	-2.74357213702602	-2.30106050202182
-2.563515678645	-4.31830319676509	0.155642023346304
-4.25116350041962	-6.55832761120012	0.283817807278553
-4.54108491645685	-6.87571526665141	-2.24917982757305
-6.14633401998932	-7.47081712062257	-2.57267109178302
-6.25009536888685	-7.96826123445487	-4.24811169604028
-5.65499351491569	-6.68039978637369	-4.40070191500725
-6.81162737468528	-7.66918440527962	-3.53093766689555
-5.93881132219425	-7.41588464179446	-4.58075837338827
-6.0517280842298	-6.46677347981994	-0.4272526131075
-7.02220187685969	-6.75974670023651	-2.88700694285496
-5.53292133974212	-6.17990386816205	-2.47196154726482
-5.85030899519341	-7.35790035858701	-5.82284275577935
-3.23796444647898	-4.77912565804532	-3.37529564354925
-2.43228809033341	-4.73029678797589	-3.247119859617
0.216678110933089	-3.0609597924773	-1.92568856336309
0.585946440833143	-2.59403372243839	-0.9399557488365
1.23292896925307	-4.17486839093614	-1.08644235904479
2.58793011367971	-3.53704127565423	0.106813153276875
0.476081483176928	-5.07209887846189	-2.48111696040284
2.1210040436408	-6.08834973678187	-4.27557793545434
-0.381475547417411	-7.03135728999771	-7.95910582131685
0.625619897764553	-6.22568093385214	-8.90821698329137
-0.561532005798428	-6.34470130464637	-11.1451895933471
-1.12916762035554	-6.35996032654307	-12.799267566949
0.228885328450446	-6.50644693675135	-13.0037384603647
-1.0101472495613	-6.73228046082246	-11.1116197451743
-0.866712443732357	-6.75364309147784	-12.4696726939803
-1.51979858091096	-7.96215762569619	-10.4554818036164
-3.13115129320211	-9.54909590295262	-10.9742885481041
-3.04875257495994	-8.55420767528801	-8.91737239642939
-3.34172579537652	-8.39856565194171	-6.82993820096132
-3.38139925230793	-6.9214923323415	-6.24704356450752
-4.14740215152209	-5.57259479667353	-3.52178225375753
-4.0009155413138	-3.75066758220798	-4.73640039673457
-3.02128633554589	-2.99687190051118	-1.29396505683986
-3.47600518806744	-1.38857099259937	-1.7944609750515
-1.4679179064622	1.1810482948043	2.53299763485161
-0.930800335698482	1.84939345387961	4.05279621576257
0.878919661249714	3.11589227130541	4.23895628290227
1.12306401159686	3.30205233844511	5.09346150911727
2.09964141298543	3.1616693369955	2.55436026550698
4.14740215152209	2.80766002899214	2.25223163195239
3.55230029755093	1.78530556191348	-0.695811398489357
4.33356221866178	1.95315480277714	-3.50652323186084
3.78728923476005	1.39467460135805	-3.04875257495994
4.70893415732052	0.909437705043107	-4.29083695735103
3.94293125810636	1.59914549477379	-3.70794232089723
2.3224231326772	0.2563515678645	-5.02937361715114
0.720225833524071	0.375371938658732	-4.93476768139162
-1.30312046997787	-1.42214084077211	-6.43320363164721
-3.05485618371862	-1.3824673838407	-9.8115510795758
-4.62653543907836	-4.47394522011139	-11.810482948043
-3.70794232089723	-2.78324559395743	-12.3903257801175
-4.09552147707332	-2.75577935454337	-12.2224765392538
-2.8351262684062	-3.37529564354925	-13.7117570763714
-2.69169146257725	-4.37628747997253	-12.6894026092927
-4.38849469748989	-5.79842832074464	-13.1258106355383
-2.89921416037232	-5.11482413977264	-11.468680857557
-4.07721065079728	-5.14839398794537	-7.30296787975891
-2.86259250782025	-4.44037537193866	-6.93064774547952
-3.80560006103609	-4.24811169604028	-3.09452964065003
-2.53604943923095	-3.47905699244678	-1.91042954146639
-2.48416876478218	-3.02128633554589	-1.33669031815061
-3.76592660410468	-4.69672693980316	-1.68154421301595
-3.44548714427405	-3.45464255741207	0.329594872968643
-4.9408712901503	-3.16777294575418	2.14541847867552
-2.7496757457847	-1.40688181887541	1.11390859845884
-2.40177004654002	-1.30617227435721	4.09857328145266
-0.930800335698482	-1.87075608453498	3.26237888151369
-0.686655985351339	0.421149004348821	4.17486839093614
-0.170901045243	0.134279392690929	2.53299763485161
-0.265506981002518	1.70901045243	1.24513618677043
0.0976577401388571	2.1515220874342	2.92973220416571
0.0457770656900893	2.92668039978637	0.0579842832074464
0.29907682917525	3.10063324940871	-0.109864957656214
0.210574502174411	4.19928282597086	0.0793469138628214
1.29091325246052	5.07820248722057	0.674448767833982
0.833142595559625	4.93781948577096	1.94094758525978
0.970473792629892	5.71908140688182	-2.98466468299382
1.46486610208286	6.43015182726787	-2.61234454871443
2.86869611657893	7.10765239948119	-4.77912565804532
4.31219958800641	8.83802548256657	-4.56549935149157
4.04669260700389	8.2581826504921	-3.39971007858396
3.61028458075837	8.95094224460212	-1.44655527580682
3.04875257495994	6.72617685206378	-0.369268329900053
2.60929274433509	6.60715648126955	-1.78225375753414
0.891126878767071	4.36102845807584	0.869764248111696
1.84634164950027	3.93377584496834	-0.63782711528191
1.7242694743267	4.30914778362707	0.323491264209964
1.37941557946136	0.732433051041428	-1.47402151522087
-0.0305180437933928	1.74258030060273	-1.2817578393225
-0.903334096284428	0.631723506523232	-1.538109407187
-0.347905699244678	-1.22987716487373	-4.77912565804532
-1.10170138094148	-0.817883573662928	-2.34378576333257
0.125123979552911	-0.845349813076982	-3.09452964065003
-0.320439459830625	-2.79850461585412	-3.54009308003357
-0.741588464179446	-4.51056687266346	-5.08735790035859
-0.314335851071946	-2.52689402609293	-4.37323567559319
0.854505226215	-2.02639810788128	-3.66216525520714
0.326543068589303	-2.39871824216068	-4.22369726100557
0.833142595559625	-0.912489509422446	-1.00404364080262
2.09964141298543	0.5981536583505	-1.88296330205234
2.10269321736477	2.83207446402686	0.363164721141375
4.06805523765927	3.98565651941711	4.26947432669566
5.41390096894789	3.61333638513771	3.35698481727321
4.3274586099031	4.98970016021973	5.72213321126116
4.50751506828412	4.27862973983368	9.64675364309148
3.11589227130541	2.84428168154421	8.96925307087816
0.708018616006714	0.201419089036393	8.74036774242771
-1.12306401159686	-2.06912336919203	7.47081712062257
-3.95208667124437	-5.07820248722057	5.3528648813611
-4.39459830624857	-6.71702143892576	3.16777294575418
-5.67635614557107	-6.68039978637369	4.84931715877012
-5.13618677042802	-4.71808957045853	3.45464255741207
-5.64888990615702	-4.1718165865568	4.47394522011139
-5.42915999084459	-3.70794232089723	4.71503776607919
-3.08537422751202	-1.90432593270771	6.86045624475471
-3.35698481727321	-0.268558785381857	6.58274204623484
-1.65102616922255	2.19729915312428	6.24704356450752
-1.21461814297704	2.13321126115816	8.07507438773175
0.411993591210803	4.09857328145266	8.76173037308309
2.06301976043336	5.05683985656519	6.46677347981994
2.85343709468223	4.23895628290227	7.37010757610437
3.97955291065843	6.15854123750668	9.92751964599069
4.18402380407416	6.82688639658198	11.944762340734
4.29388876173037	7.89501792935073	13.3730067902647
3.98565651941711	8.06286717021439	14.5510032806897
4.15350576028077	8.10864423590448	15.6832227054246
3.10368505378805	7.20225833524071	15.039291981384
2.24612802319371	6.4087891966125	13.833829251545
3.03959716182193	6.9062333104448	13.0434119172961
0.833142595559625	6.49118791485466	12.1675440604257
0.0610360875867857	3.32341496910048	7.99572747386893
-3.07011520561532	-0.308232242313268	7.25719081406882
-3.0914778362707	-3.30510414282444	4.785229266804
-3.98565651941711	-3.99176012817578	3.84832532234684
-5.93270771343557	-6.39963378347448	2.10879682612345
-4.39459830624857	-6.80857557030594	-2.42923628595407
-4.04974441138323	-4.5838101777676	-2.4780651560235
-4.16876478217746	-4.6845197222858	-5.96932936598764
-4.05279621576257	-3.71404592965591	-3.20439459830625
-3.80254825665675	-3.73235675593194	-4.33356221866178
-2.84733348592355	-1.08949416342412	0.485236896314946
-2.27664606698711	-0.970473792629892	3.50041962310216
-0.762951094834821	1.4679179064622	6.05783169298848
1.6235599298085	3.18608377203021	5.32845044632639
2.07827878233005	3.22575722896162	5.32845044632639
4.93476768139162	5.25215533684291	6.36606393530175
5.17891203173877	7.97131303883421	6.42710002288853
5.52986953536278	8.18493934538796	8.28259708552682
5.3528648813611	8.73731593804837	9.28664072632944
5.13618677042802	8.91126878767071	9.29274433508812
2.16678110933089	6.91538872358282	11.0719462882429
2.10574502174411	6.99473563744564	10.8186465247578
1.14747844663157	7.32433051041428	11.0414282444495
-1.48317692835889	3.96429388876173	9.50637064164187
-2.24002441443503	3.38750286106661	8.02319371328298
-4.26031891355764	1.24513618677043	6.152437628748
-6.17074845502403	-0.0396734569314107	2.06912336919203
-6.80247196154726	-1.93484397650111	-1.35805294880598
-7.08628976882582	-3.27763790341039	-3.70794232089723
-7.7759975585565	-4.12909132524605	-3.79949645227741
-7.22362096589609	-3.98260471503777	-3.78728923476005
-5.28877698939498	-3.71099412527657	-3.53704127565423
-4.96223392080568	-2.95109483482109	0.210574502174411
-2.47196154726482	-1.81277180132753	-0.451667048142214
-0.186160067139696	0.881971465629053	0.137331197070268
0.588998245212482	2.02334630350195	-1.09254596780346
1.90737773708705	2.15762569619287	-2.42618448157473
2.09353780422675	3.86053253986419	0.302128633554589
3.23796444647898	4.60212100404364	-0.567635614557107
3.90936140993362	6.62851911192493	2.79240100709545
3.588921950103	6.86655985351339	2.72526131074998
3.95819028000305	6.19211108567941	6.68345159075303
1.61440451667048	5.10261692225528	3.14946211947814
2.4078736552987	5.85030899519341	3.74761577782864
-0.561532005798428	4.19317921721218	4.39459830624857
-1.4526588845655	2.7191577019913	1.39162279697871
-3.68047608148318	2.86259250782025	1.91653315022507
-4.443427176318	2.13015945677882	1.53200579842832
-4.39765011062791	1.70595864805066	2.25528343633173
-6.59494926375219	0.317387655451286	-1.9501029983978
-8.04150453955901	-2.11795223926146	-4.01922636758984
-8.43823910887312	-3.85137712672618	-3.15556572823682
-8.97840848401617	-6.38742656595712	-5.59090562294957
-8.84412909132525	-6.46982528419928	-3.85442893110552
-6.93675135423819	-4.95307850766766	-3.82696269169146
-4.70283054856184	-3.78118562600137	-4.29999237048905
-3.92462043183032	-1.76699473563745	-3.02128633554589
-0.903334096284428	-0.619516289005875	-5.96932936598764
0.772106507972839	0.0549324788281071	-2.74357213702602
2.68253604943923	0.823987182421607	-1.77004654001678
4.51056687266346	1.91348134584573	0.68055237659266
5.33455405508507	3.56145571068894	5.71908140688182
5.88387884336614	3.18608377203021	6.61631189440757
5.17891203173877	4.0009155413138	8.34058136873426
3.66826886396582	3.76897840848402	8.01403830014496
4.25421530479896	5.00495918211643	9.01197833218891
2.51468680857557	4.99580376897841	7.44640268558785
4.12298771648737	6.86045624475471	8.32837415121691
4.04058899824521	8.25513084611277	7.18394750896468
4.31525139238575	8.56946669718471	5.25520714122225
4.37323567559319	8.6152437628748	6.09140154116121
2.45365072098878	7.22056916151675	4.03143358510719
-0.2563515678645	5.43526359960327	-0.604257267109178
-2.11184863050278	3.10673685816739	-0.350957503624018
-5.03242542153048	0.848401617456321	-4.67231250476844
-7.52880140383001	-2.4780651560235	-5.25520714122225
-7.77904936293584	-4.74555580987259	-10.1991302357519
-7.47997253376059	-6.21957732509346	-8.54505226215
-7.08628976882582	-6.8055237659266	-9.51552605477989
-5.57564660105287	-5.83810177767605	-9.08827344167239
-4.36408026245518	-7.48607614251926	-7.10765239948119
-5.31319142442969	-6.93064774547952	-6.55527580682078
-6.10055695429923	-7.4036774242771	-3.30815594720378
-5.60006103608759	-7.12901503013657	-2.4780651560235
-4.06805523765927	-4.90119783321889	-0.198367284657053
-3.44548714427405	-3.21049820706493	1.62661173418784
-0.775158312352178	0.0244144350347143	0.842298008697642
-1.81582360570687	0.244144350347143	0.625619897764553
-0.305180437933928	1.07118333714809	4.12603952086671
0.320439459830625	2.82291905088884	6.23483634699016
-1.24513618677043	1.20241092545968	3.39055466544594
0.927748531319142	5.17280842298009	6.23483634699016
0.89417868314641	4.93781948577096	5.73739223315785
2.05996795605402	5.67635614557107	4.30304417486839
-0.994888227664607	6.49118791485466	5.77096208133059
-0.762951094834821	5.14534218356603	1.93484397650111
-0.341802090486	4.93476768139162	2.98161287861448
-2.58487830930037	2.94804303044175	2.26749065384909
-2.2919050888838	1.77004654001678	0.286869611657893
-3.57671473258564	-1.09254596780346	-1.0101472495613
-6.51255054551003	-4.443427176318	-4.22064545662623
-6.15854123750668	-4.42511635004196	-2.39566643778134
-8.91737239642939	-6.69871061264973	-5.76485847257191
-8.44129091325246	-7.15953307392996	-6.55222400244144
-8.85023270008393	-8.56641489280537	-6.75364309147784
-7.3182269016556	-7.7759975585565	-7.39147020675975
-6.60105287251087	-6.52170595864805	-4.93171587701228
-5.68856336308843	-5.13008316166934	-5.26131074998093
-3.13420309758144	-2.92362859540703	-2.51773861295491
-1.78835736629282	-0.265506981002518	-0.732433051041428
-0.100709544518196	2.3224231326772	1.93789578088045
4.12909132524605	3.26543068589303	1.58388647287709
4.60517280842298	2.7496757457847	2.42313267719539
5.91744869153887	2.92057679102769	5.74654764629587
7.72411688410773	4.64484626535439	6.13107499809262
6.3782711528191	4.15655756466011	4.13214312962539
3.26848249027237	1.83413443198291	4.75165941863127
0.991836423285267	1.54116121156634	1.78225375753414
0.656137941557946	1.63271534294652	1.33974212252995
2.70389868009461	1.6083009079118	-1.19935912108034
3.03959716182193	0.457770656900893	-4.33051041428244
4.28778515297169	0.399786373693446	-2.28274967574578
3.75066758220798	-0.445563439383536	-7.05882352941176
1.37941557946136	-0.497444113832303	-3.4027618829633
-1.16578927290761	-3.69268329900053	-5.49629968719005
-2.02029449912261	-4.13214312962539	-4.03753719386587
-4.17792019531548	-4.67231250476844	-2.67338063630121
-3.247119859617	-5.19417105363546	-5.42610818646525
-3.3173113603418	-4.87373159380484	-5.10261692225528
-4.16571297779812	-5.33760585946441	-6.8055237659266
-3.09758144502937	-2.96940566109712	-7.11070420386053
-3.87273975738155	-3.79034103913939	-6.03036545357443
-2.89311055161364	-3.42107270923934	-6.26535439078355
-3.85442893110552	-3.69573510337987	-5.27962157625696
-4.05279621576257	-3.35393301289387	-4.443427176318
-3.96429388876173	-2.67643244068055	-2.14236667429618
-4.17486839093614	-2.93888761730373	-2.89921416037232
-3.14030670634012	-1.68154421301595	-0.476081483176928
-2.77409018081941	-2.10574502174411	1.62661173418784
-2.34988937209125	-0.964370183871214	0.750743877317464
-3.22270542458228	-1.37941557946136	1.14137483787289
-2.91142137788968	1.4526588845655	2.91142137788968
-1.49843595025559	2.45975432974746	5.22163729304952
-0.366216525520714	2.66727702754253	5.47493705653468
3.25932707713436	4.67841611352712	4.74250400549325
3.56755931944762	1.81277180132753	3.44548714427405
3.84832532234684	2.1362630655375	2.1210040436408
4.46478980697337	2.43839169909209	1.61745632104982
4.26031891355764	1.47707331960021	-2.09964141298543
3.54009308003357	1.37331197070268	-1.56252384222171
2.48416876478218	0.286869611657893	-2.88700694285496
2.12710765239948	0.0518806744487678	-4.06500343327993
1.97756923781186	-1.37331197070268	-5.20332646677348
0.943007553215839	-2.82597085526818	-5.297932402533
-0.448615243762875	-2.56046387426566	-7.2480354009308
-0.958266575112535	-2.33768215457389	-6.82993820096132
-1.33058670939193	-1.8646524757763	-6.54612039368276
-5.1972228580148	-3.20134279392691	-6.42710002288853
-4.97138933394369	-3.23491264209964	-4.90424963759823
-5.67940794995041	-2.34683756771191	-3.52788586251621
-6.08529793240253	-2.69779507133593	-3.54009308003357
-5.42000457770657	-1.62966353856718	-1.39162279697871
-5.64888990615702	-2.13931486991684	-1.37331197070268
-4.3579766536965	-0.616464484626535	-0.991836423285267
-3.98870832379644	-1.19020370794232	0.103761348897536
-2.26138704509041	-1.45571068894484	-1.55031662470436
-0.613412680247196	1.66933699549859	0.646982528419928
-0.0396734569314107	2.4078736552987	1.04676890211337
1.71511406118868	3.25322346837568	2.26749065384909
2.04470893415732	3.34477759975586	3.54314488441291
3.77203021286336	4.49835965514611	3.42717631799802
5.1117723353933	7.60814831769284	7.15953307392996
5.01716639963378	8.60303654535744	6.25619897764553
8.75867856870375	10.5317769130999	7.60204470893416
7.68444342717632	10.2021820401312	7.97436484321355
7.44640268558785	8.8563363088426	5.40474555580987
4.92256046387427	4.62958724345769	3.80560006103609
3.56755931944762	2.29495689326314	0.515754940108339
2.04470893415732	2.10879682612345	0.0732433051041428
1.24208438239109	1.63271534294652	-0.286869611657893
0.799572747386893	3.18913557640955	3.17082475013352
0.741588464179446	3.39665827420462	3.4882124055848
0.741588464179446	1.99893186846723	1.70290684367132
-0.354009308003357	1.6388189517052	3.43022812237736
-0.604257267109178	-0.646982528419928	-0.29907682917525
-3.17082475013352	-2.9907682917525	0.225833524071107
-1.89211871519036	-2.65201800564584	-0.317387655451286
-1.37941557946136	-1.42519264515145	-0.848401617456321
-0.918593118181125	-1.32753490501259	1.61440451667048
-0.146486610208286	-1.23292896925307	-0.302128633554589
-0.610360875867857	-1.06202792401007	0.643930724040589
-0.0122072175173571	-2.23392080567636	1.1261158159762
-0.396734569314107	-1.65712977798123	3.55230029755093
-1.36415655756466	-3.4027618829633	0.201419089036393
-0.668345159075303	-3.70489051651789	-1.78225375753414
0.347905699244678	-3.41191729610132	-0.0366216525520714
0.72327763790341	-3.89410238803693	-3.27458609903105
0.885023270008392	-3.71709773403525	-0.848401617456321
-0.323491264209964	-4.49225604638743	-1.95315480277714
1.17799649042496	-2.21560997940032	-0.064087891966125
-0.845349813076982	-3.76592660410468	-0.570687418936446
-1.14442664225223	-2.60624093995575	-1.41298542763409
-1.64492256046387	-4.66620889600977	-1.50148775463493
-3.44548714427405	-4.55939574273289	-2.62760357061112
-1.22072175173571	-1.97451743343252	0.241092545967803
-0.302128633554589	-0.848401617456321	1.44350347142748
1.42824444953079	1.2664988174258	1.23903257801175
1.19020370794232	1.72121766994736	3.59197375448234
1.56557564660105	3.07316700999466	3.09452964065003
1.49233234149691	3.69268329900053	4.50141145952544
0.601205462729839	1.98977645532921	2.74052033264668
0.85145342183566	2.67643244068055	3.79644464789807
0.915541313801785	0.326543068589303	3.46379797055009
1.06813153276875	0.161745632104982	3.85442893110552
1.6937514305333	-0.286869611657893	4.5136186770428
2.62760357061112	-0.112916762035554	3.3173113603418
3.96429388876173	0.201419089036393	3.7445639734493
4.41290913252461	0.848401617456321	4.18097199969482
5.00801098649577	1.34889753566796	2.67032883192187
2.85343709468223	-0.857557030594339	0.720225833524071
1.05897611963073	-1.33974212252995	-1.40383001449607
-1.23598077363241	-2.84122987716487	-2.60013733119707
-2.92362859540703	-5.3528648813611	-4.97138933394369
-3.66216525520714	-4.09552147707332	-3.62249179827573
-5.92660410467689	-5.5237659266041	-5.1117723353933
-4.59296559090562	-3.54009308003357	-3.54619668879225
-3.27458609903105	-3.20134279392691	-4.77607385366598
-2.62149996185245	-3.48210879682612	-6.55832761120012
-1.74868390936141	-2.86564431219959	-3.28068970778973
-1.00099183642329	-2.21560997940032	-2.392614633402
1.025406271458	-0.701915007248035	1.12001220721752
0.607309071488518	0.973525597009232	2.95719844357977
3.03959716182193	3.01823453116655	3.71709773403525
5.82894636453803	6.57663843747616	7.01609826810101
8.48706797894255	7.85839627679866	6.9916838330663
11.9050888838025	10.6630045014115	9.3690394445716
12.6985580224308	13.7270160982681	10.9346150911727
13.9345387960632	15.0331883726253	12.7046616311894
11.4961470969711	13.5927367055772	11.9081406881819
10.1319905394064	11.1482413977264	9.57656214236667
6.7505912870985	7.84313725490196	6.85740444037537
2.28274967574578	4.23590447852293	3.81475547417411
1.76394293125811	2.86564431219959	-0.244144350347143
-1.4679179064622	0.607309071488518	-2.42008087281605
-1.31227588311589	1.66933699549859	-1.89211871519036
-1.83718623636225	0.836194399938964	-1.1810482948043
-1.99893186846723	-0.540169375143053	-3.43938353551537
-3.31120775158312	-2.02639810788128	-0.338750286106661
-4.82490272373541	-4.52582589456016	-4.44037537193866
-3.3478294041352	-4.03143358510719	-2.26138704509041
-4.29999237048905	-5.42610818646525	-2.78629739833677
-3.3325703822385	-5.12703135729	-3.64080262455177
-2.20950637064164	-4.79743648432135	-3.45464255741207
-1.15663385976959	-4.08941786831464	-3.78728923476005
0.180056458381018	-3.30815594720378	-1.45876249332418
-0.347905699244678	-3.59502555886168	-2.0660715648127
1.70901045243	-2.31631952391852	-2.32852674143587
1.81887541008621	-2.45059891660945	0.0518806744487678
2.88090333409628	-2.00503547722591	-1.06202792401007
3.32951857785916	-1.879911497673	-0.0885023270008393
2.62455176623178	-1.93789578088045	-0.482185091935607
2.47196154726482	2.1210040436408	1.95925841153582
2.87174792095827	2.12405584802014	2.26749065384909
1.78835736629282	3.21660181582361	1.56862745098039
0.604257267109178	2.04776073853666	2.21255817502098
0.906385900663767	0.9399557488365	0.4272526131075
0.515754940108339	0.601205462729839	1.95620660715648
2.28580148012512	1.10780498970016	3.01213092240787
1.7792019531548	2.29800869764248	2.26443884946975
1.13527122911421	1.52590218966964	4.11993591210803
2.44144350347143	2.37430380712596	0.970473792629892
0.524910353246357	1.28480964370184	-0.344853894865339
-0.195315480277714	-0.891126878767071	-3.11284046692607
-0.396734569314107	-1.14747844663157	-2.59098191805905
-1.24513618677043	-2.99382009613184	-6.44846265354391
0.0885023270008393	-1.84023804074159	-2.31021591515984
-1.1108567940795	-3.42107270923934	-2.61844815747311
0.0305180437933928	-3.04264896620127	-2.20950637064164
0.701915007248035	-3.10673685816739	-0.320439459830625
-0.360112916762036	-3.81475547417411	-1.0101472495613
0.85145342183566	-2.53604943923095	0.943007553215839
2.13015945677882	-0.662241550316625	1.91653315022507
3.78423743038071	0.909437705043107	1.20546272983902
3.35088120851453	1.47707331960021	1.62661173418784
4.23895628290227	1.23598077363241	-1.16273746852827
4.33051041428244	2.563515678645	-1.11696040283818
3.59807736324102	1.52895399404898	-3.71099412527657
3.3325703822385	1.21461814297704	-3.81170366979477
2.62455176623178	0.717174029144732	-2.58793011367971
4.51056687266346	2.45365072098878	-0.360112916762036
4.77302204928664	3.94903486686503	2.74662394140536
4.49530785076677	3.36614023041123	1.879911497673
2.63981078812848	4.42511635004196	5.19111924925612
2.96330205233845	5.23994811932555	5.70382238498512
2.58793011367971	4.45258258945602	3.65606164644846
0.717174029144732	2.04470893415732	2.39871824216068
0.0366216525520714	0.500495918211643	-0.387579156176089
0.93690394445716	0.149538414587625	-0.0823987182421607
0.540169375143053	-0.607309071488518	-0.735484855420768
1.24818799114977	-0.540169375143053	-0.863660639353018
-0.210574502174411	-0.799572747386893	-0.323491264209964
0.332646677347982	0.0152590218966964	0.708018616006714
1.00099183642329	0.0701915007248035	1.64797436484321
0.949111161974517	1.31837949187457	0.784313725490196
-0.103761348897536	0.241092545967803	2.12405584802014
-0.68055237659266	0.0183108262760357	0.0244144350347143
0.0518806744487678	-0.231937132829786	-0.0915541313801785
-2.2369726100557	-2.78934920271611	-2.57572289616236
-0.607309071488518	-4.11383230334935	-3.80560006103609
-2.05386434729534	-5.23994811932555	-3.45769436179141
-1.85549706263828	-5.42610818646525	-2.58487830930037
-1.50453955901427	-5.19417105363546	-2.60929274433509
-1.14442664225223	-4.64484626535439	-1.04982070649271
-1.77004654001678	-3.69878690775921	-0.0152590218966964
-1.55642023346304	-3.95513847562371	-0.152590218966964
0.521858548867018	-2.87174792095827	1.46181429770352
-0.137331197070268	-4.13519493400473	1.06202792401007
-1.46181429770352	-5.15754940108339	-0.701915007248035
-2.94499122606241	-5.11482413977264	-2.77409018081941
-3.01213092240787	-5.22163729304952	-4.5838101777676
-2.29495689326314	-5.6244754711223	-5.56038757915618
-3.40581368734264	-4.69672693980316	-3.81170366979477
-1.83108262760357	-3.84832532234684	-3.62554360265507
-2.22476539253834	-3.81170366979477	-1.80666819256886
-3.55535210193027	-2.4628061341268	-2.83817807278553
-4.15350576028077	-1.31227588311589	-1.01930266269932
-4.84321355001144	-1.19325551232166	-1.86770428015564
-2.78934920271611	1.37331197070268	-2.80766002899214
-2.68558785381857	1.45876249332418	-2.04776073853666
0.271610589761196	1.78225375753414	-2.6337071793698
0.839246204318303	3.48210879682612	1.23292896925307
0.946059357595178	2.56961928740368	2.27054245822843
1.87380788891432	1.98672465094987	5.22774090180819
1.39162279697871	3.36919203479057	9.62233920805676
0.85145342183566	2.90226596475166	6.9764248111696
1.26344701304646	3.49736781872282	9.39650568398566
1.36110475318532	2.40482185091936	8.83497367818723
0.485236896314946	0.857557030594339	7.69665064469368
0.323491264209964	-1.67849240863661	4.0009155413138
-0.106813153276875	-3.05180437933928	2.92668039978637
-0.515754940108339	-5.29488059815366	2.17288471808957
-3.64690623331044	-6.94590676737621	-1.68459601739528
-4.614328221561	-6.93064774547952	-1.12916762035554
-6.59800106813153	-8.65491721980621	-2.04470893415732
-6.19211108567941	-8.81971465629053	-4.39459830624857
-7.99572747386893	-11.4290074006256	-6.64682993820096
-6.67429617761502	-10.3334096284428	-6.9764248111696
-6.01510643167773	-9.52773327229725	-5.18806744487678
-5.13008316166934	-8.77698939497978	-8.82581826504921
-5.44136720836194	-6.30502784771496	-8.88075074387732
-3.20744640268559	-3.80865186541543	-8.78919661249714
-1.13221942473487	-3.75066758220798	-9.05470359349966
-0.219729915312428	-3.47600518806744	-9.1981383993286
-0.473029678797589	-4.17792019531548	-8.13305867093919
1.8951705195697	-3.88494697489891	-5.639734493019
0.827038986800946	-5.07515068284123	-4.85847257190814
1.42824444953079	-3.72014953841459	-4.85236896314946
0.0152590218966964	-5.69771877622644	-4.8706797894255
-0.390630960555428	-5.50545510032807	-2.81376363775082
