-1.10170138094148	-1.17494468604562	2.09964141298543
0.402838178072786	0.875867856870375	2.13931486991684
-2.09048599984741	-1.32143129625391	1.8951705195697
-2.31631952391852	-4.25116350041962	0.231937132829786
0.320439459830625	-4.62043183031968	-1.80361638818952
-1.22072175173571	-5.56343938353552	-2.35904478522927
-3.46379797055009	-7.28160524910353	-3.46074616617075
-3.97650110627909	-6.84214541847868	-4.75165941863127
-3.29594872968643	-6.11886778057526	-5.32539864194705
-2.77714198519875	-6.24704356450752	-4.56549935149157
-4.04058899824521	-5.94796673533227	-5.67940794995041
-1.80666819256886	-4.8706797894255	-4.87373159380484
-0.625619897764553	-3.43938353551537	-2.08438239108873
-0.29907682917525	-2.44754711223011	-1.10475318532082
-1.60219729915312	0.0274662394140536	0.912489509422446
0.0885023270008393	1.92874036774243	4.41901274128328
0.378423743038071	2.66727702754253	3.33562218661784
1.27260242618448	5.10872053101396	4.90424963759823
2.38345922026398	7.0923933775845	6.2378881513695
0.00305180437933928	9.03944457160296	8.99366750591287
2.93583581292439	10.4310673685817	9.44228274967575
1.43129625391012	7.98352025635157	7.27855344472419
1.2664988174258	5.6946669718471	4.03143358510719
3.15556572823682	5.14229037918669	2.0660715648127
5.03852903028916	5.05989166094453	4.76691844052796
6.02426184481575	6.34470130464637	4.19012741283284
4.30914778362707	5.91744869153887	3.8300144960708
3.28374151216907	4.70893415732052	5.98764019226368
5.32234683756771	3.29289692530709	2.24307621881437
6.54612039368276	5.08430609597925	2.01724269474327
3.28984512092775	2.86869611657893	0.63782711528191
1.81582360570687	1.65407797360189	-0.701915007248035
2.49637598229953	3.93987945372702	-1.84939345387961
1.34889753566796	4.00396734569314	-1.73037308308537
-0.570687418936446	-0.738536659800107	-6.9916838330663
0.521858548867018	0.326543068589303	-5.84115358205539
-0.50965133134966	1.21766994735637	-5.71908140688182
0.393682764934768	2.2369726100557	-2.98771648737316
-1.51064316777295	1.50759136339361	-0.796520943007553
-1.36110475318532	1.72121766994736	-1.01625085831998
-0.317387655451286	0.933852140077821	-0.747692072938125
0.46997787441825	1.59914549477379	-1.13527122911421
0.134279392690929	-0.244144350347143	1.20241092545968
-5.10872053101396	-2.34073395895323	-2.64286259250782
-3.87579156176089	-1.49843595025559	-1.91958495460441
-1.48928053711757	-0.210574502174411	-0.0793469138628214
-1.19325551232166	1.66323338673991	-1.12916762035554
-0.506599526970321	2.8900587472343	-1.17799649042496
-2.71305409323262	2.29495689326314	-1.04371709773404
-2.85343709468223	1.20241092545968	-1.71206225680934
-3.14030670634012	0.732433051041428	-1.44350347142748
-4.63569085221637	-1.67849240863661	-1.08339055466545
-4.40985732814527	-2.31631952391852	-1.12916762035554
-3.88799877927825	-0.842298008697642	0.448615243762875
-4.86457618066682	-0.72632944228275	0.354009308003357
-5.72823682001984	-0.863660639353018	-1.64492256046387
-2.95719844357977	1.4679179064622	-1.25734340428779
-2.94804303044175	0.604257267109178	-0.778210116731518
-1.59304188601511	-1.58693827725643	-2.30106050202182
-0.204470893415732	-4.74860761425193	-5.72823682001984
-4.77607385366598	-7.78820477607385	-4.73945220111391
-0.378423743038071	-8.89600976577401	-5.06294346532387
-3.58587014572366	-10.7698176546883	-4.90424963759823
-3.94598306248569	-9.79018844892042	-5.65804531929503
-2.11184863050278	-8.79530022125582	-6.95506218051423
-4.09246967269398	-8.65796902418555	-6.16769665064469
-5.99984740978103	-8.06591897459373	-7.89196612497139
-4.14740215152209	-8.85938811322194	-5.96017395284962
-2.85038529030289	-7.48607614251926	-4.72419317921721
-1.88296330205234	-5.99069199664302	-3.35088120851453
-3.04570077058061	-4.48310063324941	1.10475318532082
-2.99382009613184	-3.43633173113603	-1.42824444953079
-0.756847486076142	-1.06813153276875	-1.06202792401007
-0.735484855420768	0.0793469138628214	1.12001220721752
0.296025024795911	-0.0457770656900893	-0.231937132829786
0.466926070038911	1.23292896925307	-2.0355535210193
1.4679179064622	1.66628519111925	-0.610360875867857
0.714122224765393	0.592050049591821	-0.604257267109178
0.277714198519875	-0.549324788281071	-0.332646677347982
-1.85244525825895	-0.415045395590143	-1.52895399404898
-3.36919203479057	-3.63469901579309	-0.89723048752575
-3.21049820706493	-5.06904707408255	-2.60929274433509
-4.21759365224689	-5.34370946822309	-2.74662394140536
-3.49126420996414	-6.01205462729839	-3.33867399099718
-1.99282825970855	-6.74143587396048	-5.66414892805371
-2.08438239108873	-5.80758373388266	-1.80666819256886
-1.40688181887541	-7.3334859235523	-4.90424963759823
-0.701915007248035	-6.99473563744564	-3.70183871213855
1.58693827725643	-4.37628747997253	0.436408026245518
2.34378576333257	-2.95414663920043	2.59403372243839
3.38750286106661	-2.50247959105821	2.05386434729534
5.15754940108339	2.84733348592355	5.57869840543221
4.80354009308003	2.19729915312428	8.09643701838712
3.90325780117494	1.92568856336309	7.348744945449
4.55634393835355	1.367208361944	6.22873273823148
1.12916762035554	-0.238040741588464	5.18501564049744
1.20241092545968	1.13832303349355	2.28885328450446
-0.0823987182421607	2.45975432974746	1.25429159990845
-1.65712977798123	1.80666819256886	0.451667048142214
0.170901045243	4.70588235294118	-0.0183108262760357
0.491340505073625	5.3833829251545	0.775158312352178
-1.54726482032502	4.96833752956436	2.93278400854505
1.06202792401007	5.53597314412146	2.45670252536812
3.33562218661784	6.0669871061265	1.67544060425727
3.076218814374	7.83398184176394	2.94193942168307
3.39055466544594	7.44945448996719	2.32547493705653
5.99374380102235	10.0862134737163	2.07522697795071
6.04867627985046	10.101472495613	3.59197375448234
0.323491264209964	8.51758602273594	2.91142137788968
4.09552147707332	7.94384679942016	3.97650110627909
1.55947203784237	5.7251850156405	3.06401159685664
1.8097199969482	3.22270542458228	0.4272526131075
1.6388189517052	2.27969787136645	-1.46181429770352
4.70588235294118	2.71000228885328	0.744640268558785
3.73235675593194	1.2115663385977	0.643930724040589
4.42511635004196	1.65407797360189	1.04982070649271
6.62546730754559	2.73136491950866	1.51979858091096
5.60006103608759	1.71511406118868	2.50858319981689
7.55626764324407	2.61234454871443	0.906385900663767
6.152437628748	2.55741206988632	1.84939345387961
3.83306630045014	1.2970168612192	2.17593652246891
2.69169146257725	0.134279392690929	-0.274662394140536
4.26642252231632	1.95315480277714	1.51369497215228
2.70695048447395	0.558480201419089	1.92568856336309
3.24406805523766	0.933852140077821	1.79140917067216
6.08224612802319	1.74868390936141	1.7944609750515
2.88700694285496	-1.22072175173571	2.27359426260777
3.87273975738155	-0.479133287556268	1.54726482032502
1.98367284657053	-1.60219729915312	0.180056458381018
4.0009155413138	-1.82497901884489	0.521858548867018
-2.75577935454337	-3.81475547417411	0.0274662394140536
-0.402838178072786	-2.96940566109712	0.546272983901732
-1.22072175173571	-2.44754711223011	0.369268329900053
-2.2064545662623	-4.6997787441825	-0.85145342183566
0.863660639353018	-2.33463035019455	-0.2563515678645
3.32951857785916	0.390630960555428	2.79240100709545
-1.80666819256886	-1.91348134584573	0.268558785381857
0.512703135729	-2.25833524071107	-0.845349813076982
0.262455176623178	-1.16884107728695	0.247196154726482
-1.68764782177462	-3.51873044937819	-2.69169146257725
1.30922407873655	-1.6937514305333	-0.155642023346304
2.08133058670939	-2.44754711223011	0.668345159075303
-0.89417868314641	-3.66216525520714	0.164797436484321
1.39467460135805	-1.90737773708705	-0.592050049591821
3.45769436179141	0.131227588311589	1.43129625391012
-0.689707789730678	-1.23598077363241	1.15663385976959
0.619516289005875	-1.53200579842832	-0.216678110933089
-2.05996795605402	-0.985732814526589	2.25223163195239
-1.27870603494316	-0.805676356145571	1.58083466849775
-1.0955977721828	-3.16777294575418	-2.24307621881437
-4.16266117341878	-3.19523918516823	-1.9806210421912
-4.56244754711223	-5.15449759670405	-2.94804303044175
-3.84832532234684	-6.08224612802319	-5.5390249485008
0.112916762035554	-4.02227817196918	-3.04264896620127
-2.63675898374914	-3.41496910048066	-2.91447318226902
-1.1810482948043	-3.47905699244678	-3.47295338368811
2.01724269474327	-1.15053025101091	-3.5034714274815
0.799572747386893	-0.839246204318303	-1.80361638818952
1.27565423056382	-1.90127412832837	-1.12916762035554
1.47402151522087	-1.60524910353246	-3.81780727855344
1.01625085831998	-2.88090333409628	-3.76287479972534
1.49843595025559	-3.36308842603189	-2.392614633402
2.99992370489052	-2.78934920271611	-3.53704127565423
-1.76394293125811	-2.26749065384909	-1.83108262760357
0.415045395590143	-1.23598077363241	-1.17799649042496
1.0406652933547	-0.131227588311589	-2.15762569619287
0.463874265659571	-0.485236896314946	-2.36209658960861
-1.13221942473487	-2.92362859540703	-5.78622110322728
-2.99382009613184	-5.97543297474632	-10.2693217364767
-5.68245975432975	-7.61120012207217	-10.605020218204
-4.70283054856184	-7.37010757610437	-9.35072861829557
-5.50545510032807	-7.58678568703746	-8.07507438773175
-2.99382009613184	-5.23079270618753	-2.92362859540703
-2.6489662012665	-4.60517280842298	-1.10170138094148
0.280766002899214	-1.45571068894484	0.207522697795071
0.457770656900893	-0.405889982452125	2.31937132829786
-0.341802090486	-0.283817807278553	1.81277180132753
1.03150988021668	1.81582360570687	-0.59510185397116
2.83207446402686	3.59197375448234	2.14541847867552
2.1515220874342	2.04776073853666	1.11696040283818
2.27359426260777	1.78225375753414	2.12405584802014
4.67231250476844	5.85336079957275	3.53704127565423
2.82902265964752	5.84725719081407	5.10566872663462
6.46677347981994	6.57663843747616	4.3579766536965
7.59594110017548	7.23887998779278	4.1870756084535
6.01815823605707	5.47188525215534	2.1362630655375
6.43930724040589	5.39864194705119	0.885023270008392
10.5653467612726	4.37628747997253	0.228885328450446
7.87670710307469	3.04264896620127	-2.52079041733425
7.006942854963	2.04776073853666	-3.49431601434348
4.75165941863127	0.833142595559625	-5.31624322880903
3.90936140993362	-0.323491264209964	-5.12397955291066
1.04676890211337	-2.28580148012512	-3.72930495155261
1.34584573128862	-1.83108262760357	-0.839246204318303
-0.38452735179675	-2.17288471808957	-0.833142595559625
-1.70595864805066	-3.26848249027237	-0.506599526970321
-1.92568856336309	-3.30510414282444	-0.320439459830625
-6.94590676737621	-4.96528572518502	-1.19935912108034
-6.34164950026703	-5.04768444342718	-1.00404364080262
-6.38437476157778	-4.67841611352712	-3.78423743038071
-6.7200732433051	-5.94796673533227	-6.1371786068513
-5.06294346532387	-5.94796673533227	-7.36095216296635
-4.81574731059739	-5.34370946822309	-9.05165178912032
-4.89509422446021	-4.76691844052796	-6.87266346227207
-2.79240100709545	-4.84931715877012	-5.18806744487678
-1.39772640573739	-3.73540856031128	-3.25627527275502
-1.1261158159762	-2.19119554436561	-2.11184863050278
2.01724269474327	-0.244144350347143	-0.463874265659571
1.90127412832837	0.225833524071107	-2.5787747005417
5.16670481422141	2.68253604943923	-1.70595864805066
5.91744869153887	2.57572289616236	-1.83718623636225
6.9916838330663	4.54718852521553	-0.915541313801785
6.85435263599603	4.36713206683452	1.0406652933547
7.32738231479362	4.38544289311055	0.790417334248875
6.18905928130007	4.27862973983368	2.31937132829786
5.15144579232471	4.93476768139162	3.54924849317159
8.22156099794003	6.0364690623331	5.26436255436027
7.48607614251926	6.38437476157778	2.0660715648127
4.42511635004196	6.75974670023651	1.60219729915312
5.57869840543221	7.15953307392996	-0.63782711528191
6.44235904478523	6.45456626230259	-0.997940032043946
4.99580376897841	5.60616464484626	-2.16067750057221
4.04364080262455	2.75577935454337	-0.72327763790341
5.0415808346685	2.70389868009461	1.15358205539025
3.72625314717327	1.05592431525139	0.616464484626535
2.54215304798962	-1.40383001449607	0.585946440833143
2.41397726405737	-2.40177004654002	-1.03456168459602
1.12001220721752	-3.14946211947814	-0.491340505073625
-2.39566643778134	-4.93171587701228	-1.01319905394064
-2.05996795605402	-3.95819028000305	-0.170901045243
-2.45975432974746	-3.50652323186084	-1.37331197070268
-4.614328221561	-4.66620889600977	-0.283817807278553
-2.99687190051118	-3.86358434424353	-1.99588006408789
-1.19935912108034	-4.99275196459907	-2.10879682612345
-3.31120775158312	-6.62241550316625	-0.378423743038071
-7.08323796444648	-10.101472495613	-1.44960708018616
-7.90112153810941	-12.0241092545968	-3.38139925230793
-9.03639276722362	-12.9091325246052	-4.44953078507668
-10.0465400167849	-13.9986266880293	-8.21240558480201
-8.81055924315251	-11.9508659494926	-9.50331883726253
-5.95407034409094	-9.84206912336919	-9.61013199053941
-2.92057679102769	-6.59800106813153	-6.61020828564889
-0.650034332799268	-2.36514839398795	-1.97756923781186
3.39971007858396	1.41908903639277	1.84328984512093
5.73128862439918	6.55222400244144	3.90325780117494
7.84313725490196	9.77798123140307	7.18089570458534
8.17883573662928	10.263218127718	8.56641489280537
6.85435263599603	8.34973678187228	7.49828336003662
6.9214923323415	6.62851911192493	7.5745784695201
3.90325780117494	5.10566872663462	7.22972457465476
0.576791027695125	3.89715419241627	7.59594110017548
0.686655985351339	4.09552147707332	6.46066987106127
-1.68154421301595	3.18608377203021	6.28976882581826
-3.09758144502937	1.83718623636225	3.71709773403525
-2.62455176623178	0.76600289921416	-1.48928053711757
-2.92057679102769	0.222781719691768	-1.6388189517052
-5.16670481422141	0.164797436484321	-4.21454184786755
-5.41390096894789	-1.69680323491264	-5.65499351491569
-7.37926298924239	-3.54924849317159	-6.08834973678187
-7.56237125200275	-5.82894636453803	-6.22568093385214
-4.49530785076677	-6.10055695429923	-7.00999465934234
-1.69985503929198	-4.43427176317998	-7.32433051041428
-4.58075837338827	-3.76897840848402	-5.82894636453803
-5.55733577477684	-4.21454184786755	-9.13710231174182
-4.71503776607919	-3.14946211947814	-7.87060349431601
-5.78622110322728	-0.683604180972	-4.62348363469902
-4.65094987411307	-1.1108567940795	-5.468833447776
-5.26436255436027	0.827038986800946	-4.65705348287175
-1.86770428015564	2.99992370489052	-2.55741206988632
-0.421149004348821	4.33966582742046	-2.57267109178302
-2.58487830930037	1.80361638818952	-3.65300984206912
-4.60822461280232	-1.97451743343252	-3.97039749752041
-4.33051041428244	-2.45975432974746	-5.88998245212482
-3.68352788586252	-3.27153429465171	-4.64179446097505
-7.92553597314412	-3.03654535744259	-3.15861753261616
-6.6498817425803	-3.58587014572366	-4.80659189745937
-6.28671702143893	-1.46486610208286	-3.7445639734493
-6.62241550316625	-2.31631952391852	-2.3224231326772
-7.67223620965896	-3.12199588006409	-3.36308842603189
-4.81879911497673	-0.610360875867857	-2.94499122606241
-9.21034561684596	-0.592050049591821	-0.347905699244678
-7.97741664759289	-0.961318379491875	-2.76188296330205
-10.3517204547189	-2.59708552681773	-2.82902265964752
-9.14015411612116	-3.87884336614023	-2.80766002899214
-10.1319905394064	-4.71503776607919	-1.64492256046387
-7.97741664759289	-3.70183871213855	-2.52689402609293
-4.96833752956436	-1.91958495460441	-2.27359426260777
-1.98672465094987	-1.52590218966964	-0.63782711528191
-1.60219729915312	-0.149538414587625	-1.28480964370184
-1.18410009918364	0.0396734569314107	-1.13221942473487
-0.482185091935607	-1.71511406118868	-2.64591439688716
-0.29907682917525	-1.18715190356298	-5.02937361715114
-4.73640039673457	-3.42107270923934	-6.23483634699016
-7.91332875562676	-4.96528572518502	-8.88380254825666
-5.59090562294957	-4.85847257190814	-9.87563897154192
-9.95193408102541	-7.54100862134737	-9.29274433508812
-12.5978484779126	-11.9111924925612	-9.41481651026169
-9.88479438467994	-10.3303578240635	-8.83192187380789
-7.15953307392996	-8.37109941252766	-4.78217746242466
-5.35896849011978	-6.67734798199435	-5.13313496604868
-1.8951705195697	-2.96025024795911	-4.46784161135271
-0.674448767833982	0.863660639353018	-3.58587014572366
-2.27969787136645	-0.103761348897536	-5.11787594415198
-3.72320134279393	-1.50453955901427	-7.98352025635157
-4.22980086976425	-1.53200579842832	-9.32936598764019
-7.22667277027543	-4.10467689021134	-10.5104142824445
-5.82284275577935	-5.03547722590982	-11.7189288166629
-8.64881361104753	-4.22980086976425	-9.74746318760967
-6.09750514991989	-4.49835965514611	-9.17677576867323
-8.29785610742351	-4.93171587701228	-8.94483863584344
-10.8644235904479	-4.83710994125277	-8.61829556725414
-10.6019684138247	-4.48920424200809	-6.59494926375219
-9.57351033798733	-3.90020599679561	-7.81567101548791
-6.71091783016709	-1.15663385976959	-7.2327763790341
-4.83405813687343	0.582894636453803	-6.77195391775387
-3.90936140993362	2.62455176623178	-4.70283054856184
-1.65102616922255	4.88593881132219	-4.82185091935607
-2.38651102464332	6.08834973678187	-1.2817578393225
-1.73647669184405	4.76691844052796	-1.74868390936141
-3.72320134279393	4.49835965514611	-2.20035095750362
-1.15358205539025	6.16159304188602	0.540169375143053
0.305180437933928	6.84519722285801	1.94094758525978
2.75577935454337	7.4036774242771	4.10467689021134
3.89715419241627	6.60715648126955	3.62859540703441
5.60616464484626	5.05683985656519	4.91645685511559
3.67132066834516	2.05996795605402	0.604257267109178
1.38857099259937	0.0793469138628214	1.27870603494316
0.0793469138628214	-1.23292896925307	-1.73647669184405
1.196307316701	-0.222781719691768	-1.87380788891432
3.35088120851453	0.457770656900893	-2.29800869764248
1.23598077363241	-0.839246204318303	0.921644922560464
-1.07423514152743	-1.74258030060273	0.311284046692607
0.817883573662928	-0.701915007248035	2.11490043488212
1.62966353856718	0.63782711528191	4.3427176317998
-1.10475318532082	0.64087891966125	5.77401388570993
1.50453955901427	4.97138933394369	6.07309071488518
2.4628061341268	4.56549935149157	6.3782711528191
2.4628061341268	3.97039749752041	6.5644312199588
3.26848249027237	3.32036316472114	4.62043183031968
4.79133287556268	2.87479972533761	6.04867627985046
4.66315709163043	0.89723048752575	5.23689631494621
7.53795681696803	2.78324559395743	4.76081483176928
6.38437476157778	2.53299763485161	4.75471122301061
6.51560234988937	1.58388647287709	2.38956282902266
6.31723506523232	3.14946211947814	3.26543068589303
5.47798886091402	1.98977645532921	0.604257267109178
3.90936140993362	0.0762951094834821	-1.06813153276875
2.24612802319371	-0.778210116731518	-2.563515678645
1.0955977721828	-0.546272983901732	-2.79850461585412
-0.524910353246357	-1.69069962615396	-3.45769436179141
2.77103837644007	0.0305180437933928	-2.27054245822843
3.33867399099718	1.23598077363241	-0.9399557488365
2.5482566567483	-0.543221179522393	-0.729381246662089
4.47089341573205	0.378423743038071	-1.08949416342412
4.60212100404364	1.95925841153582	-0.845349813076982
0.650034332799268	-0.177004654001679	0.329594872968643
0.927748531319142	0.311284046692607	-0.900282291905089
-0.494392309452964	2.36514839398795	1.73647669184405
0.564583810177768	3.11589227130541	3.41496910048066
5.20637827115282	4.02532997634852	4.15960936903944
5.67940794995041	6.75974670023651	6.14633401998932
6.26535439078355	5.70687418936446	7.71496147096971
6.15548943312734	5.47493705653468	7.72106507972839
6.8055237659266	6.45456626230259	7.27244983596551
7.16563668268864	7.87060349431601	6.72617685206378
6.90012970168612	5.69161516746777	4.24505989166094
7.52574959945068	7.88281071183337	4.101625085832
8.98146028839551	9.24696726939803	4.54718852521553
9.43617914091707	9.16456855115587	5.58175020981155
10.092317082475	11.0383764400702	5.0415808346685
8.74036774242771	11.8287937743191	5.85030899519341
8.15442130159457	8.62439917601282	3.44853894865339
8.1879911497673	6.96726939803159	2.4628061341268
8.49317158770123	8.44739452201114	3.80254825665675
5.70687418936446	7.01304646372168	5.3833829251545
6.28061341268025	7.97131303883421	6.36911573968109
9.34157320515755	12.2804608224613	10.8674753948272
7.08934157320516	9.17067215991455	10.5226214999619
8.56031128404669	8.53589684901198	8.90211337453269
9.57351033798733	7.89196612497139	5.79232471198596
4.57465476462959	5.03852903028916	9.36598764019226
7.99267566948959	6.08834973678187	5.639734493019
7.12291142137789	6.86350804913405	8.97535667963684
7.01915007248035	4.77912565804532	7.01915007248035
8.3588921950103	4.51667048142214	8.34668497749294
8.12390325780117	5.11787594415198	9.17982757305257
5.80453192950332	3.27458609903105	7.35484855420767
3.96429388876173	1.64797436484321	5.45662623025864
1.34889753566796	-0.875867856870375	3.74151216906996
2.53299763485161	-2.21866178377966	2.85648889906157
0.588998245212482	-2.78019378957809	0.247196154726482
-1.65102616922255	-4.85847257190814	-1.01625085831998
-2.30106050202182	-5.7801174944686	-1.50148775463493
-3.25322346837568	-6.64682993820096	-2.34073395895323
-1.45876249332418	-5.76791027695125	-5.06904707408255
-5.45662623025864	-8.81055924315251	-6.22873273823148
-3.5034714274815	-7.64171816586557	-6.52780956740673
-2.43533989471275	-4.84321355001144	-5.14839398794537
-2.61844815747311	-2.69474326695659	-3.04264896620127
-2.67032883192187	-3.23491264209964	-4.0009155413138
-2.19424734874495	-0.570687418936446	-1.71816586556802
-3.82391088731212	-1.05592431525139	-2.13015945677882
-1.18715190356298	-2.02944991226062	-2.1362630655375
1.32448310063325	-0.210574502174411	0.717174029144732
1.24818799114977	-0.021362630655375	0.207522697795071
5.47493705653468	1.57473105973907	1.05592431525139
7.63866636148623	2.89311055161364	2.69474326695659
4.97444113832303	2.4933241779202	4.88593881132219
3.66826886396582	2.62760357061112	6.21652552071412
3.21355001144427	2.19119554436561	3.92767223620966
3.18608377203021	1.61745632104982	5.33455405508507
3.68963149462119	3.23491264209964	4.23590447852293
4.58075837338827	3.03654535744259	5.67940794995041
3.36003662165255	2.83817807278553	5.09956511787594
3.8452735179675	2.89311055161364	3.10368505378805
2.050812542916	2.42313267719539	3.60723277637903
3.71709773403525	1.87075608453498	2.16678110933089
2.38040741588464	-0.296025024795911	-2.00198367284657
2.56961928740368	-0.387579156176089	-0.335698481727321
2.11184863050278	-0.717174029144732	-0.0762951094834821
1.54421301594568	-0.381475547417411	-0.89723048752575
-1.0101472495613	-2.0660715648127	-1.09864957656214
-3.74761577782864	-5.90524147402152	-3.54009308003357
-3.26237888151369	-5.63668268863966	-4.39459830624857
-4.88899061570153	-7.88586251621271	-6.01205462729839
-4.18402380407416	-9.2835889219501	-6.19211108567941
-1.13527122911421	-5.10261692225528	-4.93476768139162
0.549324788281071	-1.56252384222171	-1.81582360570687
3.23491264209964	-1.23292896925307	-3.17387655451286
2.31937132829786	1.08949416342412	0.0793469138628214
4.06195162890059	3.42107270923934	0.686655985351339
2.74662394140536	3.52788586251621	-0.479133287556268
4.33356221866178	3.47600518806744	0.830090791180285
4.24811169604028	5.07820248722057	1.44960708018616
5.00495918211643	4.45563439383536	2.1210040436408
2.45670252536812	3.8452735179675	0.762951094834821
3.43938353551537	3.72014953841459	1.12916762035554
-0.207522697795071	1.48928053711757	-0.0122072175173571
1.07118333714809	0.00610360875867857	-2.69474326695659
-1.52590218966964	-0.173952849622339	-4.6997787441825
-5.48714427405203	-2.88395513847562	-5.97238117036698
-4.56244754711223	-2.563515678645	-7.60814831769284
-6.05783169298848	-2.22476539253834	-6.3080796520943
-3.8452735179675	-1.77615014877546	-5.16060120546273
-4.58075837338827	-2.33157854581521	-5.92660410467689
-3.11894407568475	-3.47295338368811	-3.37529564354925
-4.07721065079728	-2.88090333409628	-3.73235675593194
-3.61028458075837	-2.3224231326772	-2.54215304798962
-4.5136186770428	-2.98466468299382	-5.33455405508507
-3.94598306248569	-4.0863660639353	-1.5533684290837
-5.37422751201648	-3.5736629282063	-4.28778515297169
-3.79949645227741	-3.98870832379644	-2.30106050202182
-6.7200732433051	-5.39559014267186	-3.61638818951705
-5.54207675288014	-4.47089341573205	-3.00907911802853
-5.23994811932555	-5.27046616311894	-3.73540856031128
-6.82383459220264	-6.91844052796216	-2.45975432974746
-4.48310063324941	-5.23079270618753	-2.57267109178302
-3.39055466544594	-4.73029678797589	-0.323491264209964
-5.15754940108339	-5.18196383611811	-1.60219729915312
-3.90936140993362	-5.28572518501564	-1.58999008163577
-2.62455176623178	-2.02029449912261	1.83718623636225
-3.93987945372702	-1.55642023346304	1.83413443198291
-2.04165712977798	-1.86770428015564	-1.48317692835889
-1.02235446707866	-1.90127412832837	1.01319905394064
-5.19111924925612	-2.82597085526818	0.521858548867018
-3.29594872968643	-2.54215304798962	0.369268329900053
-3.61638818951705	-2.70695048447395	1.39467460135805
-2.78629739833677	-2.49027237354086	3.15251392385748
-0.622568093385214	-1.0955977721828	1.83413443198291
-0.958266575112535	-2.20035095750362	-0.119020370794232
-0.0732433051041428	-2.24612802319371	-0.177004654001679
-0.98268101014725	-1.68764782177462	-3.17082475013352
-4.01007095445182	-3.75677119096666	-2.67032883192187
-0.579842832074464	-2.91752498664836	-1.6083009079118
0.524910353246357	-0.967421988250553	-3.72320134279393
0.38452735179675	-1.78225375753414	-3.52483405813687
2.47196154726482	-0.00305180437933928	-2.63065537499046
-1.08033875028611	-0.451667048142214	-1.81582360570687
0.0854505226215	0.665293354695964	-0.93690394445716
2.29800869764248	2.17593652246891	-0.415045395590143
2.14847028305486	5.01716639963378	2.81681544213016
1.2970168612192	3.99176012817578	1.33058670939193
1.87380788891432	4.88899061570153	2.76798657206073
0.38452735179675	3.96734569314107	3.34172579537652
-1.50759136339361	1.56252384222171	0.994888227664607
-0.390630960555428	1.19325551232166	2.905317769131
1.05592431525139	1.63576714732586	1.87075608453498
1.6388189517052	0.59510185397116	0.848401617456321
0.512703135729	-0.857557030594339	-1.64797436484321
2.53604943923095	0.0762951094834821	-0.845349813076982
2.17898832684825	0.552376592660411	-0.369268329900053
2.65201800564584	0.787365529869535	-2.79850461585412
2.53604943923095	0.973525597009232	-0.473029678797589
-0.183108262760357	-0.164797436484321	-1.42519264515145
-0.0854505226215	1.24818799114977	-1.08033875028611
-1.14137483787289	1.09254596780346	-0.970473792629892
-2.734416723888	1.25123979552911	-0.946059357595178
-6.10055695429923	2.0660715648127	-2.57572289616236
-1.32753490501259	4.39154650186923	0.952162966353857
-4.68146791790646	2.01419089036393	-0.234988937209125
-4.05584802014191	0.225833524071107	-4.02532997634852
-2.74662394140536	0.363164721141375	-1.21461814297704
-3.09758144502937	-2.31631952391852	-4.02227817196918
-1.57778286411841	-1.48928053711757	-3.83916990920882
-1.7944609750515	-1.91042954146639	-3.9154650186923
-3.85137712672618	-2.78629739833677	-2.77409018081941
-3.01518272678721	0.228885328450446	-2.31326771953918
-1.367208361944	0.558480201419089	-2.49027237354086
-3.58587014572366	-0.228885328450446	-1.35500114442664
-5.34065766384375	-1.72732127870604	-3.62249179827573
-6.0669871061265	-1.11696040283818	-2.98771648737316
-8.28564888990616	-3.68963149462119	-5.57259479667353
-9.62844281681544	-4.6997787441825	-6.41794460975052
-7.90722514686809	-2.45975432974746	-4.66926070038911
-8.87464713511864	-1.6937514305333	-4.82795452811475
-6.66208896009766	-0.604257267109178	-4.25116350041962
-4.63263904783703	0.949111161974517	-3.39055466544594
-3.94903486686503	0.790417334248875	-3.42107270923934
-0.585946440833143	1.82803082322423	-4.6845197222858
2.48722056916152	3.51873044937819	-2.75577935454337
2.60013733119707	2.04165712977798	-3.63469901579309
1.44045166704814	2.61539635309377	-3.37834744792859
2.55130846112764	4.63263904783703	-1.19325551232166
2.3071641107805	4.34882124055848	2.16067750057221
0.653086137178607	3.19218738078889	-0.762951094834821
-3.6743724727245	2.27664606698711	1.54726482032502
-0.103761348897536	1.74868390936141	1.57778286411841
-2.45365072098878	2.18509193560693	0.134279392690929
-2.96330205233845	0.619516289005875	-2.90836957351034
-4.53192950331884	-0.643930724040589	-3.52788586251621
-7.40672922865644	-0.949111161974517	-3.13115129320211
-5.18501564049744	-0.927748531319142	-2.67643244068055
-6.26535439078355	-2.23086900129702	-2.33768215457389
-4.11078049897002	-0.170901045243	-3.70794232089723
-0.796520943007553	3.23796444647898	-0.570687418936446
-0.537117570763714	3.55230029755093	-0.625619897764553
1.19935912108034	4.76691844052796	-0.170901045243
1.55642023346304	6.99473563744564	2.45975432974746
1.73342488746471	5.00495918211643	3.37224383916991
2.34073395895323	4.75471122301061	1.73342488746471
5.24299992370489	7.6050965133135	3.76592660410468
6.15854123750668	7.72106507972839	4.49530785076677
7.6600289921416	9.39650568398566	5.99069199664302
7.6050965133135	12.0180056458381	7.10765239948119
8.06897077897307	11.0414282444495	8.46875715266651
5.67635614557107	10.9315632867933	8.41382467383841
7.01609826810101	9.73830777447166	9.09742885481041
0.524910353246357	5.54512855725948	7.86755168993667
-2.21255817502098	2.80155642023346	6.45456626230259
-0.186160067139696	2.60624093995575	6.74448767833982
-3.29594872968643	1.62966353856718	6.05783169298848
-2.35599298084993	1.35500114442664	3.25932707713436
0.619516289005875	4.29388876173037	4.31830319676509
1.11696040283818	5.22163729304952	1.65102616922255
2.392614633402	8.08117799649042	3.79949645227741
2.99992370489052	9.00282291905089	4.94697489890898
0.799572747386893	6.31723506523232	3.06401159685664
1.62050812542916	5.56954299229419	2.63675898374914
0.521858548867018	3.90020599679561	1.64797436484321
-3.35088120851453	0.387579156176089	3.21355001144427
-4.01007095445182	-0.369268329900053	1.2817578393225
-4.21759365224689	0.933852140077821	2.42618448157473
-5.57869840543221	-0.167849240863661	0.558480201419089
-2.6337071793698	2.52689402609293	0.329594872968643
0.0701915007248035	4.24200808728161	0.0274662394140536
0.906385900663767	2.14541847867552	0.265506981002518
1.9806210421912	2.42313267719539	-0.833142595559625
3.02128633554589	1.49843595025559	-0.857557030594339
-1.04676890211337	-2.16372930495155	-1.49233234149691
-1.07728694590677	-2.36820019836728	-3.82085908293278
-3.73540856031128	-1.3519493400473	-2.91752498664836
-5.16060120546273	-2.69474326695659	-1.66018158236057
-2.68863965819791	0.408941786831464	-0.360112916762036
-0.0671396963454643	2.82902265964752	3.26237888151369
1.52895399404898	4.3579766536965	5.5390249485008
2.27664606698711	4.45868619821469	5.54512855725948
2.20035095750362	5.31929503318837	4.54718852521553
-0.585946440833143	3.31120775158312	5.64888990615702
0.854505226215	2.72831311512932	3.88494697489891
1.00404364080262	4.82795452811475	1.6388189517052
-2.77103837644007	1.67238879987793	2.31021591515984
-1.44960708018616	0.143434805828946	-0.338750286106661
-1.879911497673	1.03761348897536	-0.421149004348821
-1.90127412832837	0.262455176623178	-1.19020370794232
-1.17799649042496	-0.350957503624018	-2.95719844357977
2.94804303044175	1.04371709773404	-0.585946440833143
-0.579842832074464	1.47402151522087	2.33463035019455
1.8951705195697	2.46585793850614	2.92973220416571
4.59296559090562	3.85137712672618	3.93682764934768
3.21965362020295	2.68558785381857	3.94903486686503
2.72220950637064	2.35599298084993	3.85137712672618
6.35996032654307	5.297932402533	3.24101625085832
8.26123445487144	6.88181887541009	4.43121995880064
6.07309071488518	9.24696726939803	4.73945220111391
6.67124437323568	10.1472495613031	4.91645685511559
4.80354009308003	10.8064393072404	5.90218966964218
1.19020370794232	8.76173037308309	5.33455405508507
3.39055466544594	7.67223620965896	4.55329213397421
4.82795452811475	6.83909361409934	5.67940794995041
1.87075608453498	5.72823682001984	5.03547722590982
4.84626535439078	5.26131074998093	1.98672465094987
5.49324788281071	6.02121004043641	3.62859540703441
3.14335851071946	5.56954299229419	4.38239108873121
1.78225375753414	4.18097199969482	0.292973220416571
0.994888227664607	2.41702906843671	0.537117570763714
-0.210574502174411	1.21461814297704	2.24002441443503
-0.421149004348821	-1.21766994735637	-3.22880903334096
-1.66018158236057	-2.94193942168307	-1.84634164950027
-1.00709544518196	-4.19012741283284	-1.16578927290761
1.65712977798123	-2.45670252536812	1.81887541008621
0.72327763790341	-0.338750286106661	1.85854886701762
1.75478751812009	1.07118333714809	3.59502555886168
4.956130312047	5.67635614557107	4.88899061570153
1.15968566414893	5.48409246967269	5.33150225070573
0.955214770733196	3.94903486686503	5.80148012512398
3.18303196765087	4.82795452811475	4.24811169604028
2.22781719691768	3.85442893110552	5.31319142442969
-1.40077821011673	2.08133058670939	3.20134279392691
2.34073395895323	2.10574502174411	0.561532005798428
1.67849240863661	1.40688181887541	-2.59098191805905
1.86160067139696	-0.494392309452964	-3.09758144502937
-2.43533989471275	-1.879911497673	-4.27557793545434
-4.42511635004196	-1.49538414587625	-3.96734569314107
-4.22064545662623	-2.95109483482109	-2.24917982757305
-5.34065766384375	-2.38040741588464	-2.56046387426566
-4.17792019531548	-1.6083009079118	-1.32753490501259
-3.13420309758144	-2.92973220416571	-2.89921416037232
-4.12603952086671	-3.66216525520714	-3.48210879682612
-0.634775310902571	-2.46585793850614	-5.03852903028916
1.19020370794232	-1.66323338673991	-3.81170366979477
-0.0335698481727321	-2.07522697795071	-4.60517280842298
2.4628061341268	0.0885023270008393	-3.32646677347982
2.50247959105821	0.439459830624857	-1.05592431525139
2.96635385671778	1.19935912108034	-0.674448767833982
3.17692835889219	2.02944991226062	-0.0549324788281071
-0.170901045243	2.24612802319371	0.0610360875867857
2.94193942168307	1.91958495460441	-1.76089112687877
1.6937514305333	2.96635385671778	-0.375371938658732
2.61234454871443	2.25528343633173	-0.781261921110857
5.17586022735943	4.88899061570153	0.561532005798428
5.50850690470741	5.88387884336614	1.7242694743267
6.36606393530175	5.48409246967269	2.69169146257725
6.04562447547112	4.55024032959487	1.49538414587625
6.51560234988937	5.44747081712062	0.704966811627375
4.03143358510719	4.03448538948653	0.579842832074464
3.07316700999466	2.56961928740368	2.73136491950866
5.8808270389868	4.42206454566262	0.952162966353857
3.31120775158312	4.6997787441825	3.45159075303273
2.25833524071107	3.12199588006409	0.506599526970321
3.18913557640955	1.73647669184405	-1.2115663385977
2.25528343633173	0.2563515678645	-2.88700694285496
-2.0660715648127	-1.5533684290837	-3.79644464789807
-4.26031891355764	-3.93377584496834	-3.53398947127489
-1.75478751812009	-3.98565651941711	-2.67643244068055
-8.23071641107805	-7.83703364614328	-4.94392309452964
-8.37109941252766	-7.59899290455482	-5.22163729304952
-4.74860761425193	-5.72823682001984	-4.09857328145266
-4.36713206683452	-4.98664835584039	-0.97962920576791
-3.73540856031128	-3.81475547417411	-1.18715190356298
-1.91348134584573	-0.442511635004196	3.05790798809796
-4.37628747997253	0.0152590218966964	2.56046387426566
-4.22674906538491	-1.15358205539025	0.125123979552911
-6.00289921416037	-2.99992370489052	-2.24307621881437
-7.78820477607385	-5.14839398794537	-3.88189517051957
-6.28061341268025	-5.90829327840085	-5.16365300984207
-5.42305638208591	-6.49729152361334	-5.0415808346685
-5.8808270389868	-7.348744945449	-3.99176012817578
-6.45761806668193	-6.06088349736782	-4.97138933394369
-5.18196383611811	-3.25017166399634	-3.93682764934768
-6.3080796520943	-2.96940566109712	-3.80254825665675
-4.80354009308003	-2.22781719691768	-5.81368734264134
-5.02937361715114	-2.08133058670939	-6.05783169298848
-5.59700923170825	-3.03959716182193	-5.14534218356603
-4.7699702449073	-4.01312275883116	-7.4341954680705
-2.54215304798962	-3.90936140993362	-7.34569314106966
-2.16372930495155	-3.24406805523766	-4.5136186770428
1.32143129625391	-1.04982070649271	-3.4882124055848
2.57572289616236	0.021362630655375	-1.03456168459602
4.08331425955596	0.476081483176928	1.66628519111925
5.49324788281071	1.27565423056382	2.71305409323262
6.92454413672084	2.40177004654002	3.5736629282063
5.79842832074464	3.21049820706493	6.0669871061265
7.8309300373846	1.10170138094148	4.20538643472953
8.1727321278706	4.08026245517662	5.31929503318837
6.87876707103075	4.97444113832303	6.55222400244144
3.46074616617075	1.71511406118868	4.16876478217746
4.67231250476844	2.35294117647059	5.32539864194705
-0.268558785381857	2.09658960860609	4.44647898069734
0.729381246662089	1.27260242618448	4.74860761425193
2.51163500419623	1.60219729915312	1.70595864805066
2.26138704509041	0.717174029144732	2.6642252231632
-4.42511635004196	-1.58388647287709	-1.25123979552911
-5.24299992370489	-2.09964141298543	-2.8900587472343
-3.01823453116655	-1.65407797360189	-2.02334630350195
-3.63775082017243	-2.58793011367971	-4.30304417486839
-2.84733348592355	-3.54619668879225	-4.21454184786755
1.87380788891432	-1.42824444953079	-3.04875257495994
0.888075074387732	-3.05790798809796	-3.15861753261616
0.570687418936446	-1.33058670939193	-0.885023270008392
0.491340505073625	-1.1261158159762	-0.735484855420768
-0.631723506523232	1.19020370794232	1.8646524757763
7.72106507972839	5.07820248722057	2.10269321736477
7.10765239948119	4.89814602883955	2.59708552681773
5.51155870908675	3.75371938658732	0.503547722590982
4.73334859235523	3.46379797055009	-0.63782711528191
6.19821469443809	4.0863660639353	-1.02235446707866
6.46066987106127	4.76691844052796	1.63576714732586
10.7454032196536	6.3935301747158	2.77714198519875
8.87769893949798	8.41382467383841	4.06805523765927
7.1625848783093	8.02319371328298	6.4087891966125
4.66315709163043	5.88693064774548	5.03852903028916
4.88593881132219	6.56137941557946	4.75165941863127
3.97344930189975	5.44441901274128	6.1371786068513
4.62653543907836	5.45662623025864	5.91134508278019
6.86655985351339	6.03036545357443	5.59700923170825
7.22667277027543	5.84725719081407	4.47394522011139
5.46272983901732	3.62249179827573	1.92263675898375
6.47287708857862	2.98466468299382	0.967421988250553
4.40680552376593	1.35500114442664	-0.521858548867018
2.67948424505989	-0.918593118181125	-2.51773861295491
1.025406271458	-2.68253604943923	-4.65400167849241
-0.909437705043107	-2.30411230640116	-3.00297550926986
-1.85549706263828	-4.69367513542382	-3.95513847562371
-2.53910124361028	-5.92050049591821	-5.30098420691234
-1.44045166704814	-4.64484626535439	-4.52277409018082
-2.50858319981689	-4.101625085832	-1.81582360570687
-1.65407797360189	-1.49538414587625	-0.521858548867018
2.221713588159	1.37941557946136	2.05386434729534
0.994888227664607	2.10269321736477	1.2664988174258
2.91447318226902	4.22674906538491	3.6743724727245
-0.393682764934768	0.482185091935607	1.51064316777295
-0.756847486076142	-0.341802090486	-0.341802090486
-3.65300984206912	-1.07728694590677	-1.2817578393225
-6.82993820096132	-4.26947432669566	-1.09864957656214
-6.17685206378271	-4.77302204928664	-3.01213092240787
-7.44640268558785	-3.25932707713436	-2.42008087281605
-8.33142595559625	-2.95414663920043	-1.99588006408789
-5.93270771343557	-2.31631952391852	-0.683604180972
-1.74868390936141	1.01930266269932	-0.180056458381018
-2.23086900129702	-1.32753490501259	-0.546272983901732
-5.91439688715953	-3.32646677347982	-0.817883573662928
-3.91241321431296	-2.02029449912261	-0.991836423285267
-6.14023041123064	-3.57671473258564	-1.4373998626688
-5.0415808346685	-6.23483634699016	-6.02121004043641
-4.8706797894255	-5.32539864194705	-6.10360875867857
-5.02021820401312	-6.73228046082246	-7.63561455710689
-5.65499351491569	-7.89806973373007	-10.1045242999924
-5.62752727550164	-7.65697718776226	-11.5754940108339
-8.46875715266651	-5.12092774853132	-7.61730373083085
-4.79743648432135	-3.01518272678721	-5.18501564049744
-5.0263218127718	-0.845349813076982	-4.89509422446021
-3.83916990920882	0.973525597009232	-2.14541847867552
-5.39864194705119	-1.03456168459602	-3.82391088731212
-5.47188525215534	-0.241092545967803	-4.70893415732052
-3.94293125810636	-0.0732433051041428	-3.55840390630961
-6.4637216754406	-1.86160067139696	-3.99481193255512
-4.79743648432135	-1.3519493400473	-6.13107499809262
-12.3781185626001	-4.35187304493782	-4.39765011062791
-11.1696040283818	-4.31525139238575	-6.0669871061265
-11.8318455786984	-4.6997787441825	-4.88899061570153
-12.3842221713588	-4.87983520256352	-3.24101625085832
-12.6100556954299	-5.24910353246357	-4.1870756084535
-9.13099870298314	-5.91439688715953	-5.89913786526284
-3.27763790341039	-3.00297550926986	-3.57671473258564
-3.43022812237736	-2.77409018081941	-3.02128633554589
-0.958266575112535	0.784313725490196	-1.01930266269932
5.15144579232471	2.97856107423514	0.778210116731518
2.07522697795071	2.71000228885328	2.50858319981689
1.73952849622339	1.73342488746471	2.51163500419623
0.97962920576791	0.216678110933089	-0.964370183871214
-2.56656748302434	-3.08232242313268	-1.35500114442664
-3.76592660410468	-4.83710994125277	-2.392614633402
-2.97245746547646	-3.79339284351873	-2.51468680857557
-2.76188296330205	-2.77714198519875	-0.63782711528191
-2.12405584802014	-1.70595864805066	-1.50148775463493
-0.418097199969482	-0.296025024795911	0.961318379491875
-0.436408026245518	0.89723048752575	3.0060273136492
0.189211871519036	-0.2563515678645	5.76180666819257
3.20134279392691	0.830090791180285	4.20843823910887
0.656137941557946	-0.558480201419089	4.35187304493782
-0.396734569314107	0.2563515678645	4.86457618066682
-0.268558785381857	0.146486610208286	1.0406652933547
-3.81780727855344	-0.576791027695125	0.888075074387732
-6.57053482871748	-3.27763790341039	-2.47501335164416
-6.30197604333562	-4.35187304493782	-3.81780727855344
-7.81261921110857	-4.71808957045853	-2.56046387426566
-8.16052491035325	-4.94697489890898	-1.82192721446555
-0.973525597009232	-2.905317769131	-2.1210040436408
-6.70786602578775	-0.976577401388571	1.92874036774243
-2.93888761730373	-1.05287251087205	2.38040741588464
0.225833524071107	0.439459830624857	0.900282291905089
-0.799572747386893	-0.38452735179675	1.30006866559854
-3.72625314717327	-1.58999008163577	2.26749065384909
-1.37026016632334	-1.66628519111925	2.55436026550698
-0.0366216525520714	-3.36614023041123	1.97756923781186
1.78530556191348	-5.40474555580987	3.78728923476005
-2.56046387426566	-6.21347371633478	1.47402151522087
1.51369497215228	-5.12092774853132	1.6235599298085
0.787365529869535	-4.00396734569314	3.07927061875334
-1.48012512397955	-3.32646677347982	-0.228885328450446
-0.756847486076142	-3.15556572823682	-0.976577401388571
-0.81177996490425	-4.07110704203861	-2.31326771953918
-0.219729915312428	-3.46990157930877	-3.97955291065843
-2.0660715648127	-4.33051041428244	-3.86663614862287
-1.65407797360189	-4.0863660639353	-3.05180437933928
-1.91348134584573	-5.22163729304952	-4.13214312962539
-2.34073395895323	-2.88395513847562	-2.98771648737316
-1.42519264515145	-2.21255817502098	-0.668345159075303
2.90226596475166	-1.37331197070268	-2.07217517357137
0.329594872968643	-0.271610589761196	-0.488288700694285
2.99687190051118	-0.665293354695964	1.10780498970016
3.97650110627909	-0.387579156176089	-0.0671396963454643
0.900282291905089	-1.87380788891432	-1.55642023346304
1.50453955901427	-2.52384222171359	-1.28480964370184
-1.10475318532082	-3.83916990920882	-2.52079041733425
-1.25734340428779	-4.46478980697337	-3.759822995346
-2.2369726100557	-5.0965133134966	-3.930724040589
-6.40268558785382	-8.92347600518807	-5.61226825360494
-4.9408712901503	-5.76180666819257	-5.2124818799115
-4.90119783321889	-4.32135500114443	-3.99481193255512
-3.79644464789807	-2.28580148012512	-2.81376363775082
2.15762569619287	2.00198367284657	-0.631723506523232
-1.39772640573739	3.54924849317159	0.286869611657893
-0.521858548867018	2.69779507133593	1.77004654001678
1.77615014877546	2.53299763485161	0.775158312352178
1.11390859845884	3.72014953841459	4.04058899824521
0.772106507972839	2.77103837644007	4.49835965514611
4.26031891355764	3.92156862745098	4.49835965514611
3.22270542458228	4.614328221561	7.65087357900359
2.37430380712596	3.28679331654841	3.97039749752041
9.54299229419394	4.91035324635691	6.2226291294728
2.30411230640116	1.9806210421912	5.75875486381323
1.27260242618448	0.125123979552911	3.98565651941711
7.05577172503243	1.27870603494316	3.43938353551537
6.4637216754406	2.44754711223011	3.6591134508278
3.69268329900053	-0.064087891966125	3.86663614862287
6.26535439078355	0.738536659800107	2.84122987716487
9.25917448691539	3.90936140993362	4.32135500114443
4.95002670328832	3.39360646982528	6.71702143892576
4.14129854276341	2.86869611657893	5.93575951781491
5.57564660105287	4.98359655146105	6.32639047837034
2.07827878233005	2.563515678645	4.60517280842298
6.01510643167773	1.06202792401007	1.72732127870604
7.78515297169451	2.09048599984741	2.56961928740368
6.7200732433051	1.65712977798123	1.43434805828946
4.10772869459068	0.750743877317464	-0.854505226215
10.6843671320668	3.21049820706493	1.76699473563745
4.94392309452964	4.04974441138323	3.67742427710384
5.47493705653468	2.55130846112764	3.588921950103
5.22163729304952	4.30304417486839	3.51262684061952
3.42717631799802	4.55024032959487	2.59403372243839
3.75371938658732	4.98359655146105	2.74357213702602
4.11993591210803	5.55733577477684	2.86259250782025
3.36308842603189	2.18814373998627	0.930800335698482
-1.01319905394064	-2.49942778667887	0.643930724040589
0.430304417486839	-1.63576714732586	1.41603723201343
0.607309071488518	-3.17082475013352	0.857557030594339
1.75783932249943	-1.86770428015564	1.41908903639277
0.89417868314641	0.506599526970321	3.86968795300221
2.68863965819791	2.8900587472343	5.81368734264134
4.20233463035019	3.30510414282444	5.77096208133059
3.44243533989471	4.09246967269398	6.11581597619593
5.10261692225528	5.99984740978103	7.44945448996719
3.95513847562371	6.38742656595712	6.80247196154726
9.22560463874266	9.73220416571298	8.31616693369955
8.79224841687648	10.6477454795148	9.40871290150301
10.7972838941024	10.586709391928	10.6813153276875
8.84412909132525	9.61928740367742	10.5073624780652
11.3862821393149	13.2600900282292	16.4644846265354
16.253910124361	13.2051575494011	15.9487296864271
15.6893263141833	14.6028839551385	16.6445410849165
17.9568169680323	18.3474479285878	21.3351644159609
19.4369420920119	19.0676737621118	20.3585870145724
19.5620660715648	20.1113908598459	20.5752651255055
21.7563134203098	20.9353780422675	21.8966964217594
21.7990386816205	23.7857633325704	24.9118791485466
