-2.24917982757305	-0.335698481727321	-3.33562218661784
-1.44960708018616	0.778210116731518	-1.0406652933547
-0.320439459830625	-0.265506981002518	-2.24002441443503
-2.221713588159	-1.05592431525139	-3.63469901579309
-3.08537422751202	-1.99588006408789	-3.53704127565423
-3.02433813992523	-2.22476539253834	-3.9154650186923
-5.21858548867018	-2.45975432974746	-6.86045624475471
-6.51865415426871	-2.92057679102769	-5.92965590905623
-7.04661631189441	-4.47089341573205	-5.94796673533227
-6.45151445792325	-5.57259479667353	-4.83100633249409
-3.47295338368811	-4.02532997634852	-5.92965590905623
-3.26237888151369	-3.68352788586252	-7.79430838483253
-2.97245746547646	-2.75577935454337	-7.21751735713741
-2.32852674143587	-1.40383001449607	-6.70481422140841
-3.38750286106661	-1.88601510643168	-6.50034332799268
-4.85847257190814	-2.96940566109712	-7.97741664759289
-4.22980086976425	-4.81269550621805	-8.27649347676814
-4.22369726100557	-3.64690623331044	-4.80659189745937
-1.84023804074159	-1.32753490501259	-5.68245975432975
1.03761348897536	1.78835736629282	-4.58991378652628
0.0732433051041428	3.02738994430457	-4.44037537193866
0.650034332799268	2.30106050202182	-2.79240100709545
-1.05592431525139	1.7944609750515	-2.67032883192187
-1.08949416342412	2.73746852826734	-0.72327763790341
0	3.42717631799802	1.20851453421836
1.08339055466545	3.94598306248569	-0.109864957656214
-0.259403372243839	3.47295338368811	0.0732433051041428
1.94705119401846	3.61638818951705	0.704966811627375
3.86663614862287	3.75677119096666	0.0457770656900893
5.66414892805371	3.588921950103	0.885023270008392
2.94804303044175	2.34073395895323	1.1108567940795
2.92057679102769	1.78225375753414	2.4628061341268
0.134279392690929	1.38857099259937	1.44655527580682
-0.802624551766232	1.025406271458	0.396734569314107
-2.17288471808957	0.38452735179675	-2.67948424505989
-1.33058670939193	0.848401617456321	-1.4526588845655
0.445563439383536	0.524910353246357	0.674448767833982
1.43129625391012	-0.134279392690929	-3.23491264209964
0.912489509422446	-1.98367284657053	-4.33051041428244
0.881971465629053	-2.65506981002518	-0.927748531319142
-0.311284046692607	-2.04165712977798	0.0762951094834821
-1.2970168612192	-1.75173571374075	-0.515754940108339
-1.15358205539025	-1.25429159990845	-1.26039520866712
-1.20851453421836	0.268558785381857	0.686655985351339
0.38452735179675	-0.338750286106661	0.296025024795911
2.02944991226062	1.58693827725643	3.26543068589303
3.33562218661784	1.56862745098039	3.25627527275502
3.82085908293278	0.918593118181125	3.39971007858396
3.41802090486	2.392614633402	5.14229037918669
2.49942778667887	2.14847028305486	4.49530785076677
2.84428168154421	3.35393301289387	6.85435263599603
2.23086900129702	2.50247959105821	3.99786373693446
0.540169375143053	1.74563210498207	4.94392309452964
2.82902265964752	2.71610589761196	8.1727321278706
3.04264896620127	2.25223163195239	7.35790035858701
4.55329213397421	3.1464103150988	6.42710002288853
5.19417105363546	2.29800869764248	5.28877698939498
5.36507209887846	1.10170138094148	3.82085908293278
4.23590447852293	0.823987182421607	3.65606164644846
2.24612802319371	0.579842832074464	3.12199588006409
0.50965133134966	0.0152590218966964	3.50652323186084
1.39772640573739	-0.772106507972839	3.5736629282063
-1.19935912108034	-1.24513618677043	2.52994583047227
-0.363164721141375	-0.454718852521553	2.42313267719539
2.40177004654002	1.49843595025559	2.68253604943923
2.08438239108873	1.91653315022507	0.89417868314641
1.54726482032502	1.55642023346304	1.97451743343252
3.30205233844511	3.12504768444343	2.92362859540703
4.35492484931716	4.06805523765927	4.22064545662623
5.10872053101396	5.10566872663462	3.61333638513771
3.77203021286336	3.86358434424353	3.18303196765087
4.02838178072786	4.14435034714275	4.48004882887007
3.41496910048066	6.48508430609598	7.65392538338293
3.01823453116655	6.20126649881743	7.65697718776226
2.86564431219959	5.13008316166934	7.04356450751507
4.47394522011139	6.79026474402991	10.3059433890288
5.81979095140002	7.14122224765393	10.8888380254826
6.35385671778439	6.84214541847868	12.3201342793927
5.92355230029755	7.17174029144732	12.9488059815366
5.95712214847028	7.30296787975891	9.7261005569543
3.45464255741207	6.5491721980621	9.91836423285267
2.62455176623178	3.7445639734493	5.95712214847028
1.40688181887541	2.88090333409628	4.5838101777676
1.30006866559854	1.86770428015564	3.26543068589303
0.81177996490425	-0.515754940108339	2.22781719691768
2.97245746547646	1.18410009918364	2.00198367284657
3.59502555886168	1.65407797360189	3.16472114137484
3.95819028000305	1.56557564660105	2.16983291371023
3.93377584496834	1.84328984512093	1.57473105973907
2.35294117647059	0.708018616006714	2.58182650492103
1.4526588845655	1.05897611963073	3.68963149462119
1.23903257801175	2.51468680857557	1.48317692835889
2.2369726100557	2.19119554436561	2.8198672465095
2.63065537499046	3.20439459830625	6.10055695429923
3.89105058365759	4.80964370183871	6.98863202868696
6.17074845502403	7.37926298924239	9.78408484016175
7.0771343556878	6.58579385061418	8.07812619211109
5.74044403753719	5.68551155870909	6.4087891966125
6.82383459220264	6.5644312199588	6.60105287251087
5.84115358205539	5.13618677042802	6.62546730754559
5.16670481422141	5.58480201419089	6.25009536888685
3.93682764934768	6.35385671778439	7.41588464179446
2.28885328450446	5.10566872663462	8.0170901045243
2.734416723888	5.90829327840085	9.81460288395514
3.2318608377203	4.91035324635691	7.47997253376059
4.22369726100557	4.58075837338827	4.39154650186923
2.78019378957809	1.5533684290837	1.55031662470436
0.866712443732357	0.50965133134966	0.0671396963454643
1.48928053711757	-0.04272526131075	-0.674448767833982
0.63782711528191	0.451667048142214	-0.534065766384375
2.61844815747311	2.62455176623178	0.775158312352178
3.25322346837568	1.3824673838407	-2.34378576333257
4.61127641718166	3.4027618829633	1.4373998626688
6.61020828564889	5.53292133974212	4.98664835584039
7.53185320820935	6.3935301747158	5.15144579232471
8.04150453955901	6.29587243457694	2.81071183337148
7.08628976882582	6.07003891050584	1.89211871519036
6.54001678492409	6.5491721980621	1.05897611963073
5.48104066529335	6.49729152361334	-2.050812542916
4.30304417486839	4.76386663614862	-2.19119554436561
3.03349355306325	3.28374151216907	-0.238040741588464
1.70290684367132	2.87479972533761	2.42618448157473
2.52384222171359	1.92263675898375	5.25825894560159
1.42519264515145	2.81071183337148	7.18089570458534
-0.0732433051041428	2.53299763485161	5.38948653391318
-0.646982528419928	0.762951094834821	3.36919203479057
-3.06401159685664	-0.9399557488365	0.2563515678645
-4.65094987411307	-2.5482566567483	0.833142595559625
-4.84626535439078	-2.55741206988632	-1.30312046997787
-3.63164721141375	-2.63065537499046	-3.71709773403525
-3.86968795300221	-2.41702906843671	-3.63775082017243
-5.79842832074464	-4.73945220111391	-3.59807736324102
-6.16769665064469	-5.57259479667353	-2.62455176623178
-7.58678568703746	-6.7200732433051	-3.13115129320211
-6.90318150606546	-6.24399176012818	-1.92263675898375
-6.79942015716793	-7.90722514686809	-4.45258258945602
-5.4535744258793	-6.93369954985885	-2.01724269474327
-2.81681544213016	-6.16159304188602	-4.08331425955596
0.00610360875867857	-2.97245746547646	-2.2064545662623
0.408941786831464	-2.97856107423514	-1.71511406118868
0.418097199969482	-3.48210879682612	-0.00305180437933928
-0.195315480277714	-2.93583581292439	2.54520485236896
0.787365529869535	-2.32852674143587	5.13008316166934
-0.424200808728161	-1.22682536049439	4.69367513542382
-0.653086137178607	-0.744640268558785	3.5034714274815
-0.97962920576791	0.997940032043946	4.16571297779812
1.00709544518196	2.34073395895323	4.25116350041962
2.61844815747311	2.36514839398795	1.18410009918364
2.9907682917525	1.53505760280766	-0.634775310902571
1.367208361944	-0.631723506523232	-3.85748073548486
-0.784313725490196	-2.09048599984741	-5.03852903028916
-1.48622873273823	-2.72526131074998	-3.5736629282063
-2.01113908598459	-3.14030670634012	-7.12596322575723
-3.97344930189975	-4.42206454566262	-6.18295567254139
-4.19317921721218	-6.45761806668193	-4.6997787441825
-1.35805294880598	-4.51972228580148	-5.40474555580987
-1.60219729915312	-4.785229266804	-5.24299992370489
-1.80361638818952	-4.80964370183871	-4.81879911497673
-3.0609597924773	-3.9154650186923	-4.49225604638743
-2.11795223926146	-2.81376363775082	-1.45571068894484
-1.92568856336309	-1.44350347142748	-1.31837949187457
-1.42519264515145	-1.17494468604562	-0.0244144350347143
-1.37026016632334	-1.4373998626688	-0.283817807278553
-1.00709544518196	-1.50453955901427	-1.02845807583734
-0.277714198519875	-1.69069962615396	0.341802090486
-1.59304188601511	-1.41298542763409	-1.54116121156634
-0.814831769283589	-0.234988937209125	-1.40383001449607
-3.21660181582361	-1.08339055466545	-0.466926070038911
-2.42313267719539	0.241092545967803	2.66727702754253
-1.80056458381018	-0.665293354695964	1.37636377508202
-2.17288471808957	-0.888075074387732	3.5736629282063
-2.32547493705653	-2.94804303044175	1.58693827725643
-2.31631952391852	-1.6083009079118	4.5288776989395
-3.86053253986419	-2.67032883192187	-0.274662394140536
-2.55436026550698	-2.06912336919203	-1.09254596780346
-4.09552147707332	-5.27656977187762	-3.86053253986419
-7.08934157320516	-6.39963378347448	-3.46379797055009
-6.19516289005875	-6.28366521705959	-3.25932707713436
-5.20637827115282	-5.2124818799115	-3.50957503624018
-4.43427176317998	-3.8452735179675	-4.2572671091783
-3.46684977492943	-3.03349355306325	-3.80865186541543
-1.64492256046387	-2.50247959105821	-3.95513847562371
-0.564583810177768	-2.51468680857557	-3.94903486686503
-0.674448767833982	-2.36820019836728	-3.14946211947814
-0.805676356145571	-2.31021591515984	-3.88799877927825
-2.15762569619287	-1.48928053711757	-0.909437705043107
-3.03654535744259	-1.65407797360189	-1.84023804074159
-2.04165712977798	0.805676356145571	2.01724269474327
-2.28274967574578	1.76394293125811	1.42519264515145
-3.35088120851453	2.23392080567636	0.55542839703975
0.0671396963454643	4.13519493400473	1.69069962615396
1.88296330205234	4.443427176318	1.06813153276875
0.613412680247196	3.71709773403525	0.534065766384375
0.503547722590982	3.39055466544594	-0.241092545967803
-0.50965133134966	2.38345922026398	0.311284046692607
-1.30312046997787	4.02227817196918	1.45571068894484
-0.646982528419928	6.42710002288853	3.26848249027237
0.201419089036393	4.31219958800641	3.38750286106661
-1.39467460135805	2.53910124361028	2.03250171663996
-0.659189745937285	3.07011520561532	1.34889753566796
-1.40383001449607	1.76699473563745	0.643930724040589
-3.13420309758144	0.0396734569314107	-1.93179217212177
-3.46990157930877	-1.64492256046387	-4.06195162890059
-3.21660181582361	-1.32143129625391	-1.84939345387961
-2.38345922026398	-1.59609369039445	-1.54726482032502
-4.05584802014191	-3.27153429465171	-2.17898832684825
-4.88899061570153	-4.26337071793698	-2.17593652246891
-4.80659189745937	-4.86152437628748	-3.47905699244678
-6.71702143892576	-6.12802319371328	-4.101625085832
-5.13618677042802	-6.54306858930343	-2.4078736552987
-2.92362859540703	-3.0060273136492	-0.900282291905089
0.50965133134966	-1.75173571374075	-1.6235599298085
-0.265506981002518	-0.137331197070268	0.491340505073625
-0.0183108262760357	0.64087891966125	4.87983520256352
0.442511635004196	2.45670252536812	6.9916838330663
-0.418097199969482	3.54619668879225	5.58785381857023
0.527962157625696	4.101625085832	5.85336079957275
1.61440451667048	5.51155870908675	5.44441901274128
2.5482566567483	6.18905928130007	4.68146791790646
3.95513847562371	4.58991378652628	2.53604943923095
4.79438467994202	3.71404592965591	0.933852140077821
1.73647669184405	0.708018616006714	-0.451667048142214
0.476081483176928	-1.00709544518196	-1.22377355611505
1.83413443198291	-1.68459601739528	-1.25734340428779
-0.119020370794232	-0.628671702143893	-1.57473105973907
-1.2664988174258	-1.85244525825895	-2.54215304798962
-1.80361638818952	-1.62661173418784	-1.71206225680934
-1.28786144808118	-0.454718852521553	-0.0732433051041428
-1.82803082322423	-0.225833524071107	-1.53200579842832
-0.460822461280232	0.0976577401388571	-2.53604943923095
-2.30411230640116	0.103761348897536	-3.28068970778973
-2.44144350347143	0.845349813076982	-2.84428168154421
-5.40474555580987	-0.280766002899214	-1.15968566414893
-4.97444113832303	1.03456168459602	1.72121766994736
-3.95819028000305	0.0854505226215	0.289921416037232
-4.40985732814527	1.41603723201343	3.3325703822385
-2.71000228885328	0.622568093385214	2.56961928740368
-2.00503547722591	1.56862745098039	2.73746852826734
-1.83718623636225	0.85145342183566	-0.106813153276875
-1.93179217212177	1.52895399404898	1.55031662470436
0.283817807278553	3.33867399099718	5.14534218356603
2.02334630350195	4.63569085221637	6.47592889295796
4.29999237048905	5.76485847257191	6.93064774547952
4.18097199969482	7.30296787975891	10.0953688868544
3.60112916762036	5.49629968719005	8.78309300373846
3.99786373693446	5.88387884336614	6.69565880827039
4.44953078507668	5.56343938353552	3.01823453116655
3.13115129320211	2.81071183337148	1.30312046997787
2.08743419546807	2.5482566567483	-0.491340505073625
0.442511635004196	-0.830090791180285	-3.19523918516823
-0.466926070038911	0	-4.85847257190814
-0.180056458381018	-1.58083466849775	-5.19417105363546
-1.13221942473487	-2.53299763485161	-3.61638818951705
-1.32143129625391	-2.22781719691768	-4.33966582742046
-1.13527122911421	-2.50858319981689	-3.89105058365759
-1.72121766994736	-3.1464103150988	-4.10772869459068
-3.45769436179141	-4.24811169604028	-3.50957503624018
-2.95414663920043	-2.59403372243839	-2.07827878233005
-2.47501335164416	-2.06912336919203	-0.152590218966964
-1.68764782177462	-0.787365529869535	0.711070420386053
-1.6937514305333	-0.994888227664607	0.381475547417411
0.381475547417411	-1.22987716487373	1.50148775463493
1.25123979552911	-1.64187075608453	0.958266575112535
2.50553139543755	-0.167849240863661	0.222781719691768
2.79545281147478	-1.24208438239109	1.11696040283818
1.6083009079118	0.952162966353857	2.34683756771191
2.70389868009461	2.92362859540703	3.71099412527657
3.04570077058061	4.44647898069734	4.60212100404364
3.35698481727321	4.75165941863127	4.09857328145266
4.02227817196918	4.69062333104448	4.88899061570153
2.91447318226902	3.30205233844511	4.47394522011139
1.44045166704814	1.5533684290837	1.91958495460441
2.29495689326314	2.02334630350195	1.01625085831998
1.1261158159762	1.05592431525139	-0.280766002899214
0.439459830624857	1.13832303349355	-0.671396963454643
-0.9399557488365	1.54116121156634	-0.390630960555428
-0.4272526131075	0.662241550316625	-1.64797436484321
-0.659189745937285	-0.262455176623178	-1.03150988021668
-0.344853894865339	0.137331197070268	0.38452735179675
-0.308232242313268	-0.173952849622339	0.686655985351339
1.24818799114977	-0.122072175173571	1.30922407873655
0.604257267109178	1.34279392690929	1.30922407873655
0.85145342183566	1.59304188601511	0.0579842832074464
0.476081483176928	0.833142595559625	1.5228503852903
1.86160067139696	2.64591439688716	3.54314488441291
1.71511406118868	2.93278400854505	1.49843595025559
2.52689402609293	2.56961928740368	3.25627527275502
3.56450751506828	3.06706340123598	6.665140764477
3.10978866254673	3.69573510337987	5.18806744487678
3.46379797055009	4.68146791790646	2.25833524071107
3.78118562600137	3.86663614862287	1.28480964370184
4.05889982452125	4.31830319676509	0.274662394140536
4.55939574273289	3.05485618371862	-1.18410009918364
2.63981078812848	1.83413443198291	0.582894636453803
2.21255817502098	-1.28480964370184	-0.393682764934768
0.485236896314946	-0.204470893415732	0.930800335698482
-2.38040741588464	-0.775158312352178	1.22987716487373
-1.66933699549859	0.274662394140536	-0.326543068589303
-2.19119554436561	-0.576791027695125	-3.43327992675669
-4.02838178072786	-1.29091325246052	-3.72320134279393
-3.69573510337987	-2.28885328450446	-2.95109483482109
-2.70084687571527	-3.30510414282444	-3.43633173113603
-1.70901045243	-2.51163500419623	-2.63065537499046
-1.01625085831998	-1.84939345387961	-0.442511635004196
-1.4373998626688	-0.500495918211643	0.173952849622339
0.198367284657053	1.41298542763409	1.5533684290837
0.0579842832074464	0.625619897764553	0.799572747386893
-0.909437705043107	-0.7690547035935	-0.573739223315785
-0.7690547035935	0.9399557488365	0.286869611657893
0.72632944228275	0.479133287556268	1.41298542763409
2.36514839398795	1.58083466849775	2.87174792095827
1.85854886701762	1.53505760280766	0.393682764934768
-0.234988937209125	-0.0915541313801785	-0.0823987182421607
0.650034332799268	1.5228503852903	3.37834744792859
-0.0274662394140536	0.833142595559625	2.51163500419623
0.643930724040589	1.99893186846723	0.872816052491035
-0.125123979552911	1.62661173418784	0.604257267109178
0.332646677347982	2.56046387426566	4.0009155413138
0.143434805828946	2.15762569619287	0.115968566414893
-0.286869611657893	1.70595864805066	0.711070420386053
-0.415045395590143	1.25123979552911	-0.891126878767071
-1.42824444953079	-0.143434805828946	-2.01724269474327
-1.74258030060273	0.717174029144732	0.418097199969482
-1.32448310063325	1.10475318532082	-1.29396505683986
-0.949111161974517	-0.064087891966125	-2.08438239108873
-1.40688181887541	0.701915007248035	-3.67742427710384
-2.56961928740368	0.549324788281071	-2.42313267719539
-0.570687418936446	0.430304417486839	-1.38857099259937
-1.42519264515145	-0.38452735179675	-2.99992370489052
-1.47402151522087	-0.231937132829786	-1.40383001449607
-1.25429159990845	-0.747692072938125	-3.04264896620127
-0.796520943007553	-2.61539635309377	-1.76394293125811
-0.747692072938125	-3.23796444647898	-2.43839169909209
-0.518806744487678	-5.00190737773709	-3.65300984206912
-0.439459830624857	-5.50850690470741	-3.43022812237736
-0.143434805828946	-3.75677119096666	-1.3824673838407
0.112916762035554	-3.74761577782864	-0.668345159075303
-0.411993591210803	-2.49942778667887	-0.436408026245518
-0.482185091935607	-2.73136491950866	-1.06813153276875
-1.84328984512093	-3.10368505378805	0.573739223315785
-2.00808728160525	-1.69069962615396	0.0488288700694285
-3.28679331654841	-2.44754711223011	-1.19020370794232
-3.73846036469062	-2.13931486991684	-1.89211871519036
-3.49431601434348	-1.68154421301595	-1.86160067139696
-3.14335851071946	-0.0885023270008393	-0.973525597009232
-1.21766994735637	0.4272526131075	0.85145342183566
-0.656137941557946	0.442511635004196	0.89417868314641
-0.747692072938125	0.0762951094834821	0.415045395590143
-0.997940032043946	-1.17189288166629	-0.0671396963454643
-1.19325551232166	-1.5228503852903	0.399786373693446
-1.51674677653162	-1.23903257801175	-0.76600289921416
-0.976577401388571	-1.59914549477379	-1.85549706263828
-1.51064316777295	-2.63065537499046	-1.76394293125811
-1.7242694743267	-1.5228503852903	-1.44960708018616
-0.314335851071946	-1.32753490501259	0.216678110933089
-0.286869611657893	-1.84328984512093	0.131227588311589
0.167849240863661	-0.610360875867857	2.24612802319371
0.167849240863661	-0.607309071488518	0.949111161974517
-0.643930724040589	-0.805676356145571	1.19020370794232
0.949111161974517	1.15053025101091	2.76493476768139
0.421149004348821	0.231937132829786	-0.122072175173571
-0.558480201419089	-0.994888227664607	2.61844815747311
-0.00305180437933928	-0.149538414587625	2.96635385671778
0.436408026245518	0.946059357595178	4.24811169604028
0.259403372243839	-2.13015945677882	1.04371709773404
1.25429159990845	-1.79751277943084	0.433356221866178
-0.494392309452964	-3.1616693369955	0.784313725490196
-1.52590218966964	-4.07110704203861	-0.668345159075303
-2.77409018081941	-4.51667048142214	0.933852140077821
-3.2318608377203	-4.24811169604028	-0.448615243762875
-2.29495689326314	-1.64797436484321	3.77508201724269
-0.958266575112535	-1.2817578393225	2.59708552681773
1.13221942473487	-0.604257267109178	3.33867399099718
0.695811398489357	-2.45059891660945	0.0854505226215
-0.183108262760357	-2.39871824216068	-0.650034332799268
0.473029678797589	-3.71099412527657	-3.32646677347982
-0.820935378042267	-4.09552147707332	-5.90218966964218
-1.53505760280766	-4.27557793545434	-6.26535439078355
-1.01930266269932	-3.49431601434348	-2.77714198519875
-0.0152590218966964	-1.82192721446555	-0.943007553215839
0.604257267109178	-1.11696040283818	0.63782711528191
1.49233234149691	1.4373998626688	3.40581368734264
1.76089112687877	0.802624551766232	0.381475547417411
0.830090791180285	-0.00915541313801785	0.650034332799268
0.277714198519875	-1.89211871519036	-1.17494468604562
-0.485236896314946	-1.56557564660105	-1.45876249332418
-1.01625085831998	-1.86770428015564	-1.27565423056382
-1.6083009079118	-1.32753490501259	0.433356221866178
-0.958266575112535	-1.25429159990845	0.793469138628214
0.628671702143893	0.820935378042267	1.51979858091096
0.0366216525520714	-0.433356221866178	-0.0518806744487678
-0.106813153276875	-2.1515220874342	-1.49843595025559
-1.69985503929198	-3.30815594720378	-3.98870832379644
-0.93690394445716	-3.53093766689555	-3.66826886396582
-1.62661173418784	-4.48310063324941	-7.03440909437705
-2.96025024795911	-5.12397955291066	-5.45967803463798
-3.63775082017243	-6.0517280842298	-4.05889982452125
-2.27969787136645	-3.29900053406577	-1.47707331960021
-0.970473792629892	-1.78530556191348	-0.106813153276875
0.625619897764553	-0.494392309452964	1.65102616922255
1.14137483787289	1.46486610208286	2.70695048447395
2.77409018081941	1.17189288166629	2.45975432974746
2.98466468299382	1.72732127870604	0.72327763790341
3.17998016327153	3.58281834134432	3.31120775158312
3.39055466544594	4.3427176317998	4.33966582742046
4.01312275883116	6.50949874113069	2.85954070344091
5.00495918211643	7.49828336003662	4.33051041428244
5.60006103608759	7.02830548561837	2.78324559395743
4.75471122301061	6.99473563744564	4.01007095445182
5.92660410467689	5.87472343022812	3.74761577782864
4.39154650186923	5.0965133134966	2.17288471808957
4.43427176317998	2.5787747005417	1.69985503929198
3.46990157930877	1.78530556191348	1.76699473563745
1.69680323491264	1.4373998626688	0.708018616006714
3.13115129320211	2.92362859540703	1.24208438239109
2.54520485236896	3.07927061875334	-1.73037308308537
1.92568856336309	3.91241321431296	0.814831769283589
2.38345922026398	3.80865186541543	-0.613412680247196
2.51468680857557	1.39162279697871	-2.70695048447395
3.41191729610132	0.619516289005875	-2.53299763485161
2.50858319981689	-0.0915541313801785	-0.98268101014725
3.81170366979477	1.24513618677043	1.28786144808118
3.81780727855344	1.60524910353246	0.106813153276875
2.68863965819791	1.54726482032502	2.34073395895323
2.12710765239948	1.14442664225223	-0.912489509422446
1.92568856336309	0.411993591210803	-0.0915541313801785
0.482185091935607	-0.402838178072786	1.14442664225223
2.21866178377966	-0.98268101014725	-1.16273746852827
0.283817807278553	-2.42008087281605	-0.543221179522393
0.29907682917525	-1.89211871519036	-1.06813153276875
1.47707331960021	0.561532005798428	-0.0854505226215
0.708018616006714	-0.488288700694285	-2.0355535210193
-0.137331197070268	1.21766994735637	-2.16678110933089
0.170901045243	0.561532005798428	0.97962920576791
0.653086137178607	1.61440451667048	1.88906691081102
0.607309071488518	-0.396734569314107	-0.0457770656900893
0.228885328450446	-2.41092545967803	-1.46181429770352
0.234988937209125	-0.80872816052491	0.0305180437933928
2.30411230640116	-0.219729915312428	-1.37331197070268
1.72732127870604	0.89417868314641	-1.22987716487373
3.02738994430457	3.72014953841459	0.820935378042267
3.50957503624018	4.1718165865568	2.85343709468223
4.34882124055848	5.25825894560159	4.38849469748989
4.33966582742046	4.82490272373541	3.35088120851453
3.86663614862287	2.60013733119707	2.42313267719539
2.25833524071107	0.207522697795071	2.74662394140536
3.35088120851453	0.369268329900053	2.02029449912261
3.16472114137484	1.2664988174258	2.64286259250782
2.02944991226062	1.025406271458	1.367208361944
0.836194399938964	1.4373998626688	1.77309834439612
0.80872816052491	2.74052033264668	0.805676356145571
2.31631952391852	2.34378576333257	2.84733348592355
2.221713588159	1.64797436484321	0.360112916762036
1.39467460135805	-0.0152590218966964	-0.860608834973678
1.25734340428779	0.12817578393225	1.95925841153582
1.32753490501259	1.97451743343252	3.28679331654841
2.70084687571527	3.2318608377203	4.18097199969482
3.0060273136492	3.90020599679561	3.63164721141375
2.84733348592355	4.03753719386587	5.04768444342718
2.76493476768139	4.70283054856184	6.68650339513237
2.75577935454337	4.90119783321889	5.13923857480736
1.62050812542916	3.55230029755093	2.92973220416571
0.0122072175173571	1.12306401159686	1.73647669184405
1.34889753566796	1.80666819256886	4.33966582742046
2.905317769131	2.44754711223011	4.89204242008087
2.1515220874342	3.43022812237736	3.29289692530709
1.64797436484321	2.45059891660945	3.98565651941711
0.112916762035554	3.17692835889219	4.18402380407416
-0.418097199969482	3.56145571068894	3.20439459830625
1.09864957656214	4.73029678797589	2.84122987716487
2.15457389181353	2.31326771953918	-0.991836423285267
1.55031662470436	1.99588006408789	0.0488288700694285
3.71099412527657	2.30411230640116	1.06202792401007
4.09552147707332	2.45059891660945	-1.6083009079118
5.30708781567102	1.9501029983978	-2.55130846112764
2.60929274433509	0.80872816052491	-4.16876478217746
1.13832303349355	2.57572289616236	-1.2817578393225
0.827038986800946	1.54421301594568	-2.31326771953918
-0.283817807278553	0.564583810177768	-1.80056458381018
-0.631723506523232	0.402838178072786	-0.506599526970321
-0.0396734569314107	1.87075608453498	1.70290684367132
0.671396963454643	2.69779507133593	0.994888227664607
2.41092545967803	4.73640039673457	2.3224231326772
1.21461814297704	4.65094987411307	-0.0885023270008393
1.38551918822004	4.16876478217746	3.33867399099718
1.47402151522087	3.92462043183032	4.06805523765927
1.27870603494316	1.90432593270771	3.46074616617075
2.34988937209125	3.23491264209964	4.11078049897002
1.05897611963073	3.39055466544594	4.65400167849241
1.4373998626688	4.5136186770428	4.6845197222858
3.05790798809796	6.68039978637369	4.47394522011139
2.27969787136645	5.85030899519341	1.87380788891432
1.90737773708705	4.05889982452125	-0.497444113832303
1.26039520866712	3.32646677347982	2.13321126115816
0.759899290455482	2.02944991226062	-0.878919661249714
1.24513618677043	3.49431601434348	0.72327763790341
0.549324788281071	2.51773861295491	0.436408026245518
1.94399938963912	3.15556572823682	1.82192721446555
2.4078736552987	4.60517280842298	2.23392080567636
0.479133287556268	2.26749065384909	0.735484855420768
1.16273746852827	1.55031662470436	-0.381475547417411
0.326543068589303	-1.67849240863661	-2.31326771953918
-0.155642023346304	-2.16983291371023	-0.943007553215839
1.74868390936141	-0.0793469138628214	2.47501335164416
1.80056458381018	0.326543068589303	2.21560997940032
2.45975432974746	0.854505226215	3.79644464789807
1.31227588311589	0.72327763790341	4.91950865949493
0.283817807278553	0.790417334248875	7.35790035858701
0.622568093385214	1.49538414587625	4.92256046387427
0.89723048752575	1.28786144808118	4.34882124055848
1.95925841153582	3.53704127565423	4.19623102159152
2.43533989471275	4.69367513542382	6.50034332799268
4.92866407263294	5.74044403753719	7.27550164034485
4.42511635004196	5.07820248722057	5.98764019226368
4.33661402304112	2.96940566109712	4.82490272373541
3.46074616617075	3.82696269169146	5.02327000839246
4.54413672083619	2.905317769131	5.40169375143053
3.1616693369955	1.91348134584573	4.50141145952544
2.84733348592355	0.970473792629892	3.51262684061952
2.03250171663996	0.387579156176089	3.0060273136492
1.32143129625391	1.89211871519036	2.79545281147478
2.04776073853666	1.50148775463493	1.42824444953079
2.05691615167468	0.0823987182421607	-0.793469138628214
0.573739223315785	-1.84634164950027	-1.7944609750515
1.75173571374075	-3.64385442893111	-0.72632944228275
0.973525597009232	-3.62859540703441	-0.750743877317464
-0.00610360875867857	-3.85137712672618	-5.09956511787594
0.0366216525520714	-2.80155642023346	-3.80865186541543
2.07217517357137	-0.686655985351339	-1.69985503929198
2.24917982757305	-0.946059357595178	-0.756847486076142
3.02738994430457	-1.37636377508202	-1.1261158159762
1.24208438239109	-3.46074616617075	-2.15762569619287
0.616464484626535	-2.52994583047227	-0.0488288700694285
1.31837949187457	-1.51064316777295	0.650034332799268
1.50148775463493	-0.390630960555428	0.378423743038071
1.66628519111925	-0.579842832074464	-0.317387655451286
3.39971007858396	-0.479133287556268	0.76600289921416
3.36614023041123	0.415045395590143	2.27359426260777
3.92767223620966	1.5228503852903	1.86160067139696
3.82696269169146	0.820935378042267	0.738536659800107
4.02838178072786	1.60219729915312	1.32753490501259
3.77813382162203	1.8951705195697	2.18204013122759
2.99992370489052	0.662241550316625	0.775158312352178
-0.0366216525520714	-2.60013733119707	-1.95925841153582
-1.15053025101091	-4.38849469748989	-1.85854886701762
-2.4780651560235	-5.03852903028916	-1.22377355611505
-1.16884107728695	-6.87571526665141	-0.81177996490425
0.866712443732357	-5.46272983901732	-1.34889753566796
-0.817883573662928	-7.47692072938125	-1.92874036774243
-0.103761348897536	-7.02830548561837	-1.98672465094987
-1.46486610208286	-6.77500572213321	-3.23491264209964
-1.71511406118868	-7.62340733958953	-4.98970016021973
-3.15861753261616	-8.84718089570459	-8.65491721980621
-4.46478980697337	-8.24597543297475	-7.85229266803998
-2.54520485236896	-5.49019607843137	-5.40169375143053
-1.20546272983902	-3.68963149462119	-3.97650110627909
-0.72327763790341	-3.59807736324102	-3.89715419241627
0.396734569314107	-2.92668039978637	-0.814831769283589
1.10780498970016	-1.41908903639277	-0.491340505073625
2.38040741588464	-0.46997787441825	1.61745632104982
2.00808728160525	-0.149538414587625	-1.97146562905318
1.47402151522087	-0.241092545967803	-0.601205462729839
1.70901045243	1.33058670939193	0.064087891966125
2.66117341878386	0.753795681696803	0.323491264209964
4.39154650186923	2.4078736552987	0.0488288700694285
4.20843823910887	2.36820019836728	-2.2064545662623
3.18303196765087	2.4628061341268	0.204470893415732
1.83108262760357	1.39772640573739	-0.0152590218966964
2.44449530785077	0.347905699244678	-0.0274662394140536
1.4373998626688	-2.24307621881437	-3.1616693369955
0.436408026245518	-4.19317921721218	-3.18913557640955
0.616464484626535	-4.66010528725109	-5.31929503318837
-1.10475318532082	-3.57671473258564	-4.04669260700389
0.59510185397116	-3.06401159685664	-5.36202029449912
-0.708018616006714	-4.31830319676509	-5.66720073243305
0.317387655451286	-3.02128633554589	-2.77714198519875
0.711070420386053	-2.14847028305486	-1.66628519111925
0.784313725490196	-2.4933241779202	-3.59502555886168
0.0244144350347143	-2.56961928740368	-2.75577935454337
-1.12916762035554	-3.32341496910048	-2.25223163195239
-0.784313725490196	-0.909437705043107	-0.308232242313268
-1.14747844663157	-2.18814373998627	-2.59403372243839
-1.58388647287709	-1.90127412832837	-1.38857099259937
-3.0609597924773	-1.57473105973907	2.78019378957809
-0.421149004348821	-0.750743877317464	4.6997787441825
0.268558785381857	0.372320134279393	4.77607385366598
0.0854505226215	-2.43228809033341	2.25833524071107
0.0793469138628214	-4.56855115587091	2.43533989471275
-0.393682764934768	-5.05989166094453	3.85748073548486
-1.38551918822004	-5.93270771343557	2.11490043488212
-1.88296330205234	-6.83604180972	2.51468680857557
-2.88700694285496	-7.14122224765393	2.11795223926146
-2.89311055161364	-7.40062561989776	1.62661173418784
-2.4078736552987	-6.57663843747616	0.921644922560464
-3.51567864499886	-7.92248416876478	-3.43938353551537
-4.79438467994202	-9.24391546501869	-3.94903486686503
-3.92767223620966	-8.01098649576562	-3.52178225375753
-3.79339284351873	-7.71496147096971	-3.47905699244678
-3.75371938658732	-6.69871061264973	-4.47394522011139
-3.59197375448234	-5.50850690470741	-2.31021591515984
-4.72114137483787	-4.89509422446021	-1.05592431525139
-3.39665827420462	-5.03852903028916	1.22072175173571
-2.67948424505989	-3.36919203479057	0.762951094834821
-2.49027237354086	-5.13008316166934	-2.2919050888838
-1.85244525825895	-5.70077058060578	-0.402838178072786
-1.38857099259937	-6.02121004043641	-1.53200579842832
-0.888075074387732	-3.85137712672618	1.78225375753414
-1.2115663385977	-3.39971007858396	1.57167925535973
-3.30815594720378	-4.3579766536965	2.21866178377966
-0.698863202868696	-2.39871824216068	5.66109712367437
-0.0732433051041428	-0.320439459830625	5.97848477912566
-1.29396505683986	-1.61440451667048	2.90836957351034
-1.47096971084154	-4.04669260700389	-0.00610360875867857
-1.31837949187457	-3.79034103913939	-0.610360875867857
-0.720225833524071	-4.52582589456016	-1.03456168459602
-1.74258030060273	-5.13923857480736	-4.80964370183871
-3.03654535744259	-5.46578164339666	-2.21866178377966
-2.31631952391852	-5.79842832074464	1.28786144808118
-1.86770428015564	-5.63668268863966	-0.0946059357595178
-1.24818799114977	-5.99374380102235	-0.350957503624018
-1.12306401159686	-6.32028686961166	-3.53398947127489
-2.42008087281605	-6.9764248111696	-3.05180437933928
-0.439459830624857	-6.93064774547952	-3.54009308003357
-0.512703135729	-4.75165941863127	-1.83413443198291
0.549324788281071	-4.7699702449073	-0.747692072938125
1.2115663385977	-3.59807736324102	2.05691615167468
3.1616693369955	-0.985732814526589	4.65705348287175
3.49126420996414	1.08949416342412	3.46684977492943
2.62149996185245	1.40993362325475	2.21560997940032
3.29900053406577	0.943007553215839	3.56755931944762
2.88395513847562	1.14442664225223	1.72121766994736
1.22377355611505	-0.0183108262760357	2.90836957351034
1.81277180132753	-0.592050049591821	1.83718623636225
-1.17799649042496	-2.46890974288548	2.21255817502098
-1.0955977721828	-1.01930266269932	3.45159075303273
-1.48317692835889	-0.668345159075303	4.81269550621805
-0.930800335698482	-0.0823987182421607	3.25932707713436
-1.98977645532921	0.994888227664607	1.59304188601511
-2.4628061341268	0.302128633554589	2.99992370489052
-3.32951857785916	-0.119020370794232	2.30106050202182
-1.66933699549859	1.82192721446555	2.16983291371023
-2.31937132829786	0.0366216525520714	0.283817807278553
-2.50858319981689	-1.20241092545968	1.35500114442664
-2.18814373998627	-0.991836423285267	1.6937514305333
-1.97146562905318	0.0274662394140536	1.30312046997787
0.582894636453803	0.909437705043107	0.518806744487678
0.259403372243839	0.241092545967803	1.44655527580682
0.402838178072786	1.17799649042496	2.63981078812848
0.158693827725643	1.23598077363241	2.31021591515984
-0.863660639353018	-1.37941557946136	1.66933699549859
-2.734416723888	-1.38551918822004	1.17799649042496
-2.08438239108873	0.241092545967803	5.76485847257191
-1.22072175173571	0.247196154726482	3.46074616617075
-0.531013962005035	1.74868390936141	4.40375371938659
-0.0335698481727321	0.579842832074464	3.0609597924773
-1.81277180132753	0.21362630655375	2.85954070344091
-3.51567864499886	-1.24208438239109	1.71206225680934
-2.24917982757305	0.189211871519036	3.69878690775921
-2.45975432974746	0.177004654001679	1.15663385976959
-2.05691615167468	0.238040741588464	2.58182650492103
-1.8646524757763	-0.915541313801785	0.140383001449607
-0.503547722590982	-0.704966811627375	0.357061112382696
-1.24208438239109	-4.44647898069734	-3.3325703822385
-5.02021820401312	-4.67536430914778	-2.81376363775082
-4.95002670328832	-5.10261692225528	-3.80560006103609
-5.49935149156939	-3.72014953841459	-3.20134279392691
-5.02021820401312	-2.10879682612345	-4.24200808728161
-4.91035324635691	-2.76188296330205	-5.92660410467689
-3.88494697489891	-1.13832303349355	-1.13221942473487
-1.90737773708705	-0.933852140077821	-0.9399557488365
-1.97146562905318	-1.03761348897536	-2.13321126115816
-1.7792019531548	-0.347905699244678	-2.1362630655375
-1.60524910353246	-0.0579842832074464	-1.36110475318532
-1.74563210498207	0.671396963454643	-0.125123979552911
-1.90127412832837	0.616464484626535	-0.5981536583505
-0.753795681696803	1.84328984512093	-1.30312046997787
-1.77309834439612	0.262455176623178	0.720225833524071
-1.51369497215228	0.238040741588464	1.30617227435721
-0.653086137178607	0.158693827725643	1.34279392690929
0.778210116731518	2.392614633402	1.9806210421912
-0.683604180972	1.66933699549859	0.222781719691768
-1.90432593270771	1.88601510643168	0.781261921110857
-3.93377584496834	1.56557564660105	-1.56862745098039
-3.88494697489891	1.68154421301595	1.08033875028611
-3.58281834134432	0.973525597009232	-1.64492256046387
-2.3224231326772	2.20340276188296	-1.08949416342412
-2.19119554436561	0.994888227664607	-0.787365529869535
-0.439459830624857	2.02944991226062	1.00404364080262
0.0946059357595178	1.57778286411841	-0.991836423285267
0.656137941557946	1.97756923781186	-0.946059357595178
0.167849240863661	0.531013962005035	0.421149004348821
1.6235599298085	1.27870603494316	3.40886549172198
2.44754711223011	1.78835736629282	0.29907682917525
2.7191577019913	1.59304188601511	0.503547722590982
2.59708552681773	1.51674677653162	2.563515678645
1.97146562905318	1.00709544518196	0.634775310902571
0.955214770733196	1.26955062180514	-0.445563439383536
1.33669031815061	0.296025024795911	-1.58999008163577
-0.259403372243839	-0.0122072175173571	-1.92263675898375
0.415045395590143	0.759899290455482	-1.30922407873655
0.0579842832074464	0.98268101014725	-0.830090791180285
-1.27565423056382	0.183108262760357	-2.24002441443503
-2.08743419546807	-0.552376592660411	-0.411993591210803
-1.78530556191348	0.253299763485161	-0.778210116731518
-2.221713588159	0.653086137178607	0.021362630655375
-2.51468680857557	0.991836423285267	-0.964370183871214
-2.42313267719539	-0.0976577401388571	-2.02944991226062
-0.735484855420768	1.74563210498207	2.37430380712596
-0.152590218966964	2.94804303044175	0.991836423285267
0.576791027695125	2.62149996185245	0.228885328450446
-0.390630960555428	0.924696726939803	-0.674448767833982
1.20546272983902	1.05897611963073	2.2064545662623
-0.201419089036393	-0.442511635004196	0.634775310902571
-0.265506981002518	-0.833142595559625	1.38857099259937
-2.00808728160525	-3.08537422751202	-0.857557030594339
-3.99176012817578	-3.94598306248569	-3.03959716182193
-3.08232242313268	-1.08949416342412	1.0101472495613
-3.27153429465171	-0.570687418936446	1.55031662470436
-1.65712977798123	-0.250247959105821	2.92973220416571
-1.08033875028611	-0.302128633554589	3.14335851071946
-0.112916762035554	0.311284046692607	3.96124208438239
0.872816052491035	0.970473792629892	3.83611810482948
0.601205462729839	-1.10170138094148	2.34073395895323
-1.88906691081102	-2.65506981002518	-0.567635614557107
-2.55436026550698	-3.70183871213855	-0.704966811627375
-3.48210879682612	-3.86663614862287	2.12405584802014
-4.1718165865568	-6.03036545357443	1.75783932249943
-2.51163500419623	-5.29488059815366	2.06301976043336
-2.67948424505989	-4.70893415732052	4.06500343327993
-1.10170138094148	-4.44647898069734	4.99580376897841
-1.63576714732586	-3.65606164644846	2.43533989471275
-0.192263675898375	-1.60524910353246	3.83306630045014
0.308232242313268	-1.70901045243	1.70290684367132
-0.787365529869535	-1.56252384222171	0.869764248111696
2.83817807278553	-1.0406652933547	2.60318913557641
3.247119859617	-0.393682764934768	1.99588006408789
2.62149996185245	-2.05386434729534	-0.0701915007248035
1.42519264515145	-2.34683756771191	3.04570077058061
1.90127412832837	-0.585946440833143	3.36308842603189
2.10879682612345	0.283817807278553	4.11993591210803
2.15457389181353	0.68055237659266	2.35904478522927
1.05592431525139	-1.25123979552911	-0.729381246662089
-0.744640268558785	-2.01724269474327	-2.67032883192187
-1.14137483787289	-2.9755092698558	-2.3071641107805
-1.40383001449607	-3.72625314717327	-3.56450751506828
-2.44449530785077	-4.50446326390478	-3.8452735179675
-1.54421301594568	-1.15968566414893	0.802624551766232
-0.0671396963454643	-1.21766994735637	2.11795223926146
-0.869764248111696	0.933852140077821	1.33058670939193
1.06202792401007	1.84634164950027	1.67544060425727
-0.561532005798428	1.44655527580682	1.1108567940795
0.619516289005875	2.60318913557641	2.27969787136645
1.37026016632334	3.01213092240787	-0.405889982452125
2.33463035019455	4.33356221866178	-2.69169146257725
0.0396734569314107	3.76592660410468	0.405889982452125
-0.115968566414893	4.81574731059739	0.549324788281071
-1.01319905394064	3.50041962310216	1.7944609750515
-1.31837949187457	4.0161745632105	1.4679179064622
-0.604257267109178	3.5736629282063	3.16777294575418
-0.210574502174411	3.74761577782864	1.85854886701762
0.622568093385214	4.81574731059739	1.33363851377127
0.183108262760357	3.56755931944762	-0.881971465629053
-0.619516289005875	2.69779507133593	-1.06507972838941
-0.564583810177768	3.92156862745098	-0.753795681696803
-0.622568093385214	2.27664606698711	2.36820019836728
0.0549324788281071	3.47600518806744	3.39665827420462
-0.155642023346304	4.22980086976425	3.35088120851453
1.70901045243	2.93583581292439	1.88601510643168
2.18204013122759	3.54619668879225	3.2318608377203
1.28786144808118	2.51468680857557	4.11688410772869
-0.219729915312428	1.75783932249943	2.31021591515984
-0.50965133134966	1.08949416342412	3.68963149462119
-1.1261158159762	1.71206225680934	3.46379797055009
-2.81376363775082	0.653086137178607	0.778210116731518
-3.08537422751202	1.367208361944	1.64492256046387
-0.567635614557107	3.94903486686503	1.30617227435721
-2.34378576333257	1.7792019531548	-0.790417334248875
-1.65407797360189	0.512703135729	0.317387655451286
-1.34889753566796	-1.46181429770352	-3.01823453116655
-1.74258030060273	-0.93690394445716	-3.02128633554589
-3.27763790341039	-3.79644464789807	-5.02937361715114
-4.05584802014191	-5.59700923170825	-6.96726939803159
-5.22163729304952	-6.20126649881743	-7.68139162279698
-5.0965133134966	-4.89814602883955	-7.04966811627375
-5.45052262149996	-5.27656977187762	-8.33752956435493
-3.68657969024186	-3.63775082017243	-3.17082475013352
-3.56450751506828	-1.38551918822004	0.781261921110857
-2.44144350347143	-0.457770656900893	2.52384222171359
-1.57473105973907	-1.31532768749523	3.46379797055009
-1.19325551232166	-2.02639810788128	3.68657969024186
-0.671396963454643	-1.40077821011673	3.46379797055009
-0.38452735179675	-1.30312046997787	1.10475318532082
-0.0579842832074464	0.186160067139696	0.372320134279393
-0.848401617456321	0.689707789730678	1.20546272983902
0.491340505073625	1.17494468604562	3.02128633554589
1.01625085831998	1.78835736629282	3.65606164644846
0.946059357595178	0.634775310902571	3.51262684061952
-1.52895399404898	-2.31631952391852	2.392614633402
-1.15663385976959	-3.02128633554589	1.77004654001678
-0.326543068589303	-1.54116121156634	-0.643930724040589
-1.62966353856718	-2.32547493705653	-4.40985732814527
-2.63981078812848	-3.71099412527657	-5.6092164492256
-1.73037308308537	-3.03959716182193	-3.23796444647898
-3.08842603189136	-5.15144579232471	-4.31219958800641
-3.02433813992523	-5.639734493019	-4.57770656900893
-4.98054474708171	-7.19615472648203	-4.614328221561
-4.39154650186923	-6.32028686961166	-1.74258030060273
-2.24002441443503	-4.82185091935607	-2.26749065384909
-3.30815594720378	-4.99580376897841	-3.74761577782864
-2.69779507133593	-6.98863202868696	-4.79438467994202
-2.18509193560693	-5.62752727550164	-0.949111161974517
-2.88700694285496	-6.69871061264973	-3.02128633554589
-1.1810482948043	-5.25825894560159	-0.500495918211643
0.04272526131075	-3.92767223620966	-0.21362630655375
0.796520943007553	-3.38139925230793	2.31937132829786
1.1261158159762	-1.87075608453498	1.36110475318532
1.19020370794232	-1.92874036774243	-0.268558785381857
0.497444113832303	-2.45059891660945	-0.439459830624857
-1.59914549477379	-2.31631952391852	-1.96841382467384
-0.46997787441825	-1.89822232394903	-1.71511406118868
0.585946440833143	-0.909437705043107	-3.18303196765087
1.62966353856718	-0.424200808728161	-0.573739223315785
-0.317387655451286	-1.93179217212177	-1.16884107728695
-0.891126878767071	-2.24917982757305	-1.67238879987793
-1.12001220721752	-1.538109407187	-0.717174029144732
-2.17593652246891	-2.96025024795911	-2.48722056916152
-4.33661402304112	-3.17692835889219	-2.06912336919203
-2.78019378957809	-3.66826886396582	-1.53505760280766
-1.03150988021668	-4.29388876173037	-2.46585793850614
-0.827038986800946	-5.14839398794537	-4.08941786831464
-1.22987716487373	-4.97138933394369	-3.61333638513771
-2.2369726100557	-5.49324788281071	-3.23491264209964
-0.634775310902571	-4.31830319676509	-2.67643244068055
-0.762951094834821	-3.08842603189136	-3.87579156176089
0.0244144350347143	-2.81071183337148	-2.41397726405737
-0.216678110933089	-1.03456168459602	-1.5228503852903
-0.00915541313801785	-0.701915007248035	-1.16273746852827
1.01930266269932	-1.93789578088045	-0.546272983901732
-0.0762951094834821	-3.13420309758144	-2.94193942168307
-1.22072175173571	-4.42511635004196	-2.72831311512932
-1.90432593270771	-4.53498130769818	-4.30914778362707
-2.00808728160525	-3.62249179827573	-3.36003662165255
-1.05897611963073	-0.903334096284428	-5.53597314412146
-2.4933241779202	-0.817883573662928	-4.19623102159152
-2.39871824216068	-2.66117341878386	-3.87273975738155
-1.23903257801175	-2.14541847867552	-3.64385442893111
-2.21866178377966	-3.08842603189136	-4.73334859235523
-2.49637598229953	-6.7505912870985	-7.40978103303578
-4.35187304493782	-7.72411688410773	-6.99778744182498
-3.58587014572366	-8.48706797894255	-6.44235904478523
-3.99176012817578	-8.1177996490425	-8.55420767528801
-3.19829098954757	-6.71091783016709	-8.21850919356069
-2.98771648737316	-5.50850690470741	-6.92454413672084
-1.65102616922255	-3.04875257495994	-3.92156862745098
-0.970473792629892	-1.6937514305333	-3.46379797055009
-0.402838178072786	-3.36919203479057	-3.99786373693446
1.2817578393225	-4.40680552376593	-1.54726482032502
-0.125123979552911	-5.30098420691234	-2.99992370489052
0.0701915007248035	-5.45967803463798	-2.61844815747311
0.714122224765393	-3.18303196765087	-2.46585793850614
1.13527122911421	-1.11696040283818	-2.44144350347143
1.24818799114977	0.759899290455482	-0.396734569314107
1.13527122911421	0.927748531319142	-1.26955062180514
2.81376363775082	3.08537422751202	1.67238879987793
4.33966582742046	3.17387655451286	2.67032883192187
4.91035324635691	3.39971007858396	0.247196154726482
2.86564431219959	2.92362859540703	2.04776073853666
2.60624093995575	2.63675898374914	-0.253299763485161
1.75478751812009	2.60624093995575	-1.26344701304646
-2.31937132829786	-0.430304417486839	-2.99992370489052
-1.82192721446555	1.63271534294652	-1.65102616922255
-2.85954070344091	2.13321126115816	-2.87479972533761
-2.09048599984741	0.0854505226215	-2.46890974288548
-2.87174792095827	-0.607309071488518	-4.87373159380484
-1.64797436484321	-0.717174029144732	-6.9062333104448
-0.228885328450446	0.332646677347982	-4.97749294270237
