-2.002442002442	1.0989010989011	2.51526251526252
-0.634920634920635	0.366300366300366	2.22222222222222
-0.170940170940171	0.610500610500611	1.58730158730159
0.952380952380952	-0.122100122100122	1.73382173382173
1.0989010989011	0.21978021978022	2.24664224664225
1.58730158730159	1.75824175824176	2.46642246642247
2.44200244200244	1.66056166056166	3.2967032967033
0.0488400488400488	1.36752136752137	1.78266178266178
-0.537240537240537	2.1978021978022	0.952380952380952
-0.854700854700855	1.78266178266178	0.537240537240537
-2.34432234432234	0.43956043956044	-0.293040293040293
-1.41636141636142	-1.46520146520147	0.195360195360195
-1.97802197802198	-2.63736263736264	0.659340659340659
-2.27106227106227	-3.41880341880342	0.537240537240537
-1.68498168498168	-2.71062271062271	0.757020757020757
-2.53968253968254	-1.88034188034188	0.610500610500611
-3.02808302808303	-1.97802197802198	-0.610500610500611
-2.51526251526252	0.244200244200244	-1.36752136752137
-0.488400488400488	1.39194139194139	-2.14896214896215
-0.586080586080586	1.39194139194139	-2.1978021978022
0.0732600732600733	1.9047619047619	0.268620268620269
-0.195360195360195	2.44200244200244	2.07570207570208
-0.170940170940171	3.95604395604396	3.34554334554335
-0.732600732600733	4.54212454212454	3.24786324786325
-1.29426129426129	3.12576312576313	1.61172161172161
-0.561660561660562	4.3956043956044	-0.732600732600733
0.561660561660562	4.93284493284493	-3.24786324786325
2.14896214896215	4.71306471306471	-4.12698412698413
1.75824175824176	4.24908424908425	-3.36996336996337
2.02686202686203	4.17582417582418	-1.39194139194139
2.002442002442	4.1025641025641	-0.683760683760684
2.34432234432234	4.76190476190476	2.24664224664225
1.80708180708181	4.3956043956044	5.17704517704518
0.976800976800977	5.2014652014652	6.27594627594628
1.83150183150183	5.03052503052503	5.42124542124542
2.66178266178266	5.98290598290598	5.2014652014652
2.73504273504274	4.81074481074481	3.58974358974359
2.39316239316239	3.58974358974359	2.27106227106227
3.58974358974359	3.39438339438339	2.14896214896215
4.42002442002442	2.95482295482295	2.2954822954823
3.66300366300366	3.46764346764347	1.73382173382173
2.97924297924298	4.07814407814408	2.75946275946276
2.49084249084249	3.27228327228327	2.44200244200244
1.48962148962149	3.02808302808303	5.68986568986569
1.70940170940171	3.93162393162393	7.05738705738706
1.58730158730159	3.93162393162393	6.3003663003663
1.41636141636142	2.93040293040293	4.63980463980464
0.195360195360195	1.34310134310134	0.854700854700855
-0.976800976800977	2.12454212454212	-1.39194139194139
-2.56410256410256	0.317460317460317	-4.73748473748474
-0.83028083028083	2.31990231990232	-5.68986568986569
-0.341880341880342	2.14896214896215	-5.86080586080586
0.146520146520147	3.49206349206349	-5.00610500610501
1.05006105006105	3.54090354090354	-4.95726495726496
1.46520146520147	3.80952380952381	-2.34432234432234
1.88034188034188	5.93406593406593	2.68620268620269
1.58730158730159	6.52014652014652	5.32356532356532
2.02686202686203	6.4957264957265	5.37240537240537
2.1001221001221	5.83638583638584	4.24908424908425
3.2967032967033	5.47008547008547	3.39438339438339
3.78510378510378	5.3968253968254	1.73382173382173
2.34432234432234	3.51648351648352	-0.146520146520147
3.1013431013431	2.61294261294261	-1.63614163614164
2.39316239316239	2.27106227106227	-1.95360195360195
2.22222222222222	0.732600732600733	-1.1965811965812
3.61416361416361	0.83028083028083	1.02564102564103
4.51770451770452	0.21978021978022	3.27228327228327
6.56898656898657	-0.122100122100122	5.81196581196581
7.00854700854701	-0.0976800976800977	5.93406593406593
5.44566544566545	-1.22100122100122	4.59096459096459
5.2014652014652	-0.170940170940171	3.27228327228327
5.03052503052503	-0.268620268620269	1.22100122100122
3.36996336996337	0.366300366300366	-0.43956043956044
1.9047619047619	-0.366300366300366	-2.46642246642247
2.97924297924298	-0.366300366300366	-4.004884004884
1.63614163614164	-1.53846153846154	-7.27716727716728
1.68498168498168	-2.88156288156288	-6.52014652014652
3.003663003663	-1.1965811965812	-3.73626373626374
4.2002442002442	1.88034188034188	-0.366300366300366
3.98046398046398	2.88156288156288	3.51648351648352
4.95726495726496	5.17704517704518	6.76434676434676
4.24908424908425	6.2026862026862	7.10622710622711
3.12576312576313	6.59340659340659	6.56898656898657
4.93284493284493	6.3003663003663	6.25152625152625
4.66422466422466	4.63980463980464	4.81074481074481
3.95604395604396	4.004884004884	2.41758241758242
4.22466422466422	2.02686202686203	-0.83028083028083
2.2954822954823	0.683760683760684	-4.37118437118437
-0.366300366300366	-0.244200244200244	-5.81196581196581
1.05006105006105	0.586080586080586	-4.85958485958486
2.22222222222222	2.14896214896215	-1.0989010989011
1.75824175824176	1.78266178266178	0.732600732600733
1.97802197802198	1.56288156288156	2.1001221001221
1.88034188034188	0.0488400488400488	0.927960927960928
0.927960927960928	-1.75824175824176	-0.244200244200244
2.07570207570208	-0.952380952380952	-2.46642246642247
2.05128205128205	1.31868131868132	-2.46642246642247
2.36874236874237	2.88156288156288	-1.73382173382173
0.854700854700855	2.73504273504274	-2.75946275946276
0.0976800976800977	3.63858363858364	-3.003663003663
-1.001221001221	3.51648351648352	-1.29426129426129
-0.634920634920635	4.22466422466422	1.12332112332112
2.34432234432234	6.2026862026862	5.12820512820513
4.85958485958486	7.76556776556777	7.00854700854701
7.64346764346764	8.3028083028083	5.93406593406593
10.7692307692308	8.98656898656899	5.90964590964591
10.9157509157509	7.25274725274725	5.42124542124542
8.98656898656899	4.44444444444444	2.39316239316239
5.59218559218559	2.49084249084249	2.2954822954823
2.2954822954823	-0.0976800976800977	2.39316239316239
0.195360195360195	-0.488400488400488	-0.781440781440781
-1.53846153846154	-1.51404151404151	-3.41880341880342
-1.001221001221	-1.31868131868132	-4.1025641025641
1.17216117216117	0.488400488400488	-2.46642246642247
3.39438339438339	2.27106227106227	0.341880341880342
2.73504273504274	2.34432234432234	2.71062271062271
2.83272283272283	2.88156288156288	3.51648351648352
3.32112332112332	1.26984126984127	2.31990231990232
2.12454212454212	0.43956043956044	1.14774114774115
1.85592185592186	-0.561660561660562	-0.683760683760684
3.003663003663	-0.805860805860806	-1.92918192918193
3.02808302808303	-1.9047619047619	-3.27228327228327
3.51648351648352	-1.29426129426129	-3.22344322344322
3.83394383394383	-0.195360195360195	-2.17338217338217
2.61294261294261	-0.976800976800977	-2.78388278388278
2.46642246642247	-0.268620268620269	-1.63614163614164
0.781440781440781	-1.53846153846154	0
0.341880341880342	0.634920634920635	1.36752136752137
2.05128205128205	3.54090354090354	3.17460317460317
2.34432234432234	5.12820512820513	4.81074481074481
3.39438339438339	6.32478632478632	4.98168498168498
4.63980463980464	7.78998778998779	4.66422466422466
2.88156288156288	5.95848595848596	1.85592185592186
1.17216117216117	2.90598290598291	-0.879120879120879
1.12332112332112	1.12332112332112	-3.44322344322344
0.146520146520147	1.02564102564103	-5.54334554334554
0.366300366300366	-0.512820512820513	-5.86080586080586
1.001221001221	0.0488400488400488	-3.85836385836386
0	-0.0732600732600733	-0.976800976800977
-2.05128205128205	-1.61172161172161	0.708180708180708
-3.41880341880342	-1.56288156288156	3.1013431013431
-2.02686202686203	-1.05006105006105	2.78388278388278
-1.83150183150183	-1.39194139194139	-0.415140415140415
0.586080586080586	-0.708180708180708	-2.39316239316239
1.46520146520147	-3.07692307692308	-4.1025641025641
-0.708180708180708	-5.05494505494505	-5.05494505494505
0.0488400488400488	-5.00610500610501	-3.98046398046398
0.634920634920635	-4.02930402930403	-5.17704517704518
0.683760683760684	-3.88278388278388	-5.07936507936508
2.51526251526252	-0.488400488400488	-4.63980463980464
4.02930402930403	1.66056166056166	-4.93284493284493
4.71306471306471	2.36874236874237	-2.14896214896215
4.12698412698413	3.56532356532357	3.85836385836386
3.58974358974359	5.05494505494505	7.76556776556777
2.14896214896215	5.51892551892552	9.18192918192918
-0.195360195360195	5.49450549450549	7.05738705738706
-0.879120879120879	3.32112332112332	2.61294261294261
-1.36752136752137	1.75824175824176	-0.268620268620269
-3.76068376068376	-0.488400488400488	-3.63858363858364
-3.95604395604396	-0.927960927960928	-3.76068376068376
-2.1978021978022	-0.268620268620269	-3.17460317460317
-3.49206349206349	1.07448107448107	-1.88034188034188
-3.2967032967033	2.44200244200244	-1.29426129426129
-1.78266178266178	3.73626373626374	-1.1965811965812
-0.43956043956044	4.12698412698413	0.610500610500611
0.195360195360195	3.49206349206349	0.366300366300366
0.610500610500611	2.1001221001221	-0.415140415140415
-0.146520146520147	-0.0976800976800977	-3.66300366300366
-1.83150183150183	-1.83150183150183	-6.25152625152625
-2.07570207570208	-2.85714285714286	-8.03418803418803
-1.001221001221	0.0488400488400488	-7.27716727716728
-0.244200244200244	0.757020757020757	-5.34798534798535
-0.21978021978022	0.0488400488400488	-4.15140415140415
-1.53846153846154	0.415140415140415	-1.75824175824176
-0.610500610500611	-0.195360195360195	-1.75824175824176
-2.02686202686203	-0.805860805860806	-0.927960927960928
-1.12332112332112	-0.854700854700855	0.244200244200244
-1.58730158730159	0.293040293040293	0.659340659340659
-0.610500610500611	3.12576312576313	2.75946275946276
0.366300366300366	3.76068376068376	3.46764346764347
2.68620268620269	3.49206349206349	3.88278388278388
2.66178266178266	2.12454212454212	2.05128205128205
2.46642246642247	1.53846153846154	0.317460317460317
1.07448107448107	-1.22100122100122	-2.49084249084249
-1.05006105006105	-2.49084249084249	-4.34676434676435
-3.63858363858364	-2.41758241758242	-4.78632478632479
-3.49206349206349	-2.1001221001221	-3.93162393162393
-1.58730158730159	-2.07570207570208	-4.93284493284493
0.537240537240537	-1.83150183150183	-4.85958485958486
1.58730158730159	-3.27228327228327	-6.08058608058608
1.97802197802198	-3.54090354090354	-6.32478632478632
-0.170940170940171	-4.05372405372405	-8.18070818070818
-0.83028083028083	-2.75946275946276	-7.15506715506716
-0.854700854700855	-1.68498168498168	-4.78632478632479
-0.390720390720391	-0.317460317460317	-1.83150183150183
-0.610500610500611	0.122100122100122	-0.0976800976800977
-0.415140415140415	-0.244200244200244	0.195360195360195
0.0488400488400488	1.29426129426129	1.63614163614164
0.805860805860806	0.512820512820513	1.14774114774115
1.51404151404151	1.56288156288156	-0.415140415140415
3.44322344322344	3.17460317460317	0.415140415140415
3.63858363858364	3.49206349206349	1.0989010989011
3.98046398046398	3.1990231990232	1.02564102564103
2.41758241758242	2.97924297924298	0.805860805860806
2.27106227106227	3.003663003663	0.317460317460317
-0.146520146520147	1.1965811965812	-1.24542124542125
-1.68498168498168	1.05006105006105	-2.2954822954823
0.610500610500611	1.56288156288156	-1.83150183150183
0.415140415140415	1.0989010989011	-2.85714285714286
-0.561660561660562	0.927960927960928	-4.42002442002442
3.02808302808303	0.0732600732600733	-4.54212454212454
2.17338217338217	-1.53846153846154	-4.81074481074481
1.14774114774115	-2.002442002442	-5.88522588522589
0.170940170940171	-3.2967032967033	-6.73992673992674
-1.14774114774115	-3.003663003663	-5.59218559218559
-2.46642246642247	-1.34310134310134	-5.22588522588523
-1.001221001221	0.341880341880342	-4.34676434676435
0.463980463980464	2.14896214896215	-3.88278388278388
-0.683760683760684	1.95360195360195	-4.02930402930403
-2.51526251526252	0.610500610500611	-4.83516483516483
-3.85836385836386	-0.659340659340659	-4.54212454212454
-6.17826617826618	-2.51526251526252	-5.71428571428571
-7.25274725274725	-3.46764346764347	-5.32356532356532
-4.61538461538461	-2.1001221001221	-3.88278388278388
-2.61294261294261	-1.07448107448107	-2.27106227106227
-1.12332112332112	1.68498168498168	-0.561660561660562
0.0488400488400488	4.22466422466422	0.0488400488400488
0.341880341880342	5.32356532356532	-0.757020757020757
-0.512820512820513	3.63858363858364	-2.41758241758242
-2.1001221001221	2.61294261294261	-2.73504273504274
-2.39316239316239	0.0732600732600733	-3.27228327228327
-2.2954822954823	-1.07448107448107	-5.51892551892552
-1.53846153846154	-0.903540903540904	-5.76312576312576
-0.708180708180708	1.85592185592186	-3.41880341880342
-0.21978021978022	2.71062271062271	-2.1001221001221
1.48962148962149	4.54212454212454	-0.952380952380952
0.488400488400488	2.78388278388278	-0.268620268620269
-1.46520146520147	0.0732600732600733	-0.0488400488400488
-1.26984126984127	-0.757020757020757	-1.66056166056166
1.34310134310134	0.293040293040293	-2.49084249084249
0.21978021978022	0.43956043956044	-3.39438339438339
-0.0976800976800977	-0.268620268620269	-4.90842490842491
0.317460317460317	-0.512820512820513	-5.00610500610501
0.43956043956044	-1.83150183150183	-3.93162393162393
-1.39194139194139	-4.76190476190476	-4.85958485958486
-2.14896214896215	-5.3968253968254	-4.22466422466422
-3.44322344322344	-4.63980463980464	-3.76068376068376
-4.63980463980464	-3.85836385836386	-2.83272283272283
-5.2991452991453	-2.71062271062271	-1.63614163614164
-3.93162393162393	-1.83150183150183	-3.22344322344322
-3.17460317460317	-1.68498168498168	-3.54090354090354
0.0488400488400488	-0.586080586080586	-2.17338217338217
0.43956043956044	-1.48962148962149	-3.05250305250305
0.634920634920635	-1.73382173382173	-2.78388278388278
-0.244200244200244	-2.51526251526252	-2.53968253968254
0.341880341880342	-2.05128205128205	-1.24542124542125
-2.07570207570208	-3.003663003663	-2.90598290598291
-2.31990231990232	-3.58974358974359	-4.07814407814408
-3.39438339438339	-2.75946275946276	-3.36996336996337
-3.41880341880342	-3.1990231990232	-4.98168498168498
-3.24786324786325	-3.71184371184371	-6.3980463980464
-3.15018315018315	-4.12698412698413	-6.78876678876679
-2.27106227106227	-3.46764346764347	-7.10622710622711
-2.07570207570208	-3.1990231990232	-6.83760683760684
-3.2967032967033	-4.07814407814408	-6.34920634920635
-5.22588522588523	-4.24908424908425	-3.93162393162393
-2.49084249084249	-2.2954822954823	-2.44200244200244
-0.781440781440781	-1.56288156288156	-0.879120879120879
-1.9047619047619	-3.15018315018315	-1.0989010989011
-2.14896214896215	-2.90598290598291	-2.14896214896215
-2.22222222222222	-2.46642246642247	-1.58730158730159
-2.22222222222222	-2.12454212454212	-2.90598290598291
-3.39438339438339	-2.83272283272283	-4.93284493284493
-1.75824175824176	-1.85592185592186	-3.83394383394383
3.56532356532357	0.415140415140415	-1.48962148962149
4.27350427350427	1.83150183150183	1.02564102564103
4.15140415140415	1.29426129426129	2.24664224664225
3.22344322344322	1.53846153846154	2.66178266178266
3.27228327228327	1.66056166056166	2.80830280830281
-0.0488400488400488	1.29426129426129	0.83028083028083
-0.537240537240537	0.659340659340659	-0.244200244200244
-1.68498168498168	-0.488400488400488	-1.83150183150183
-2.36874236874237	-0.244200244200244	-2.31990231990232
-2.34432234432234	0.146520146520147	-3.46764346764347
-2.44200244200244	0.561660561660562	-4.02930402930403
-1.88034188034188	2.22222222222222	-3.36996336996337
0.805860805860806	2.39316239316239	-2.83272283272283
2.02686202686203	2.51526251526252	-2.36874236874237
2.75946275946276	1.88034188034188	-1.05006105006105
2.17338217338217	1.14774114774115	-1.97802197802198
1.53846153846154	1.02564102564103	-1.29426129426129
0.0732600732600733	0.21978021978022	-0.879120879120879
-0.366300366300366	-0.21978021978022	-2.2954822954823
-1.83150183150183	-1.66056166056166	-1.17216117216117
-1.22100122100122	-1.44078144078144	-1.31868131868132
2.002442002442	-1.88034188034188	-0.463980463980464
2.41758241758242	-2.22222222222222	0.317460317460317
5.32356532356532	1.02564102564103	1.66056166056166
6.98412698412698	3.46764346764347	3.12576312576313
6.73992673992674	4.12698412698413	3.98046398046398
7.27716727716728	5.05494505494505	3.56532356532357
6.03174603174603	5.07936507936508	2.36874236874237
2.66178266178266	3.51648351648352	0.854700854700855
1.9047619047619	2.61294261294261	0.463980463980464
1.92918192918193	0.952380952380952	0.122100122100122
2.78388278388278	2.71062271062271	1.78266178266178
3.46764346764347	3.12576312576313	3.15018315018315
5.34798534798535	3.44322344322344	4.02930402930403
3.39438339438339	3.15018315018315	1.92918192918193
2.85714285714286	1.58730158730159	2.07570207570208
1.83150183150183	0.0732600732600733	0.366300366300366
0.83028083028083	-1.70940170940171	-1.80708180708181
-0.488400488400488	-3.85836385836386	-2.83272283272283
0.195360195360195	-4.56654456654457	-2.22222222222222
1.53846153846154	-3.56532356532357	-1.83150183150183
1.51404151404151	-1.39194139194139	-0.43956043956044
1.58730158730159	0.0732600732600733	1.1965811965812
1.95360195360195	0.683760683760684	1.97802197802198
0.0244200244200244	1.07448107448107	0.952380952380952
-0.0732600732600733	1.12332112332112	0.659340659340659
0.293040293040293	1.14774114774115	-0.927960927960928
0.927960927960928	0.561660561660562	-0.43956043956044
2.1001221001221	1.001221001221	0.586080586080586
2.44200244200244	3.1013431013431	0.879120879120879
2.46642246642247	4.05372405372405	0.952380952380952
4.27350427350427	5.59218559218559	1.80708180708181
4.93284493284493	5.95848595848596	2.24664224664225
4.2979242979243	4.42002442002442	0.390720390720391
5.71428571428571	5.90964590964591	0.634920634920635
4.12698412698413	4.71306471306471	-0.879120879120879
1.63614163614164	3.76068376068376	-0.195360195360195
1.001221001221	3.95604395604396	0.488400488400488
0.805860805860806	4.2979242979243	0.732600732600733
1.39194139194139	5.47008547008547	2.93040293040293
1.95360195360195	4.46886446886447	3.44322344322344
0.317460317460317	2.39316239316239	2.12454212454212
-0.0244200244200244	2.002442002442	0.757020757020757
0.390720390720391	0.854700854700855	0.83028083028083
2.002442002442	1.12332112332112	0.610500610500611
0.561660561660562	0.952380952380952	0.43956043956044
1.88034188034188	1.17216117216117	0.708180708180708
0.805860805860806	-1.05006105006105	-0.561660561660562
1.14774114774115	-2.46642246642247	-2.31990231990232
0.708180708180708	-2.1978021978022	-1.95360195360195
-0.244200244200244	-1.24542124542125	-1.66056166056166
2.34432234432234	0.366300366300366	-0.488400488400488
3.90720390720391	2.53968253968254	1.02564102564103
2.22222222222222	3.44322344322344	1.92918192918193
1.31868131868132	3.95604395604396	2.07570207570208
1.26984126984127	2.78388278388278	1.58730158730159
0.927960927960928	1.97802197802198	1.05006105006105
0.537240537240537	1.44078144078144	0.659340659340659
0.341880341880342	-0.390720390720391	-0.952380952380952
1.001221001221	-0.732600732600733	-0.586080586080586
2.39316239316239	-0.732600732600733	-0.0244200244200244
0.195360195360195	1.29426129426129	0.586080586080586
-1.78266178266178	3.07692307692308	2.14896214896215
-0.0732600732600733	3.51648351648352	3.22344322344322
-0.244200244200244	4.1025641025641	3.46764346764347
0.0976800976800977	3.56532356532357	2.97924297924298
1.46520146520147	2.83272283272283	1.56288156288156
2.2954822954823	-0.0976800976800977	0.610500610500611
2.24664224664225	-1.68498168498168	-1.51404151404151
0.610500610500611	-3.02808302808303	-3.63858363858364
0.512820512820513	-2.75946275946276	-2.71062271062271
0.488400488400488	-4.71306471306471	-3.36996336996337
-0.317460317460317	-4.02930402930403	-4.05372405372405
0.903540903540904	-1.61172161172161	-2.46642246642247
0.537240537240537	-0.268620268620269	-1.85592185592186
1.14774114774115	-0.195360195360195	-2.27106227106227
0.952380952380952	-0.341880341880342	-2.90598290598291
-0.586080586080586	-0.561660561660562	-2.1978021978022
-2.2954822954823	-0.463980463980464	-1.9047619047619
-3.71184371184371	-2.31990231990232	-2.24664224664225
-3.95604395604396	-0.903540903540904	-2.80830280830281
-3.12576312576313	0.805860805860806	-1.44078144078144
-0.366300366300366	2.73504273504274	0.683760683760684
-0.561660561660562	2.07570207570208	-0.854700854700855
0.195360195360195	2.2954822954823	-1.0989010989011
0	3.44322344322344	-0.146520146520147
0.83028083028083	3.58974358974359	-0.732600732600733
-1.39194139194139	1.63614163614164	-0.732600732600733
-0.610500610500611	1.70940170940171	0.341880341880342
-0.879120879120879	-1.58730158730159	-0.146520146520147
-2.41758241758242	-4.71306471306471	-0.0732600732600733
-2.41758241758242	-3.83394383394383	-0.268620268620269
-1.48962148962149	-2.58852258852259	-0.537240537240537
-1.07448107448107	-3.003663003663	-0.122100122100122
-0.976800976800977	-1.46520146520147	0.781440781440781
0.463980463980464	-1.24542124542125	1.95360195360195
-0.317460317460317	-0.317460317460317	2.49084249084249
0.415140415140415	-0.683760683760684	1.66056166056166
-1.12332112332112	-1.88034188034188	1.07448107448107
-2.49084249084249	-0.683760683760684	0.122100122100122
-2.39316239316239	-1.12332112332112	-0.268620268620269
-3.61416361416361	-2.31990231990232	-0.854700854700855
-3.58974358974359	-0.854700854700855	0.634920634920635
0.976800976800977	2.44200244200244	4.95726495726496
1.97802197802198	5.1037851037851	5.68986568986569
1.001221001221	5.90964590964591	4.61538461538461
-0.757020757020757	4.83516483516483	4.24908424908425
-1.75824175824176	3.24786324786325	1.1965811965812
-1.68498168498168	3.78510378510378	-0.879120879120879
-1.61172161172161	3.76068376068376	-1.97802197802198
0.757020757020757	2.88156288156288	-2.85714285714286
2.44200244200244	2.05128205128205	-2.1978021978022
2.24664224664225	1.56288156288156	-0.708180708180708
2.56410256410256	0.732600732600733	0.415140415140415
0.341880341880342	1.17216117216117	0.634920634920635
0.0244200244200244	1.75824175824176	1.58730158730159
0.0488400488400488	1.83150183150183	0.634920634920635
0.659340659340659	4.17582417582418	1.58730158730159
2.36874236874237	4.63980463980464	0.244200244200244
2.93040293040293	2.12454212454212	-0.708180708180708
3.61416361416361	1.001221001221	-0.366300366300366
2.24664224664225	-1.51404151404151	-1.46520146520147
0.854700854700855	-3.63858363858364	-2.78388278388278
-2.31990231990232	-5.98290598290598	-3.1990231990232
-1.68498168498168	-3.76068376068376	-1.88034188034188
-1.48962148962149	-1.68498168498168	-1.39194139194139
-0.805860805860806	-1.39194139194139	-3.07692307692308
0.659340659340659	-0.537240537240537	-2.88156288156288
1.0989010989011	-1.39194139194139	-3.46764346764347
0.805860805860806	-2.61294261294261	-3.05250305250305
1.73382173382173	-3.41880341880342	-1.66056166056166
0.83028083028083	-1.29426129426129	2.12454212454212
0.879120879120879	0.854700854700855	5.47008547008547
1.0989010989011	1.07448107448107	6.22710622710623
-0.122100122100122	1.9047619047619	4.98168498168498
1.83150183150183	3.003663003663	3.58974358974359
1.001221001221	2.97924297924298	1.9047619047619
1.29426129426129	2.02686202686203	0.146520146520147
0.561660561660562	0.634920634920635	-2.12454212454212
1.61172161172161	0.83028083028083	-0.610500610500611
0.83028083028083	0	0.512820512820513
0.976800976800977	1.95360195360195	2.14896214896215
2.002442002442	0.732600732600733	1.66056166056166
1.66056166056166	-0.0732600732600733	0.537240537240537
-0.43956043956044	-1.75824175824176	-0.952380952380952
-0.537240537240537	-1.31868131868132	-1.95360195360195
-1.17216117216117	-2.1001221001221	-2.36874236874237
-1.36752136752137	-0.683760683760684	-0.83028083028083
0.732600732600733	1.80708180708181	0.854700854700855
0.634920634920635	2.1978021978022	2.85714285714286
1.53846153846154	1.73382173382173	4.85958485958486
1.70940170940171	2.97924297924298	5.49450549450549
0.976800976800977	3.22344322344322	4.76190476190476
0.854700854700855	3.34554334554335	3.51648351648352
-0.488400488400488	2.17338217338217	0.146520146520147
0.0976800976800977	2.95482295482295	-0.879120879120879
0.317460317460317	3.12576312576313	-0.952380952380952
0.781440781440781	3.27228327228327	-0.732600732600733
-0.512820512820513	1.14774114774115	1.44078144078144
0.317460317460317	0.927960927960928	3.27228327228327
-0.463980463980464	-0.366300366300366	3.1990231990232
-1.14774114774115	0.415140415140415	3.32112332112332
-1.78266178266178	0.0244200244200244	2.46642246642247
-2.41758241758242	0.586080586080586	0.927960927960928
-1.48962148962149	3.27228327228327	0.488400488400488
-2.1978021978022	3.27228327228327	-1.36752136752137
-0.854700854700855	3.68742368742369	-0.268620268620269
0.268620268620269	3.12576312576313	-0.879120879120879
1.1965811965812	2.53968253968254	-1.46520146520147
2.05128205128205	2.46642246642247	-0.463980463980464
3.98046398046398	2.002442002442	2.80830280830281
3.78510378510378	0.854700854700855	2.83272283272283
4.56654456654457	-0.390720390720391	4.37118437118437
3.39438339438339	0	4.2979242979243
4.51770451770452	2.44200244200244	5.56776556776557
4.83516483516483	1.31868131868132	4.32234432234432
4.22466422466422	2.41758241758242	2.53968253968254
2.71062271062271	1.26984126984127	1.14774114774115
0.903540903540904	-0.0732600732600733	0.976800976800977
-1.56288156288156	-0.879120879120879	-2.1001221001221
-4.37118437118437	-3.63858363858364	-4.76190476190476
-4.24908424908425	-1.56288156288156	-3.95604395604396
-4.07814407814408	-0.683760683760684	-1.53846153846154
-1.68498168498168	0.0732600732600733	0.586080586080586
-2.36874236874237	-0.21978021978022	0.390720390720391
-2.44200244200244	-0.683760683760684	-0.0488400488400488
-4.51770451770452	-0.561660561660562	-0.83028083028083
-5.22588522588523	-1.9047619047619	-3.34554334554335
-4.24908424908425	0.0976800976800977	-3.85836385836386
-5.07936507936508	0.21978021978022	-4.07814407814408
-5.3968253968254	0.732600732600733	-2.14896214896215
-4.42002442002442	0.683760683760684	-1.07448107448107
-3.98046398046398	0.586080586080586	-0.512820512820513
-4.59096459096459	-0.781440781440781	-1.29426129426129
-4.34676434676435	-1.44078144078144	-1.83150183150183
-3.27228327228327	-3.1990231990232	-2.53968253968254
-1.36752136752137	-2.02686202686203	-2.27106227106227
-3.12576312576313	-3.88278388278388	-3.17460317460317
-1.29426129426129	-3.05250305250305	-3.58974358974359
0.0732600732600733	-1.88034188034188	-2.002442002442
0.463980463980464	-1.95360195360195	-0.879120879120879
2.05128205128205	-1.58730158730159	-0.879120879120879
1.51404151404151	-1.78266178266178	-1.14774114774115
-0.317460317460317	-2.46642246642247	-2.44200244200244
-1.92918192918193	-2.97924297924298	-2.1001221001221
-1.80708180708181	-1.83150183150183	-0.268620268620269
-1.68498168498168	-1.44078144078144	0
0.146520146520147	-0.586080586080586	0.879120879120879
1.02564102564103	0.854700854700855	1.53846153846154
1.31868131868132	0.83028083028083	1.17216117216117
0.683760683760684	0.390720390720391	0.0244200244200244
0.927960927960928	1.02564102564103	1.73382173382173
-0.610500610500611	0.268620268620269	0.683760683760684
-0.757020757020757	0.293040293040293	1.07448107448107
1.22100122100122	0.83028083028083	0.659340659340659
0.586080586080586	-1.29426129426129	-0.561660561660562
0.21978021978022	-0.561660561660562	-1.58730158730159
-0.610500610500611	-0.463980463980464	-1.22100122100122
-0.293040293040293	0.170940170940171	0.43956043956044
-1.83150183150183	-0.586080586080586	0.927960927960928
-3.83394383394383	-1.88034188034188	-0.293040293040293
-3.54090354090354	-1.73382173382173	-0.146520146520147
-3.1990231990232	-3.41880341880342	-1.68498168498168
-3.02808302808303	-4.85958485958486	-1.1965811965812
-1.95360195360195	-4.78632478632479	-1.0989010989011
-1.44078144078144	-2.46642246642247	-0.0488400488400488
-1.70940170940171	-3.46764346764347	1.07448107448107
-2.1001221001221	-3.68742368742369	2.02686202686203
-1.41636141636142	-1.05006105006105	2.05128205128205
-0.463980463980464	-0.879120879120879	1.22100122100122
0.659340659340659	0.244200244200244	1.83150183150183
1.39194139194139	0.488400488400488	3.1990231990232
2.14896214896215	0.415140415140415	3.36996336996337
1.97802197802198	-0.903540903540904	2.75946275946276
0.512820512820513	-1.53846153846154	2.2954822954823
0.512820512820513	-1.29426129426129	0.21978021978022
-1.0989010989011	-1.41636141636142	-2.1001221001221
-1.9047619047619	-1.0989010989011	-2.2954822954823
-0.317460317460317	-0.317460317460317	-1.58730158730159
-0.146520146520147	-0.976800976800977	1.63614163614164
0.512820512820513	-2.85714285714286	3.07692307692308
0.610500610500611	-3.17460317460317	3.61416361416361
0.0976800976800977	-1.95360195360195	4.02930402930403
0	-2.12454212454212	2.24664224664225
0.146520146520147	-1.53846153846154	2.02686202686203
1.31868131868132	1.68498168498168	3.17460317460317
2.22222222222222	2.78388278388278	1.56288156288156
0.903540903540904	0.781440781440781	1.53846153846154
1.05006105006105	0.805860805860806	0.976800976800977
-0.317460317460317	0.293040293040293	1.12332112332112
-0.244200244200244	-1.36752136752137	0.683760683760684
1.12332112332112	0.415140415140415	3.22344322344322
3.17460317460317	-0.0244200244200244	3.85836385836386
5.93406593406593	2.31990231990232	5.73870573870574
4.71306471306471	3.05250305250305	5.00610500610501
3.36996336996337	2.02686202686203	3.56532356532357
4.05372405372405	1.58730158730159	3.49206349206349
1.70940170940171	0.879120879120879	2.51526251526252
1.9047619047619	1.001221001221	3.61416361416361
1.12332112332112	1.02564102564103	5.3968253968254
0.0244200244200244	-0.415140415140415	3.78510378510378
0.0732600732600733	0.463980463980464	3.39438339438339
0.21978021978022	0.317460317460317	3.17460317460317
-1.34310134310134	-0.781440781440781	1.17216117216117
-2.07570207570208	-0.854700854700855	0.0244200244200244
0.683760683760684	1.97802197802198	1.29426129426129
0.463980463980464	3.44322344322344	1.70940170940171
-0.268620268620269	3.15018315018315	1.63614163614164
-1.88034188034188	1.53846153846154	0.83028083028083
-1.85592185592186	0.634920634920635	1.9047619047619
-3.15018315018315	-1.83150183150183	1.85592185592186
-2.73504273504274	-3.39438339438339	2.27106227106227
-1.63614163614164	-2.46642246642247	2.68620268620269
0.146520146520147	-0.927960927960928	1.24542124542125
1.24542124542125	0.586080586080586	0.586080586080586
0.122100122100122	-0.0976800976800977	-0.708180708180708
1.05006105006105	0.659340659340659	-1.29426129426129
1.0989010989011	0.610500610500611	-0.83028083028083
-0.170940170940171	-1.88034188034188	0.146520146520147
-1.73382173382173	-4.49328449328449	-0.781440781440781
-1.70940170940171	-4.85958485958486	-1.29426129426129
-1.73382173382173	-3.78510378510378	-1.07448107448107
0.463980463980464	-2.66178266178266	-1.75824175824176
1.41636141636142	-2.17338217338217	-3.73626373626374
1.92918192918193	-1.66056166056166	-3.78510378510378
2.75946275946276	0.0976800976800977	-2.02686202686203
2.1001221001221	1.24542124542125	-0.43956043956044
0.757020757020757	-0.0488400488400488	0.293040293040293
1.95360195360195	0.781440781440781	2.17338217338217
2.44200244200244	2.93040293040293	4.12698412698413
1.39194139194139	2.53968253968254	4.44444444444444
0	0.43956043956044	3.68742368742369
-1.70940170940171	0.366300366300366	2.2954822954823
-1.39194139194139	2.66178266178266	3.63858363858364
-1.88034188034188	3.22344322344322	3.61416361416361
-1.53846153846154	3.05250305250305	1.78266178266178
1.14774114774115	4.05372405372405	1.92918192918193
2.1978021978022	3.15018315018315	1.70940170940171
1.58730158730159	1.29426129426129	0.561660561660562
2.88156288156288	0.122100122100122	-0.268620268620269
1.75824175824176	-1.12332112332112	-2.17338217338217
0.341880341880342	0.683760683760684	-1.29426129426129
-0.293040293040293	2.78388278388278	-1.29426129426129
-2.1001221001221	2.53968253968254	-1.63614163614164
-3.68742368742369	2.44200244200244	-1.73382173382173
-3.98046398046398	1.92918192918193	-0.781440781440781
-4.004884004884	1.1965811965812	-0.952380952380952
-3.1990231990232	0.854700854700855	-0.195360195360195
-3.02808302808303	1.12332112332112	0.83028083028083
-2.49084249084249	1.78266178266178	1.07448107448107
-1.34310134310134	1.66056166056166	0.195360195360195
-1.12332112332112	3.22344322344322	1.78266178266178
-1.1965811965812	0.634920634920635	1.31868131868132
-0.317460317460317	1.12332112332112	1.22100122100122
-0.708180708180708	1.22100122100122	0.390720390720391
-0.463980463980464	1.46520146520147	1.44078144078144
-1.41636141636142	0.122100122100122	0.854700854700855
-0.366300366300366	-1.63614163614164	1.02564102564103
0.659340659340659	-0.610500610500611	2.12454212454212
1.41636141636142	-1.17216117216117	2.49084249084249
0.854700854700855	-3.51648351648352	3.39438339438339
2.34432234432234	-2.49084249084249	2.51526251526252
2.93040293040293	0.0244200244200244	1.66056166056166
4.88400488400488	1.73382173382173	2.31990231990232
4.61538461538461	1.88034188034188	1.66056166056166
2.14896214896215	0.732600732600733	0.122100122100122
3.88278388278388	2.88156288156288	0.610500610500611
3.76068376068376	1.88034188034188	1.46520146520147
2.17338217338217	0.21978021978022	0.195360195360195
2.49084249084249	1.36752136752137	1.58730158730159
0.390720390720391	-0.0244200244200244	1.70940170940171
0.512820512820513	0.0488400488400488	1.1965811965812
-0.927960927960928	0.341880341880342	2.75946275946276
-1.39194139194139	-0.634920634920635	1.78266178266178
-1.17216117216117	-1.46520146520147	0.708180708180708
-0.805860805860806	-0.659340659340659	-0.0976800976800977
-1.70940170940171	-0.927960927960928	-1.41636141636142
-1.001221001221	-2.36874236874237	-0.43956043956044
-1.66056166056166	-2.41758241758242	-0.21978021978022
0.43956043956044	-0.659340659340659	-0.390720390720391
2.17338217338217	-0.512820512820513	-0.0244200244200244
3.41880341880342	1.05006105006105	1.78266178266178
5.2014652014652	-0.683760683760684	2.51526251526252
5.47008547008547	-0.976800976800977	2.14896214896215
4.83516483516483	-1.29426129426129	2.27106227106227
3.54090354090354	-0.488400488400488	2.68620268620269
2.36874236874237	0.561660561660562	2.24664224664225
1.22100122100122	1.12332112332112	0.268620268620269
-0.732600732600733	1.80708180708181	-0.634920634920635
-2.53968253968254	1.58730158730159	-1.14774114774115
-1.26984126984127	-0.0488400488400488	-0.659340659340659
0.757020757020757	0.415140415140415	0.537240537240537
1.0989010989011	-1.07448107448107	-0.781440781440781
0.488400488400488	-1.24542124542125	-0.634920634920635
0.537240537240537	-0.781440781440781	0.244200244200244
0.757020757020757	-1.36752136752137	-0.21978021978022
-0.0488400488400488	0.610500610500611	0.537240537240537
1.44078144078144	3.71184371184371	2.66178266178266
0.0488400488400488	3.2967032967033	3.51648351648352
0.610500610500611	4.56654456654457	5.32356532356532
-0.0488400488400488	4.15140415140415	7.32600732600733
-1.17216117216117	2.78388278388278	6.37362637362637
-0.415140415140415	0.854700854700855	5.07936507936508
0	2.1978021978022	3.41880341880342
0.293040293040293	3.02808302808303	1.95360195360195
0.586080586080586	2.93040293040293	-1.001221001221
0.903540903540904	2.73504273504274	-1.68498168498168
1.29426129426129	1.68498168498168	-1.63614163614164
0.634920634920635	2.1978021978022	-0.805860805860806
2.2954822954823	3.32112332112332	-0.757020757020757
1.44078144078144	1.63614163614164	-2.53968253968254
-0.244200244200244	0.244200244200244	-3.2967032967033
-0.488400488400488	-1.34310134310134	-5.07936507936508
0.952380952380952	-0.732600732600733	-6.1050061050061
-1.48962148962149	-1.46520146520147	-6.08058608058608
-2.39316239316239	-1.36752136752137	-5.86080586080586
-3.39438339438339	0.146520146520147	-5.66544566544567
-4.32234432234432	1.29426129426129	-4.2979242979243
-3.003663003663	2.31990231990232	-1.95360195360195
-3.02808302808303	2.95482295482295	-0.927960927960928
-1.24542124542125	2.85714285714286	-0.293040293040293
0.610500610500611	3.95604395604396	2.44200244200244
0.708180708180708	3.27228327228327	3.54090354090354
0.366300366300366	2.34432234432234	2.66178266178266
-0.317460317460317	2.24664224664225	1.44078144078144
0.415140415140415	3.22344322344322	2.85714285714286
1.26984126984127	6.12942612942613	2.75946275946276
3.15018315018315	8.88888888888889	2.97924297924298
4.02930402930403	9.98778998778999	3.61416361416361
2.95482295482295	8.27838827838828	3.95604395604396
3.02808302808303	7.00854700854701	3.80952380952381
2.53968253968254	5.27472527472527	3.56532356532357
2.39316239316239	1.48962148962149	1.92918192918193
1.44078144078144	0.0732600732600733	-0.341880341880342
3.05250305250305	0.0976800976800977	-0.952380952380952
2.002442002442	-0.21978021978022	-2.56410256410256
0.83028083028083	-1.44078144078144	-2.14896214896215
-0.268620268620269	-1.41636141636142	-2.1001221001221
-1.78266178266178	-2.02686202686203	-2.46642246642247
-1.39194139194139	-2.63736263736264	-1.39194139194139
-1.29426129426129	-2.56410256410256	-1.22100122100122
-0.488400488400488	-3.05250305250305	0.293040293040293
0.268620268620269	-4.98168498168498	-0.0488400488400488
2.17338217338217	-3.93162393162393	2.1001221001221
3.2967032967033	-1.14774114774115	2.58852258852259
3.98046398046398	0.293040293040293	2.61294261294261
3.68742368742369	1.34310134310134	2.46642246642247
2.05128205128205	2.73504273504274	3.12576312576313
1.68498168498168	3.51648351648352	3.34554334554335
0.317460317460317	3.1990231990232	5.22588522588523
1.14774114774115	3.003663003663	5.34798534798535
3.78510378510378	6.4957264957265	6.12942612942613
3.66300366300366	8.42490842490843	6.4957264957265
4.2979242979243	9.42612942612943	7.08180708180708
2.31990231990232	6.61782661782662	3.90720390720391
1.61172161172161	7.64346764346764	3.15018315018315
1.97802197802198	9.20634920634921	3.68742368742369
1.53846153846154	8.4981684981685	1.34310134310134
0.21978021978022	8.22954822954823	0.805860805860806
0.390720390720391	8.98656898656899	1.29426129426129
0.708180708180708	8.13186813186813	1.53846153846154
-0.805860805860806	6.37362637362637	0.463980463980464
-1.51404151404151	5.51892551892552	-0.122100122100122
-1.17216117216117	5.98290598290598	-0.0244200244200244
-0.634920634920635	5.76312576312576	-0.634920634920635
-0.170940170940171	5.54334554334554	0.268620268620269
0.415140415140415	5.00610500610501	0.708180708180708
0.293040293040293	4.37118437118437	2.02686202686203
2.68620268620269	4.66422466422466	3.61416361416361
1.95360195360195	4.02930402930403	3.46764346764347
1.44078144078144	4.24908424908425	3.12576312576313
0.512820512820513	3.90720390720391	2.73504273504274
0.879120879120879	3.93162393162393	2.44200244200244
1.73382173382173	4.46886446886447	1.0989010989011
2.51526251526252	4.34676434676435	1.58730158730159
1.97802197802198	2.56410256410256	0.854700854700855
2.12454212454212	2.53968253968254	0.317460317460317
-0.146520146520147	1.39194139194139	-0.293040293040293
0.390720390720391	1.53846153846154	-0.293040293040293
0.390720390720391	1.29426129426129	0.903540903540904
0.0488400488400488	-0.83028083028083	-1.95360195360195
2.27106227106227	-1.66056166056166	-3.95604395604396
2.44200244200244	-3.71184371184371	-3.1990231990232
1.34310134310134	-5.34798534798535	-5.07936507936508
-0.244200244200244	-5.68986568986569	-5.47008547008547
-1.0989010989011	-5.66544566544567	-6.42246642246642
-1.97802197802198	-4.12698412698413	-5.25030525030525
-2.80830280830281	-4.2979242979243	-5.66544566544567
-4.44444444444444	-4.44444444444444	-7.10622710622711
-4.68864468864469	-4.12698412698413	-7.2039072039072
-1.73382173382173	-2.88156288156288	-5.95848595848596
-0.903540903540904	-2.71062271062271	-3.36996336996337
-0.83028083028083	-4.42002442002442	-4.22466422466422
1.73382173382173	-3.90720390720391	-2.39316239316239
3.22344322344322	-3.05250305250305	0.854700854700855
3.17460317460317	-1.9047619047619	0.83028083028083
3.2967032967033	-0.195360195360195	2.58852258852259
3.95604395604396	0.634920634920635	4.22466422466422
5.1037851037851	2.36874236874237	5.12820512820513
4.2002442002442	0.757020757020757	3.88278388278388
1.70940170940171	-2.49084249084249	1.26984126984127
0.366300366300366	-2.73504273504274	-0.0244200244200244
-0.610500610500611	-3.56532356532357	-0.415140415140415
-0.463980463980464	-2.34432234432234	-2.68620268620269
-2.73504273504274	-4.59096459096459	-4.98168498168498
-2.24664224664225	-4.37118437118437	-5.17704517704518
-1.83150183150183	-4.3956043956044	-5.88522588522589
-1.22100122100122	-3.36996336996337	-4.68864468864469
1.31868131868132	-1.44078144078144	-3.66300366300366
1.95360195360195	0.341880341880342	-0.83028083028083
2.22222222222222	1.0989010989011	-0.537240537240537
1.51404151404151	0.170940170940171	0.659340659340659
0.0732600732600733	-0.732600732600733	-1.88034188034188
-1.63614163614164	-1.46520146520147	-2.22222222222222
-1.58730158730159	-0.83028083028083	-1.70940170940171
2.12454212454212	2.31990231990232	-1.75824175824176
1.80708180708181	3.41880341880342	-0.21978021978022
3.46764346764347	3.98046398046398	1.29426129426129
3.34554334554335	4.12698412698413	1.24542124542125
1.73382173382173	2.56410256410256	0.903540903540904
-0.586080586080586	1.39194139194139	1.46520146520147
-0.366300366300366	0.341880341880342	2.36874236874237
-2.46642246642247	-1.07448107448107	0.43956043956044
-3.49206349206349	-2.51526251526252	-0.512820512820513
-4.61538461538461	-3.63858363858364	-1.95360195360195
-3.44322344322344	-3.15018315018315	-3.85836385836386
-4.27350427350427	-4.05372405372405	-5.07936507936508
-4.71306471306471	-6.81318681318681	-5.34798534798535
-5.12820512820513	-8.03418803418803	-5.42124542124542
-5.2014652014652	-7.3992673992674	-4.27350427350427
-5.90964590964591	-6.22710622710623	-4.2002442002442
-6.52014652014652	-6.3003663003663	-4.63980463980464
-4.63980463980464	-3.88278388278388	-3.17460317460317
-2.41758241758242	-1.92918192918193	-2.12454212454212
-0.659340659340659	-2.07570207570208	-2.22222222222222
-0.0976800976800977	-3.41880341880342	-1.78266178266178
1.22100122100122	-3.34554334554335	-0.122100122100122
2.24664224664225	-3.80952380952381	1.001221001221
1.46520146520147	-1.41636141636142	2.73504273504274
0.293040293040293	-0.927960927960928	2.24664224664225
0.293040293040293	-0.341880341880342	2.07570207570208
0.683760683760684	2.05128205128205	1.39194139194139
-0.390720390720391	2.24664224664225	0.610500610500611
0.293040293040293	2.58852258852259	1.68498168498168
-0.244200244200244	1.63614163614164	3.02808302808303
0.21978021978022	1.001221001221	2.80830280830281
0.879120879120879	1.02564102564103	1.29426129426129
0.781440781440781	-0.341880341880342	0.195360195360195
-0.146520146520147	-1.56288156288156	-1.41636141636142
-0.83028083028083	-2.49084249084249	-2.61294261294261
-1.34310134310134	-1.95360195360195	-2.41758241758242
-3.07692307692308	-0.757020757020757	-1.78266178266178
-2.07570207570208	-0.21978021978022	-0.0976800976800977
-0.244200244200244	1.0989010989011	0.0488400488400488
0.659340659340659	0.0732600732600733	-1.1965811965812
0.879120879120879	-0.122100122100122	-0.146520146520147
0.805860805860806	-0.586080586080586	0.0732600732600733
-0.415140415140415	-2.39316239316239	-0.976800976800977
-1.83150183150183	-2.83272283272283	-0.195360195360195
-1.97802197802198	-2.46642246642247	1.12332112332112
-0.927960927960928	-0.708180708180708	3.1013431013431
1.41636141636142	0.341880341880342	4.66422466422466
1.44078144078144	0.0976800976800977	4.73748473748474
4.07814407814408	2.58852258852259	5.49450549450549
2.63736263736264	1.24542124542125	3.27228327228327
0.317460317460317	-0.293040293040293	1.58730158730159
-1.80708180708181	0.0488400488400488	0.83028083028083
-1.73382173382173	1.17216117216117	0.463980463980464
-2.66178266178266	0.659340659340659	-0.146520146520147
-1.31868131868132	1.63614163614164	0.683760683760684
0.244200244200244	1.63614163614164	-0.244200244200244
0.781440781440781	0.0976800976800977	-1.24542124542125
0.683760683760684	-1.39194139194139	-1.73382173382173
0.244200244200244	-1.24542124542125	-2.44200244200244
-1.9047619047619	-2.2954822954823	-2.66178266178266
-1.66056166056166	-1.39194139194139	-1.85592185592186
-1.68498168498168	1.66056166056166	0.0976800976800977
-0.317460317460317	1.73382173382173	1.75824175824176
-0.805860805860806	0.805860805860806	1.88034188034188
0.122100122100122	1.36752136752137	2.68620268620269
-0.586080586080586	-0.732600732600733	1.63614163614164
0.512820512820513	-0.903540903540904	0.879120879120879
0.317460317460317	-1.24542124542125	1.34310134310134
0.170940170940171	-0.708180708180708	0.83028083028083
0.854700854700855	1.02564102564103	2.73504273504274
0.659340659340659	1.05006105006105	3.44322344322344
2.73504273504274	1.0989010989011	3.54090354090354
1.80708180708181	-0.170940170940171	1.001221001221
0.512820512820513	-2.22222222222222	-0.537240537240537
0.805860805860806	-4.51770451770452	-2.05128205128205
0.83028083028083	-4.22466422466422	-2.14896214896215
-1.70940170940171	-3.27228327228327	-2.1978021978022
0.366300366300366	0.0488400488400488	0.0244200244200244
2.36874236874237	3.71184371184371	1.34310134310134
2.61294261294261	5.68986568986569	2.53968253968254
2.44200244200244	5.49450549450549	2.85714285714286
1.02564102564103	3.07692307692308	2.78388278388278
-0.83028083028083	0.317460317460317	2.97924297924298
-0.586080586080586	-0.390720390720391	1.02564102564103
-1.63614163614164	-1.24542124542125	-1.24542124542125
-1.41636141636142	-0.757020757020757	-2.17338217338217
0	-0.122100122100122	-1.34310134310134
1.24542124542125	-0.732600732600733	-2.05128205128205
0.781440781440781	-3.90720390720391	-3.22344322344322
0.122100122100122	-5.61660561660562	-3.003663003663
0.659340659340659	-4.46886446886447	-2.44200244200244
0.244200244200244	-3.85836385836386	-1.73382173382173
0.390720390720391	-1.48962148962149	-0.610500610500611
-1.51404151404151	0.170940170940171	1.41636141636142
-3.95604395604396	-0.122100122100122	2.51526251526252
-5.54334554334554	-0.21978021978022	1.73382173382173
-5.47008547008547	0.293040293040293	2.1978021978022
-5.34798534798535	0.146520146520147	0.903540903540904
-3.78510378510378	0.903540903540904	2.07570207570208
-0.610500610500611	1.61172161172161	2.46642246642247
0.757020757020757	2.56410256410256	2.05128205128205
-0.512820512820513	2.75946275946276	1.14774114774115
-0.341880341880342	1.07448107448107	1.41636141636142
-1.1965811965812	0.415140415140415	0.463980463980464
-2.75946275946276	-0.317460317460317	0.293040293040293
-1.63614163614164	-1.46520146520147	-1.83150183150183
-2.36874236874237	-2.80830280830281	-3.15018315018315
