6.8558785381857	12.2590981918059	14.4777599755856
5.99069199664302	10.3868162050813	14.2107270923934
3.72320134279393	6.67277027542535	11.6868848706798
2.82291905088884	3.44090943770504	8.98146028839551
1.82192721446555	1.91042954146639	8.05065995269703
0.0823987182421607	-0.161745632104982	4.78980697337301
0.389105058365759	-0.207522697795071	5.45052262149996
1.4724956130312	-0.920119020370794	3.42870222018769
1.2161440451667	1.0955977721828	3.22575722896162
5.10261692225528	3.87426565957122	5.25825894560159
7.02525368123903	3.93530174715801	5.35896849011978
3.51720454718853	0.889600976577401	2.47653925383383
3.41191729610132	-1.31074998092622	0.219729915312428
4.50141145952544	-2.00656137941558	-1.21309224078737
0.125123979552911	-3.51567864499886	-3.33562218661784
-0.167849240863661	-4.10772869459068	-4.01770046540017
-1.69832913710231	-4.23895628290227	-3.13878080415045
-3.35088120851453	-4.79438467994202	-2.17746242465858
-2.80613412680247	-3.15403982604715	-0.778210116731518
-4.21606775005722	-1.6235599298085	0.379949645227741
-2.49179827573053	0.576791027695125	1.55489433127337
-0.561532005798428	4.39765011062791	3.95208667124437
2.82139314869917	8.50690470740826	6.52628366521706
4.1870756084535	10.7866025787747	8.6305027847715
3.73083085374228	11.3588158999008	11.4030670634012
3.32646677347982	11.436636911574	10.2250705729763
2.30258640421149	12.0561532005798	13.2143129625391
2.23239490348669	11.4122224765393	13.4187838559548
3.40123598077363	10.0373846036469	12.47119859617
4.62958724345769	10.0770580605783	14.036774242771
6.9413290608072	10.3212024109255	14.8134584573129
5.1468680857557	9.0272373540856	15.6649118791485
-0.405889982452125	7.45860990310521	16.433966582742
5.66567483024338	9.04859998474098	17.9430838483253
3.25627527275502	7.33196002136263	17.085526817731
3.16624704356451	6.28976882581826	15.4482337682155
5.26588845654994	7.32433051041428	15.062180514229
7.60204470893416	7.74700541695277	13.4309910734722
9.86953536278325	8.31464103150988	12.0866712443732
9.88479438467994	9.01197833218891	12.5459678034638
10.591287098497	8.57557030594339	10.5104142824445
9.77035172045472	6.99320973525597	8.2383459220264
12.0805676356146	6.94285496299687	7.64782177462425
13.0052643625544	7.29991607537957	8.43213550011444
9.36140993362326	5.46578164339666	8.82887006942855
11.7174029144732	7.38536659800107	10.8247501335164
12.8145265888457	10.1945525291829	13.3958953231098
12.1538109407187	10.1472495613031	14.4808117799649
10.9407186999313	9.20119020370794	12.1400778210117
10.4722667277028	10.5363546196689	13.2219424734874
10.0328068970779	9.68795300221256	11.9386587319753
7.6554512855726	9.7261005569543	11.8715190356298
5.71908140688182	8.36957351033799	9.86037994964523
5.73586633096818	8.45502403295949	9.912260624094
3.80865186541543	6.18142977035172	9.45296406500343
2.71457999542229	4.83253223468376	8.61371786068513
0.804150453955901	4.48310063324941	9.50179293507286
-2.67032883192187	1.09102006561379	7.81414511329824
-0.106813153276875	-0.703440909437705	8.71137560082399
-0.00610360875867857	-1.25581750209812	10.1228351262684
0.593575951781491	-2.11490043488212	6.07003891050584
-1.11238269626917	-4.03295948729686	5.1972228580148
-0.0885023270008393	-3.78271152819104	3.78881513694972
0.292973220416571	-2.40024414435035	3.03501945525292
-1.52895399404898	-4.24505989166094	1.2817578393225
-1.83413443198291	-6.22415503166247	-0.930800335698482
-1.61135271229114	-5.23537041275654	-0.617990386816205
-0.326543068589303	-4.93018997482261	-3.70183871213855
-1.7441062027924	-5.34981307698177	-3.13572899977111
-2.54215304798962	-5.81979095140002	-4.29694056610971
-2.5284199282826	-6.57816433966583	-4.62653543907836
-2.58030060273137	-6.68039978637369	-1.87533379110399
-2.87937743190661	-8.44281681544213	-2.04013122758831
-3.64843213550011	-7.36095216296635	-0.63782711528191
-1.34889753566796	-3.58129243915465	2.77866788738842
2.59098191805905	-0.720225833524071	4.00396734569314
2.76798657206073	1.78835736629282	5.96017395284962
3.25780117494469	1.79140917067216	4.64332036316472
2.59098191805905	2.35446707866026	5.27046616311894
3.17998016327153	2.87174792095827	5.89456015869383
3.37376974135958	4.16418707560845	5.639734493019
3.55077439536126	8.04455634393835	10.3334096284428
8.07660028992142	10.0267032883192	11.473258564126
6.14785992217899	7.85687037460899	11.4076447699702
4.06958113984894	6.23178454261082	10.0282291905089
1.6586556801709	1.20088502327001	9.17067215991455
1.86312657358663	-0.956740672922866	8.14679179064622
0.114442664225223	-3.87579156176089	4.74860761425193
2.6337071793698	-3.0106050202182	5.42610818646525
3.73540856031128	0.193789578088045	4.86762798504616
4.87525749599451	1.09102006561379	2.90074006256199
5.85946440833143	2.80003051804379	3.77660791943236
6.71396963454643	3.64232852674144	3.68047608148318
5.84725719081407	4.2069123369192	6.2027924010071
6.50797283894102	5.81826504921035	9.25001907377737
5.06752117189288	4.87373159380484	9.75356679636835
1.97146562905318	2.37125200274662	10.0556954299229
2.55130846112764	2.77714198519875	9.80086976424811
1.56099794003204	1.86923018234531	7.93926909285115
1.79140917067216	2.44144350347143	7.72411688410773
2.18051422903792	2.82597085526818	7.3334859235523
3.0258640421149	3.41496910048066	7.08781567101549
3.62706950484474	3.0914778362707	7.01915007248035
-0.976577401388571	-0.202944991226062	4.88746471351186
1.68764782177462	0.373846036469062	6.70481422140841
0.419623102159152	-0.524910353246357	5.25673304341192
-0.715648126955062	0.0976577401388571	4.42206454566262
0.80872816052491	0.242618448157473	5.2674143587396
-1.19325551232166	-1.32448310063325	4.21911955443656
-4.16876478217746	-4.78980697337301	2.67338063630121
-5.97390707255665	-6.82230869001297	-0.955214770733196
-9.63912413214313	-9.9320973525597	-2.392614633402
-11.0292210269322	-10.9925993743801	-1.99282825970855
-12.5444419012741	-11.1345082780194	-3.49584191653315
-11.3359273670558	-9.83291371023117	-2.62912947280079
-11.3328755626764	-10.258640421149	-3.4027618829633
-8.81055924315251	-8.28412298771649	-2.08743419546807
-8.30090791180285	-7.65392538338293	-2.92362859540703
-6.40726329442283	-7.69512474250401	-4.42969405661097
-4.3930724040589	-6.6300450141146	-3.57518883039597
-3.79034103913939	-6.83299000534066	-2.96482795452811
-3.32646677347982	-6.08529793240253	-4.10467689021134
-1.98825055313954	-5.00038147554742	-3.27916380560006
-0.415045395590143	-3.7094682230869	-0.564583810177768
-0.265506981002518	-1.71358815899901	-0.590524147402152
0.630197604333562	-0.0900282291905089	-0.125123979552911
1.94552529182879	1.18715190356298	1.67086289768826
1.87533379110399	-0.0579842832074464	0.46845197222858
3.11284046692607	0.825513084611276	0.0381475547417411
-1.41603723201343	0.418097199969482	-0.21362630655375
3.92462043183032	0.476081483176928	2.40024414435035
2.45212481879912	0.535591668574044	1.71816586556802
1.83871213855192	1.35805294880598	3.44396124208438
2.39108873121233	1.17341878385595	2.30258640421149
4.53345540550851	2.44449530785077	2.53757534142061
1.39620050354772	2.69321736476692	2.07370107576104
-1.25734340428779	1.09102006561379	0.662241550316625
-2.6489662012665	-1.08796826123445	-2.15762569619287
-2.65049210345617	-3.5538261997406	-3.38597695887694
-6.00442511635004	-6.86198214694438	-5.56191348134585
-7.6600289921416	-10.1899748226139	-9.22560463874266
-8.10406652933547	-10.5134660868238	-10.1136797131304
-9.55977721828031	-11.8852521553368	-11.432059205005
-14.0062561989776	-12.9152361333639	-12.0714122224765
-12.7611200122072	-11.7357137407492	-12.7458609903105
-11.6624704356451	-10.8430609597925	-11.274891279469
-8.83802548256657	-9.69405661097124	-10.0816357671473
-5.67940794995041	-7.06950484473945	-8.37262531471733
-6.20889600976577	-5.55275806820783	-6.28519111924926
-0.63935301747158	-3.01518272678721	-1.42214084077211
-3.10063324940871	-3.93682764934768	-1.79598687724117
-4.19470511940185	-2.73289082169833	2.00961318379492
-2.91599908445869	-1.44197756923781	4.59143968871595
-3.12352178225376	-0.291447318226902	5.21858548867018
-2.40177004654002	-0.302128633554589	6.71396963454643
-2.90684367132067	-0.148012512397955	6.38742656595712
-2.17288471808957	-0.227359426260777	6.23636224917983
0.308232242313268	0.143434805828946	7.06645304036011
2.84428168154421	-0.332646677347982	7.47081712062257
3.84374761577783	0.782787823300526	6.16006713969635
3.24559395742733	1.37026016632334	4.07415884641794
1.74715800717174	1.98825055313954	4.54261081864652
0.317387655451286	-0.00762951094834821	1.20241092545968
-1.54573891813535	-1.02235446707866	0.00152590218966964
-2.78782330052644	-0.692759594110018	1.38857099259937
-2.16830701152056	-1.56710154879072	2.05996795605402
-2.56046387426566	-0.55542839703975	3.28679331654841
-1.71663996337835	0.358587014572366	2.35446707866026
-5.12092774853132	-1.28480964370184	-0.321965362020295
-2.50247959105821	-2.02182040131228	1.67238879987793
-4.68909742885481	-4.68299382009613	0.0656137941557946
-4.28473334859236	-3.37376974135958	4.00701915007248
-3.8651102464332	-3.11741817349508	4.7501335164416
-5.47493705653468	-3.41496910048066	3.98718242160678
-6.03341725795377	-1.18867780575265	5.49477378500038
-4.93781948577096	-0.775158312352178	3.12809948882277
-3.70183871213855	0.862134737163348	3.19371328297856
-4.45563439383536	-0.080872816052491	0.833142595559625
-0.846875715266651	2.10421911955444	4.91035324635691
-1.6739147020676	3.02128633554589	7.36095216296635
-2.87785152971695	-0.227359426260777	3.14946211947814
-2.57724879835203	0.396734569314107	6.06546120393683
-1.82040131227588	-0.952162966353857	3.5034714274815
-2.1560997940032	-1.20698863202869	3.0411230640116
-2.50705729762722	-1.31074998092622	4.1519798580911
-1.39467460135805	-0.184634164950027	3.30357824063478
-1.98214694438087	-0.0442511635004196	2.76188296330205
-1.99435416189822	-0.717174029144732	2.10879682612345
-2.82139314869917	-3.05333028152895	1.09407186999313
-4.86152437628748	-4.31830319676509	1.04219119554437
-5.24452582589456	-6.56595712214847	-0.323491264209964
-8.45502403295949	-9.82833600366217	0.0686655985351339
-9.00892652780957	-9.9977111467155	-0.422674906538491
-11.6700999465934	-11.5922789349203	-0.63782711528191
-10.0175478751812	-11.6624704356451	0.727855344472419
-9.73678187228199	-11.45494773785	-1.42519264515145
-9.95498588540475	-9.73373006790265	1.69985503929198
-8.85175860227359	-7.94232089723049	1.34889753566796
-10.6843671320668	-7.73632410162509	1.60677500572213
-9.89547570000763	-6.15854123750668	2.11642633707179
-5.61532005798428	-3.45922026398108	4.6494239719234
-5.55123216601816	-2.29648279545281	4.26642252231632
-4.52582589456016	-1.70290684367132	6.31113145647364
-3.29900053406577	0.233463035019455	8.80750743877318
-5.1468680857557	-0.0869764248111696	8.40619516289006
-5.09040970473793	-1.58388647287709	8.57404440375372
-3.57824063477531	-1.4023041123064	10.5790798809796
-2.12863355458915	-1.47402151522087	9.66201266498817
-7.87365529869535	-4.87983520256352	8.46570534828717
-5.58175020981155	-5.59853513389792	6.00900282291905
-7.17479209582666	-7.96063172350652	4.85084306095979
-11.4976729991608	-10.6828412298772	4.09552147707332
-9.05317769130999	-11.9172961013199	1.17799649042496
-8.82734416723888	-12.2255283436332	-0.506599526970321
-10.8903639276722	-12.7244983596551	-1.94247348744945
-9.80544747081712	-13.0998702983139	-2.89158464942397
-11.2077515831235	-11.4976729991608	-2.47501335164416
-10.1533531700618	-10.7866025787747	-1.90127412832837
-10.1335164415961	-9.94277866788739	-0.787365529869535
-8.64423590447852	-8.8563363088426	0.105287251087205
-9.10048065918975	-9.07148851758602	-0.984206912336919
-7.70275425345235	-6.26077668421454	1.07881284809644
-7.49217975127794	-5.94796673533227	1.15358205539025
-6.2027924010071	-2.87479972533761	5.83657587548638
-5.36659800106813	-0.134279392690929	9.46211947814145
-5.73434042877852	0.645456626230259	8.26581216144045
-3.84985122453651	3.23033493553063	9.63454642557412
-1.99130235751888	5.12550545510033	8.69916838330663
-2.46585793850614	5.34370946822309	6.6147859922179
-3.30968184939345	5.53139543755245	5.62752727550164
-1.69832913710231	4.81574731059739	4.97901884489204
-4.19775692378119	5.39101243610285	4.60212100404364
-7.44640268558785	3.10063324940871	2.65812161440452
-4.86610208285649	3.64080262455177	2.53147173266194
-3.75219348439765	3.75371938658732	2.72526131074998
-5.41695277332723	2.11184863050278	1.20546272983902
-5.83504997329671	0.81177996490425	1.59304188601511
-1.66018158236057	-0.645456626230259	-0.198367284657053
-1.02845807583734	-1.51064316777295	0.659189745937285
0.357061112382696	-1.49996185244526	2.5986114290074
1.74105439841306	-0.900282291905089	4.11078049897002
2.54367895017929	2.17288471808957	7.52422369726101
3.74761577782864	2.16220340276188	6.65293354695964
3.61333638513771	2.38040741588464	8.49622339208057
5.4383154039826	2.72678721293965	10.3990234225986
5.87319752803845	1.28633554589151	9.95040817883574
5.01869230182345	2.62607766842145	10.7560845349813
5.38185702296483	4.96833752956436	12.5398641947051
5.35439078355077	6.24856946669718	12.3125047684443
5.31624322880903	7.10917830167086	10.8033875028611
3.97039749752041	7.59899290455482	10.7637140459297
9.27443350881209	10.4310673685817	13.9085984588388
9.30037384603647	10.3501945525292	14.7219043259327
7.06492713817044	9.41481651026169	12.7122911421378
7.84466315709163	10.7682917524987	13.9711604486152
7.46471351186389	10.5333028152895	12.4727244983597
3.17082475013352	7.27550164034485	10.6370641641871
0.225833524071107	3.56603341725795	7.62798504615854
-4.06500343327993	0.341802090486	4.98970016021973
-5.65346761272602	-0.93690394445716	3.65300984206912
-5.57717250324254	-4.53955901426719	0.97962920576791
-4.9057755397879	-5.19874876020447	1.25734340428779
-4.36255436026551	-4.56702525368124	1.99435416189822
-4.88441290913253	-2.99839780270085	4.40070191500725
-3.56450751506828	-0.363164721141375	9.31868467231251
-4.47394522011139	-0.508125429159991	9.57351033798733
-6.48050659952697	-0.415045395590143	10.9895475700008
-6.55222400244144	-3.41802090486	7.79430838483253
-9.44533455405509	-8.31921873807889	4.24048218509194
-9.59334706645304	-9.42244602121004	1.17799649042496
-10.0770580605783	-7.60814831769284	0.627145799954223
-7.77752346074617	-6.31570916304265	1.00251773861295
-7.06340123598077	-6.20126649881743	2.98008697642481
-4.24963759822995	-5.92202639810788	5.30403601129168
-1.7792019531548	-3.63469901579309	6.70786602578775
-1.29091325246052	-2.11947814145113	6.94590676737621
0.691233691920348	0.886549172198062	9.53078507667658
1.17799649042496	2.63981078812848	8.29938200961318
2.60318913557641	3.15403982604715	7.03593499656672
-1.45418478675517	-0.819409475852598	4.09246967269398
-1.24513618677043	-2.72068360418097	3.08842603189136
0.317387655451286	-1.31990539406424	3.84985122453651
0.874341954680705	-1.12458991378653	2.38651102464332
-0.230411230640116	-0.314335851071946	4.33661402304112
3.16929884794385	1.82650492103456	7.2327763790341
3.08384832532235	-0.227359426260777	5.49172198062104
0.186160067139696	-3.83611810482948	3.96887159533074
-1.25581750209812	-4.76691844052796	3.05027847714961
-0.486762798504616	-2.92973220416571	5.58175020981155
-0.0106813153276875	-0.277714198519875	7.12901503013657
1.08033875028611	1.64492256046387	9.39650568398566
2.18356603341726	3.55687800411994	12.813000686656
0.7690547035935	2.82291905088884	13.1670099946593
1.08339055466545	0.837720302128634	10.9529259174487
2.15457389181353	0.878919661249714	10.8323796444648
1.15358205539025	-0.0564583810177768	8.05828946364538
0.990310521095598	0.117494468604562	8.70374608987564
2.39871824216068	1.24208438239109	8.08270389868009
1.25734340428779	2.12863355458915	8.27649347676814
-1.5884641794461	-0.0518806744487678	7.84771496147097
-1.24513618677043	-3.23491264209964	6.19211108567941
-1.56557564660105	-4.62958724345769	6.30350194552529
-1.33669031815061	-5.47646295872435	8.04760814831769
0.233463035019455	-5.03395132372015	8.374151216907
1.5030136568246	-4.24353398947127	8.51300831616693
3.54314488441291	-2.49637598229953	9.22102693217365
4.91035324635691	-0.602731364919509	10.5394064240482
3.82238498512245	-0.588998245212482	9.20576791027695
4.8401617456321	0.561532005798428	7.58373388265812
4.71351186388952	2.50858319981689	9.52773327229725
3.88799877927825	2.51926451514458	8.03692683299001
1.43129625391012	3.83306630045014	7.40825513084611
4.26794842450599	5.97695887693599	8.22461280231937
2.65506981002518	4.2572671091783	5.90524147402152
0.416571297779812	2.58487830930037	5.72823682001984
-1.54726482032502	1.86312657358663	5.02479591058213
0.0457770656900893	0.485236896314946	5.87167162584878
-2.56046387426566	-2.98313878080415	1.879911497673
-3.8452735179675	-4.73945220111391	2.93736171511406
-3.6942092011902	-6.05935759517815	3.82238498512245
-2.48111696040284	-6.43625543602655	1.39620050354772
-3.35088120851453	-4.06347753109026	4.18249790188449
-2.97856107423514	-3.43175402456703	3.90783550774395
-1.06660563057908	-1.86923018234531	4.67231250476844
-0.439459830624857	-0.497444113832303	6.82383459220264
-1.48165102616922	-0.605783169298848	5.13008316166934
0.0183108262760357	0.29755092698558	6.04104676890211
-2.31326771953918	-1.01777676050965	5.43984130617227
-3.52788586251621	-4.66315709163043	3.41496910048066
-3.72167544060426	-6.76585030899519	2.0355535210193
-5.58785381857023	-11.1390859845884	-0.659189745937285
-6.36453803311208	-13.5255970092317	-0.465400167849241
-6.81010147249561	-16.4370183871214	-3.3676661326009
-6.57663843747616	-16.7025253681239	-5.45052262149996
-6.4637216754406	-15.6816968032349	-5.69314106965744
-7.3334859235523	-16.1654077973602	-6.76279850461585
-8.44129091325246	-14.5296406500343	-4.99427786678874
-7.98657206073091	-10.9590295262074	-3.44701304646372
-6.74753948271916	-9.26832990005341	-2.34531166552224
-8.08117799649042	-7.81261921110857	0.143434805828946
-6.15701533531701	-7.41130693522545	-1.42519264515145
-4.02075226977951	-5.29030289158465	1.26497291523613
-3.57518883039597	-5.16517891203174	0.0122072175173571
-1.78988326848249	-3.25780117494469	1.54726482032502
0.691233691920348	-0.225833524071107	5.13618677042802
3.42107270923934	1.97756923781186	6.89402609292744
3.89868009460594	4.84931715877012	9.44838635843442
5.4886701762417	7.01609826810101	10.5409323262379
6.86045624475471	7.71343556878004	11.7143511100938
6.3080796520943	9.41786831464103	12.3964293888762
4.74402990768292	6.84214541847868	9.28816662851911
3.95513847562371	7.94537270160983	9.48653391317617
5.52834363317311	9.06080720225834	8.74647135118639
4.63263904783703	7.32890821698329	6.08987563897154
2.45059891660945	5.25215533684291	4.89509422446021
0.34027618829633	1.3824673838407	1.66933699549859
-2.50705729762722	-3.79949645227741	0.491340505073625
-4.31830319676509	-8.52368963149462	1.07270923933776
-3.46684977492943	-9.36293583581292	1.25429159990845
-3.39208056763561	-7.82787823300526	4.23437857633326
-3.75371938658732	-5.7755397878996	3.86205844205386
-3.27763790341039	-3.1464103150988	4.61585412375067
-1.24361028458076	-2.050812542916	4.6494239719234
-1.55031662470436	-1.83260852979324	2.47196154726482
-1.9851987487602	-0.480659189745937	4.70435645075151
0.0473029678797589	-0.450141145952544	3.38445105668727
-0.0839246204318303	1.15663385976959	3.6392767223621
-3.47447928587778	-1.10627908751049	3.98565651941711
-5.3177691309987	-5.60769054703593	1.91042954146639
-7.05271992065309	-10.1518272678721	0.51117723353933
-6.32944228274968	-14.0779736018921	-0.151064316777295
-6.04715037766079	-14.886701762417	-0.277714198519875
-3.22270542458228	-12.2789349202716	-0.190737773708705
-2.13473716334783	-10.0297550926986	1.55489433127337
0.737010757610437	-5.49477378500038	2.26443884946975
1.78988326848249	-3.77050431067369	3.18913557640955
1.61135271229114	-1.87228198672465	3.0106050202182
3.66826886396582	-1.76089112687877	0.282291905088884
4.00396734569314	0.0991836423285267	1.89211871519036
3.45769436179141	1.35957885099565	4.03295948729686
2.89463645380331	0.7690547035935	2.63828488593881
2.78934920271611	1.39620050354772	6.25314717326619
1.21309224078737	-0.619516289005875	6.5293354695964
1.39772640573739	-1.70748455024033	5.83352407110704
1.08186465247578	-2.63218127718013	5.44136720836194
1.63118944075685	-2.23239490348669	5.53139543755245
0.776684214541848	-1.00862134737163	6.85740444037537
-2.01876859693294	0.381475547417411	7.84466315709163
1.59609369039445	1.61287861448081	7.78515297169451
1.48012512397955	3.65300984206912	8.74341954680705
2.35141527428092	4.36408026245518	6.28061341268025
2.83817807278553	5.20637827115282	6.2073701075761
2.28427557793545	5.00038147554742	5.14534218356603
1.40688181887541	4.20996414129854	2.31326771953918
0.920119020370794	4.42053864347295	4.38391699092088
-2.03860532539864	1.14137483787289	2.89158464942397
-2.41855497062638	0.111390859845884	2.14999618524453
-2.84580758373388	-3.77660791943236	-0.63782711528191
-3.18455786984054	-6.0166323338674	-1.44197756923781
-3.85595483329519	-6.82383459220264	-0.700389105058366
-4.86152437628748	-7.74395361257343	-2.53299763485161
-3.73998626688029	-5.7801174944686	-1.49843595025559
-3.84679942015717	-5.02784771496147	-0.479133287556268
-1.6083009079118	-3.30052643625544	0.0350957503624018
-1.5533684290837	-1.94094758525978	-0.161745632104982
-2.94804303044175	-1.70290684367132	0.613412680247196
2.96635385671778	-0.202944991226062	3.14946211947814
2.73899443045701	0.875867856870375	3.76897840848402
1.98672465094987	-0.0396734569314107	3.99633783474479
3.09300373846036	0.331120775158312	4.08789196612497
4.72114137483787	-1.20088502327001	3.52025635156786
1.65560387579156	-2.63218127718013	4.09552147707332
3.91851682307164	-2.7847714961471	4.53803311207752
3.72167544060426	-3.3173113603418	5.09803921568627
4.38391699092088	-2.33157854581521	7.80498970016022
6.27450980392157	0.059510185397116	8.23682001983673
7.02525368123903	3.13420309758144	11.1497672999161
8.99824521248188	4.06805523765927	7.33653772793164
11.5449759670405	7.24345769436179	7.42504005493248
13.141069657435	9.52925917448692	8.34973678187228
13.5545891508354	9.61165789272908	6.09597924773022
13.5347524223697	9.01503013656825	5.50698100251774
10.1472495613031	7.2983901731899	5.58632791638056
9.44228274967575	5.3681239032578	3.5538261997406
6.48508430609598	4.57007705806058	4.95918211642634
2.73136491950866	3.58587014572366	3.73693446250095
7.27702754253452	5.59090562294957	5.76485847257191
4.86305027847715	5.31166552224002	7.55168993667506
4.19470511940185	5.64583810177768	7.95452811474784
4.20996414129854	5.0919356069276	5.95254444190127
3.80254825665675	4.39002059967956	2.8702220187686
2.53604943923095	4.68604562447547	3.00755321583886
2.52231631952392	4.05889982452125	2.32852674143587
5.0766765850309	6.13565270466163	2.28122377355611
5.67330434119173	6.35690852216373	4.46173800259403
4.89204242008087	5.72671091783017	5.64278629739834
4.67689021133745	4.60212100404364	7.19920653086137
5.87319752803845	3.89410238803693	7.15342946517128
6.25162127107652	4.2923628595407	7.39452201113909
9.233234149691	6.54154268711376	9.87258716716259
11.2733653772793	8.50385290302892	9.75967040512703
10.942244602121	9.86495765621424	8.46723125047684
10.0282291905089	8.3237964446479	5.62600137331197
8.41840238040742	8.17578393224994	3.93987945372702
7.5898374914168	8.99519340810254	5.58175020981155
6.74753948271916	7.92095826657511	2.80155642023346
3.97802700846876	8.06439307240406	2.1210040436408
4.68299382009613	8.97535667963684	2.92973220416571
4.10925459678035	9.06843671320668	3.53398947127489
2.4979018844892	6.68192568856336	2.05691615167468
1.81124589913787	4.09857328145266	2.30411230640116
0.704966811627375	3.54314488441291	3.08995193408103
1.1108567940795	2.70084687571527	3.68047608148318
0.46997787441825	0.997940032043946	4.31677729457542
-2.28274967574578	-0.888075074387732	4.48615243762875
-0.704966811627375	0.337224383916991	3.14183260852979
0.685130083161669	2.77561608300908	6.22110322728313
2.02334630350195	3.63317311360342	4.72266727702754
2.28885328450446	5.05378805218585	4.02990768291752
4.39459830624857	5.99221789883268	5.06446936751354
7.8461890592813	8.50385290302892	6.0669871061265
5.75265125505455	6.97337300679026	5.99832150759136
5.85641260395209	5.86709391927977	6.50492103456168
5.39559014267186	3.72930495155261	7.01762417029068
1.36568245975433	0.431830319676509	4.72571908140688
-1.01319905394064	-3.19829098954757	4.94544899671931
-2.62760357061112	-3.70794232089723	4.7699702449073
-1.00709544518196	-4.45105668726635	3.58739604791333
1.29549095902953	-1.6388189517052	1.36263065537499
4.83100633249409	1.91042954146639	2.55283436331731
7.18699931334401	4.60517280842298	2.24460212100404
9.11116197451743	7.02525368123903	3.16777294575418
5.37575341420615	7.00236514839399	2.61539635309377
9.28969253070878	8.81361104753185	5.25520714122225
6.52475776302739	9.65743495841916	7.44029907682918
5.86251621271076	8.92347600518807	6.86808575570306
4.0009155413138	6.67734798199435	6.37674525062944
2.07980468451972	3.74303807125963	4.443427176318
-0.357061112382696	0.929274433508812	3.8651102464332
-4.14129854276341	-3.43480582894636	1.46334019989319
-3.38750286106661	-8.29327840085451	-0.89570458533608
-4.46173800259403	-10.6401159685664	-3.99481193255512
-3.65148393987945	-9.42397192339971	-3.69573510337987
-3.02433813992523	-8.42603189135576	-4.28931105516136
-4.00701915007248	-5.6244754711223	-4.32593270771344
-1.5579461356527	-2.44907301441978	-3.47753109025711
1.9653620202945	2.221713588159	0.306706340123598
2.1560997940032	2.20798046845197	0.915541313801785
0.659189745937285	1.19325551232166	1.33974212252995
0.502021820401312	1.33516441596094	1.98825055313954
0.178530556191348	1.26039520866712	2.33920805676356
-4.48310063324941	-0.338750286106661	2.02334630350195
-3.00144960708019	-1.04982070649271	0.515754940108339
-2.26901655603876	-3.08232242313268	-1.42061493858244
-1.05287251087205	-2.11337453269245	-0.372320134279393
-2.05539024948501	-2.56046387426566	-1.79293507286183
-3.7796597238117	-2.45212481879912	-2.63981078812848
-3.8300144960708	-3.076218814374	-4.91798275730526
-5.41390096894789	-3.37834744792859	-4.16113527122911
-7.03135728999771	-4.33051041428244	-5.35744258793011
-8.29022659647517	-7.22514686808576	-7.19005111772335
-9.14168001831083	-5.98916609445335	-5.18959334706645
-8.29633020523385	-7.39147020675975	-6.2073701075761
-8.56946669718471	-7.97894254978256	-6.494239719234
-10.25406271458	-9.73525597009232	-6.55832761120012
-9.6910048065919	-10.6889448386358	-7.37010757610437
-9.73525597009232	-11.6197451743343	-4.45258258945602
-8.07202258335241	-11.621271076524	-4.17029068436713
-8.93720912489509	-12.5795376516365	-3.94903486686503
-10.415808346685	-13.6568245975433	-5.13923857480736
-7.06340123598077	-11.7158770122835	-4.26642252231632
-5.38185702296483	-7.34264133669032	-1.56099794003204
-5.88845654993515	-7.30907148851759	-1.11390859845884
-5.97238117036698	-5.67940794995041	-0.0686655985351339
-3.62554360265507	-2.26749065384909	1.13527122911421
-5.04463263904784	-3.25017166399634	1.20393682764935
-8.37109941252766	-3.75524528877699	-1.82803082322423
-5.32082093537804	-3.18455786984054	-1.15053025101091
-6.32486457618067	-4.05737392233158	-1.6083009079118
-5.91744869153887	-4.71046005951019	-1.20393682764935
-6.05630579079881	-7.31517509727626	-3.27306019684138
-6.80094605935759	-8.12848096437018	-2.90379186694133
-9.06385900663767	-10.5409323262379	-7.02220187685969
-8.41382467383841	-11.3054093232624	-6.2378881513695
-7.74395361257343	-10.4661631189441	-6.0013733119707
-7.56542305638209	-10.2128633554589	-8.01403830014496
-5.67330434119173	-7.30144197756924	-3.59349965667201
-5.05531395437552	-6.16922255283436	-2.4124513618677
-2.1210040436408	-4.56244754711223	-2.8046082246128
-1.4877546349279	-3.88952468146792	-0.820935378042267
-0.691233691920348	-4.93934538796063	-0.0457770656900893
-1.3168535896849	-5.45204852368963	0.199893186846723
-0.7690547035935	-6.55985351338979	-0.251773861295491
-0.444037537193866	-6.4286259250782	-0.482185091935607
-1.86617837796597	-7.1976806286717	-1.50453955901427
-0.888075074387732	-6.60715648126955	-2.13015945677882
-1.2664988174258	-4.77759975585565	-3.02891584649424
-2.24765392538338	-4.33356221866178	-3.06248569466697
-2.26138704509041	-3.26848249027237	-3.83459220263981
-2.98161287861448	-1.25734340428779	-3.31273365377279
-1.76852063782712	-0.221255817502098	-4.16266117341878
-1.20546272983902	-0.856031128404669	-3.87426565957122
-1.3824673838407	-0.952162966353857	-6.39047837033646
0.611886778057527	0.219729915312428	-3.02891584649424
1.16731517509728	0.933852140077821	-0.581368734264134
2.51468680857557	0.335698481727321	-2.2568093385214
2.12405584802014	-0.474555580987259	-2.74052033264668
1.24055848020142	-2.45517662317845	-3.28679331654841
0.38452735179675	-3.5736629282063	-3.21660181582361
-1.54116121156634	-5.52529182879377	-4.68604562447547
-1.21919584954604	-5.94796673533227	-3.3478294041352
-2.15915159838254	-5.41390096894789	0.209048599984741
-1.50148775463493	-3.74914168001831	1.50453955901427
0.807202258335241	-0.550850690470741	3.0609597924773
-0.122072175173571	-0.433356221866178	5.07209887846189
0.55390249485008	-0.460822461280232	3.5538261997406
-0.112916762035554	0.0122072175173571	5.09346150911727
-1.12764171816587	-1.38857099259937	3.72930495155261
0.909437705043107	0.614938582436866	5.96017395284962
-1.52895399404898	1.76546883344778	7.56389715419242
3.22728313115129	3.49126420996414	6.69413290608072
5.19264515144579	6.2928206301976	8.83039597161822
5.98916609445335	6.31113145647364	8.23987182421607
7.70580605783169	7.68596932936599	8.79377431906615
8.22766460669871	8.51606012054627	9.37056534676127
7.60204470893416	9.21644922560464	7.84313725490196
5.17891203173877	9.19356069275959	8.3390554665446
4.45105668726635	7.91485465781643	4.67841611352712
2.94804303044175	6.69565880827039	4.73029678797589
-0.476081483176928	2.42160677500572	3.46074616617075
0.29755092698558	0.411993591210803	2.92820630197604
3.34325169756619	1.48928053711757	4.87678339818418
2.6688029297322	-0.357061112382696	5.00801098649577
2.43381399252308	-0.381475547417411	4.37323567559319
0.738536659800107	-1.51674677653162	3.14335851071946
1.0757610437171	-2.1866178377966	2.37582970931563
-2.31174181734951	-3.57671473258564	0.610360875867857
-3.18303196765087	-5.01869230182345	-1.0605020218204
-1.30617227435721	-3.90325780117494	-0.686655985351339
-3.27916380560006	-3.67284657053483	-0.205996795605402
-2.06454566262303	-4.11230640115969	1.07881284809644
-1.33821622034028	-2.80918593118181	1.17952239261463
-1.99130235751888	-3.46379797055009	-0.987258716716259
2.06759746700237	-1.25123979552911	-0.521858548867018
3.09758144502937	-2.09048599984741	-2.66575112535286
0.201419089036393	-5.38490882734417	-5.57869840543221
0.131227588311589	-5.42305638208591	-5.28572518501564
-1.7242694743267	-7.18394750896468	-7.14579995422293
-3.20897230487526	-8.32532234683757	-7.31212329289693
-6.50644693675135	-9.87411306935225	-8.19409475852598
-9.41634241245136	-11.4396887159533	-9.03791866941329
-11.1253528648814	-10.7347219043259	-9.26985580224308
-11.7601281757839	-11.7021438925765	-8.77698939497978
-12.4742504005493	-11.117723353933	-7.6401922636759
-9.95651178759442	-8.31158922713054	-3.89105058365759
-8.32990005340658	-7.84161135271229	-5.1773861295491
-10.5180437933928	-6.33401998931868	-2.53147173266194
-4.43732356755932	-6.05020218204013	-0.927748531319142
-6.45609216449226	-7.46776531624323	-0.933852140077821
-3.07011520561532	-4.41290913252461	5.13771267261769
-1.25581750209812	-3.06553749904631	5.44441901274128
-0.98268101014725	-3.36308842603189	7.93926909285115
-2.23544670786603	-4.85694666971847	7.27244983596551
-1.11390859845884	-5.02021820401312	4.0009155413138
-2.40634775310903	-6.32791638056001	1.20241092545968
-0.819409475852598	-6.32944228274968	-1.0757610437171
0.259403372243839	-4.29541466392004	-1.60524910353246
3.01518272678721	-1.34279392690929	-2.14236667429618
2.31326771953918	-0.473029678797589	-3.73083085374228
1.49233234149691	0.454718852521553	-1.73800259403372
-0.0198367284657053	-0.328068970778973	-3.71099412527657
-1.7288471808957	-1.85854886701762	-2.45212481879912
-2.73899443045701	-2.97093156328679	-3.48058289463645
-5.51308461127642	-3.68657969024186	-2.98161287861448
-2.96787975890745	-3.33104448004883	-2.02182040131228
-2.05386434729534	-2.67338063630121	-1.34431982909895
-4.79285877775235	-1.75478751812009	0.80872816052491
-5.27809567406729	-2.18814373998627	-0.352483405813687
-6.79636835278859	-2.97093156328679	0.167849240863661
-8.43366140230411	-2.96482795452811	-2.38651102464332
-6.56900892652781	-3.32036316472114	-4.44647898069734
-4.90119783321889	-1.82040131227588	-4.14129854276341
-2.18966964217594	0.42572671091783	-2.75883115892271
-2.58945601586938	-1.02845807583734	-2.09353780422675
-2.92362859540703	-1.83260852979324	-1.90737773708705
-6.39047837033646	-5.92813000686656	-5.63515678644999
-7.46623941405356	-7.39604791332876	-4.01007095445182
-5.84420538643473	-7.48760204470893	-4.87678339818418
-5.83199816891737	-5.93270771343557	-6.152437628748
-3.23338673990997	-3.70183871213855	-5.75112535286488
-0.918593118181125	-1.4877546349279	-2.76646066987106
1.27870603494316	1.94094758525978	-0.300602731364919
1.67086289768826	3.47753109025711	0.422674906538491
2.2568093385214	5.10261692225528	3.59044785229267
2.09048599984741	6.71091783016709	5.36507209887846
2.38498512245365	6.44083314259556	4.9057755397879
-3.08384832532235	2.92210269321736	3.67742427710384
-5.51613641565576	-2.97398336766613	-1.14137483787289
-5.78164339665827	-5.85336079957275	-3.22880903334096
-6.2378881513695	-9.42397192339971	-3.09910734721904
-8.53742275120165	-12.8496223392081	-8.55268177309834
-8.18646524757763	-12.1355001144427	-6.74906538490883
-3.75677119096666	-10.2265964751659	-7.48455024032959
-5.29182879377432	-10.235751888304	-7.57915617608911
-5.20790417334249	-8.64881361104753	-6.93064774547952
-3.17845426108186	-7.91332875562676	-6.49576562142367
-1.94705119401846	-7.38078889143206	-4.37323567559319
-2.45517662317845	-5.80910963607233	-4.67078660257877
0.00915541313801785	-4.50751506828412	-2.90226596475166
-0.17242694743267	-3.26543068589303	-2.60929274433509
-0.17242694743267	-4.36865796902419	-2.57572289616236
0.968947890440223	-4.54108491645685	-3.60418097199969
2.33463035019455	-5.58022430762188	-3.82238498512245
0.21515220874342	-6.1219195849546	-3.97650110627909
1.34584573128862	-4.61127641718166	-3.22270542458228
2.6840619516289	-2.31784542610819	-1.27565423056382
0.55390249485008	-0.0579842832074464	1.00709544518196
2.30106050202182	4.09552147707332	3.90783550774395
3.07011520561532	5.50545510032807	4.67994201571679
1.30617227435721	7.83855954833295	6.33249408712901
4.17486839093614	8.03845273517967	5.68093385214008
3.13115129320211	9.21187151903563	4.26642252231632
2.63523308155947	7.09086747539483	2.38498512245365
2.16220340276188	3.26390478370336	0.843823910887312
1.43892576485847	-0.350957503624018	1.79751277943084
0.688181887541009	-3.75829709315633	1.2970168612192
-0.646982528419928	-3.99481193255512	1.88754100862135
-2.54215304798962	-6.70481422140841	0.482185091935607
-4.32135500114443	-6.31113145647364	-0.560006103608759
-3.06553749904631	-4.27557793545434	1.17341878385595
-3.42107270923934	-4.64484626535439	-0.659189745937285
-4.83710994125277	-3.55230029755093	0.12970168612192
-2.61692225528344	-1.45571068894484	0.268558785381857
1.22987716487373	2.31479362172885	1.94705119401846
1.21004043640803	3.95666437781338	1.62661173418784
1.64034485389487	3.57824063477531	1.20546272983902
2.24002441443503	3.64995803768978	1.63118944075685
-0.933852140077821	-1.41451132982376	-2.59708552681773
-2.9755092698558	-3.82543678950179	-3.13267719539178
-2.86106660563058	-2.92820630197604	-2.74357213702602
-1.99282825970855	-1.39925230792706	-1.76241702906844
-0.358587014572366	2.01876859693294	-0.274662394140536
1.66781109330892	5.59853513389792	1.76852063782712
0.81025406271458	6.48355840390631	0.151064316777295
3.66063935301747	7.13511863889525	1.40535591668574
6.5491721980621	8.16510261692225	0.613412680247196
3.80560006103609	5.15449759670405	-0.798046845197223
3.75371938658732	4.01007095445182	-3.16472114137484
3.44396124208438	2.62149996185245	-4.44647898069734
-1.30464637216754	0.352483405813687	-6.62241550316625
0.21515220874342	-2.77256427862974	-8.29480430304418
-2.66575112535286	-5.89456015869383	-7.74395361257343
-3.01365682459754	-9.03181506065461	-7.53337911039902
-3.34325169756619	-10.8552681773098	-5.65499351491569
-4.73182269016556	-12.3292896925307	-5.99069199664302
-6.74448767833982	-11.9233997100786	-5.47341115434501
-7.45860990310521	-10.775921263447	-5.56343938353552
-7.26482032501717	-9.55672541390097	-4.80659189745937
-5.72060730907149	-8.05828946364538	-4.65094987411307
-1.47402151522087	-4.92713817044327	-2.18051422903792
-0.689707789730678	-3.66826886396582	-2.79087510490578
0.531013962005035	-0.842298008697642	-1.64034485389487
0.805676356145571	-0.625619897764553	-1.69222552834363
0.671396963454643	-1.14137483787289	-3.78881513694972
1.80361638818952	-1.17494468604562	-3.69268329900053
-0.885023270008392	-4.90730144197757	-6.37064164187076
0.590524147402152	-2.44602121004044	-5.96169985503929
5.3528648813611	2.29800869764248	-2.90379186694133
7.73174639505608	5.12703135729	-1.83108262760357
9.75661860074769	7.74395361257343	-0.572213321126116
9.27443350881209	7.3182269016556	-0.233463035019455
8.16052491035325	6.48813611047532	1.3870450904097
2.17288471808957	4.23590447852293	-0.839246204318303
2.32852674143587	2.10421911955444	-2.94651712825208
-0.0473029678797589	0.89723048752575	-3.01670862897688
-0.462348363469902	0.415045395590143	-5.11940184634165
-1.5533684290837	0.106813153276875	-4.57160296025025
-1.15968566414893	-1.72579537651637	-4.27100022888533
-1.10780498970016	-2.07675288014038	-4.19470511940185
-2.92362859540703	-2.43533989471275	-4.06500343327993
0.216678110933089	-0.190737773708705	-3.41191729610132
1.29091325246052	1.31990539406424	-0.50965133134966
1.51674677653162	2.18509193560693	-2.00350957503624
3.32188906691081	3.94140535591669	1.00709544518196
4.8050659952697	4.81727321278706	1.31074998092622
1.64492256046387	2.10879682612345	-1.52437628747997
4.04669260700389	3.7796597238117	-1.62661173418784
5.96169985503929	3.3325703822385	-2.24460212100404
3.2318608377203	1.9150072480354	-3.89105058365759
4.51209277485313	1.6937514305333	-1.538109407187
4.87830930037385	-0.0839246204318303	-3.51262684061952
2.18814373998627	-3.37224383916991	-5.84878309300374
1.03913939116503	-6.29129472800793	-7.45860990310521
-1.01930266269932	-7.91332875562676	-6.79026474402991
-2.29648279545281	-8.8014038300145	-6.68650339513237
-2.31479362172885	-6.96421759365225	-5.9510185397116
0.540169375143053	-4.01464866102083	-3.01823453116655
-2.86564431219959	-4.22980086976425	-3.97039749752041
1.17647058823529	-2.29343099107347	-2.63675898374914
0.738536659800107	0.221255817502098	1.08644235904479
-1.01319905394064	0.482185091935607	0.593575951781491
-0.520332646677348	1.52132448310063	3.19981689173724
0.941481651026169	2.74509803921569	4.78065156023499
-0.00152590218966964	2.9556725413901	3.63012130922408
-2.050812542916	0.738536659800107	2.27359426260777
-2.21408407721065	-0.315861753261616	1.27260242618448
-3.32188906691081	-0.302128633554589	1.23445487144274
-0.546272983901732	-0.270084687571527	1.83260852979324
0.314335851071946	-0.21515220874342	2.96025024795911
3.30815594720378	0.775158312352178	4.61738002594034
4.36865796902419	0.38452735179675	2.27512016479744
4.91340505073625	1.16884107728695	3.58739604791333
3.8101777676051	-0.305180437933928	2.26596475165942
3.64080262455177	-0.483710994125277	2.53757534142061
1.84939345387961	-0.434882124055848	0.646982528419928
1.40077821011673	-1.24971389333944	-0.444037537193866
0.407415884641794	-0.747692072938125	2.1210040436408
0.396734569314107	-2.5787747005417	-0.89723048752575
-4.07568474860761	-4.50293736171511	-2.48264286259251
-5.01411459525444	-6.38590066376745	-2.40939955748836
-6.1875333791104	-8.90516517891203	-3.66369115739681
-6.62088960097658	-7.9667353322652	-3.1464103150988
-7.99267566948959	-8.70832379644465	-6.86350804913405
-5.97085526817731	-7.30296787975891	-6.59342336156252
-4.91493095292592	-4.17334248874647	-6.37674525062944
-3.16014343480583	-3.38750286106661	-5.7801174944686
-1.73952849622339	-0.138857099259937	-5.58327611200122
-1.72732127870604	0.445563439383536	-5.03547722590982
-0.526436255436027	1.49996185244526	-3.05638208590829
2.61234454871443	3.37376974135958	-0.16937514305333
1.49996185244526	1.65407797360189	0.445563439383536
1.03456168459602	1.44808117799649	1.47402151522087
1.51369497215228	-0.846875715266651	1.96078431372549
0.81025406271458	-1.08033875028611	-0.891126878767071
-1.41908903639277	-1.63729304951553	-0.483710994125277
-4.60059510185397	-3.44701304646372	-3.23949034866865
-2.67643244068055	-2.00808728160525	-1.72274357213703
-1.58999008163577	-0.735484855420768	-2.9556725413901
-1.53505760280766	-0.238040741588464	-3.0960555428397
-3.5736629282063	-0.764476997024491	-3.52483405813687
-1.48165102616922	0.218204013122759	-4.37170977340352
-5.08278019378958	-0.866712443732357	-5.54207675288014
-8.76173037308309	-2.82902265964752	-5.6092164492256
-5.92965590905623	-3.3829251544976	-5.23537041275654
-4.37628747997253	-3.13115129320211	-5.09346150911727
-5.18806744487678	-5.32234683756771	-6.85893034256504
-5.60616464484626	-5.7602807660029	-7.94842450598917
-2.70847638666362	-3.81933318074311	-6.13565270466163
-2.32089723048753	-3.47905699244678	-6.4438849469749
-1.52437628747997	-3.04875257495994	-6.21499961852445
1.77004654001678	-1.25429159990845	-6.41641870756085
3.04264896620127	0.199893186846723	-4.23437857633326
4.1519798580911	-0.0793469138628214	-6.13565270466163
4.54261081864652	0.662241550316625	-5.12092774853132
3.43327992675669	1.40383001449607	-4.38696879530022
3.17540245670253	-0.898756389715419	-4.60517280842298
2.85038529030289	-0.537117570763714	-3.59197375448234
1.77462424658579	-2.89768825818265	-5.16517891203174
0.701915007248035	-5.17128252079042	-5.55733577477684
0.636301213092241	-6.33249408712901	-5.56649118791485
2.24460212100404	-4.82490272373541	-6.1371786068513
1.47859922178988	-4.50141145952544	-3.62096589608606
0.354009308003357	-5.08888380254826	-5.9464408331426
-0.0442511635004196	-5.04310673685817	-8.16815442130159
-0.343327992675669	-3.80865186541543	-6.89250019073777
-1.09254596780346	-4.23285267414359	-7.06034943160143
-1.67849240863661	-5.07515068284123	-6.90775921263447
-2.28885328450446	-6.75211718928817	-10.0282291905089
-3.38902876325628	-8.85175860227359	-10.0343327992676
-5.5741206988632	-11.1833371480888	-10.8613717860685
-5.66414892805371	-11.7799649042496	-13.5637445639734
-10.43869687953	-13.2860303654536	-13.9436942092012
-9.10963607232776	-12.1263447013046	-12.2331578545815
-8.21087968261234	-11.0261692225528	-10.2265964751659
-7.4341954680705	-9.27443350881209	-7.97283894102388
-6.68345159075303	-8.79224841687648	-8.2230869001297
-3.22270542458228	-6.00900282291905	-4.43121995880064
-4.11383230334935	-5.34370946822309	-3.83459220263981
-4.09094377050431	-3.76592660410468	-2.84275577935454
-3.96429388876173	-1.78072785534447	-1.67849240863661
-1.19478141451133	-0.961318379491875	-2.33463035019455
-0.314335851071946	0.904859998474098	-2.10574502174411
0.904859998474098	0.877393759060044	-3.43327992675669
2.44907301441978	1.65255207141222	-3.27611200122072
3.43022812237736	1.05287251087205	-1.91958495460441
0.231937132829786	-0.405889982452125	-4.20233463035019
-0.892652780956741	-0.366216525520714	-4.56549935149157
1.196307316701	0.239566643778134	-4.48310063324941
1.21461814297704	2.10574502174411	-4.72114137483787
-0.991836423285267	3.24254215304799	-4.38239108873121
1.79751277943084	4.82642862592508	-3.39513237201495
1.81124589913787	5.0965133134966	-2.84122987716487
-0.854505226215	2.56046387426566	-4.11230640115969
-0.775158312352178	2.48416876478218	-4.50141145952544
-2.50247959105821	0.151064316777295	-7.11985961699855
-1.62661173418784	-0.550850690470741	-6.86655985351339
-2.82291905088884	-0.0732433051041428	-5.6900892652781
-1.06813153276875	0.419623102159152	-5.49019607843137
1.11696040283818	1.40077821011673	-3.77660791943236
0.198367284657053	2.37277790493629	-2.57419699397269
1.62203402761883	1.52742809185931	-2.74052033264668
0.999465934233616	1.61287861448081	-3.32188906691081
1.60219729915312	2.50705729762722	-2.23392080567636
1.76089112687877	2.90989547570001	-0.643930724040589
1.1108567940795	3.17692835889219	-1.18562600137331
0.398260471503777	2.734416723888	-1.42366674296178
-1.30922407873655	2.22476539253834	-2.4124513618677
0.271610589761196	2.12405584802014	-4.91493095292592
3.12809948882277	2.26749065384909	-5.44289311055161
0.941481651026169	3.0914778362707	-2.0859082932784
2.66575112535286	4.17486839093614	-1.40993362325475
4.54718852521553	5.23384451056687	0.416571297779812
5.93423361562524	6.33249408712901	1.97604333562219
5.29945830472267	5.99526970321202	3.36614023041123
4.61738002594034	4.5639734493019	1.56557564660105
5.41695277332723	5.22621499961852	1.59609369039445
6.16311894407569	5.46425574120699	2.91905088883803
5.3681239032578	4.98664835584039	2.7191577019913
4.95155260547799	4.99885557335775	0.973525597009232
5.92355230029755	6.75669489585718	2.78019378957809
9.1126878767071	6.24551766231785	2.5131609063859
7.74853131914244	5.89761196307317	2.45975432974746
9.79171435111009	6.9764248111696	1.23445487144274
10.7789730678264	6.90775921263447	0.189211871519036
10.0175478751812	7.68902113374533	1.96688792248417
5.22774090180819	7.47081712062257	1.56710154879072
7.9819943541619	10.1045242999924	3.70489051651789
11.103990234226	10.6828412298772	4.7699702449073
5.62294956893263	7.65087357900359	2.99687190051118
5.9311818112459	7.04814221408408	2.60776684214542
7.58373388265812	5.12245365072099	2.15762569619287
5.02937361715114	4.59601739528496	3.17998016327153
5.03089951934081	3.95666437781338	2.21408407721065
9.3690394445716	7.45250629434653	5.46425574120699
13.6339360646983	10.5119401846342	6.07461661707485
15.0148775463493	12.0210574502174	5.12855725947967
