3.759822995346	-0.494392309452964	-0.360112916762036
5.70077058060578	0.0976577401388571	1.30617227435721
5.8808270389868	1.00404364080262	6.64682993820096
4.64179446097505	0.488288700694285	6.99778744182498
9.2133974212253	0.689707789730678	10.3639276722362
7.3182269016556	-0.570687418936446	8.26733806363012
8.13611047531853	0.81177996490425	8.2734416723888
5.57564660105287	1.2817578393225	6.04867627985046
6.71702143892576	1.10475318532082	2.03860532539864
2.05691615167468	0.820935378042267	-2.85038529030289
2.50247959105821	0.216678110933089	-5.29182879377432
1.93179217212177	-2.08743419546807	-8.12695506218051
-0.552376592660411	-4.614328221561	-10.9102006561379
-2.18204013122759	-6.78110933089189	-10.6843671320668
-2.4780651560235	-4.71503776607919	-7.22667277027543
-1.94399938963912	-1.73037308308537	-6.75669489585718
0.402838178072786	-0.891126878767071	-3.6743724727245
1.91958495460441	-0.759899290455482	-0.946059357595178
4.0009155413138	-2.62149996185245	0.585946440833143
2.94499122606241	-3.87273975738155	-2.42618448157473
7.72106507972839	-2.81681544213016	-3.77203021286336
5.74044403753719	0.540169375143053	-4.40985732814527
9.03944457160296	6.09445334554055	-5.73434042877852
7.0923933775845	10.0679026474403	-6.70481422140841
8.36804760814832	10.7087815671015	-6.04257267109178
8.95094224460212	8.93263141832609	-2.91752498664836
3.60723277637903	4.98359655146105	-1.42519264515145
1.17494468604562	1.04371709773404	-3.41496910048066
-2.12710765239948	-2.71610589761196	-3.34172579537652
-4.82795452811475	-3.96429388876173	-1.80361638818952
-5.1972228580148	-5.03242542153048	-3.16777294575418
-6.88487067978943	-5.80758373388266	-1.58999008163577
-3.62859540703441	-5.34981307698177	-2.01724269474327
-0.494392309452964	-4.62958724345769	-3.15861753261616
-2.00503547722591	-5.21553368429084	-4.60212100404364
-2.08133058670939	-6.01815823605707	-7.76989394979782
-3.69573510337987	-6.5644312199588	-9.15541313801785
-3.53398947127489	-5.31624322880903	-5.70382238498512
-3.72014953841459	-3.61333638513771	-2.05691615167468
-5.44441901274128	0.332646677347982	1.91653315022507
-3.89715419241627	2.51468680857557	3.51567864499886
-1.37636377508202	3.22270542458228	3.89715419241627
0.216678110933089	3.6591134508278	3.49736781872282
1.70595864805066	3.22270542458228	2.53299763485161
3.77203021286336	3.3478294041352	3.66521705958648
2.08438239108873	0.619516289005875	1.01319905394064
6.86045624475471	-0.915541313801785	1.06507972838941
2.86259250782025	-1.19325551232166	0.296025024795911
3.19523918516823	-1.29396505683986	-1.62050812542916
4.45868619821469	0.308232242313268	-1.59609369039445
4.22980086976425	2.78324559395743	-2.58487830930037
2.78324559395743	4.92866407263294	-1.85854886701762
1.17799649042496	3.31425955596246	-4.53498130769818
1.56557564660105	1.18410009918364	-4.5136186770428
0.198367284657053	-0.631723506523232	-4.2572671091783
-1.71206225680934	-2.26443884946975	-3.42412451361868
-2.11184863050278	-2.91752498664836	-5.68551155870909
-4.86152437628748	-4.02838178072786	-4.07415884641794
-5.42000457770657	-6.43625543602655	-4.52582589456016
-3.79034103913939	-4.30609597924773	-3.67132066834516
-6.29892423895628	-3.79034103913939	-5.54207675288014
-6.81773098344396	-3.41191729610132	-2.53299763485161
-5.92965590905623	-1.90127412832837	-3.64385442893111
-5.25520714122225	-1.28480964370184	-3.43633173113603
-4.21759365224689	-2.21866178377966	-2.5787747005417
-2.76798657206073	-1.31837949187457	0.250247959105821
-0.613412680247196	-1.1108567940795	-0.463874265659571
-1.01319905394064	1.43129625391012	-1.29396505683986
3.28984512092775	2.81681544213016	-1.31532768749523
2.66117341878386	1.73952849622339	-3.22270542458228
1.70290684367132	-0.0335698481727321	-4.41596093690394
2.82597085526818	-1.15358205539025	-4.28778515297169
-0.430304417486839	-1.37941557946136	-5.27351796749828
-1.27565423056382	-1.37026016632334	-6.28671702143893
-1.41908903639277	-0.0488288700694285	-7.03135728999771
-0.234988937209125	2.47501335164416	-5.68551155870909
-1.78225375753414	2.02944991226062	-6.41489280537118
1.71816586556802	1.31227588311589	-5.03547722590982
4.59601739528496	3.93987945372702	-1.42519264515145
-0.500495918211643	3.91851682307164	-0.677500572213321
0.448615243762875	5.58785381857023	-1.33974212252995
-3.94598306248569	2.2919050888838	-0.0793469138628214
-3.40581368734264	0.772106507972839	0.21362630655375
-6.18600747692073	-2.18509193560693	-0.802624551766232
-5.73128862439918	-3.50652323186084	-0.2563515678645
-5.28877698939498	-3.588921950103	1.15663385976959
-1.33363851377127	-1.84023804074159	1.51369497215228
2.99687190051118	-0.711070420386053	4.00396734569314
6.58884565499351	-0.369268329900053	7.88281071183337
8.32837415121691	-0.177004654001679	9.60097657740139
10.2235446707866	-2.05691615167468	8.05371175707637
9.38735027084764	-1.11696040283818	5.90524147402152
5.52071412222477	-0.390630960555428	-0.04272526131075
2.050812542916	-0.0183108262760357	-2.22476539253834
0.415045395590143	0.173952849622339	-4.01922636758984
-2.56046387426566	-1.93789578088045	-4.38849469748989
-5.79232471198596	-2.3071641107805	-3.15861753261616
-4.785229266804	0.250247959105821	-3.1616693369955
-1.87380788891432	2.60318913557641	-4.59296559090562
-3.49431601434348	4.74860761425193	-4.44647898069734
0.335698481727321	5.27962157625696	-1.58999008163577
-0.00610360875867857	4.98054474708171	1.55031662470436
-1.54116121156634	4.87678339818418	5.38948653391318
-0.140383001449607	4.25421530479896	5.76180666819257
-0.817883573662928	3.28984512092775	2.69169146257725
-0.695811398489357	2.55130846112764	-0.854505226215
0.280766002899214	1.51674677653162	-2.32547493705653
-2.59708552681773	-1.16884107728695	-5.4535744258793
-2.76493476768139	-6.8207827878233	-6.7505912870985
-3.52178225375753	-8.17883573662928	-3.30815594720378
-2.98161287861448	-7.56847486076142	-2.13931486991684
-2.56961928740368	-4.29083695735103	1.03456168459602
-0.00610360875867857	-0.924696726939803	4.69672693980316
1.73342488746471	5.37422751201648	10.092317082475
4.41596093690394	8.34058136873426	11.7341878385595
5.12397955291066	8.57557030594339	13.2112611581598
6.63767452506294	10.8491645685512	9.72915236133364
4.81574731059739	8.81666285191119	3.98260471503777
1.82192721446555	6.28976882581826	-0.183108262760357
-1.77004654001678	5.59090562294957	-4.614328221561
-1.49538414587625	4.33966582742046	-6.8055237659266
-2.22476539253834	1.50759136339361	-5.17280842298009
-4.89509422446021	-1.45876249332418	-5.04463263904784
-2.38956282902266	-2.6337071793698	-3.18913557640955
-3.3325703822385	-4.45258258945602	-3.25322346837568
-2.08133058670939	-3.01213092240787	-1.20241092545968
-0.930800335698482	-0.524910353246357	0.567635614557107
-2.69169146257725	1.20851453421836	0.814831769283589
-1.92568856336309	3.72014953841459	2.46585793850614
-1.39467460135805	4.80659189745937	2.50858319981689
-2.46585793850614	4.90730144197757	4.24811169604028
-2.08438239108873	2.96025024795911	4.84626535439078
-1.77004654001678	2.58793011367971	3.98260471503777
-2.10269321736477	0.466926070038911	1.20546272983902
-1.87075608453498	-0.903334096284428	2.60013733119707
0.482185091935607	-0.775158312352178	3.53093766689555
-1.93789578088045	0.286869611657893	3.81475547417411
-1.68459601739528	1.91653315022507	3.61943999389639
2.13931486991684	3.77508201724269	5.64583810177768
0.567635614557107	5.16365300984207	6.4637216754406
-1.83718623636225	3.97955291065843	2.86869611657893
-0.375371938658732	4.5838101777676	2.13321126115816
0.59510185397116	3.4027618829633	2.82291905088884
-1.25123979552911	3.10673685816739	1.22072175173571
-4.28473334859236	2.77103837644007	0.973525597009232
-2.18814373998627	0.683604180972	-1.01319905394064
-1.19935912108034	-1.32143129625391	-0.81177996490425
-0.372320134279393	-2.89311055161364	-0.967421988250553
1.01930266269932	-2.10269321736477	1.66628519111925
2.53604943923095	-0.933852140077821	4.31525139238575
1.36415655756466	0.735484855420768	4.38239108873121
5.57869840543221	5.29182879377432	8.81971465629053
1.41908903639277	5.77706569008927	7.86755168993667
1.98977645532921	6.35080491340505	5.32845044632639
2.48722056916152	6.47592889295796	4.54718852521553
8.41992828259709	5.99679560540169	5.06904707408255
1.51064316777295	2.4078736552987	5.40474555580987
3.55840390630961	0.744640268558785	5.80148012512398
3.04264896620127	-2.02944991226062	8.70984969863432
0.00610360875867857	-4.23285267414359	10.272373540856
-1.54726482032502	-4.84626535439078	8.50843060959792
-4.98664835584039	-4.46784161135271	6.84214541847868
-0.335698481727321	0.604257267109178	3.98260471503777
-0.29907682917525	0.964370183871214	0.961318379491875
-1.97146562905318	0.442511635004196	-1.14137483787289
0.064087891966125	0.930800335698482	-3.89715419241627
1.63576714732586	-1.2970168612192	-5.46272983901732
0.918593118181125	-1.80666819256886	-6.15548943312734
1.95315480277714	-2.29800869764248	-6.43015182726787
-1.00404364080262	-6.43320363164721	-6.11886778057526
-0.878919661249714	-9.97329671168078	-4.06195162890059
-3.87273975738155	-13.1074998092622	-4.81879911497673
-3.54009308003357	-11.9356069275959	-2.93583581292439
-5.29182879377432	-9.29579613946746	-3.37834744792859
-5.17891203173877	-4.66010528725109	-3.59807736324102
-7.519645990692	-0.134279392690929	-3.45464255741207
-5.67330434119173	4.97749294270237	-0.247196154726482
-4.70588235294118	7.59899290455482	3.57976653696498
-2.3224231326772	9.74746318760967	7.13511863889525
0.152590218966964	11.6365300984207	9.30495155260548
4.50751506828412	12.8877698939498	12.1736476691844
7.01609826810101	10.7454032196536	11.8440527962158
6.65903715571832	7.3334859235523	12.1217669947356
6.94895857175555	6.48813611047532	10.6324864576181
6.14023041123064	5.49629968719005	9.88479438467994
1.73037308308537	6.19821469443809	9.76882581826505
-3.25322346837568	5.58785381857023	4.93171587701228
-2.4078736552987	6.33859769588769	0.656137941557946
-6.14023041123064	5.30708781567102	-4.8706797894255
-4.92256046387427	3.55840390630961	-7.09544518196384
-4.13519493400473	3.58587014572366	-7.04661631189441
-5.78927290760662	-0.167849240863661	-11.6365300984207
-4.89509422446021	-1.53200579842832	-11.1543450064851
-1.36110475318532	-4.03448538948653	-9.59792477302205
-1.93179217212177	-5.97543297474632	-9.40566109712367
3.41802090486	-6.52475776302739	-7.15648126955062
4.69062333104448	-5.85946440833143	-2.23392080567636
6.02731364919509	-0.717174029144732	2.97856107423514
7.16868848706798	5.42610818646525	7.20225833524071
8.38635843442435	11.2062256809339	12.2926680399786
6.43320363164721	16.3241016250858	14.1115434500649
8.66407263294423	18.6404211490044	16.604867627985
8.11474784466316	17.5020981155108	19.5132372014954
7.8461890592813	18.0514229037919	22.4307621881437
8.31921873807889	18.1002517738613	22.8885328450446
7.39147020675975	17.8042267490654	17.9324025329976
5.14839398794537	15.1552605477989	12.6222629129473
3.76897840848402	11.0536354619669	8.05371175707637
0.390630960555428	3.88189517051957	2.4780651560235
-2.59403372243839	-2.80155642023346	-3.61638818951705
-4.87373159380484	-5.21858548867018	-10.2082856488899
-4.03448538948653	-5.2826733806363	-13.7697413595789
-4.08026245517662	-2.92668039978637	-16.4400701915007
-7.30296787975891	-1.33669031815061	-16.8245975432975
-2.36514839398795	0.366216525520714	-15.1400015259022
-2.86564431219959	0.543221179522393	-13.34859235523
-2.89311055161364	2.59403372243839	-10.6477454795148
-1.92874036774243	1.6235599298085	-7.18394750896468
0.271610589761196	4.52277409018082	-4.0863660639353
1.50453955901427	6.4789806973373	-0.497444113832303
-0.332646677347982	5.24605172808423	0.241092545967803
1.33363851377127	6.19821469443809	3.0060273136492
3.07316700999466	6.94590676737621	5.83504997329671
2.9755092698558	7.16563668268864	6.71396963454643
2.68253604943923	9.1279468986038	8.84412909132525
3.78423743038071	8.57557030594339	12.5642786297398
1.15968566414893	5.71602960250248	9.97024490730144
3.61333638513771	5.91744869153887	7.64476997024491
7.32433051041428	4.31830319676509	8.86243991760128
5.56954299229419	-0.451667048142214	3.94903486686503
4.20538643472953	-2.82902265964752	0.500495918211643
4.35492484931716	-5.0263218127718	-0.933852140077821
2.09964141298543	-8.0170901045243	-6.59494926375219
0.799572747386893	-7.78820477607385	-10.4829480430304
1.01625085831998	-6.55832761120012	-11.0139620050355
2.55741206988632	-5.297932402533	-11.6456855115587
4.39765011062791	-3.80865186541543	-11.2703135729
2.11490043488212	-3.83916990920882	-10.3547722590982
-0.805676356145571	-4.78217746242466	-11.6243228809033
-0.222781719691768	-5.23079270618753	-11.3405050736248
-2.34988937209125	-7.47081712062257	-9.63759822995346
-2.46585793850614	-6.99778744182498	-7.54100862134737
-2.45365072098878	-5.63668268863966	-5.32845044632639
-1.90127412832837	-7.43114366369116	-4.76386663614862
-0.89723048752575	-6.34775310902571	-3.10368505378805
0.738536659800107	-5.90829327840085	-0.762951094834821
1.97756923781186	-5.19417105363546	1.35500114442664
1.97756923781186	-4.80964370183871	3.83916990920882
-0.839246204318303	-5.89913786526284	2.30106050202182
-2.57267109178302	-5.19111924925612	1.3519493400473
-2.42618448157473	-3.87273975738155	-2.13321126115816
-3.81475547417411	-4.13519493400473	-4.66620889600977
-2.88395513847562	-3.21049820706493	-4.08331425955596
-4.69367513542382	-4.58991378652628	-4.19012741283284
-7.21446555275807	-5.15449759670405	-2.91447318226902
-4.91950865949493	-7.11070420386053	-4.9408712901503
-5.91439688715953	-10.281528953994	-5.16365300984207
-3.90630960555428	-11.2031738765545	-7.92553597314412
-1.34584573128862	-11.4076447699702	-9.86953536278325
2.20950637064164	-11.8410009918364	-12.2499427786679
2.97245746547646	-9.82070649271382	-9.35072861829557
0.195315480277714	-9.399557488365	-9.49416342412451
0.0579842832074464	-7.5898374914168	-7.38231479362173
3.00297550926986	-4.54108491645685	-2.45365072098878
3.70489051651789	-3.21355001144427	3.59807736324102
7.58373388265812	-1.68459601739528	9.83291371023117
10.1045242999924	-0.338750286106661	9.20729381246662
13.9925230792706	-1.22682536049439	15.533684290837
16.9130998702983	-1.43129625391012	17.5112535286488
18.0178530556191	-0.119020370794232	17.7218280308232
18.9669642175937	1.32143129625391	17.8133821622034
21.4023041123064	3.46379797055009	18.9089799343862
19.6505683985657	4.76081483176928	17.7035172045472
15.8876935988403	5.31319142442969	15.5672541390097
19.0249485008011	6.58579385061418	17.4013885709926
18.826581216144	4.53192950331884	15.3231097886625
17.3281452658885	3.32341496910048	15.0942244602121
20.9201190203708	2.81376363775082	16.2996871900511
19.150072480354	3.0060273136492	12.6314183260853
18.466468299382	3.3325703822385	11.0780498970016
14.3678950179294	-0.350957503624018	5.2124818799115
14.6272983901732	-1.00709544518196	7.49217975127794
13.6202029449912	-2.20340276188296	6.53391317616541
12.9915312428473	-2.79545281147478	2.52994583047227
14.4960708018616	-1.68154421301595	5.35896849011978
16.0402838178073	-0.433356221866178	4.26031891355764
16.3607232776379	1.54421301594568	2.66117341878386
15.9456778820478	-0.567635614557107	-0.692759594110018
14.0779736018921	-2.49637598229953	-2.40177004654002
12.7656977187762	-1.42824444953079	-2.16067750057221
7.85534447241932	-2.48416876478218	-2.53910124361028
4.85847257190814	-4.62348363469902	-3.28679331654841
2.41702906843671	-4.84626535439078	-2.24307621881437
0.177004654001679	-3.24406805523766	1.74258030060273
-0.457770656900893	-4.00701915007248	2.84428168154421
-3.0609597924773	-3.99481193255512	2.91752498664836
-2.57267109178302	-2.13015945677882	0.857557030594339
-0.350957503624018	-2.50247959105821	-0.259403372243839
-1.81582360570687	-5.7099259937438	-3.99481193255512
-1.43434805828946	-8.63965819790951	-8.33447775997559
0.0915541313801785	-8.84412909132525	-8.8014038300145
-3.01823453116655	-5.49324788281071	-7.47692072938125
-1.95620660715648	-3.57976653696498	-7.6600289921416
-1.6083009079118	-0.927748531319142	-7.59899290455482
2.5787747005417	1.47707331960021	-3.78423743038071
2.69169146257725	-1.25123979552911	-2.93888761730373
0.0122072175173571	-4.11383230334935	-3.86053253986419
0.582894636453803	-4.69672693980316	-4.22369726100557
-2.63675898374914	-5.37727931639582	-3.78728923476005
-5.18196383611811	-3.96734569314107	-5.81979095140002
-3.03959716182193	-4.37018387121385	-8.47180895704585
-4.95002670328832	-4.60517280842298	-6.65598535133898
-2.96940566109712	-2.45059891660945	-5.47188525215534
-3.2318608377203	-2.30106050202182	-5.47188525215534
-5.57869840543221	-4.02838178072786	-6.31113145647364
-6.99473563744564	-3.26237888151369	-5.48409246967269
-6.76279850461585	-1.82803082322423	-7.3334859235523
-6.94590676737621	-2.60624093995575	-7.01304646372168
-6.09140154116121	-2.03250171663996	-6.28671702143893
-4.61127641718166	0.186160067139696	-4.85847257190814
-5.7251850156405	0.262455176623178	-3.12809948882277
-4.52277409018082	-2.734416723888	-2.18814373998627
-6.91538872358282	-6.72617685206378	-3.96734569314107
-8.26733806363012	-7.13817044327459	-4.53803311207752
-9.1279468986038	-6.50339513237201	-7.12596322575723
-10.1991302357519	-6.41184100099184	-10.8918898298619
-10.272373540856	-3.82391088731212	-9.57351033798733
-7.19310292210269	-0.888075074387732	-9.97329671168078
-4.41596093690394	-0.955214770733196	-9.11879148546578
-0.964370183871214	-0.338750286106661	-9.67727168688487
-2.98161287861448	-0.195315480277714	-9.58266575112535
-1.84328984512093	0.949111161974517	-8.81055924315251
-4.64179446097505	-1.30922407873655	-8.80750743877318
-2.49942778667887	-1.58083466849775	-8.41382467383841
-5.22163729304952	-3.3173113603418	-7.55931944762341
-3.51262684061952	-4.24200808728161	-8.02624551766232
-2.27054245822843	-3.34477759975586	-9.00892652780957
-4.15045395590143	-2.40177004654002	-7.84008545052262
-7.39757381551843	-1.34889753566796	-4.81269550621805
-4.272526131075	-1.44045166704814	-2.2919050888838
-6.70786602578775	-2.29800869764248	1.61745632104982
-4.93171587701228	-2.5787747005417	1.74868390936141
-5.14839398794537	-2.4780651560235	2.03860532539864
-5.42305638208591	-2.04776073853666	1.94705119401846
-5.20027466239414	-1.91348134584573	3.44853894865339
-6.14023041123064	-2.95109483482109	1.12916762035554
-6.14938582436866	-0.491340505073625	-1.50453955901427
-6.18295567254139	-0.793469138628214	-4.41901274128328
-7.19615472648203	-0.564583810177768	-9.07911802853437
-5.60311284046693	1.30312046997787	-11.0322728313115
-6.95506218051423	0.0946059357595178	-11.6395819028
-7.1625848783093	-0.329594872968643	-10.0526436255436
-7.29686427100023	-1.21461814297704	-8.49317158770123
-4.45563439383536	-1.13527122911421	-9.13405050736248
-10.2693217364767	-1.88601510643168	-8.31311512932021
-4.85847257190814	-1.99282825970855	-8.47180895704585
-6.7505912870985	-4.30304417486839	-7.32738231479362
-5.57259479667353	-6.49729152361334	-7.80346379797055
-2.24307621881437	-6.82383459220264	-5.27656977187762
-3.66826886396582	-5.06599526970321	-3.46074616617075
-1.89822232394903	-4.1870756084535	-2.91447318226902
-3.55840390630961	-1.49843595025559	-1.31837949187457
-5.67635614557107	0.363164721141375	-0.402838178072786
-3.18913557640955	1.83108262760357	0.531013962005035
-7.37621118486305	3.20134279392691	1.84023804074159
-5.7953765163653	3.247119859617	2.93888761730373
-6.35080491340505	2.04165712977798	3.59197375448234
-6.65293354695964	0.0976577401388571	0.55542839703975
-7.24193179217212	-2.49637598229953	-1.1261158159762
-5.39864194705119	-3.88494697489891	-3.24101625085832
-7.70580605783169	-3.50041962310216	-6.73228046082246
-8.07507438773175	-1.91958495460441	-11.306935225452
-7.21141374837873	-1.22377355611505	-11.1726558327611
-8.24597543297475	-3.83306630045014	-13.7605859464408
-10.4890516517891	-5.38948653391318	-16.5896086060884
-10.3089951934081	-7.39452201113909	-17.6272220950637
-9.912260624094	-7.73632410162509	-17.0412756542306
-6.39047837033646	-4.51667048142214	-13.3607995727474
-5.34676127260243	-3.21660181582361	-10.5531395437552
-6.34164950026703	-3.19523918516823	-7.23582818341344
-2.22781719691768	-4.78828107118334	-2.01113908598459
1.96841382467384	-2.6337071793698	1.94094758525978
-0.0701915007248035	-2.81681544213016	0.885023270008392
-1.39772640573739	-1.64797436484321	1.19325551232166
-2.72526131074998	-0.933852140077821	-0.192263675898375
-5.37727931639582	-2.13321126115816	0.0274662394140536
-6.65903715571832	-0.802624551766232	-0.796520943007553
-5.23384451056687	-0.0244144350347143	-1.53200579842832
-2.45365072098878	2.86259250782025	3.66826886396582
-2.75883115892271	4.52277409018082	4.89509422446021
0.302128633554589	4.00701915007248	5.6244754711223
-0.271610589761196	1.5533684290837	5.7251850156405
0.320439459830625	-3.58281834134432	4.15350576028077
-1.73647669184405	-6.70786602578775	1.52590218966964
-4.62958724345769	-7.78820477607385	-3.05485618371862
-3.66521705958648	-6.64072632944228	-6.57053482871748
-5.36507209887846	-6.55527580682078	-8.72816052491035
-5.91134508278019	-5.68245975432975	-12.466620889601
-3.95208667124437	-4.49225604638743	-14.5601586938277
-0.778210116731518	-2.57572289616236	-6.62546730754559
-1.10780498970016	-1.37636377508202	-2.37125200274662
-1.64187075608453	-0.210574502174411	-0.646982528419928
3.60723277637903	3.99176012817578	6.18905928130007
4.92561226825361	4.59296559090562	11.136034180209
-0.0183108262760357	4.08941786831464	9.66811627374685
3.6743724727245	3.63164721141375	8.26123445487144
-0.341802090486	0.305180437933928	5.21858548867018
-2.55130846112764	-1.41603723201343	4.51972228580148
-5.82589456015869	-2.67643244068055	0.973525597009232
-7.77904936293584	-4.31219958800641	-2.5787747005417
-10.2784771496147	-4.16876478217746	-4.38544289311055
-13.67208361944	-3.49126420996414	-4.41290913252461
-9.83901731898985	-2.96635385671778	-4.53498130769818
-10.2967879758907	-1.61745632104982	-2.67032883192187
-8.89600976577401	-2.44754711223011	-3.40581368734264
-6.47287708857862	-2.36514839398795	-2.69474326695659
-6.05783169298848	-2.95719844357977	-2.66117341878386
-5.5237659266041	-3.76592660410468	-3.80560006103609
-6.38437476157778	-3.66216525520714	-4.77607385366598
-6.28061341268025	-2.42923628595407	-7.20225833524071
-3.05790798809796	-0.561532005798428	-5.63668268863966
-2.83817807278553	-0.329594872968643	-2.96025024795911
-3.79644464789807	0.466926070038911	-2.11795223926146
-4.25421530479896	-1.22377355611505	0.311284046692607
-2.905317769131	-0.781261921110857	3.59807736324102
-7.54711223010605	-4.79438467994202	4.20538643472953
-8.32227054245823	-7.30601968413825	4.30914778362707
-5.98458838788434	-6.80247196154726	6.665140764477
-6.10360875867857	-5.82894636453803	6.55832761120012
-6.4789806973373	-5.64583810177768	6.32639047837034
-2.71000228885328	-4.05279621576257	5.94796673533227
0.125123979552911	-1.58999008163577	4.21759365224689
1.51369497215228	-1.10475318532082	4.66620889600977
0.265506981002518	-2.48416876478218	0.918593118181125
3.90325780117494	-0.546272983901732	-0.885023270008392
-1.51674677653162	-1.0406652933547	-2.92973220416571
-2.98161287861448	-2.15762569619287	-5.64888990615702
-3.68352788586252	-2.78019378957809	-8.09948882276646
-4.72419317921721	-2.84733348592355	-5.64888990615702
-4.86762798504616	-1.32448310063325	-3.85137712672618
-3.06706340123598	-1.0955977721828	-3.04570077058061
-3.72014953841459	-1.15663385976959	0.183108262760357
-5.2124818799115	-1.47096971084154	-0.854505226215
-3.14335851071946	-0.820935378042267	0.567635614557107
-2.87479972533761	-2.6337071793698	0.158693827725643
-5.49935149156939	-1.81277180132753	2.50553139543755
-0.4272526131075	0.89417868314641	4.33661402304112
0.00610360875867857	2.45670252536812	7.29381246662089
2.02334630350195	1.88296330205234	8.04760814831769
0.231937132829786	0.231937132829786	8.05371175707637
3.44243533989471	2.02029449912261	10.0221255817502
1.52590218966964	0.93690394445716	8.77698939497978
1.21461814297704	1.2817578393225	8.21850919356069
0.927748531319142	0.698863202868696	7.1473258564126
-1.1810482948043	-0.592050049591821	5.36507209887846
-1.06813153276875	-1.27565423056382	2.30411230640116
-1.81887541008621	-2.23086900129702	-0.131227588311589
-2.79545281147478	-1.28786144808118	-0.854505226215
-2.25223163195239	2.03250171663996	0.5981536583505
-2.96635385671778	-0.271610589761196	-1.67849240863661
-1.6937514305333	-1.92263675898375	-1.84023804074159
-3.97955291065843	-5.77706569008927	-4.11383230334935
-5.92965590905623	-6.83604180972	-6.40268558785382
-7.79430838483253	-7.84008545052262	-7.7607385366598
-6.11886778057526	-5.53292133974212	-6.28671702143893
-8.34058136873426	-3.57671473258564	-4.48310063324941
-1.54116121156634	-0.271610589761196	-0.500495918211643
-2.93583581292439	1.28786144808118	1.03456168459602
2.99687190051118	2.01724269474327	6.38742656595712
3.75066758220798	5.38033112077516	9.62844281681544
5.21553368429084	4.70588235294118	11.773861295491
2.91447318226902	3.46379797055009	11.3557640955215
4.82185091935607	-1.46486610208286	7.03135728999771
1.08949416342412	-3.86663614862287	4.04058899824521
-2.50553139543755	-6.11581597619593	-1.89211871519036
-4.63263904783703	-6.93369954985885	-6.78416113527123
-3.89105058365759	-5.67635614557107	-7.89196612497139
-4.01007095445182	-0.314335851071946	-6.05477988860914
-3.69878690775921	3.03044174868391	-5.22774090180819
-3.36919203479057	1.78835736629282	-6.12802319371328
-3.64385442893111	3.08842603189136	-3.19218738078889
-5.92965590905623	2.25223163195239	-2.79850461585412
-6.76279850461585	0.231937132829786	-6.05477988860914
-6.50949874113069	-0.543221179522393	-4.13824673838407
-4.96833752956436	0.9399557488365	-2.30106050202182
-2.13931486991684	1.82497901884489	0.0701915007248035
-0.262455176623178	1.40993362325475	3.21355001144427
1.08339055466545	0.677500572213321	2.84733348592355
1.49538414587625	-0.390630960555428	3.42107270923934
2.50553139543755	0.524910353246357	6.39658197909514
0.976577401388571	-1.03456168459602	6.62546730754559
1.93789578088045	0.976577401388571	9.88784618905928
4.614328221561	2.34988937209125	10.5806057831693
3.38139925230793	0.534065766384375	9.74135957885099
1.18410009918364	-0.149538414587625	5.51461051346609
2.36514839398795	-0.949111161974517	1.85244525825895
-2.221713588159	-1.79140917067216	-2.84428168154421
-6.91844052796216	-3.12809948882277	-2.27054245822843
-3.78423743038071	-2.53604943923095	-2.31326771953918
-3.38445105668727	-2.68558785381857	-0.534065766384375
-0.573739223315785	-1.21766994735637	0.347905699244678
