3.43022812237736	1.70901045243	-0.909437705043107
2.82597085526818	1.51064316777295	0.180056458381018
2.02639810788128	2.23392080567636	-0.393682764934768
2.34988937209125	3.90936140993362	1.22072175173571
2.0355535210193	2.07827878233005	0.503547722590982
1.66933699549859	1.41603723201343	0.0793469138628214
1.55947203784237	1.02845807583734	-0.415045395590143
1.0955977721828	-0.955214770733196	-3.0609597924773
0.436408026245518	-1.41603723201343	-4.75165941863127
1.02235446707866	-1.33974212252995	-5.91134508278019
2.73136491950866	-0.561532005798428	-3.11284046692607
3.03044174868391	0.259403372243839	-4.01922636758984
3.40581368734264	-0.0701915007248035	-1.91042954146639
2.55741206988632	0.195315480277714	-1.37331197070268
1.5533684290837	-1.24818799114977	-3.93987945372702
1.33669031815061	-1.64187075608453	-3.53093766689555
-0.534065766384375	-2.76798657206073	-3.39360646982528
-2.73136491950866	-2.96940566109712	-3.69878690775921
-1.8951705195697	-2.79545281147478	-4.19012741283284
-3.04570077058061	-1.64492256046387	-1.53505760280766
-2.45670252536812	-1.32143129625391	-1.18715190356298
0.405889982452125	-0.89723048752575	-0.448615243762875
-1.02235446707866	-0.302128633554589	-2.53299763485161
1.35500114442664	-0.854505226215	-0.836194399938964
-1.13221942473487	-2.18509193560693	-3.60112916762036
-1.78835736629282	-3.79644464789807	-6.77805752651255
-2.81071183337148	-4.96223392080568	-6.09140154116121
-2.22781719691768	-4.76081483176928	-2.61234454871443
-1.48012512397955	-2.91447318226902	-2.29800869764248
0.524910353246357	-1.2817578393225	0.271610589761196
0.244144350347143	-0.872816052491035	-0.540169375143053
1.07728694590677	-0.72632944228275	0.296025024795911
-0.662241550316625	-1.36110475318532	-2.01724269474327
-0.0732433051041428	-3.22880903334096	-2.89921416037232
-1.79751277943084	-4.99580376897841	-6.58884565499351
-2.60624093995575	-6.81162737468528	-6.91538872358282
-3.94598306248569	-6.79026474402991	-8.032349126421
-4.01922636758984	-6.27145799954223	-5.27962157625696
-5.27962157625696	-6.61326009002823	-6.33859769588769
-4.75471122301061	-6.97947661554894	-5.15449759670405
-4.01312275883116	-4.6997787441825	-4.84321355001144
-2.54215304798962	-3.0609597924773	-2.55436026550698
-2.70695048447395	-2.45365072098878	-6.84824902723735
-2.36820019836728	-0.689707789730678	-5.23384451056687
0.125123979552911	1.83108262760357	-3.94903486686503
1.22987716487373	1.40077821011673	-4.31830319676509
3.21965362020295	1.66018158236057	-2.10574502174411
1.50759136339361	1.22682536049439	-1.31227588311589
1.92874036774243	1.33669031815061	-2.76188296330205
1.95925841153582	2.14847028305486	1.81277180132753
1.19935912108034	2.69779507133593	0.338750286106661
0.628671702143893	2.3224231326772	0.805676356145571
1.18715190356298	2.10879682612345	-1.04371709773404
2.28885328450446	1.15663385976959	1.54116121156634
-0.369268329900053	-0.482185091935607	-0.225833524071107
-2.46890974288548	-2.25528343633173	-2.02639810788128
-2.67643244068055	-3.46074616617075	-0.958266575112535
-4.95307850766766	-4.92561226825361	-2.10574502174411
-5.07820248722057	-6.43625543602655	-2.52079041733425
-4.49225604638743	-6.26535439078355	-5.16975661860075
-2.86869611657893	-5.73128862439918	-4.33966582742046
-2.12405584802014	-6.19821469443809	-7.63866636148623
-2.68253604943923	-5.09346150911727	-4.89814602883955
-2.79850461585412	-4.61738002594034	-5.92050049591821
-2.48111696040284	-3.79034103913939	-5.67940794995041
-2.46585793850614	-2.10574502174411	-5.07515068284123
-1.93484397650111	-2.17288471808957	-4.66620889600977
1.03456168459602	0.454718852521553	-0.671396963454643
0.231937132829786	0.140383001449607	-3.51873044937819
1.06813153276875	1.57778286411841	-2.31631952391852
1.6083009079118	1.44960708018616	-1.64797436484321
1.58388647287709	1.75783932249943	-4.57160296025025
1.71511406118868	3.65300984206912	-2.42313267719539
2.53604943923095	2.35294117647059	-2.86259250782025
1.59304188601511	1.88296330205234	-2.98466468299382
1.42824444953079	1.23292896925307	-2.97245746547646
-0.393682764934768	1.01930266269932	-1.82803082322423
-2.01113908598459	-0.643930724040589	-2.73746852826734
-3.32341496910048	-2.16678110933089	-3.61943999389639
-5.32234683756771	-3.44243533989471	-5.65499351491569
-3.8300144960708	-2.56961928740368	0.961318379491875
-3.18913557640955	-3.02738994430457	-2.27664606698711
-2.14236667429618	-2.27969787136645	-0.198367284657053
0.0946059357595178	-1.01625085831998	-1.68154421301595
-1.52590218966964	-1.54421301594568	-0.360112916762036
-1.6235599298085	-1.31227588311589	-1.75173571374075
-2.37430380712596	-0.396734569314107	-3.90020599679561
-3.15556572823682	-2.16067750057221	-2.68558785381857
-3.50041962310216	-3.10673685816739	-4.40985732814527
-2.29800869764248	-1.24818799114977	-1.49233234149691
-0.0488288700694285	-0.570687418936446	-5.68551155870909
1.37941557946136	3.33867399099718	3.06706340123598
1.51064316777295	3.22575722896162	0.665293354695964
0.952162966353857	5.02327000839246	1.3519493400473
1.50148775463493	5.73434042877852	0.506599526970321
0.372320134279393	3.15861753261616	-1.63576714732586
-1.00099183642329	2.38956282902266	-4.68757152666514
0.668345159075303	2.50247959105821	-6.30197604333562
0.137331197070268	3.14335851071946	-4.81574731059739
1.66628519111925	2.67032883192187	-4.89814602883955
1.14747844663157	3.26543068589303	-3.05790798809796
2.05386434729534	4.36408026245518	-1.05897611963073
-1.34584573128862	2.18509193560693	-3.87273975738155
-1.55031662470436	1.26955062180514	-2.48416876478218
-2.56046387426566	-1.20546272983902	-7.1473258564126
-2.10879682612345	-1.79140917067216	-5.2826733806363
-0.579842832074464	-2.95719844357977	-8.55725947966735
-0.146486610208286	-6.19821469443809	-11.2703135729
0.479133287556268	-4.79438467994202	-8.37720302128634
-0.518806744487678	-6.76279850461585	-8.21850919356069
0.271610589761196	-5.52681773098344	-7.37926298924239
-1.81582360570687	-5.39253833829252	-6.93369954985885
-0.344853894865339	-3.54009308003357	-6.84824902723735
-0.985732814526589	-2.61539635309377	-3.63164721141375
0.115968566414893	-1.58388647287709	-0.250247959105821
-0.476081483176928	-1.40077821011673	-3.40581368734264
-0.0610360875867857	0.592050049591821	2.28580148012512
1.45571068894484	2.46585793850614	1.94705119401846
1.64797436484321	2.05386434729534	-2.52689402609293
0.631723506523232	3.42412451361868	-0.720225833524071
-1.04982070649271	0.81177996490425	-4.3274586099031
-1.50453955901427	-2.37430380712596	-6.3782711528191
-2.29495689326314	-3.34477759975586	-5.67025253681239
-2.34683756771191	-4.67231250476844	-6.43320363164721
-3.29900053406577	-2.85038529030289	-4.22369726100557
-3.37224383916991	-2.90836957351034	-3.37529564354925
-3.39665827420462	-1.82192721446555	-5.17586022735943
-3.61333638513771	-2.86869611657893	-4.20233463035019
-5.42305638208591	-4.4281681544213	-6.74448767833982
-4.71198596169986	-6.09140154116121	-8.56946669718471
-4.46478980697337	-4.8706797894255	-8.69153887235828
-4.29999237048905	-5.75875486381323	-8.56336308842603
-4.59601739528496	-7.39757381551843	-10.5134660868238
-4.38849469748989	-6.91844052796216	-8.69459067673762
-3.55840390630961	-8.04760814831769	-7.97741664759289
-3.20744640268559	-7.80346379797055	-8.00488288700694
-1.49233234149691	-6.01205462729839	-6.45761806668193
-0.445563439383536	-4.42511635004196	-7.19310292210269
1.196307316701	-1.82192721446555	-4.81574731059739
4.37018387121385	1.025406271458	-1.94705119401846
5.38643472953384	2.38040741588464	-3.09758144502937
4.89204242008087	2.32547493705653	-1.2115663385977
4.35492484931716	2.68253604943923	-0.744640268558785
1.8097199969482	0.695811398489357	-0.381475547417411
-0.442511635004196	1.09864957656214	0.329594872968643
-1.38551918822004	0.186160067139696	-1.91348134584573
-2.51468680857557	-1.22987716487373	-5.58480201419089
-1.88906691081102	-1.60219729915312	-1.99282825970855
-1.61745632104982	-0.0152590218966964	-0.567635614557107
-2.77714198519875	-2.40177004654002	-3.51262684061952
-3.39055466544594	-4.86152437628748	-3.98260471503777
-3.77508201724269	-3.9154650186923	-1.37636377508202
-6.50644693675135	-5.27351796749828	-5.27656977187762
-7.02830548561837	-7.08628976882582	-5.82284275577935
-7.73937590600443	-7.46166170748455	-7.26024261844816
-7.99572747386893	-8.62134737163348	-7.08628976882582
-8.48706797894255	-9.75356679636835	-7.7454795147631
-8.16662851911192	-10.8979934386206	-9.37209124895094
-8.66407263294423	-10.9742885481041	-5.56954299229419
-6.29892423895628	-10.4585336079957	-6.18600747692073
-3.51262684061952	-9.18287937743191	-5.87777523460746
-2.63675898374914	-5.25215533684291	-4.31219958800641
-1.80361638818952	-2.85648889906157	-2.30411230640116
-1.55642023346304	-1.30006866559854	-2.7496757457847
-2.68253604943923	-0.430304417486839	-3.24101625085832
-2.02029449912261	0.411993591210803	-4.101625085832
-1.95620660715648	-0.805676356145571	-3.98565651941711
0.216678110933089	0.927748531319142	-6.07309071488518
1.24818799114977	2.5482566567483	-3.90630960555428
1.84634164950027	3.23796444647898	-0.778210116731518
1.0101472495613	4.40680552376593	0.656137941557946
0.625619897764553	4.83710994125277	3.01518272678721
0.744640268558785	5.35591668574044	3.80254825665675
2.23086900129702	7.68444342717632	3.32341496910048
2.25528343633173	6.88487067978943	1.68459601739528
1.80666819256886	7.177843900206	2.76188296330205
1.13527122911421	5.07209887846189	-2.51773861295491
0.00915541313801785	3.15251392385748	-4.63569085221637
0.436408026245518	2.734416723888	-3.19523918516823
-1.07423514152743	1.77309834439612	-3.27763790341039
-0.750743877317464	1.63576714732586	-2.41397726405737
0.0610360875867857	3.90020599679561	1.30006866559854
0.790417334248875	3.68352788586252	3.79644464789807
1.41603723201343	4.02227817196918	0.622568093385214
2.31631952391852	4.3579766536965	0.0946059357595178
1.88601510643168	3.42107270923934	1.29091325246052
1.90737773708705	3.61333638513771	-1.52590218966964
2.12405584802014	4.3579766536965	1.67849240863661
3.99176012817578	5.79232471198596	2.48722056916152
2.93583581292439	5.810635538262	2.75577935454337
4.22064545662623	6.44846265354391	4.19928282597086
5.04768444342718	6.87266346227207	7.1473258564126
4.14435034714275	5.60311284046693	7.53795681696803
4.0161745632105	4.54108491645685	5.74654764629587
4.44037537193866	4.46784161135271	5.1972228580148
4.43427176317998	4.00701915007248	2.73746852826734
3.47295338368811	3.0060273136492	1.8646524757763
3.18303196765087	3.45769436179141	-0.943007553215839
3.62554360265507	4.04058899824521	-0.76600289921416
2.90836957351034	2.77714198519875	-0.659189745937285
2.97856107423514	2.71000228885328	-0.63782711528191
2.32852674143587	2.81071183337148	0.00915541313801785
1.80361638818952	2.85648889906157	2.06301976043336
2.89921416037232	3.27153429465171	2.95414663920043
2.45670252536812	2.38040741588464	0.845349813076982
3.63775082017243	3.63775082017243	1.31227588311589
5.27962157625696	3.06706340123598	-1.00404364080262
4.21759365224689	3.03959716182193	-1.01319905394064
2.5482566567483	2.48111696040284	-1.72121766994736
2.76493476768139	3.43938353551537	0.833142595559625
3.25932707713436	4.0863660639353	-0.158693827725643
3.54009308003357	3.58281834134432	2.563515678645
4.20538643472953	3.9154650186923	1.66628519111925
5.88998245212482	4.23590447852293	3.42107270923934
3.73235675593194	4.31830319676509	0.531013962005035
4.25421530479896	4.5136186770428	0.80872816052491
4.06805523765927	5.85030899519341	0.918593118181125
2.69169146257725	5.33760585946441	2.6642252231632
2.30106050202182	3.0914778362707	3.80254825665675
1.44350347142748	1.15968566414893	1.95620660715648
-0.369268329900053	-0.0488288700694285	2.17593652246891
-0.503547722590982	-0.759899290455482	1.21461814297704
0.80872816052491	-0.363164721141375	1.81582360570687
-0.366216525520714	-0.259403372243839	0.546272983901732
-1.25123979552911	-0.573739223315785	-1.96841382467384
-0.0885023270008393	1.09864957656214	2.2919050888838
-1.17189288166629	-0.573739223315785	-3.93377584496834
0.479133287556268	2.78629739833677	0.421149004348821
0.326543068589303	3.04570077058061	-2.62455176623178
1.32448310063325	4.28778515297169	-1.21461814297704
1.53200579842832	3.24406805523766	-2.91752498664836
0.863660639353018	2.40177004654002	-4.42206454566262
-0.943007553215839	1.82803082322423	-3.46684977492943
1.02845807583734	1.26344701304646	-5.87167162584878
1.50148775463493	1.79140917067216	-5.7953765163653
1.64797436484321	1.65102616922255	-6.6346227206836
2.07827878233005	2.90226596475166	-8.07507438773175
3.85442893110552	3.28679331654841	-1.30922407873655
2.6337071793698	3.43633173113603	-1.17494468604562
2.3773556115053	3.69878690775921	2.61539635309377
3.20134279392691	3.92156862745098	1.94399938963912
1.73647669184405	2.78324559395743	4.24811169604028
-0.155642023346304	0.85145342183566	0.0793469138628214
1.21461814297704	1.38551918822004	0.137331197070268
2.04470893415732	0.976577401388571	0.631723506523232
2.26138704509041	1.196307316701	-1.45876249332418
3.39665827420462	2.75272755016403	1.59609369039445
4.22064545662623	3.05790798809796	2.61844815747311
2.94193942168307	3.15861753261616	1.63576714732586
2.76188296330205	3.47295338368811	3.05790798809796
1.08949416342412	2.18509193560693	0.0823987182421607
2.63675898374914	1.97756923781186	-1.42824444953079
1.71206225680934	2.81681544213016	-2.81071183337148
1.4526588845655	0.885023270008392	-5.13618677042802
3.60418097199969	2.34988937209125	-1.62661173418784
3.1464103150988	1.59609369039445	-3.14946211947814
2.13931486991684	0.671396963454643	0.738536659800107
2.52689402609293	1.62661173418784	1.58083466849775
1.34584573128862	0.964370183871214	2.62455176623178
2.49942778667887	0.158693827725643	1.63576714732586
2.13015945677882	0.888075074387732	0.320439459830625
2.16372930495155	0.476081483176928	1.86770428015564
3.02128633554589	1.8097199969482	2.27664606698711
2.80766002899214	1.05287251087205	1.5533684290837
1.10780498970016	-0.180056458381018	1.83718623636225
0.781261921110857	0.491340505073625	2.84122987716487
1.38551918822004	-0.170901045243	2.09964141298543
0.616464484626535	-1.34584573128862	2.41702906843671
0.216678110933089	-1.62966353856718	0.869764248111696
0.369268329900053	-1.67544060425727	1.08033875028611
-0.552376592660411	0.433356221866178	-0.961318379491875
-0.927748531319142	-1.025406271458	-3.91241321431296
-1.14442664225223	-0.796520943007553	-6.06393530174716
-1.56557564660105	0.955214770733196	-4.77302204928664
-0.189211871519036	1.82803082322423	-5.12397955291066
-0.393682764934768	0.955214770733196	-6.2928206301976
3.16777294575418	1.36110475318532	-2.86564431219959
3.13420309758144	1.9806210421912	-1.72121766994736
4.07721065079728	2.01724269474327	-4.37018387121385
5.1117723353933	3.37834744792859	0.930800335698482
5.07515068284123	3.10978866254673	-2.01419089036393
6.04867627985046	5.49019607843137	0.650034332799268
7.47081712062257	6.57053482871748	0.991836423285267
8.55725947966735	6.50644693675135	0.573739223315785
8.00488288700694	6.91538872358282	0.97962920576791
7.98962386511025	5.14839398794537	2.96940566109712
6.53696498054475	4.97138933394369	3.18303196765087
5.29488059815366	3.62249179827573	4.04974441138323
4.37933928435187	2.79240100709545	6.77195391775387
4.62653543907836	1.54116121156634	3.62249179827573
4.16571297779812	1.67238879987793	4.87373159380484
2.33768215457389	1.39162279697871	-0.173952849622339
0.869764248111696	-2.14236667429618	-0.408941786831464
0.0183108262760357	-3.05485618371862	-5.67330434119173
0.350957503624018	-2.63065537499046	-2.98161287861448
0.497444113832303	-4.10772869459068	-7.36705577172503
0.228885328450446	-3.72625314717327	-7.20225833524071
1.7944609750515	-3.32951857785916	-5.2674143587396
1.69985503929198	-2.67948424505989	-5.31013962005035
2.30106050202182	-1.37026016632334	-3.1616693369955
3.12199588006409	-0.796520943007553	-2.01419089036393
2.20035095750362	0.0915541313801785	-1.08033875028611
3.61638818951705	0.357061112382696	1.21766994735637
1.73037308308537	1.06202792401007	0.262455176623178
2.26749065384909	1.87075608453498	0.265506981002518
1.97146562905318	2.98161287861448	4.03143358510719
2.1210040436408	3.31120775158312	4.84626535439078
4.23590447852293	5.08735790035859	6.65293354695964
4.85236896314946	5.25520714122225	9.61013199053941
4.29694056610971	3.83611810482948	7.08018616006714
4.34882124055848	2.35294117647059	6.43320363164721
2.85038529030289	0.68055237659266	5.61226825360494
3.08842603189136	1.03761348897536	3.66826886396582
2.67948424505989	1.91348134584573	5.44747081712062
0.320439459830625	2.03250171663996	7.02220187685969
0.616464484626535	1.29091325246052	4.27862973983368
-0.234988937209125	-0.787365529869535	2.02029449912261
-1.4526588845655	-4.19317921721218	-0.326543068589303
-1.15968566414893	-5.41084916456855	-0.985732814526589
-1.67544060425727	-6.67124437323568	-6.45761806668193
-1.30312046997787	-5.93575951781491	-3.53093766689555
-1.16578927290761	-6.79331654840925	-2.96940566109712
-1.52590218966964	-6.21957732509346	-5.38948653391318
-1.00099183642329	-5.98458838788434	-6.30502784771496
-1.17799649042496	-6.18600747692073	-5.92660410467689
-0.253299763485161	-3.29900053406577	-2.85954070344091
0.805676356145571	-2.17288471808957	-2.08133058670939
1.36415655756466	-0.72327763790341	-1.74868390936141
2.38956282902266	0.341802090486	-1.90127412832837
1.28480964370184	0.12817578393225	0.0305180437933928
1.66933699549859	1.27565423056382	-1.27870603494316
2.05691615167468	1.77004654001678	0.12817578393225
2.71610589761196	3.21049820706493	1.54421301594568
3.38445105668727	3.247119859617	4.73029678797589
4.77607385366598	4.01007095445182	5.64583810177768
5.22468909742885	4.45868619821469	5.56343938353552
4.21759365224689	4.63874265659571	5.84115358205539
2.36820019836728	3.74151216906996	5.54818036163882
0.814831769283589	3.39665827420462	5.17891203173877
-0.289921416037232	2.86259250782025	4.12603952086671
0.0244144350347143	1.40688181887541	4.76691844052796
-1.05592431525139	-0.0335698481727321	3.09758144502937
-0.72632944228275	-2.96330205233845	2.14847028305486
-1.30006866559854	-3.67742427710384	0.646982528419928
-2.26138704509041	-4.99275196459907	-2.10574502174411
-1.85549706263828	-2.95719844357977	-1.58388647287709
-1.44045166704814	-3.38750286106661	-1.8097199969482
-1.4679179064622	-3.30815594720378	-0.634775310902571
0.63782711528191	-2.83207446402686	-1.72732127870604
1.30006866559854	-3.90936140993362	-2.62455176623178
2.67643244068055	-2.99992370489052	-0.64087891966125
2.84122987716487	-2.43839169909209	-3.11284046692607
2.63981078812848	-1.34889753566796	-2.74662394140536
2.10574502174411	-1.59609369039445	-2.9907682917525
0.677500572213321	-3.28374151216907	-2.16067750057221
0.97962920576791	-2.98771648737316	-1.85854886701762
1.7944609750515	-3.36614023041123	-0.585946440833143
2.50858319981689	-3.10978866254673	0.5981536583505
1.41298542763409	-1.48928053711757	1.49843595025559
2.55741206988632	-1.15968566414893	1.19020370794232
1.83718623636225	-2.17898832684825	1.36415655756466
-0.283817807278553	-1.87075608453498	-1.15968566414893
2.61539635309377	-1.82192721446555	-0.524910353246357
0.991836423285267	-2.59098191805905	-2.77409018081941
1.85854886701762	-2.26138704509041	-0.100709544518196
3.28984512092775	-2.58793011367971	0.234988937209125
0.81177996490425	-3.92767223620966	-1.41603723201343
-0.338750286106661	-4.28778515297169	-3.34477759975586
0.64087891966125	-3.54009308003357	-0.250247959105821
-1.12001220721752	-3.43327992675669	-1.367208361944
0.335698481727321	-1.82192721446555	-1.879911497673
1.62050812542916	-1.82803082322423	1.7242694743267
2.51163500419623	-3.63775082017243	2.24002441443503
3.77203021286336	-2.44449530785077	3.70794232089723
3.0060273136492	-1.92568856336309	0.656137941557946
3.26543068589303	-0.103761348897536	2.81681544213016
3.19523918516823	0.241092545967803	4.92256046387427
2.49942778667887	0.366216525520714	4.19317921721218
2.76798657206073	0.0946059357595178	4.30304417486839
4.19623102159152	-0.283817807278553	4.84626535439078
4.26031891355764	-0.662241550316625	3.32951857785916
3.2318608377203	-0.161745632104982	4.11383230334935
4.60212100404364	1.75783932249943	3.44548714427405
3.70794232089723	1.49233234149691	-0.823987182421607
3.96429388876173	2.31631952391852	2.61234454871443
2.54215304798962	1.30312046997787	0.943007553215839
0.991836423285267	0.424200808728161	1.40993362325475
0.692759594110018	-0.750743877317464	-0.976577401388571
-1.32448310063325	-2.34683756771191	-0.772106507972839
-3.09758144502937	-5.07209887846189	-2.20035095750362
-2.38040741588464	-5.40474555580987	-3.60112916762036
-2.68558785381857	-6.60715648126955	-5.27351796749828
-2.76798657206073	-5.75570305943389	-4.70588235294118
-4.02227817196918	-6.92759594110018	-5.23384451056687
-4.38544289311055	-7.80346379797055	-7.51354238193332
-2.76798657206073	-7.26939803158618	-6.75364309147784
-3.80865186541543	-9.27748531319143	-3.55840390630961
-3.16777294575418	-8.10864423590448	-5.37422751201648
-2.81376363775082	-7.62035553521019	-4.91035324635691
-1.69985503929198	-6.76890211337453	-4.91645685511559
-1.81277180132753	-7.09849698634318	-1.83413443198291
-3.51873044937819	-8.50232700083925	-4.93476768139162
-3.32341496910048	-9.2835889219501	-6.37216754406043
-4.21454184786755	-9.67116807812619	-3.13725490196078
-3.26543068589303	-9.15846494239719	-2.92973220416571
-3.31425955596246	-8.0170901045243	-4.01922636758984
-4.98664835584039	-8.13305867093919	-4.95918211642634
-6.13412680247196	-9.1432059205005	-8.28564888990616
-5.17891203173877	-8.73731593804837	-2.95414663920043
-5.2674143587396	-8.8014038300145	-6.14328221560998
-5.6244754711223	-8.81361104753185	-5.52986953536278
-3.930724040589	-7.67833981841764	-4.02532997634852
-4.29999237048905	-7.93774319066148	-6.65598535133898
-2.66117341878386	-6.87571526665141	-5.99374380102235
-3.4882124055848	-6.05783169298848	-4.48615243762875
-4.00701915007248	-6.49118791485466	-5.8808270389868
-1.64492256046387	-5.13923857480736	-4.02227817196918
-3.08537422751202	-3.82696269169146	-2.905317769131
-2.87785152971695	-4.77607385366598	-2.48722056916152
-2.60624093995575	-4.82490272373541	-0.308232242313268
-3.47600518806744	-5.22163729304952	-0.839246204318303
-2.97245746547646	-5.34065766384375	-0.915541313801785
-2.16678110933089	-6.54001678492409	-2.83207446402686
-1.10780498970016	-4.86152437628748	-2.09353780422675
-0.674448767833982	-5.32234683756771	-2.25528343633173
-1.00709544518196	-5.04463263904784	-1.87380788891432
-2.01113908598459	-5.93881132219425	-1.92263675898375
-1.9806210421912	-7.22362096589609	-1.01319905394064
-2.88700694285496	-7.49523155565728	-1.24818799114977
-1.68459601739528	-7.2632944228275	-1.07118333714809
-0.0885023270008393	-7.23582818341344	-0.820935378042267
-2.58793011367971	-8.78919661249714	-5.96932936598764
-2.18814373998627	-8.3588921950103	-6.14023041123064
-3.45769436179141	-8.48401617456321	-7.75768673228046
-3.19829098954757	-8.27038986800946	-9.48805981536584
-3.97344930189975	-8.13916227969787	-8.01403830014496
-3.4882124055848	-7.4036774242771	-3.34172579537652
-0.0732433051041428	-4.19012741283284	-0.659189745937285
0.668345159075303	-4.55939574273289	-0.952162966353857
0.0122072175173571	-4.56549935149157	-0.98268101014725
1.04676890211337	-4.16571297779812	-1.98672465094987
1.09254596780346	-3.247119859617	-2.24612802319371
2.19119554436561	-3.69878690775921	-4.17792019531548
1.78225375753414	-2.73136491950866	-4.101625085832
1.55947203784237	-2.09353780422675	-0.46997787441825
1.65407797360189	-1.83108262760357	0.207522697795071
1.69985503929198	-0.708018616006714	0.296025024795911
-0.0579842832074464	-1.24513618677043	-0.677500572213321
1.25429159990845	-0.201419089036393	0.454718852521553
2.69474326695659	0.308232242313268	-1.26955062180514
3.59197375448234	-0.476081483176928	-1.7242694743267
-0.418097199969482	-2.27969787136645	-0.415045395590143
-1.06507972838941	-3.52788586251621	-3.36308842603189
-2.31631952391852	-3.6743724727245	-0.674448767833982
-3.04570077058061	-3.36919203479057	-0.250247959105821
-1.56862745098039	-4.10772869459068	-2.48416876478218
-0.396734569314107	-2.30106050202182	0.451667048142214
-0.250247959105821	-1.37941557946136	-0.631723506523232
0.0122072175173571	-2.0660715648127	-0.817883573662928
-1.54116121156634	-2.08743419546807	0.265506981002518
-0.943007553215839	-2.4628061341268	-3.58587014572366
1.80666819256886	-1.66628519111925	0.158693827725643
1.75478751812009	-1.44960708018616	-1.85244525825895
1.15968566414893	-1.41603723201343	0.0946059357595178
2.53604943923095	-2.43839169909209	2.17593652246891
4.00396734569314	0.59510185397116	2.88395513847562
3.03044174868391	0.497444113832303	1.01625085831998
3.52788586251621	1.84328984512093	5.92050049591821
5.43526359960327	2.87785152971695	4.30609597924773
6.93980315861753	3.08842603189136	4.55024032959487
6.03036545357443	3.57976653696498	4.12298771648737
4.53498130769818	3.11589227130541	4.7699702449073
5.73128862439918	4.26031891355764	6.11886778057526
4.13519493400473	3.95819028000305	4.65705348287175
3.17387655451286	2.42923628595407	2.51773861295491
2.60929274433509	1.4526588845655	2.2919050888838
2.31021591515984	0	0.952162966353857
0.784313725490196	-2.08743419546807	-0.952162966353857
0.433356221866178	-3.9154650186923	-3.36003662165255
-0.527962157625696	-2.52689402609293	-3.5034714274815
-0.537117570763714	-3.35088120851453	-7.92553597314412
0.997940032043946	-2.27664606698711	-2.72526131074998
2.45059891660945	-2.56961928740368	-5.71297779812314
3.88494697489891	0.695811398489357	-1.49233234149691
4.40375371938659	-0.149538414587625	-1.26039520866712
3.82391088731212	-0.0762951094834821	-1.60524910353246
4.16266117341878	1.0406652933547	0.717174029144732
1.73037308308537	1.70595864805066	0.552376592660411
2.09048599984741	2.30411230640116	1.74258030060273
1.2664988174258	1.91348134584573	1.74258030060273
0.436408026245518	0.961318379491875	-0.0122072175173571
0.967421988250553	2.02639810788128	0.448615243762875
1.73037308308537	0.177004654001679	-1.27565423056382
2.11490043488212	0.848401617456321	2.16983291371023
3.68352788586252	2.75272755016403	2.92057679102769
4.23285267414359	3.37529564354925	1.13832303349355
3.27153429465171	3.247119859617	3.89715419241627
3.33562218661784	3.95819028000305	3.19829098954757
2.86564431219959	2.15457389181353	2.18814373998627
1.91653315022507	0.915541313801785	-1.61135271229114
0.137331197070268	-0.473029678797589	-0.961318379491875
