-2.80766002899214	1.29396505683986	-2.01724269474327
-2.53299763485161	1.35500114442664	-2.4628061341268
-1.68154421301595	2.73136491950866	-2.05996795605402
-0.225833524071107	2.81071183337148	0.344853894865339
0.634775310902571	1.4526588845655	2.30411230640116
2.24002441443503	0.833142595559625	2.58182650492103
0.238040741588464	-0.0915541313801785	1.96841382467384
-1.70595864805066	-1.48622873273823	0.601205462729839
-3.72625314717327	-1.87685969329366	-1.37026016632334
-4.60212100404364	-0.994888227664607	-2.08743419546807
-3.78423743038071	-0.305180437933928	-1.05897611963073
-3.86053253986419	-0.29907682917525	0.546272983901732
-3.45464255741207	-1.58083466849775	0.396734569314107
-4.69672693980316	-1.53200579842832	0.436408026245518
-5.75265125505455	-2.86564431219959	-0.546272983901732
-5.11787594415198	-3.10063324940871	-1.40077821011673
-6.05783169298848	-2.63065537499046	-1.98672465094987
-7.07408255130846	-3.74151216906996	-3.60723277637903
-6.91538872358282	-4.04669260700389	-2.93278400854505
-5.01716639963378	-2.13931486991684	-0.930800335698482
-6.21957732509346	-3.72625314717327	-1.16273746852827
-6.7505912870985	-3.74151216906996	-0.958266575112535
-4.21149004348821	-3.55535210193027	-0.949111161974517
-4.19928282597086	-4.31525139238575	-1.9653620202945
-4.36408026245518	-4.37018387121385	-3.32036316472114
-1.12916762035554	-3.61333638513771	-3.03654535744259
-1.51064316777295	-2.92973220416571	-2.01419089036393
-2.01724269474327	-3.23491264209964	-0.146486610208286
-2.00808728160525	-1.15053025101091	1.17799649042496
-4.0009155413138	-1.81887541008621	-0.0946059357595178
-4.31525139238575	-0.964370183871214	0.558480201419089
-5.82589456015869	-2.14847028305486	0.198367284657053
-4.48615243762875	-2.28274967574578	-0.59510185397116
-4.8554207675288	-3.1464103150988	0.268558785381857
-3.08232242313268	-2.8198672465095	3.14030670634012
-4.3274586099031	-2.94499122606241	4.04669260700389
-2.53299763485161	-1.30312046997787	4.63263904783703
-3.2318608377203	-2.02639810788128	3.77813382162203
-3.19218738078889	-2.12710765239948	1.98672465094987
-2.56961928740368	-2.61844815747311	1.6083009079118
-3.3173113603418	-2.60624093995575	0.375371938658732
-0.567635614557107	-2.41092545967803	0.921644922560464
-0.0457770656900893	-1.35805294880598	1.36110475318532
1.24208438239109	-1.77615014877546	1.50148775463493
-0.320439459830625	-1.99893186846723	1.16578927290761
0.177004654001679	-1.69985503929198	-0.338750286106661
0.119020370794232	-1.35500114442664	-0.473029678797589
0.100709544518196	-2.30411230640116	-2.02334630350195
1.33058670939193	-1.66323338673991	-0.955214770733196
2.97856107423514	-0.283817807278553	-0.881971465629053
3.28984512092775	-1.3519493400473	-0.192263675898375
3.33867399099718	-0.155642023346304	-0.228885328450446
0.842298008697642	-0.839246204318303	-0.491340505073625
-0.80872816052491	-0.241092545967803	1.47096971084154
-2.35904478522927	-1.56862745098039	0.582894636453803
-2.14541847867552	-1.99893186846723	0.888075074387732
-4.29083695735103	-2.19424734874495	0.906385900663767
-3.92462043183032	-3.41802090486	1.30922407873655
-3.91241321431296	-1.64187075608453	1.1108567940795
-3.59197375448234	-2.29800869764248	0.534065766384375
-3.29594872968643	-2.33768215457389	1.6083009079118
-1.56557564660105	-0.323491264209964	2.21866178377966
-0.38452735179675	0.0854505226215	1.6388189517052
0.619516289005875	0.0915541313801785	1.56862745098039
0.524910353246357	1.01319905394064	2.55436026550698
0.878919661249714	1.78530556191348	1.78835736629282
4.01312275883116	2.96330205233845	2.4933241779202
3.79644464789807	2.73136491950866	3.86358434424353
6.03036545357443	5.02021820401312	3.89410238803693
5.95712214847028	4.3579766536965	4.1718165865568
6.65598535133898	3.03349355306325	3.50041962310216
6.91844052796216	4.04669260700389	4.29388876173037
6.2378881513695	4.26031891355764	4.39154650186923
6.67124437323568	5.32234683756771	4.42206454566262
5.73739223315785	4.99885557335775	4.01922636758984
4.02227817196918	4.0863660639353	2.4078736552987
2.51163500419623	3.43022812237736	3.38445105668727
0.332646677347982	1.69985503929198	2.22781719691768
-0.976577401388571	-0.289921416037232	1.65407797360189
-2.52994583047227	-1.67849240863661	0.692759594110018
-3.62859540703441	-2.36209658960861	-0.396734569314107
-4.85847257190814	-3.21965362020295	-2.19119554436561
-3.50957503624018	-3.79339284351873	-2.26749065384909
-4.65705348287175	-2.28580148012512	-2.55741206988632
-4.05889982452125	-1.92568856336309	-1.53200579842832
-2.26749065384909	-1.32143129625391	-0.372320134279393
-2.47501335164416	-0.732433051041428	0.668345159075303
-2.53299763485161	-0.653086137178607	1.1108567940795
-3.16472114137484	-0.93690394445716	1.14442664225223
-1.72121766994736	0.521858548867018	1.17799649042496
-0.408941786831464	1.41603723201343	2.78019378957809
0.140383001449607	2.31631952391852	1.38551918822004
3.17082475013352	3.1616693369955	3.76897840848402
2.39871824216068	3.30815594720378	6.17380025940337
2.49942778667887	3.28679331654841	5.16670481422141
1.81582360570687	3.27458609903105	4.60517280842298
2.70084687571527	2.06301976043336	4.5838101777676
0.4272526131075	1.65102616922255	4.69367513542382
-1.84023804074159	0.85145342183566	4.97444113832303
-1.35500114442664	0.292973220416571	6.02731364919509
-3.09758144502937	-1.30006866559854	6.51560234988937
-2.48111696040284	0.0366216525520714	5.9662775616083
-3.54619668879225	-1.31837949187457	6.8909742885481
-3.24101625085832	-1.16578927290761	5.42305638208591
-3.2318608377203	-2.20950637064164	4.45258258945602
-4.89204242008087	-1.61440451667048	5.95712214847028
-3.19829098954757	-1.49233234149691	6.17685206378271
-1.879911497673	0.271610589761196	7.54711223010605
-0.192263675898375	0.320439459830625	6.07919432364385
0.839246204318303	1.38857099259937	6.27756160830091
0.881971465629053	0.405889982452125	6.87266346227207
0.411993591210803	1.27260242618448	6.77805752651255
-0.421149004348821	1.46486610208286	7.85839627679866
-2.15457389181353	1.54116121156634	8.29175249866484
0.601205462729839	2.77409018081941	6.96116578927291
3.10368505378805	2.85038529030289	5.57869840543221
3.51262684061952	2.6337071793698	5.19111924925612
5.03547722590982	1.48622873273823	4.66315709163043
6.25314717326619	2.54215304798962	5.77096208133059
5.22468909742885	2.7191577019913	5.639734493019
4.43121995880064	2.71305409323262	5.73739223315785
4.19012741283284	2.92057679102769	5.55123216601816
4.47699702449073	1.60219729915312	4.96223392080568
1.15358205539025	-0.4272526131075	2.82597085526818
-0.259403372243839	-2.13931486991684	2.88395513847562
-1.75478751812009	-3.82085908293278	2.6642252231632
-2.30411230640116	-4.89204242008087	2.20340276188296
-0.918593118181125	-5.03547722590982	1.59609369039445
-1.53505760280766	-5.08735790035859	2.32547493705653
-2.33463035019455	-4.4281681544213	2.43533989471275
-3.02433813992523	-4.29999237048905	2.65812161440452
-2.40482185091936	-3.48516060120546	2.38345922026398
-3.79034103913939	-3.1464103150988	1.63576714732586
-4.07721065079728	-1.8097199969482	2.53299763485161
-1.6083009079118	0.473029678797589	3.79949645227741
-1.44655527580682	0.344853894865339	3.50652323186084
0.521858548867018	2.75272755016403	5.3681239032578
1.52590218966964	2.23086900129702	4.79133287556268
0.900282291905089	4.24811169604028	5.88998245212482
2.90226596475166	3.31120775158312	4.46784161135271
1.75478751812009	2.85038529030289	2.57267109178302
3.37834744792859	3.04264896620127	4.24811169604028
4.95002670328832	3.08537422751202	2.85038529030289
5.05683985656519	3.55535210193027	4.31219958800641
4.614328221561	3.81170366979477	4.81269550621805
5.12703135729	3.32646677347982	3.71099412527657
3.68352788586252	1.37941557946136	2.92973220416571
0.183108262760357	-1.07118333714809	2.33768215457389
-1.879911497673	-1.30617227435721	1.08949416342412
-1.98367284657053	-2.17593652246891	2.04165712977798
-4.47699702449073	-3.25017166399634	1.27870603494316
-2.58793011367971	-1.44655527580682	2.36820019836728
-1.88296330205234	-1.68764782177462	2.07827878233005
-2.91142137788968	-2.97856107423514	1.79140917067216
-3.48210879682612	-2.82902265964752	1.06202792401007
-2.85038529030289	-2.4078736552987	1.64492256046387
-2.36514839398795	-2.12710765239948	2.72526131074998
-2.50858319981689	-0.93690394445716	2.31326771953918
-0.396734569314107	1.90432593270771	3.26543068589303
1.20851453421836	0.924696726939803	3.37224383916991
1.99588006408789	2.1210040436408	3.16777294575418
1.66933699549859	2.0355535210193	3.04264896620127
2.24307621881437	2.19119554436561	2.35294117647059
4.65705348287175	1.99282825970855	2.42618448157473
4.28168154421302	1.66628519111925	3.53093766689555
4.36713206683452	1.95620660715648	3.57671473258564
4.72419317921721	2.3071641107805	2.68558785381857
5.08125429159991	2.3773556115053	3.28068970778973
2.87479972533761	1.76394293125811	1.77615014877546
3.24101625085832	0.601205462729839	1.16884107728695
4.32440680552377	0.588998245212482	0.552376592660411
4.00396734569314	0.68055237659266	0.80872816052491
2.07827878233005	0.653086137178607	1.12306401159686
0.576791027695125	-0.918593118181125	2.10879682612345
-0.411993591210803	-0.796520943007553	2.32547493705653
-0.711070420386053	-2.60929274433509	2.43533989471275
-2.03250171663996	-2.66117341878386	1.66628519111925
-1.58693827725643	-3.32341496910048	1.1261158159762
-2.09048599984741	-2.46890974288548	1.57473105973907
-1.367208361944	-0.250247959105821	1.91653315022507
-0.885023270008392	1.27260242618448	1.07118333714809
0.543221179522393	2.69474326695659	2.36820019836728
0.662241550316625	2.8198672465095	0.784313725490196
0.0366216525520714	3.99786373693446	0.692759594110018
0.115968566414893	3.29594872968643	0.439459830624857
1.74258030060273	3.06706340123598	1.49843595025559
1.5533684290837	3.67132066834516	1.62661173418784
1.34584573128862	2.89616235599298	0.164797436484321
2.09353780422675	3.20134279392691	0.796520943007553
2.76798657206073	1.96231021591516	0.00610360875867857
1.26955062180514	1.75478751812009	-1.04982070649271
0.485236896314946	-0.778210116731518	-1.55947203784237
-0.457770656900893	-0.881971465629053	-2.77103837644007
-0.0366216525520714	-0.912489509422446	-2.2064545662623
-0.411993591210803	-2.25528343633173	-3.20744640268559
-0.289921416037232	-1.91958495460441	-2.92057679102769
0.112916762035554	-2.64591439688716	-2.85648889906157
0.277714198519875	-1.29396505683986	-2.16983291371023
0.80872816052491	-0.930800335698482	-1.37636377508202
-0.186160067139696	-0.802624551766232	-3.00297550926986
1.01625085831998	0.424200808728161	-3.96734569314107
0.72327763790341	0.228885328450446	-3.12504768444343
-0.354009308003357	-0.201419089036393	-3.59807736324102
-1.07118333714809	-0.0823987182421607	-3.22575722896162
-2.01724269474327	-0.891126878767071	-2.73136491950866
-1.8097199969482	-0.247196154726482	-3.28984512092775
-0.55542839703975	0.549324788281071	-3.21355001144427
0.695811398489357	1.72732127870604	-2.85038529030289
1.87075608453498	1.85854886701762	-2.29495689326314
0.436408026245518	1.65407797360189	-3.30205233844511
-0.204470893415732	0.540169375143053	-2.22781719691768
0.448615243762875	0.305180437933928	-0.653086137178607
-0.494392309452964	-0.714122224765393	-1.00709544518196
-0.921644922560464	0.0762951094834821	-2.52384222171359
-1.54116121156634	-1.29091325246052	-2.72220950637064
-0.436408026245518	-0.0885023270008393	-2.80766002899214
-1.31837949187457	-0.476081483176928	-4.47699702449073
-1.20241092545968	-1.82192721446555	-5.02327000839246
-4.43732356755932	-3.14030670634012	-5.30708781567102
-6.17074845502403	-4.41290913252461	-5.34676127260243
-3.44548714427405	-4.0863660639353	-4.8401617456321
-4.6997787441825	-4.14740215152209	-5.79232471198596
-4.6997787441825	-4.56855115587091	-6.65598535133898
-0.149538414587625	-3.18913557640955	-2.77103837644007
-1.13527122911421	-3.94293125810636	-3.05180437933928
-1.28480964370184	-4.02227817196918	-3.04875257495994
-0.360112916762036	-4.58991378652628	-1.82192721446555
-0.332646677347982	-3.50041962310216	-0.338750286106661
0.186160067139696	-1.58388647287709	0
0.854505226215	-0.759899290455482	1.12916762035554
1.73342488746471	2.20035095750362	1.30617227435721
1.90432593270771	1.95925841153582	0.167849240863661
1.10475318532082	1.01319905394064	-0.186160067139696
-0.109864957656214	-1.53505760280766	0.363164721141375
-0.164797436484321	-2.08743419546807	-1.73952849622339
1.25734340428779	-1.63271534294652	-1.10780498970016
-0.646982528419928	-3.14030670634012	-1.51674677653162
0.592050049591821	-1.53505760280766	-2.27359426260777
0.0854505226215	-1.74563210498207	-3.77813382162203
-0.402838178072786	-1.85854886701762	-4.91950865949493
-0.796520943007553	-3.22270542458228	-4.60212100404364
0.103761348897536	-2.02029449912261	-4.80048828870069
-0.064087891966125	-1.24513618677043	-3.90020599679561
-0.0152590218966964	-0.433356221866178	-3.73846036469062
0.997940032043946	1.19020370794232	-2.03860532539864
1.05287251087205	0.677500572213321	-2.81681544213016
0.994888227664607	-0.732433051041428	-4.20233463035019
1.2817578393225	-0.833142595559625	-4.05584802014191
1.48317692835889	-1.59304188601511	-4.22064545662623
1.39467460135805	-2.00808728160525	-3.82085908293278
1.57167925535973	-0.848401617456321	-3.96734569314107
3.49126420996414	0.418097199969482	-2.59708552681773
2.91752498664836	1.80056458381018	-0.946059357595178
2.88395513847562	3.82085908293278	0.225833524071107
3.88189517051957	1.6235599298085	-0.546272983901732
5.60006103608759	2.12405584802014	0.866712443732357
2.734416723888	0.369268329900053	-0.952162966353857
3.83611810482948	-0.106813153276875	0.588998245212482
2.87785152971695	0.158693827725643	-0.625619897764553
3.70794232089723	1.15358205539025	0.527962157625696
3.35698481727321	0.878919661249714	0.259403372243839
4.10772869459068	2.2919050888838	1.59304188601511
5.14839398794537	2.21560997940032	1.94399938963912
5.91134508278019	2.53604943923095	4.19928282597086
5.48714427405203	0.112916762035554	3.84832532234684
4.34576943617914	-1.06202792401007	2.05386434729534
3.18303196765087	-1.35500114442664	0.302128633554589
2.05386434729534	-1.4526588845655	-0.756847486076142
0.0518806744487678	-0.573739223315785	-2.68253604943923
1.11390859845884	0.0122072175173571	-1.34584573128862
2.39871824216068	0.756847486076142	-1.37026016632334
5.05378805218585	0.549324788281071	0.302128633554589
6.47287708857862	-0.198367284657053	-0.335698481727321
5.36202029449912	-1.93484397650111	-1.07118333714809
6.36911573968109	-1.4679179064622	-1.62050812542916
5.10872053101396	-2.38956282902266	-4.54108491645685
1.95620660715648	-1.13527122911421	-3.0914778362707
0.228885328450446	-0.479133287556268	-3.68352788586252
-3.21049820706493	-1.13832303349355	-5.1972228580148
-2.86564431219959	-0.234988937209125	-4.28168154421302
-2.54215304798962	-0.399786373693446	-3.44548714427405
-1.57473105973907	-1.30312046997787	-2.41702906843671
1.5228503852903	-0.906385900663767	-0.885023270008392
3.08537422751202	-0.140383001449607	0.500495918211643
4.01312275883116	0.564583810177768	1.40383001449607
2.94499122606241	2.24612802319371	1.74868390936141
2.221713588159	3.20744640268559	0.241092545967803
4.17792019531548	3.96124208438239	0.943007553215839
2.17898832684825	3.19523918516823	-0.247196154726482
3.25322346837568	2.42618448157473	-1.4526588845655
5.49935149156939	2.01724269474327	-0.0457770656900893
5.82894636453803	2.98161287861448	1.18410009918364
4.44037537193866	2.18204013122759	0.796520943007553
4.03448538948653	2.36209658960861	1.34584573128862
1.80056458381018	2.65812161440452	0.866712443732357
0.396734569314107	1.20851453421836	0.759899290455482
0.708018616006714	1.80361638818952	0.457770656900893
1.18715190356298	-0.552376592660411	-1.11390859845884
0.698863202868696	-0.799572747386893	0.0518806744487678
2.18204013122759	-2.10269321736477	0.631723506523232
1.86160067139696	-2.16067750057221	-1.05592431525139
0.59510185397116	-2.82597085526818	-1.08339055466545
1.38551918822004	-4.42206454566262	-2.46890974288548
0.906385900663767	-4.89509422446021	-3.12199588006409
0.0946059357595178	-4.33661402304112	-3.21965362020295
-0.848401617456321	-5.3681239032578	-2.11490043488212
-1.92874036774243	-4.55024032959487	-2.3071641107805
-3.6591134508278	-4.70893415732052	-4.71503776607919
-2.81376363775082	-3.79034103913939	-3.30510414282444
-3.41802090486	-3.70794232089723	-3.28984512092775
-2.2369726100557	-2.22781719691768	-2.08743419546807
0.186160067139696	-0.81177996490425	-1.36110475318532
1.65102616922255	-0.378423743038071	-0.717174029144732
2.36514839398795	1.4679179064622	0.946059357595178
4.04974441138323	1.72732127870604	1.1810482948043
3.89715419241627	0.564583810177768	0.781261921110857
3.78423743038071	0.692759594110018	1.05592431525139
3.35698481727321	0.9399557488365	0.610360875867857
1.74563210498207	-0.0671396963454643	-0.0854505226215
0.961318379491875	-0.616464484626535	0.857557030594339
0.442511635004196	-1.14747844663157	1.02235446707866
2.71000228885328	-0.756847486076142	1.44655527580682
2.89616235599298	0.244144350347143	2.34378576333257
3.28984512092775	0.0579842832074464	3.37834744792859
2.11795223926146	-1.08644235904479	-0.558480201419089
5.33455405508507	0.778210116731518	-1.95620660715648
5.20332646677348	-0.122072175173571	-3.14946211947814
4.45258258945602	-0.80872816052491	-4.63263904783703
3.92462043183032	-0.616464484626535	-2.97245746547646
3.58587014572366	0.308232242313268	-1.77615014877546
1.56862745098039	-2.13015945677882	-1.05592431525139
-1.13832303349355	-2.56961928740368	0.192263675898375
-1.2115663385977	-1.42519264515145	-0.512703135729
-0.604257267109178	-1.538109407187	-1.08949416342412
0.717174029144732	-0.802624551766232	-1.41298542763409
1.65102616922255	1.55947203784237	-1.74868390936141
2.34988937209125	1.72732127870604	-1.66323338673991
3.88799877927825	3.01518272678721	0.207522697795071
3.44243533989471	2.54215304798962	1.24513618677043
3.6743724727245	1.90737773708705	2.96330205233845
1.05897611963073	1.14442664225223	1.16884107728695
-0.305180437933928	1.66933699549859	2.21866178377966
-0.521858548867018	1.25429159990845	0.823987182421607
-1.06202792401007	1.50148775463493	1.538109407187
-0.85145342183566	2.19119554436561	1.48928053711757
0.665293354695964	1.67544060425727	0.131227588311589
2.82902265964752	0.958266575112535	-0.238040741588464
4.07721065079728	-0.0915541313801785	-1.43129625391012
2.36820019836728	-0.527962157625696	-2.24612802319371
3.11894407568475	-1.1261158159762	-2.08438239108873
3.57671473258564	-1.87075608453498	-3.00907911802853
3.55840390630961	-2.61844815747311	-3.69573510337987
2.72831311512932	-3.53704127565423	-3.87884336614023
1.87075608453498	-3.36003662165255	-3.69573510337987
1.27565423056382	-4.35187304493782	-2.24002441443503
-0.140383001449607	-3.51262684061952	-1.58388647287709
1.30006866559854	-2.33768215457389	0.112916762035554
1.24513618677043	-0.985732814526589	0.00610360875867857
1.90127412832837	0.0610360875867857	0.881971465629053
2.18814373998627	0.708018616006714	1.20241092545968
0.933852140077821	-0.448615243762875	1.25734340428779
0.622568093385214	-0.653086137178607	2.78324559395743
0.454718852521553	-0.146486610208286	4.37933928435187
1.18410009918364	-0.701915007248035	3.84222171358816
0.881971465629053	-0.0946059357595178	2.85648889906157
0.81177996490425	-0.396734569314107	0.0488288700694285
2.81681544213016	-0.0396734569314107	-0.115968566414893
2.6489662012665	-0.454718852521553	0.335698481727321
1.11696040283818	-1.08339055466545	-1.70595864805066
1.97756923781186	-2.25528343633173	-2.27359426260777
0.878919661249714	-1.54726482032502	-2.75272755016403
1.62966353856718	-1.60524910353246	-2.51773861295491
1.28480964370184	-1.59914549477379	-4.43121995880064
-0.2563515678645	-1.2817578393225	-3.52788586251621
-1.12001220721752	-2.44449530785077	-2.4078736552987
-0.103761348897536	-2.16372930495155	-2.68253604943923
-0.289921416037232	-3.61943999389639	-3.35088120851453
0.805676356145571	-3.58281834134432	-4.06195162890059
-0.155642023346304	-4.08026245517662	-3.30205233844511
2.50858319981689	-1.74868390936141	-1.10475318532082
2.25528343633173	-0.436408026245518	-1.10170138094148
1.69680323491264	0.0152590218966964	0.476081483176928
2.34073395895323	1.44655527580682	1.51674677653162
1.9501029983978	2.03250171663996	1.71511406118868
1.56557564660105	0.592050049591821	-0.021362630655375
0.537117570763714	0.387579156176089	-1.84328984512093
0.793469138628214	0.354009308003357	-0.915541313801785
-0.0671396963454643	0.12817578393225	-2.19424734874495
0.0579842832074464	0.625619897764553	-1.23292896925307
-0.72327763790341	0.72632944228275	-0.296025024795911
0.119020370794232	0.064087891966125	0.4272526131075
1.59304188601511	-1.6083009079118	-2.58487830930037
1.4679179064622	-2.5787747005417	-1.62661173418784
-0.0244144350347143	-2.26749065384909	-3.41802090486
-0.732433051041428	-3.14335851071946	-3.5034714274815
-0.970473792629892	-3.92462043183032	-2.90226596475166
-2.3773556115053	-3.75677119096666	-2.13321126115816
-3.02128633554589	-4.23285267414359	-3.5034714274815
-1.98367284657053	-6.30197604333562	-3.12809948882277
-1.62661173418784	-6.34775310902571	-2.98771648737316
-0.415045395590143	-5.77096208133059	-3.02433813992523
2.27664606698711	-4.89204242008087	-2.09048599984741
3.47600518806744	-2.30411230640116	1.54116121156634
3.35088120851453	-0.540169375143053	4.79743648432135
4.91950865949493	0.753795681696803	6.24704356450752
3.6743724727245	0.64087891966125	5.50545510032807
2.49027237354086	1.53505760280766	5.51461051346609
2.42618448157473	2.07217517357137	2.6489662012665
3.04264896620127	2.47501335164416	2.27054245822843
3.3478294041352	3.96734569314107	3.79339284351873
3.69268329900053	3.82391088731212	5.48714427405203
3.17998016327153	3.40581368734264	6.38132295719844
4.03143358510719	2.14847028305486	7.39452201113909
2.78934920271611	1.74563210498207	5.28877698939498
2.04165712977798	-1.03456168459602	3.55840390630961
3.6591134508278	-1.07118333714809	3.89105058365759
4.38239108873121	-0.0274662394140536	3.27458609903105
3.56145571068894	0.021362630655375	2.34683756771191
1.64797436484321	-0.567635614557107	1.7792019531548
0.228885328450446	-2.95414663920043	0.582894636453803
0.225833524071107	-4.67536430914778	-1.196307316701
-0.0885023270008393	-5.28572518501564	-1.8646524757763
0.189211871519036	-5.75875486381323	-2.95109483482109
2.01724269474327	-4.35492484931716	-0.799572747386893
2.01724269474327	-2.97856107423514	-0.0579842832074464
2.22781719691768	-1.33058670939193	1.05592431525139
3.37834744792859	0.787365529869535	3.1616693369955
2.99382009613184	1.52895399404898	3.8300144960708
3.83306630045014	1.79140917067216	3.91241321431296
5.78316929884794	2.96025024795911	2.95719844357977
6.03952086671244	3.82696269169146	0.9399557488365
7.05882352941176	5.20943007553216	1.54116121156634
6.75364309147784	5.82284275577935	2.87785152971695
5.10872053101396	5.2124818799115	4.42206454566262
2.91447318226902	3.46379797055009	4.48004882887007
1.06202792401007	0.399786373693446	3.32036316472114
0.0549324788281071	-1.95925841153582	2.07217517357137
0.305180437933928	-3.56450751506828	-0.424200808728161
1.367208361944	-4.40070191500725	-2.29495689326314
0.387579156176089	-4.14129854276341	-3.48210879682612
0.0946059357595178	-4.75471122301061	-3.247119859617
1.13221942473487	-3.41496910048066	-1.73952849622339
1.01930266269932	-3.32646677347982	-0.311284046692607
-0.12817578393225	-3.76897840848402	0.616464484626535
0.839246204318303	-3.29900053406577	2.45975432974746
2.70695048447395	-1.03761348897536	2.01724269474327
5.56343938353552	1.31837949187457	3.57671473258564
5.47493705653468	3.12504768444343	4.16571297779812
5.49324788281071	5.03852903028916	4.0161745632105
3.91241321431296	4.8401617456321	2.5482566567483
3.36919203479057	2.59098191805905	1.67238879987793
1.14442664225223	0.341802090486	1.01625085831998
-0.387579156176089	-0.750743877317464	1.16273746852827
-1.72121766994736	-1.62050812542916	0.875867856870375
-0.570687418936446	-0.137331197070268	2.06912336919203
-0.354009308003357	1.26039520866712	2.67643244068055
-0.582894636453803	1.49538414587625	1.74258030060273
-0.0396734569314107	0.0671396963454643	0.970473792629892
-0.00915541313801785	-0.741588464179446	-0.802624551766232
1.33669031815061	-2.39566643778134	-2.42923628595407
-0.0946059357595178	-4.32135500114443	-3.19218738078889
-0.454718852521553	-5.40474555580987	-4.16571297779812
0.366216525520714	-3.62554360265507	-3.94903486686503
0.125123979552911	-2.04165712977798	-2.83817807278553
0.906385900663767	-0.97962920576791	-2.42618448157473
1.79140917067216	-0.653086137178607	-2.47196154726482
2.02029449912261	-1.36415655756466	-2.81681544213016
3.56145571068894	-0.201419089036393	-1.46486610208286
4.30304417486839	1.51369497215228	0.064087891966125
3.86358434424353	3.17692835889219	3.60723277637903
6.07309071488518	5.50240329594873	7.10765239948119
6.49118791485466	8.1025406271458	8.21240558480201
5.3681239032578	8.2734416723888	7.62951094834821
4.89814602883955	6.88487067978943	5.2124818799115
4.58991378652628	5.63668268863966	2.49942778667887
3.02128633554589	3.26848249027237	1.40993362325475
2.66117341878386	3.12504768444343	0.63782711528191
2.2064545662623	1.17189288166629	0.448615243762875
1.15358205539025	0.0701915007248035	0.659189745937285
-0.0305180437933928	0.753795681696803	-0.81177996490425
-2.22476539253834	-0.311284046692607	-3.41802090486
-1.10475318532082	-2.34073395895323	-5.08430609597925
-1.66933699549859	-2.92362859540703	-6.37216754406043
-1.27870603494316	-4.67841611352712	-6.92454413672084
-1.19325551232166	-7.35484855420767	-5.10872053101396
-3.44853894865339	-7.89806973373007	-4.80964370183871
-3.56755931944762	-6.69260700389105	-3.70794232089723
-4.31525139238575	-4.53498130769818	-3.53093766689555
-3.1616693369955	-1.76699473563745	0.0732433051041428
-2.77714198519875	-1.22072175173571	-1.17494468604562
0.588998245212482	0.5981536583505	-0.0305180437933928
1.58693827725643	-0.21362630655375	1.62050812542916
0.68055237659266	-0.323491264209964	1.95925841153582
2.16678110933089	0.848401617456321	2.95109483482109
2.00503547722591	1.11696040283818	2.70695048447395
3.28679331654841	3.01823453116655	3.26237888151369
3.8300144960708	4.32440680552377	3.78118562600137
4.30609597924773	6.47287708857862	3.4882124055848
3.90936140993362	6.0517280842298	4.66620889600977
2.83207446402686	5.33455405508507	4.35187304493782
2.02029449912261	3.90630960555428	4.56549935149157
