2.07570207570208	0.463980463980464	1.48962148962149
1.0989010989011	0.0244200244200244	0.854700854700855
1.83150183150183	0.854700854700855	1.34310134310134
2.56410256410256	2.46642246642247	2.68620268620269
3.49206349206349	3.34554334554335	4.17582417582418
3.83394383394383	2.78388278388278	3.80952380952381
4.32234432234432	3.32112332112332	3.54090354090354
3.54090354090354	2.83272283272283	3.44322344322344
3.003663003663	2.12454212454212	3.90720390720391
3.90720390720391	2.88156288156288	3.24786324786325
1.92918192918193	1.78266178266178	1.68498168498168
2.95482295482295	1.83150183150183	1.66056166056166
4.02930402930403	1.46520146520147	0.537240537240537
3.1013431013431	0.390720390720391	-0.586080586080586
3.46764346764347	0.463980463980464	-1.70940170940171
3.24786324786325	1.001221001221	0.463980463980464
2.88156288156288	2.12454212454212	2.56410256410256
1.58730158730159	1.58730158730159	-0.0732600732600733
1.83150183150183	1.02564102564103	-0.122100122100122
2.71062271062271	2.22222222222222	1.14774114774115
0.952380952380952	0.757020757020757	1.0989010989011
3.54090354090354	2.34432234432234	1.34310134310134
2.58852258852259	2.14896214896215	3.17460317460317
1.68498168498168	2.39316239316239	2.97924297924298
3.22344322344322	3.02808302808303	2.93040293040293
3.49206349206349	2.83272283272283	4.2002442002442
4.07814407814408	3.07692307692308	3.44322344322344
3.80952380952381	3.1013431013431	4.98168498168498
3.90720390720391	3.22344322344322	5.51892551892552
4.44444444444444	3.44322344322344	4.68864468864469
3.71184371184371	2.31990231990232	4.51770451770452
3.22344322344322	1.29426129426129	1.1965811965812
3.05250305250305	-0.317460317460317	0.293040293040293
3.07692307692308	-1.001221001221	0.463980463980464
2.78388278388278	-1.61172161172161	-0.879120879120879
1.31868131868132	-1.58730158730159	0.317460317460317
3.2967032967033	-0.927960927960928	-0.586080586080586
1.88034188034188	-1.41636141636142	-0.903540903540904
2.1001221001221	-0.634920634920635	-0.317460317460317
3.27228327228327	0.146520146520147	0.683760683760684
2.44200244200244	-1.53846153846154	0.268620268620269
3.15018315018315	0.708180708180708	1.56288156288156
4.27350427350427	0.317460317460317	2.22222222222222
3.61416361416361	0.366300366300366	2.63736263736264
3.15018315018315	1.78266178266178	1.39194139194139
2.80830280830281	0.366300366300366	0.415140415140415
1.51404151404151	0.976800976800977	0.903540903540904
-0.659340659340659	0.512820512820513	-0.0244200244200244
0.0732600732600733	0.146520146520147	-0.0488400488400488
0.341880341880342	1.53846153846154	0.463980463980464
0.708180708180708	1.95360195360195	2.51526251526252
-0.43956043956044	3.02808302808303	2.61294261294261
2.2954822954823	3.44322344322344	2.36874236874237
1.17216117216117	2.80830280830281	2.1001221001221
1.80708180708181	2.97924297924298	0.341880341880342
2.17338217338217	1.97802197802198	0.293040293040293
3.71184371184371	2.85714285714286	1.22100122100122
3.44322344322344	2.22222222222222	-1.53846153846154
1.29426129426129	1.05006105006105	-1.07448107448107
2.53968253968254	1.02564102564103	-0.586080586080586
0.805860805860806	0.21978021978022	-0.43956043956044
0.586080586080586	0.21978021978022	1.41636141636142
1.02564102564103	1.1965811965812	2.51526251526252
2.27106227106227	0.854700854700855	2.95482295482295
0.976800976800977	1.39194139194139	3.51648351648352
1.26984126984127	0.732600732600733	4.22466422466422
3.41880341880342	2.66178266178266	4.81074481074481
1.56288156288156	2.07570207570208	4.37118437118437
1.85592185592186	2.66178266178266	5.37240537240537
2.85714285714286	4.02930402930403	4.54212454212454
2.05128205128205	3.49206349206349	3.76068376068376
2.002442002442	2.75946275946276	3.46764346764347
0.854700854700855	1.31868131868132	2.44200244200244
0.659340659340659	0.683760683760684	1.97802197802198
0.634920634920635	-0.43956043956044	1.70940170940171
-0.0732600732600733	-1.70940170940171	-0.537240537240537
1.39194139194139	-0.781440781440781	-1.26984126984127
-1.53846153846154	-1.58730158730159	-2.36874236874237
-0.903540903540904	-2.14896214896215	-1.31868131868132
0.659340659340659	-0.903540903540904	-1.48962148962149
-0.317460317460317	-3.15018315018315	-3.02808302808303
-0.659340659340659	-3.66300366300366	-2.63736263736264
-0.83028083028083	-3.98046398046398	-2.90598290598291
-0.244200244200244	-4.12698412698413	-3.22344322344322
-0.244200244200244	-3.17460317460317	-3.32112332112332
-1.61172161172161	-3.98046398046398	-1.12332112332112
-0.757020757020757	-2.97924297924298	-0.805860805860806
-0.317460317460317	-1.9047619047619	0.43956043956044
-0.317460317460317	-2.002442002442	1.31868131868132
-0.0732600732600733	-0.805860805860806	0.610500610500611
0.366300366300366	-0.903540903540904	1.63614163614164
0.879120879120879	0.757020757020757	1.66056166056166
0.268620268620269	0.683760683760684	1.29426129426129
1.80708180708181	-0.463980463980464	-0.634920634920635
0.879120879120879	0.0976800976800977	-0.512820512820513
0.170940170940171	-1.1965811965812	1.02564102564103
0.463980463980464	-1.80708180708181	0.634920634920635
1.02564102564103	-1.41636141636142	1.46520146520147
0.0732600732600733	-1.85592185592186	-0.537240537240537
-0.0244200244200244	-0.903540903540904	0.561660561660562
0.146520146520147	-1.26984126984127	-1.0989010989011
0.463980463980464	-1.14774114774115	-1.34310134310134
-0.708180708180708	-1.31868131868132	-1.53846153846154
-1.95360195360195	-2.51526251526252	-0.854700854700855
-1.66056166056166	-2.51526251526252	-0.879120879120879
-0.708180708180708	-2.1001221001221	-0.366300366300366
-0.390720390720391	-0.952380952380952	-0.244200244200244
-1.29426129426129	-2.39316239316239	-0.659340659340659
-0.781440781440781	-1.48962148962149	-0.463980463980464
0.268620268620269	-1.9047619047619	-1.73382173382173
-0.512820512820513	-1.75824175824176	-1.1965811965812
-0.903540903540904	-1.92918192918193	-1.75824175824176
-0.537240537240537	-2.14896214896215	-1.39194139194139
-1.14774114774115	-2.90598290598291	-1.53846153846154
-1.92918192918193	-3.27228327228327	-1.75824175824176
-0.43956043956044	-3.78510378510378	-1.95360195360195
0.561660561660562	-3.85836385836386	-0.586080586080586
0.390720390720391	-3.76068376068376	-0.732600732600733
1.26984126984127	-3.51648351648352	1.51404151404151
1.51404151404151	-1.95360195360195	2.002442002442
0.586080586080586	-2.97924297924298	1.95360195360195
1.001221001221	-1.70940170940171	1.97802197802198
2.22222222222222	-0.708180708180708	2.1978021978022
1.97802197802198	0.146520146520147	2.07570207570208
2.39316239316239	0.879120879120879	0.0488400488400488
2.22222222222222	0.659340659340659	1.02564102564103
0.927960927960928	0.83028083028083	-0.512820512820513
1.07448107448107	1.39194139194139	0.317460317460317
1.07448107448107	0.854700854700855	0.854700854700855
1.26984126984127	2.44200244200244	1.51404151404151
1.88034188034188	2.68620268620269	2.66178266178266
2.58852258852259	4.1025641025641	2.66178266178266
3.2967032967033	3.36996336996337	1.66056166056166
1.29426129426129	1.41636141636142	-0.195360195360195
1.14774114774115	1.44078144078144	-1.88034188034188
-1.05006105006105	-1.39194139194139	-5.32356532356532
-0.659340659340659	-1.46520146520147	-5.44566544566545
-0.195360195360195	-1.17216117216117	-5.2014652014652
1.44078144078144	-0.659340659340659	-4.46886446886447
1.61172161172161	-0.293040293040293	-3.2967032967033
1.29426129426129	-0.757020757020757	-2.41758241758242
1.29426129426129	-0.512820512820513	-0.659340659340659
-0.0976800976800977	-1.31868131868132	-1.92918192918193
0.317460317460317	-1.56288156288156	-1.36752136752137
0.83028083028083	-1.44078144078144	-1.34310134310134
0.927960927960928	-1.17216117216117	-1.001221001221
2.2954822954823	-0.805860805860806	-1.1965811965812
1.22100122100122	-1.05006105006105	-0.879120879120879
1.31868131868132	-1.0989010989011	-0.659340659340659
1.05006105006105	-0.170940170940171	-0.317460317460317
0.463980463980464	-0.708180708180708	-0.659340659340659
0.561660561660562	-0.244200244200244	-0.415140415140415
0	-0.415140415140415	-2.22222222222222
-0.390720390720391	-0.732600732600733	-1.31868131868132
1.001221001221	-0.561660561660562	-2.68620268620269
-1.1965811965812	-1.22100122100122	-0.927960927960928
0.757020757020757	-0.757020757020757	-0.757020757020757
0.390720390720391	-1.70940170940171	-1.51404151404151
0.659340659340659	-2.63736263736264	-3.05250305250305
1.05006105006105	-2.73504273504274	-3.17460317460317
1.24542124542125	-2.95482295482295	-1.85592185592186
1.31868131868132	-3.15018315018315	-3.51648351648352
1.12332112332112	-2.80830280830281	-2.41758241758242
0.390720390720391	-3.1013431013431	-1.92918192918193
1.75824175824176	-2.17338217338217	-1.41636141636142
-1.44078144078144	-3.41880341880342	-2.05128205128205
0.268620268620269	-2.44200244200244	-3.56532356532357
0.366300366300366	-1.44078144078144	-2.05128205128205
-0.43956043956044	-1.70940170940171	-1.26984126984127
0.805860805860806	0.0976800976800977	-0.512820512820513
1.70940170940171	-0.634920634920635	1.29426129426129
0.122100122100122	-0.879120879120879	1.56288156288156
0.0976800976800977	-1.61172161172161	0.0732600732600733
-1.48962148962149	-3.58974358974359	-1.46520146520147
-0.293040293040293	-3.05250305250305	-1.95360195360195
0.21978021978022	-3.73626373626374	-1.53846153846154
1.17216117216117	-2.90598290598291	-0.927960927960928
0.488400488400488	-2.56410256410256	0.390720390720391
0.659340659340659	-2.46642246642247	-0.463980463980464
1.63614163614164	-1.68498168498168	-1.22100122100122
0.634920634920635	-2.53968253968254	-3.17460317460317
0.732600732600733	-1.97802197802198	-3.22344322344322
0.463980463980464	-2.12454212454212	-3.07692307692308
1.001221001221	-2.36874236874237	-1.88034188034188
-0.293040293040293	-2.02686202686203	-0.854700854700855
-2.17338217338217	-2.31990231990232	0.146520146520147
-1.80708180708181	-0.757020757020757	-1.73382173382173
-2.12454212454212	-1.31868131868132	-1.63614163614164
-1.61172161172161	-0.683760683760684	-0.244200244200244
-1.29426129426129	-0.634920634920635	-0.732600732600733
-2.1001221001221	-0.903540903540904	0.146520146520147
-2.53968253968254	-0.83028083028083	-0.0488400488400488
-2.27106227106227	-0.170940170940171	-0.0732600732600733
-2.88156288156288	0.659340659340659	-1.39194139194139
-2.88156288156288	0.586080586080586	-1.12332112332112
-2.24664224664225	-0.0488400488400488	-0.537240537240537
-2.02686202686203	-0.317460317460317	-2.07570207570208
-2.71062271062271	-1.1965811965812	-2.31990231990232
-2.71062271062271	-1.85592185592186	-3.32112332112332
-1.83150183150183	-1.53846153846154	-4.88400488400488
-2.17338217338217	-0.903540903540904	-3.61416361416361
-1.12332112332112	-0.0244200244200244	-3.85836385836386
0.170940170940171	0.390720390720391	-2.90598290598291
-1.66056166056166	-0.683760683760684	-2.61294261294261
-0.0488400488400488	0.512820512820513	-1.88034188034188
-1.07448107448107	0.537240537240537	-1.36752136752137
0.390720390720391	1.17216117216117	-0.268620268620269
0.341880341880342	0.757020757020757	-1.39194139194139
1.29426129426129	1.95360195360195	0.634920634920635
0.317460317460317	1.24542124542125	0.610500610500611
-0.146520146520147	0.415140415140415	0.781440781440781
-0.903540903540904	0.488400488400488	0.463980463980464
-1.92918192918193	-0.366300366300366	0.390720390720391
-3.1013431013431	-1.95360195360195	0.195360195360195
-3.83394383394383	-1.75824175824176	-1.22100122100122
-2.75946275946276	-2.12454212454212	-1.70940170940171
-2.83272283272283	-2.07570207570208	-1.36752136752137
-3.1013431013431	-2.002442002442	-2.36874236874237
-1.97802197802198	-2.41758241758242	-3.2967032967033
-1.66056166056166	-2.24664224664225	-3.1990231990232
-1.83150183150183	-1.70940170940171	-2.66178266178266
-1.26984126984127	-0.854700854700855	-2.53968253968254
-1.31868131868132	-0.805860805860806	-1.56288156288156
-1.68498168498168	-0.0732600732600733	-0.0732600732600733
-0.927960927960928	1.05006105006105	-0.122100122100122
-0.463980463980464	0.708180708180708	0.805860805860806
0.708180708180708	1.41636141636142	1.17216117216117
-0.561660561660562	1.36752136752137	1.1965811965812
-1.0989010989011	1.12332112332112	2.1978021978022
-1.24542124542125	0.83028083028083	0.805860805860806
-2.90598290598291	-0.0732600732600733	1.95360195360195
-2.61294261294261	0.122100122100122	0.561660561660562
-2.73504273504274	-0.903540903540904	-0.0976800976800977
-0.854700854700855	-0.659340659340659	0.268620268620269
-0.293040293040293	0.0976800976800977	0.463980463980464
-0.390720390720391	-0.976800976800977	-0.0488400488400488
0.976800976800977	-0.0488400488400488	-0.170940170940171
0.195360195360195	-0.122100122100122	0.537240537240537
0	0.195360195360195	-0.708180708180708
-1.41636141636142	-0.122100122100122	-2.2954822954823
-3.07692307692308	-1.83150183150183	-2.53968253968254
-3.61416361416361	-1.1965811965812	-2.36874236874237
-2.78388278388278	-0.586080586080586	-0.976800976800977
-2.80830280830281	-0.659340659340659	-0.976800976800977
-2.95482295482295	-1.48962148962149	-1.12332112332112
-2.73504273504274	-0.83028083028083	-0.561660561660562
-1.39194139194139	-0.0244200244200244	-0.21978021978022
-2.56410256410256	-0.366300366300366	-1.24542124542125
-3.88278388278388	-0.512820512820513	-1.05006105006105
-3.41880341880342	1.02564102564103	-0.317460317460317
-3.17460317460317	-0.0732600732600733	-0.781440781440781
-3.90720390720391	-0.512820512820513	-3.22344322344322
-2.49084249084249	-0.512820512820513	-3.46764346764347
-2.78388278388278	-1.66056166056166	-3.88278388278388
-1.63614163614164	-1.22100122100122	-3.54090354090354
-1.48962148962149	-0.610500610500611	-0.512820512820513
-0.757020757020757	0.317460317460317	0.561660561660562
-0.610500610500611	0.0976800976800977	1.17216117216117
-1.22100122100122	0.43956043956044	1.78266178266178
-1.68498168498168	0.927960927960928	2.07570207570208
-1.14774114774115	0.390720390720391	0.634920634920635
-0.927960927960928	0.683760683760684	0
-2.63736263736264	0.317460317460317	0.708180708180708
-3.02808302808303	-0.708180708180708	-0.952380952380952
-2.2954822954823	0.146520146520147	-2.002442002442
-1.85592185592186	-1.0989010989011	-1.05006105006105
-2.97924297924298	-0.0244200244200244	-1.14774114774115
-2.71062271062271	-0.170940170940171	-0.683760683760684
-2.80830280830281	-0.854700854700855	-1.29426129426129
-1.88034188034188	0.757020757020757	-0.561660561660562
-3.66300366300366	-0.537240537240537	-0.341880341880342
-3.95604395604396	-0.561660561660562	-1.61172161172161
-4.73748473748474	-1.29426129426129	-4.32234432234432
-5.66544566544567	-3.15018315018315	-5.88522588522589
-5.98290598290598	-3.95604395604396	-7.59462759462759
-6.54456654456654	-5.61660561660562	-8.27838827838828
-6.1050061050061	-4.1025641025641	-8.5958485958486
-6.42246642246642	-5.32356532356532	-9.08424908424908
-7.25274725274725	-5.34798534798535	-9.96336996336996
-6.93528693528694	-4.07814407814408	-9.54822954822955
-4.61538461538461	-3.71184371184371	-6.47130647130647
-4.54212454212454	-2.95482295482295	-4.98168498168498
-2.46642246642247	-2.22222222222222	-1.80708180708181
0.146520146520147	0.195360195360195	2.90598290598291
1.001221001221	1.29426129426129	2.71062271062271
2.12454212454212	2.05128205128205	5.32356532356532
0.927960927960928	3.07692307692308	6.17826617826618
1.1965811965812	3.51648351648352	6.25152625152625
0.976800976800977	3.12576312576313	6.44688644688645
1.97802197802198	3.83394383394383	5.78754578754579
0.732600732600733	3.003663003663	4.73748473748474
1.53846153846154	4.3956043956044	3.78510378510378
0.366300366300366	2.80830280830281	2.46642246642247
-1.22100122100122	2.1001221001221	0.952380952380952
-0.268620268620269	1.70940170940171	1.73382173382173
-1.80708180708181	-0.122100122100122	0.293040293040293
-0.146520146520147	-0.317460317460317	-0.537240537240537
1.001221001221	-0.732600732600733	-1.75824175824176
0.659340659340659	-0.903540903540904	-1.17216117216117
0.0488400488400488	-0.927960927960928	-3.93162393162393
0.195360195360195	-1.05006105006105	-2.73504273504274
1.29426129426129	0.976800976800977	-1.26984126984127
1.92918192918193	2.05128205128205	0.43956043956044
3.15018315018315	3.003663003663	2.44200244200244
4.3956043956044	3.73626373626374	4.51770451770452
4.02930402930403	2.97924297924298	5.22588522588523
3.85836385836386	3.32112332112332	5.42124542124542
1.66056166056166	1.51404151404151	6.3003663003663
1.22100122100122	1.70940170940171	6.32478632478632
1.29426129426129	2.1001221001221	5.98290598290598
0.561660561660562	0.757020757020757	4.81074481074481
0.21978021978022	0.244200244200244	2.93040293040293
0.0244200244200244	-0.976800976800977	2.1978021978022
-0.463980463980464	-2.1978021978022	2.2954822954823
-0.0732600732600733	-1.73382173382173	1.34310134310134
-1.66056166056166	-2.56410256410256	2.49084249084249
-0.903540903540904	-1.75824175824176	0.854700854700855
-2.27106227106227	-3.49206349206349	-1.17216117216117
-1.68498168498168	-2.85714285714286	0.195360195360195
-1.0989010989011	-2.002442002442	0.586080586080586
-2.46642246642247	-2.63736263736264	-0.170940170940171
-0.659340659340659	-0.561660561660562	-0.268620268620269
-1.58730158730159	-1.34310134310134	-0.463980463980464
-3.95604395604396	-2.85714285714286	-4.51770451770452
-3.12576312576313	-1.58730158730159	-3.22344322344322
-2.58852258852259	-0.732600732600733	0.122100122100122
-2.36874236874237	-1.0989010989011	0.293040293040293
-1.95360195360195	-0.610500610500611	2.17338217338217
-1.31868131868132	-0.561660561660562	3.17460317460317
-0.0976800976800977	0.0244200244200244	4.54212454212454
-0.561660561660562	-1.53846153846154	4.54212454212454
0.854700854700855	0.854700854700855	5.90964590964591
-0.659340659340659	0.683760683760684	6.34920634920635
0.610500610500611	0.854700854700855	6.2026862026862
1.36752136752137	0.903540903540904	5.27472527472527
1.12332112332112	-0.537240537240537	4.78632478632479
2.24664224664225	-0.976800976800977	4.24908424908425
2.44200244200244	-1.75824175824176	5.1037851037851
2.85714285714286	-0.708180708180708	5.95848595848596
1.24542124542125	-0.537240537240537	5.86080586080586
-1.53846153846154	-1.14774114774115	4.07814407814408
0.244200244200244	0.903540903540904	5.34798534798535
-0.659340659340659	-0.927960927960928	1.85592185592186
-0.0244200244200244	-1.36752136752137	1.39194139194139
0.366300366300366	-1.68498168498168	1.05006105006105
-0.0976800976800977	-1.9047619047619	0.781440781440781
-0.341880341880342	-0.854700854700855	2.002442002442
-0.43956043956044	0.21978021978022	4.004884004884
-0.0488400488400488	0.415140415140415	3.49206349206349
0.244200244200244	1.12332112332112	3.71184371184371
0.341880341880342	0.317460317460317	3.98046398046398
0.122100122100122	0.21978021978022	2.61294261294261
-0.317460317460317	-0.317460317460317	1.12332112332112
-0.317460317460317	-0.341880341880342	3.2967032967033
-0.0244200244200244	1.17216117216117	3.003663003663
-0.244200244200244	1.41636141636142	4.34676434676435
0.122100122100122	1.1965811965812	3.32112332112332
-0.903540903540904	0.317460317460317	1.63614163614164
-1.51404151404151	-0.293040293040293	0.317460317460317
-2.002442002442	-1.001221001221	-0.195360195360195
-0.879120879120879	-1.1965811965812	-0.659340659340659
-1.12332112332112	-0.83028083028083	-1.70940170940171
-2.1001221001221	-1.31868131868132	-2.53968253968254
-2.90598290598291	-1.78266178266178	-4.004884004884
-2.71062271062271	-2.1001221001221	-4.93284493284493
-3.27228327228327	-2.68620268620269	-5.00610500610501
-2.17338217338217	-1.68498168498168	-3.78510378510378
-1.36752136752137	-0.879120879120879	-2.1001221001221
-0.805860805860806	-1.83150183150183	-1.92918192918193
-1.14774114774115	-1.68498168498168	-2.24664224664225
-1.07448107448107	-0.21978021978022	-0.341880341880342
0.708180708180708	1.29426129426129	0.122100122100122
-0.537240537240537	1.80708180708181	2.12454212454212
-1.31868131868132	1.44078144078144	2.66178266178266
0.366300366300366	2.24664224664225	2.90598290598291
0.683760683760684	0.903540903540904	2.66178266178266
-0.0976800976800977	0.21978021978022	0.83028083028083
-0.537240537240537	-1.29426129426129	-0.610500610500611
-0.170940170940171	-0.390720390720391	0.244200244200244
-0.683760683760684	-0.0976800976800977	1.75824175824176
-0.927960927960928	-0.83028083028083	1.61172161172161
-1.68498168498168	-0.903540903540904	3.68742368742369
1.17216117216117	-1.12332112332112	2.14896214896215
0.512820512820513	-1.75824175824176	-0.170940170940171
-0.488400488400488	-1.58730158730159	-1.83150183150183
-1.12332112332112	-2.05128205128205	-2.80830280830281
-1.83150183150183	-1.78266178266178	-3.32112332112332
-2.88156288156288	-1.39194139194139	-1.61172161172161
-1.07448107448107	-0.927960927960928	0.170940170940171
-1.17216117216117	-0.610500610500611	0.488400488400488
-1.001221001221	-0.732600732600733	1.68498168498168
0.610500610500611	0.732600732600733	2.46642246642247
-1.29426129426129	0.43956043956044	2.56410256410256
-0.268620268620269	0.732600732600733	2.93040293040293
-0.879120879120879	0.659340659340659	3.12576312576313
-2.22222222222222	-0.586080586080586	2.83272283272283
-4.27350427350427	-1.44078144078144	1.05006105006105
-3.05250305250305	-2.1978021978022	0.463980463980464
-3.93162393162393	-2.53968253968254	-0.21978021978022
-3.34554334554335	-1.80708180708181	1.68498168498168
-1.88034188034188	-1.83150183150183	2.71062271062271
-0.708180708180708	-1.34310134310134	3.44322344322344
-1.07448107448107	-2.14896214896215	3.15018315018315
-0.708180708180708	-2.07570207570208	2.71062271062271
-1.70940170940171	-2.97924297924298	0.757020757020757
-2.24664224664225	-3.15018315018315	0.195360195360195
-0.537240537240537	-2.63736263736264	-1.39194139194139
-0.610500610500611	-2.22222222222222	-1.001221001221
-2.05128205128205	-1.63614163614164	-0.293040293040293
1.26984126984127	-0.390720390720391	0.634920634920635
0.903540903540904	-0.21978021978022	1.53846153846154
0.415140415140415	0.757020757020757	3.61416361416361
0.122100122100122	0.659340659340659	3.1990231990232
0.366300366300366	1.63614163614164	4.59096459096459
-0.903540903540904	1.88034188034188	3.27228327228327
0.21978021978022	1.70940170940171	3.32112332112332
0.879120879120879	3.17460317460317	2.14896214896215
1.22100122100122	2.58852258852259	2.36874236874237
1.63614163614164	1.58730158730159	1.78266178266178
1.44078144078144	1.68498168498168	2.12454212454212
1.56288156288156	0.293040293040293	1.39194139194139
-0.757020757020757	0.43956043956044	1.68498168498168
-0.366300366300366	0.390720390720391	1.66056166056166
0.903540903540904	0.0732600732600733	2.85714285714286
0.317460317460317	-1.05006105006105	0.879120879120879
0.757020757020757	-1.56288156288156	0.488400488400488
2.07570207570208	-0.366300366300366	0.0976800976800977
0.122100122100122	-0.903540903540904	-0.122100122100122
-1.53846153846154	-1.24542124542125	-2.49084249084249
-0.854700854700855	0.659340659340659	-1.51404151404151
-0.463980463980464	1.97802197802198	0.195360195360195
-0.659340659340659	2.31990231990232	0.415140415140415
1.83150183150183	2.80830280830281	1.48962148962149
1.53846153846154	2.85714285714286	1.61172161172161
1.001221001221	2.58852258852259	1.22100122100122
1.68498168498168	1.41636141636142	0.0732600732600733
2.75946275946276	1.97802197802198	0.488400488400488
1.92918192918193	1.88034188034188	0.854700854700855
0.415140415140415	1.02564102564103	-1.36752136752137
2.34432234432234	0.927960927960928	0.341880341880342
2.07570207570208	0.293040293040293	1.41636141636142
1.78266178266178	0.0976800976800977	1.92918192918193
1.61172161172161	-0.390720390720391	1.46520146520147
1.56288156288156	-0.293040293040293	0.976800976800977
0.463980463980464	0.21978021978022	-0.757020757020757
-1.56288156288156	-0.879120879120879	-1.22100122100122
-1.51404151404151	-1.48962148962149	-4.63980463980464
-0.683760683760684	-1.39194139194139	-4.54212454212454
-0.390720390720391	-1.78266178266178	-4.90842490842491
0.195360195360195	-1.46520146520147	-3.85836385836386
0.415140415140415	-2.12454212454212	-3.63858363858364
1.80708180708181	-0.244200244200244	-2.41758241758242
-0.268620268620269	-1.41636141636142	-1.44078144078144
0.366300366300366	-0.634920634920635	-0.903540903540904
0.268620268620269	0.781440781440781	-0.659340659340659
1.17216117216117	1.51404151404151	-0.366300366300366
1.44078144078144	3.2967032967033	0.21978021978022
2.73504273504274	3.54090354090354	1.17216117216117
3.61416361416361	4.05372405372405	1.36752136752137
3.83394383394383	4.27350427350427	2.97924297924298
2.66178266178266	3.17460317460317	3.07692307692308
2.14896214896215	3.1013431013431	1.46520146520147
-0.341880341880342	0.561660561660562	-0.293040293040293
1.1965811965812	1.97802197802198	-0.0488400488400488
2.41758241758242	2.61294261294261	-0.757020757020757
2.12454212454212	1.73382173382173	-0.781440781440781
3.34554334554335	3.76068376068376	0.854700854700855
3.36996336996337	3.27228327228327	1.001221001221
2.41758241758242	3.39438339438339	0.854700854700855
2.17338217338217	3.22344322344322	1.05006105006105
1.97802197802198	3.54090354090354	0.366300366300366
1.85592185592186	4.68864468864469	1.17216117216117
0.854700854700855	3.88278388278388	1.53846153846154
0.0976800976800977	3.58974358974359	1.83150183150183
0.732600732600733	3.61416361416361	3.76068376068376
0.634920634920635	2.27106227106227	3.12576312576313
1.66056166056166	3.15018315018315	3.24786324786325
0.634920634920635	2.66178266178266	3.41880341880342
0.879120879120879	2.51526251526252	1.14774114774115
-0.586080586080586	2.07570207570208	0.341880341880342
-1.80708180708181	1.12332112332112	0.976800976800977
-0.610500610500611	0.146520146520147	1.1965811965812
0.390720390720391	-0.0244200244200244	0.488400488400488
1.31868131868132	-1.14774114774115	-0.708180708180708
2.44200244200244	-0.903540903540904	-1.0989010989011
2.12454212454212	-2.14896214896215	-1.34310134310134
1.61172161172161	-1.31868131868132	-1.31868131868132
0.854700854700855	-0.903540903540904	1.17216117216117
0.463980463980464	-1.36752136752137	1.02564102564103
0.21978021978022	0.122100122100122	1.51404151404151
0.0732600732600733	-1.24542124542125	0.659340659340659
1.48962148962149	0.317460317460317	-0.952380952380952
-0.146520146520147	-0.732600732600733	-1.53846153846154
1.24542124542125	1.17216117216117	0.659340659340659
1.1965811965812	0.732600732600733	0.781440781440781
-0.415140415140415	-0.21978021978022	1.17216117216117
-0.463980463980464	0.634920634920635	1.51404151404151
-0.390720390720391	1.0989010989011	1.70940170940171
-0.244200244200244	1.83150183150183	0.0732600732600733
0.927960927960928	2.53968253968254	-1.58730158730159
2.22222222222222	2.80830280830281	-0.537240537240537
2.1001221001221	2.63736263736264	-2.46642246642247
1.26984126984127	0.122100122100122	-3.27228327228327
1.14774114774115	-0.757020757020757	-3.85836385836386
-0.757020757020757	-1.63614163614164	-6.3003663003663
-2.02686202686203	-2.2954822954823	-6.76434676434676
-1.97802197802198	-0.341880341880342	-5.90964590964591
-0.170940170940171	0.854700854700855	-2.80830280830281
0.366300366300366	1.26984126984127	-1.80708180708181
0.659340659340659	1.88034188034188	0.244200244200244
-0.0488400488400488	0.366300366300366	0.634920634920635
0.0244200244200244	0.244200244200244	-0.537240537240537
-0.463980463980464	0.293040293040293	-0.976800976800977
-1.58730158730159	0.317460317460317	-0.952380952380952
-1.0989010989011	1.12332112332112	-1.46520146520147
-2.49084249084249	1.22100122100122	-0.341880341880342
-0.43956043956044	3.51648351648352	1.07448107448107
-0.610500610500611	2.27106227106227	1.73382173382173
-0.317460317460317	2.41758241758242	1.83150183150183
0.610500610500611	3.32112332112332	1.48962148962149
1.02564102564103	1.83150183150183	1.44078144078144
0.317460317460317	2.002442002442	-0.366300366300366
-0.976800976800977	0.43956043956044	-2.14896214896215
-1.88034188034188	0.366300366300366	-2.1978021978022
-2.07570207570208	0.610500610500611	-3.15018315018315
-2.41758241758242	-0.512820512820513	-4.15140415140415
-1.41636141636142	1.24542124542125	-4.32234432234432
-2.46642246642247	0.244200244200244	-3.71184371184371
-0.659340659340659	1.07448107448107	-3.39438339438339
0.610500610500611	1.31868131868132	-3.2967032967033
1.29426129426129	1.66056166056166	-2.1001221001221
0.146520146520147	1.56288156288156	-2.58852258852259
-0.586080586080586	0.463980463980464	-2.17338217338217
-1.12332112332112	0.195360195360195	-0.952380952380952
0.244200244200244	0.512820512820513	-0.952380952380952
-0.244200244200244	0.0488400488400488	0.244200244200244
0.0732600732600733	0.634920634920635	-0.781440781440781
1.36752136752137	0.537240537240537	-1.39194139194139
1.0989010989011	0.586080586080586	-2.1001221001221
0.341880341880342	0.366300366300366	-2.07570207570208
-0.21978021978022	-0.0244200244200244	-0.512820512820513
0.415140415140415	1.39194139194139	0.21978021978022
1.73382173382173	1.34310134310134	1.70940170940171
1.53846153846154	1.73382173382173	2.46642246642247
1.95360195360195	1.85592185592186	1.22100122100122
3.34554334554335	1.85592185592186	0.268620268620269
2.27106227106227	1.56288156288156	-2.95482295482295
0.415140415140415	0.146520146520147	-4.85958485958486
-0.415140415140415	0.21978021978022	-4.24908424908425
0.390720390720391	1.02564102564103	-2.85714285714286
0.927960927960928	1.41636141636142	-1.48962148962149
1.31868131868132	1.14774114774115	-1.001221001221
0.708180708180708	0.0732600732600733	-0.0976800976800977
1.53846153846154	0.268620268620269	0.146520146520147
0.854700854700855	0.0488400488400488	0.0488400488400488
0.122100122100122	-0.512820512820513	0.415140415140415
1.02564102564103	0.976800976800977	1.22100122100122
0.268620268620269	0.146520146520147	1.14774114774115
1.0989010989011	0.146520146520147	0.366300366300366
1.02564102564103	-0.195360195360195	0.21978021978022
0.488400488400488	-1.001221001221	0.488400488400488
0.976800976800977	-0.390720390720391	0.805860805860806
0	-0.683760683760684	0.976800976800977
0.952380952380952	-0.83028083028083	-0.122100122100122
-1.85592185592186	-1.88034188034188	-1.95360195360195
-0.732600732600733	-2.88156288156288	-2.88156288156288
0.463980463980464	-2.49084249084249	-5.34798534798535
0.537240537240537	-3.1013431013431	-4.3956043956044
1.97802197802198	-2.36874236874237	-4.49328449328449
1.14774114774115	-2.24664224664225	-5.59218559218559
0.0488400488400488	-1.80708180708181	-3.95604395604396
0.952380952380952	-0.757020757020757	-2.83272283272283
-1.0989010989011	-1.51404151404151	-3.02808302808303
0.0244200244200244	-0.903540903540904	-3.02808302808303
-0.708180708180708	-1.44078144078144	-2.2954822954823
0.146520146520147	-1.63614163614164	-1.51404151404151
0.21978021978022	0.43956043956044	-1.75824175824176
-0.195360195360195	-1.14774114774115	0
-0.708180708180708	-0.488400488400488	0.757020757020757
-1.36752136752137	0.512820512820513	1.63614163614164
-1.73382173382173	0.146520146520147	1.75824175824176
-2.05128205128205	0.146520146520147	0.927960927960928
-2.73504273504274	-0.757020757020757	-0.879120879120879
-1.48962148962149	-0.244200244200244	-2.05128205128205
-0.170940170940171	-0.683760683760684	-1.39194139194139
2.12454212454212	-1.73382173382173	-1.22100122100122
0.781440781440781	-2.85714285714286	-4.51770451770452
0.927960927960928	-2.51526251526252	-3.58974358974359
-0.927960927960928	-3.63858363858364	-4.71306471306471
-0.0488400488400488	-2.07570207570208	-5.3968253968254
0.390720390720391	-1.44078144078144	-5.49450549450549
1.92918192918193	0.854700854700855	-2.83272283272283
2.2954822954823	0.854700854700855	-1.56288156288156
2.88156288156288	1.001221001221	-0.43956043956044
3.07692307692308	1.001221001221	-0.732600732600733
1.66056166056166	0.195360195360195	0.341880341880342
1.12332112332112	-0.0488400488400488	-0.170940170940171
0.610500610500611	-0.903540903540904	-0.43956043956044
-0.195360195360195	-0.390720390720391	-1.36752136752137
-1.51404151404151	-0.268620268620269	-1.24542124542125
-1.24542124542125	-0.537240537240537	-1.85592185592186
-1.07448107448107	-0.390720390720391	-2.1001221001221
-0.0976800976800977	-0.952380952380952	-1.63614163614164
0	-1.001221001221	-2.36874236874237
0.537240537240537	-2.44200244200244	-2.66178266178266
0.586080586080586	-2.51526251526252	-2.22222222222222
0.463980463980464	-2.58852258852259	-3.78510378510378
-0.634920634920635	-4.004884004884	-4.85958485958486
-0.634920634920635	-3.58974358974359	-4.44444444444444
-0.512820512820513	-3.71184371184371	-6.47130647130647
-1.83150183150183	-3.73626373626374	-6.08058608058608
-0.0488400488400488	-1.70940170940171	-3.2967032967033
0.43956043956044	-1.41636141636142	-1.85592185592186
1.44078144078144	0.415140415140415	-0.732600732600733
1.36752136752137	1.73382173382173	0.83028083028083
3.32112332112332	2.36874236874237	2.14896214896215
3.49206349206349	2.93040293040293	1.75824175824176
1.41636141636142	1.31868131868132	0.43956043956044
1.9047619047619	1.34310134310134	0.122100122100122
1.58730158730159	0.708180708180708	0.43956043956044
1.001221001221	0.122100122100122	1.05006105006105
0.195360195360195	0.195360195360195	-0.805860805860806
0.415140415140415	-0.537240537240537	-0.195360195360195
0.683760683760684	-0.0976800976800977	-0.634920634920635
-1.05006105006105	-1.73382173382173	-3.78510378510378
-0.634920634920635	-2.78388278388278	-2.83272283272283
-1.61172161172161	-3.003663003663	-6.03174603174603
-2.1001221001221	-4.34676434676435	-6.42246642246642
-0.732600732600733	-3.58974358974359	-4.54212454212454
0.781440781440781	-2.07570207570208	-3.003663003663
0.537240537240537	-1.51404151404151	-2.27106227106227
1.0989010989011	0.610500610500611	-0.463980463980464
1.24542124542125	1.02564102564103	0.903540903540904
0.586080586080586	1.41636141636142	1.07448107448107
-0.488400488400488	1.0989010989011	1.26984126984127
-0.170940170940171	1.34310134310134	1.80708180708181
0.610500610500611	1.46520146520147	0.879120879120879
-0.512820512820513	0.659340659340659	0.463980463980464
0.708180708180708	1.001221001221	0.488400488400488
0.268620268620269	0.561660561660562	-1.36752136752137
1.41636141636142	0.757020757020757	-0.634920634920635
1.05006105006105	1.07448107448107	-0.146520146520147
0.781440781440781	0.976800976800977	0.659340659340659
0.952380952380952	0.463980463980464	-0.537240537240537
0.390720390720391	0.390720390720391	-0.634920634920635
1.12332112332112	-0.170940170940171	-2.002442002442
0.561660561660562	0.634920634920635	-3.17460317460317
2.07570207570208	-0.757020757020757	-3.46764346764347
0.561660561660562	-0.854700854700855	-2.66178266178266
0.195360195360195	-0.293040293040293	-2.61294261294261
-0.0488400488400488	-0.561660561660562	-1.61172161172161
1.02564102564103	0.512820512820513	-0.488400488400488
0.732600732600733	1.02564102564103	0.708180708180708
0.244200244200244	2.002442002442	1.58730158730159
0.708180708180708	2.53968253968254	0.463980463980464
0.415140415140415	1.41636141636142	1.48962148962149
1.39194139194139	2.93040293040293	1.29426129426129
1.001221001221	3.12576312576313	1.80708180708181
1.78266178266178	3.1990231990232	1.56288156288156
1.22100122100122	2.95482295482295	2.05128205128205
2.14896214896215	2.61294261294261	3.12576312576313
1.56288156288156	2.61294261294261	2.93040293040293
0.512820512820513	1.26984126984127	2.24664224664225
1.53846153846154	0.757020757020757	1.51404151404151
0.854700854700855	0.0976800976800977	-0.244200244200244
0.732600732600733	-1.29426129426129	-1.22100122100122
-0.268620268620269	-1.39194139194139	-3.83394383394383
-2.71062271062271	-2.68620268620269	-5.2991452991453
-1.92918192918193	-2.12454212454212	-6.2026862026862
-0.0244200244200244	-1.001221001221	-5.27472527472527
0.0488400488400488	-0.610500610500611	-3.66300366300366
2.17338217338217	1.61172161172161	-2.53968253968254
3.02808302808303	1.61172161172161	-1.22100122100122
2.39316239316239	1.66056166056166	-0.83028083028083
2.27106227106227	1.34310134310134	-1.29426129426129
1.29426129426129	1.02564102564103	-0.976800976800977
0.586080586080586	1.34310134310134	-0.21978021978022
1.05006105006105	1.53846153846154	0.366300366300366
0.0732600732600733	2.1001221001221	2.75946275946276
-0.390720390720391	1.80708180708181	2.68620268620269
-0.0976800976800977	1.31868131868132	2.78388278388278
-0.195360195360195	1.56288156288156	2.05128205128205
-0.146520146520147	1.29426129426129	2.63736263736264
0.757020757020757	2.34432234432234	2.93040293040293
1.05006105006105	2.44200244200244	1.80708180708181
-1.46520146520147	0.0976800976800977	-1.58730158730159
-0.634920634920635	-0.0244200244200244	-3.61416361416361
-1.14774114774115	-2.2954822954823	-4.85958485958486
0.268620268620269	-1.70940170940171	-4.46886446886447
1.73382173382173	-0.415140415140415	-2.75946275946276
2.51526251526252	0.0732600732600733	0.146520146520147
3.46764346764347	2.27106227106227	1.29426129426129
2.39316239316239	1.73382173382173	2.49084249084249
3.003663003663	3.17460317460317	3.34554334554335
2.41758241758242	3.1990231990232	2.53968253968254
2.05128205128205	3.68742368742369	2.88156288156288
2.002442002442	4.32234432234432	3.07692307692308
1.88034188034188	3.98046398046398	2.2954822954823
2.22222222222222	3.80952380952381	2.36874236874237
0.512820512820513	2.73504273504274	1.61172161172161
-0.0244200244200244	2.66178266178266	1.95360195360195
1.001221001221	2.90598290598291	3.02808302808303
-0.43956043956044	1.39194139194139	1.31868131868132
0.976800976800977	1.14774114774115	1.39194139194139
1.63614163614164	1.07448107448107	1.68498168498168
1.17216117216117	0.244200244200244	1.80708180708181
0.854700854700855	0.463980463980464	1.58730158730159
1.22100122100122	0.463980463980464	1.07448107448107
1.39194139194139	1.29426129426129	0.952380952380952
0.903540903540904	1.29426129426129	0.390720390720391
1.48962148962149	1.22100122100122	-1.51404151404151
1.83150183150183	1.88034188034188	-3.02808302808303
1.51404151404151	2.17338217338217	-2.27106227106227
0.561660561660562	2.49084249084249	-3.54090354090354
1.61172161172161	3.05250305250305	-2.66178266178266
1.56288156288156	2.95482295482295	0.366300366300366
1.22100122100122	2.97924297924298	1.48962148962149
0.854700854700855	1.70940170940171	1.12332112332112
0.293040293040293	0.21978021978022	0.683760683760684
1.75824175824176	1.44078144078144	0.879120879120879
1.53846153846154	2.36874236874237	1.1965811965812
0.708180708180708	2.90598290598291	1.88034188034188
0.610500610500611	2.53968253968254	1.88034188034188
-0.879120879120879	1.53846153846154	1.31868131868132
0.488400488400488	1.78266178266178	1.53846153846154
-0.732600732600733	-0.244200244200244	0.488400488400488
-0.195360195360195	0.341880341880342	0.43956043956044
-0.903540903540904	-0.195360195360195	0.341880341880342
-0.293040293040293	0.341880341880342	0.415140415140415
0.317460317460317	0.146520146520147	1.51404151404151
0.512820512820513	-0.537240537240537	2.85714285714286
1.97802197802198	-0.268620268620269	3.15018315018315
0	-1.34310134310134	1.85592185592186
1.17216117216117	-0.415140415140415	0.586080586080586
-1.12332112332112	-0.512820512820513	-1.05006105006105
-0.781440781440781	-0.0732600732600733	-1.95360195360195
0.0732600732600733	2.002442002442	-1.80708180708181
0.586080586080586	2.05128205128205	-0.683760683760684
0.317460317460317	2.34432234432234	-1.97802197802198
-0.805860805860806	1.31868131868132	-2.56410256410256
-1.92918192918193	0.43956043956044	-1.97802197802198
-2.14896214896215	0.0732600732600733	-3.73626373626374
-2.34432234432234	-0.293040293040293	-2.41758241758242
0.659340659340659	1.34310134310134	0.268620268620269
0.708180708180708	1.68498168498168	1.44078144078144
-0.0976800976800977	1.0989010989011	-0.146520146520147
0.21978021978022	1.22100122100122	-0.561660561660562
-0.244200244200244	-0.561660561660562	-1.80708180708181
-1.26984126984127	-0.586080586080586	-2.83272283272283
-0.976800976800977	-0.757020757020757	-2.83272283272283
-2.44200244200244	-1.26984126984127	-2.39316239316239
-1.83150183150183	-0.268620268620269	-1.88034188034188
-3.27228327228327	-0.732600732600733	-1.73382173382173
-3.36996336996337	-1.29426129426129	-2.80830280830281
-3.56532356532357	-1.17216117216117	-1.24542124542125
-0.903540903540904	-1.07448107448107	0.122100122100122
-0.43956043956044	0.21978021978022	0.512820512820513
-0.0976800976800977	-0.757020757020757	1.46520146520147
0.561660561660562	0.537240537240537	-1.34310134310134
-1.1965811965812	0.781440781440781	-0.317460317460317
-1.51404151404151	0.586080586080586	-0.43956043956044
-2.05128205128205	1.48962148962149	-1.61172161172161
-2.88156288156288	-0.415140415140415	-0.659340659340659
-3.003663003663	-1.41636141636142	-1.48962148962149
-2.27106227106227	-1.53846153846154	-1.0989010989011
-1.17216117216117	-1.26984126984127	-0.952380952380952
-1.14774114774115	-1.14774114774115	-0.683760683760684
0.0488400488400488	-0.0488400488400488	1.1965811965812
1.001221001221	0.903540903540904	1.83150183150183
-0.781440781440781	-0.390720390720391	1.0989010989011
-1.29426129426129	-1.51404151404151	-0.293040293040293
-1.34310134310134	-0.170940170940171	-0.195360195360195
-3.003663003663	-2.14896214896215	-1.44078144078144
-2.83272283272283	-0.390720390720391	-2.63736263736264
-1.97802197802198	0.0732600732600733	-3.90720390720391
-1.92918192918193	-0.43956043956044	-4.22466422466422
-1.83150183150183	-0.463980463980464	-3.2967032967033
-2.83272283272283	-1.44078144078144	-3.78510378510378
-1.53846153846154	-0.634920634920635	-1.95360195360195
-1.63614163614164	-0.561660561660562	-1.95360195360195
-1.12332112332112	-0.781440781440781	-3.17460317460317
-1.61172161172161	-0.268620268620269	-6.37362637362637
-0.83028083028083	-0.781440781440781	-6.83760683760684
-1.24542124542125	0	-7.2039072039072
-1.46520146520147	-1.05006105006105	-6.3003663003663
-0.781440781440781	-0.659340659340659	-3.71184371184371
0.488400488400488	0.903540903540904	-2.1001221001221
-0.586080586080586	-0.146520146520147	-0.610500610500611
-0.0732600732600733	0.195360195360195	-0.195360195360195
-0.854700854700855	-0.683760683760684	-2.39316239316239
0.21978021978022	-0.0732600732600733	-0.0244200244200244
1.05006105006105	-0.0244200244200244	-0.561660561660562
2.41758241758242	-0.854700854700855	0.732600732600733
3.78510378510378	-0.170940170940171	0.561660561660562
2.80830280830281	-0.244200244200244	2.002442002442
0.512820512820513	-0.268620268620269	2.36874236874237
0.708180708180708	0.683760683760684	1.58730158730159
-0.683760683760684	-0.0488400488400488	1.46520146520147
0.903540903540904	1.36752136752137	2.12454212454212
1.88034188034188	1.1965811965812	1.95360195360195
3.76068376068376	1.46520146520147	1.29426129426129
5.12820512820513	2.34432234432234	1.02564102564103
3.36996336996337	0.732600732600733	0.757020757020757
2.51526251526252	0.195360195360195	-0.488400488400488
1.9047619047619	-0.83028083028083	-0.195360195360195
1.22100122100122	-2.51526251526252	-0.903540903540904
2.90598290598291	-1.78266178266178	-1.34310134310134
2.95482295482295	-1.36752136752137	-0.634920634920635
3.85836385836386	0.0732600732600733	-0.390720390720391
3.58974358974359	0.390720390720391	-0.195360195360195
1.1965811965812	-0.537240537240537	0.488400488400488
0.122100122100122	0.43956043956044	1.53846153846154
-1.1965811965812	-0.927960927960928	1.61172161172161
-1.001221001221	-0.195360195360195	2.83272283272283
-1.68498168498168	-1.26984126984127	0.927960927960928
-0.586080586080586	-2.24664224664225	0.586080586080586
0.366300366300366	-1.46520146520147	1.24542124542125
-2.1001221001221	-3.02808302808303	-0.512820512820513
-1.92918192918193	-3.32112332112332	-0.683760683760684
-2.22222222222222	-3.003663003663	-0.293040293040293
-2.39316239316239	-2.71062271062271	-0.146520146520147
-1.001221001221	-2.02686202686203	-0.610500610500611
-0.0732600732600733	-2.12454212454212	0.463980463980464
1.41636141636142	-1.51404151404151	-1.36752136752137
1.44078144078144	-0.586080586080586	-0.0976800976800977
-0.170940170940171	-1.41636141636142	-2.41758241758242
0.293040293040293	-0.634920634920635	-1.92918192918193
-0.463980463980464	-0.659340659340659	-1.39194139194139
1.66056166056166	0.0244200244200244	-1.83150183150183
2.02686202686203	0.268620268620269	-0.415140415140415
2.27106227106227	0.610500610500611	0.341880341880342
3.1990231990232	1.61172161172161	0.268620268620269
2.14896214896215	1.24542124542125	0.317460317460317
2.49084249084249	1.92918192918193	0.879120879120879
1.34310134310134	2.88156288156288	1.73382173382173
2.12454212454212	2.12454212454212	2.53968253968254
2.46642246642247	1.85592185592186	1.58730158730159
-0.244200244200244	-1.12332112332112	1.24542124542125
0.0732600732600733	-2.31990231990232	0.170940170940171
-1.39194139194139	-3.24786324786325	0.586080586080586
-0.561660561660562	-3.32112332112332	0.879120879120879
-0.146520146520147	-1.75824175824176	2.1978021978022
0	-1.97802197802198	1.75824175824176
1.22100122100122	-1.07448107448107	0.952380952380952
-0.146520146520147	-1.53846153846154	-0.21978021978022
-2.1001221001221	-3.76068376068376	-2.80830280830281
-2.02686202686203	-3.85836385836386	-4.44444444444444
-3.07692307692308	-4.85958485958486	-5.34798534798535
-3.02808302808303	-3.12576312576313	-5.25030525030525
-0.366300366300366	-1.63614163614164	-5.00610500610501
0.854700854700855	-0.244200244200244	-4.56654456654457
2.14896214896215	1.48962148962149	-4.37118437118437
1.85592185592186	1.001221001221	-3.41880341880342
0.0732600732600733	1.31868131868132	-1.63614163614164
-0.757020757020757	0.757020757020757	-2.56410256410256
-3.27228327228327	-0.537240537240537	-3.27228327228327
-1.66056166056166	0.21978021978022	-3.22344322344322
-2.58852258852259	-0.659340659340659	-3.68742368742369
-1.17216117216117	1.17216117216117	-3.71184371184371
0.659340659340659	1.02564102564103	-2.63736263736264
0.586080586080586	1.36752136752137	-0.268620268620269
-1.07448107448107	1.97802197802198	0.463980463980464
0.0976800976800977	1.31868131868132	1.63614163614164
-0.659340659340659	1.51404151404151	0.537240537240537
-0.537240537240537	1.22100122100122	1.39194139194139
1.07448107448107	0.805860805860806	1.36752136752137
1.95360195360195	1.73382173382173	0.43956043956044
1.0989010989011	0.879120879120879	-0.83028083028083
2.41758241758242	0.976800976800977	-0.659340659340659
1.001221001221	-0.244200244200244	-1.63614163614164
1.1965811965812	0	-0.659340659340659
3.22344322344322	0.952380952380952	0.683760683760684
4.02930402930403	1.41636141636142	2.07570207570208
3.1013431013431	1.1965811965812	1.14774114774115
3.2967032967033	1.36752136752137	0.952380952380952
3.41880341880342	1.17216117216117	0.83028083028083
