-0.0274662394140536	-3.22423132677195	-0.579842832074464
-1.37026016632334	-1.52437628747997	1.10322728313115
-0.572213321126116	-0.378423743038071	2.44144350347143
-0.218204013122759	0.999465934233616	1.39620050354772
-1.61745632104982	1.02845807583734	0.0198367284657053
-3.25932707713436	0.744640268558785	-1.0101472495613
-1.91958495460441	0.915541313801785	-1.09407186999313
-1.3321126115816	0.714122224765393	0.0900282291905089
-2.4933241779202	-0.271610589761196	-0.825513084611276
-2.88242923628595	-1.93942168307012	-0.787365529869535
-2.72831311512932	-3.76287479972534	-2.13321126115816
-2.91599908445869	-5.23689631494621	-3.3478294041352
-2.07370107576104	-5.65041580834669	-3.96887159533074
-0.428778515297169	-5.31013962005035	-4.23437857633326
1.0605020218204	-5.07515068284123	-1.8097199969482
0.100709544518196	-4.96223392080568	-1.15968566414893
1.06813153276875	-4.38544289311055	-1.57167925535973
1.49538414587625	-4.54718852521553	-2.60471503776608
-0.0289921416037232	-4.21454184786755	-4.80048828870069
2.91752498664836	-3.1967650873579	-4.06347753109026
3.59349965667201	-1.97909514000153	-2.18051422903792
1.78225375753414	-1.97451743343252	-2.38193331807431
-0.625619897764553	-2.65506981002518	-2.08285648889906
0.907911802853437	-1.4877546349279	0.659189745937285
2.11032272831312	-0.460822461280232	0.0961318379491875
1.20546272983902	0.97962920576791	-0.0228885328450446
3.76745250629435	2.79087510490578	2.52689402609293
3.59197375448234	2.06149385824369	4.12909132524605
2.70695048447395	2.1560997940032	4.89814602883955
1.83718623636225	0.859082932784008	5.13771267261769
0.831616693369955	-0.854505226215	5.78927290760662
0.343327992675669	-1.44350347142748	3.10521095597772
0.860608834973678	-1.27870603494316	2.09506370641642
-0.593575951781491	-0.76600289921416	0.958266575112535
-0.547798886091402	-0.485236896314946	0.0686655985351339
-0.379949645227741	-1.30312046997787	-0.720225833524071
-0.846875715266651	-0.729381246662089	-0.456244754711223
-0.422674906538491	-0.642404821850919	0.463874265659571
0.593575951781491	-0.524910353246357	-1.24361028458076
0.184634164950027	-0.764476997024491	-1.36568245975433
-0.201419089036393	0.0610360875867857	-0.117494468604562
0.158693827725643	0.527962157625696	-0.17242694743267
1.27565423056382	-0.0457770656900893	0.12664988174258
1.81277180132753	0.85145342183566	1.05897611963073
2.33920805676356	-0.108339055466545	1.58693827725643
1.67238879987793	-0.236514839398795	0.151064316777295
3.49736781872282	1.36873426413367	2.13931486991684
4.78828107118334	1.97604333562219	4.29388876173037
2.57267109178302	2.17746242465858	3.64995803768978
7.2281986724651	2.53757534142061	5.01869230182345
7.35027084763867	2.89158464942397	6.35538261997406
5.95559624628061	1.65102616922255	4.26031891355764
6.11581597619593	1.74715800717174	4.87525749599451
5.8960860608835	2.14389257648585	3.63775082017243
5.19111924925612	3.12962539101244	4.14740215152209
5.15144579232471	3.06706340123598	3.48210879682612
3.7094682230869	3.6392767223621	2.07827878233005
4.09857328145266	3.38902876325628	1.79140917067216
1.2664988174258	1.42061493858244	-1.81887541008621
0.871290150301366	0.205996795605402	-1.93331807431144
0.291447318226902	-0.308232242313268	-3.61791409170672
0.984206912336919	-0.89723048752575	-3.92919813839933
2.14694438086519	-1.45418478675517	-2.87785152971695
1.28023193713283	0.155642023346304	-2.36362249179828
-0.274662394140536	-0.29755092698558	-1.63576714732586
-2.69474326695659	-1.04219119554437	-1.23903257801175
-3.54924849317159	-0.782787823300526	-1.87685969329366
-4.89662012664988	-2.33310444800488	-1.64644846265354
-6.1020828564889	-3.29594872968643	-1.53200579842832
-4.91798275730526	-4.57465476462959	-2.04165712977798
-5.51308461127642	-3.99786373693446	-2.95109483482109
-4.73334859235523	-2.65354390783551	-1.4679179064622
-4.05737392233158	-2.64744029907683	-0.862134737163348
-3.71709773403525	-1.11238269626917	-0.871290150301366
-2.65201800564584	-0.550850690470741	-1.75326161593042
-1.83260852979324	-0.592050049591821	-2.35599298084993
-1.49538414587625	-2.56198977645533	-4.48310063324941
-3.09910734721904	-4.13824673838407	-6.41947051194018
-3.13725490196078	-3.77355611505303	-5.67330434119173
-0.701915007248035	-2.84885938811322	-2.31631952391852
-1.74105439841306	-2.77714198519875	-2.4429694056611
-1.76699473563745	-1.22377355611505	-0.822461280231937
-2.07370107576104	-0.279240100709545	0.247196154726482
-3.00144960708019	-0.903334096284428	-1.17341878385595
-3.11436636911574	-1.75020981155108	-2.4979018844892
-3.63012130922408	-2.36057068741894	-3.78118562600137
-1.43892576485847	-2.25070572976272	-3.30357824063478
-0.437933928435187	-2.02944991226062	-1.76241702906844
-1.71358815899901	-1.93179217212177	-3.03501945525292
-1.5030136568246	-1.64644846265354	-2.73899443045701
-3.60570687418936	-3.00450141145953	-2.47196154726482
-4.0863660639353	-2.61234454871443	-2.39566643778134
-3.38139925230793	-1.91653315022507	-0.816357671473259
-2.5787747005417	-2.10574502174411	-0.599679560540169
-1.94857709620813	-0.378423743038071	0.329594872968643
-2.2720683604181	-0.183108262760357	-0.328068970778973
-2.38956282902266	-0.842298008697642	-1.06355382619974
-2.78324559395743	-1.39009689478904	-1.71663996337835
-2.82444495307851	-1.32448310063325	-2.43839169909209
0.534065766384375	-1.38857099259937	-1.6433966582742
0.9399557488365	-0.444037537193866	-0.25482566567483
1.77615014877546	-0.381475547417411	-0.892652780956741
2.20798046845197	0.588998245212482	0.801098649576562
0.491340505073625	0.605783169298848	0.602731364919509
-0.12817578393225	-0.527962157625696	-1.9806210421912
-2.59555962462806	-0.735484855420768	-2.4124513618677
-2.1866178377966	0.0122072175173571	-2.51468680857557
-2.09964141298543	0.404364080262455	-3.5385671778439
-2.47196154726482	0.836194399938964	-4.52582589456016
-1.81124589913787	1.24208438239109	-3.48973830777447
-2.68711375600824	0.552376592660411	-4.36560616464485
-2.65812161440452	-0.17242694743267	-4.3778133821622
-1.73037308308537	-0.0457770656900893	-3.41191729610132
-2.66269932097353	-1.00556954299229	-4.31219958800641
-3.05943389028763	-1.31990539406424	-5.34981307698177
-2.88548104066529	-1.92111085679408	-5.9464408331426
-3.52788586251621	-1.85244525825895	-7.46623941405356
-4.80048828870069	-3.52788586251621	-5.75417715724422
-3.99023422598611	-3.34935530632486	-5.03852903028916
-4.06958113984894	-2.71610589761196	-1.93484397650111
-3.86053253986419	-1.32448310063325	1.39925230792706
-5.40169375143053	-1.21766994735637	0.909437705043107
-5.08430609597925	-0.677500572213321	1.2817578393225
-4.87678339818418	-0.059510185397116	0.0549324788281071
-4.06500343327993	-0.355535210193027	-0.886549172198062
-2.48111696040284	-0.0366216525520714	-0.209048599984741
-2.75730525673304	-0.279240100709545	-0.735484855420768
-2.52689402609293	-0.407415884641794	1.28480964370184
-2.48569466697185	-0.350957503624018	2.55283436331731
-3.60723277637903	0.0305180437933928	4.20538643472953
-2.00656137941558	0.671396963454643	3.39360646982528
-1.09254596780346	0.872816052491035	4.54566262302586
1.34279392690929	0.582894636453803	4.0161745632105
2.51010910200656	1.30312046997787	3.23033493553063
2.33768215457389	2.04013122758831	2.95109483482109
3.26085297932403	1.17799649042496	1.71358815899901
3.71862363622492	0.878919661249714	-0.624093995574884
3.01365682459754	1.51216906996262	-0.570687418936446
2.52536812390326	1.22377355611505	-1.6235599298085
3.54314488441291	0.825513084611276	0.192263675898375
2.45670252536812	0.453192950331884	1.64187075608453
3.30663004501411	0.793469138628214	3.22270542458228
4.00854505226215	0.932326237888151	4.05279621576257
3.27306019684138	1.21461814297704	2.2064545662623
2.73289082169833	0.645456626230259	1.04371709773404
3.82391088731212	1.87228198672465	1.61440451667048
3.26543068589303	1.48165102616922	1.22072175173571
2.70237277790494	2.76340886549172	1.65255207141222
2.64744029907683	2.32089723048753	0.950637064164187
3.93377584496834	2.09201190203708	0.737010757610437
3.52635996032654	2.15915159838254	-1.54573891813535
2.7695124742504	1.44655527580682	-2.99534599832151
3.02738994430457	0.0259403372243839	-2.50705729762722
2.04013122758831	-0.34027618829633	-1.879911497673
2.71152819104295	0.416571297779812	-2.89616235599298
1.67849240863661	-0.0152590218966964	-2.43076218814374
0.570687418936446	0.196841382467384	-2.2919050888838
1.62661173418784	0.743114366369116	-1.18715190356298
1.69680323491264	0.112916762035554	-1.92263675898375
3.08690012970169	-0.00915541313801785	-0.164797436484321
3.0609597924773	0.173952849622339	0.97962920576791
3.74761577782864	1.37636377508202	2.46433203631647
2.86106660563058	0.984206912336919	1.70748455024033
1.52895399404898	0.306706340123598	1.06355382619974
1.22529945830472	-0.360112916762036	1.24055848020142
1.78225375753414	-0.367742427710384	1.61440451667048
3.33867399099718	-0.515754940108339	1.8142977035172
3.7796597238117	0.76600289921416	3.15556572823682
4.15808346684978	2.48722056916152	3.45922026398108
4.89814602883955	3.13420309758144	3.90478370336461
3.8651102464332	4.43121995880064	2.6688029297322
2.03250171663996	3.79644464789807	2.905317769131
2.72220950637064	3.46227206836042	1.51216906996262
0.482185091935607	3.25169756618601	0.190737773708705
0.669871061264973	2.61997405966278	1.44045166704814
-0.7690547035935	1.94857709620813	0.318913557640955
0.660715648126955	1.38857099259937	0.502021820401312
-0.408941786831464	1.00862134737163	1.44350347142748
-1.44960708018616	0.244144350347143	2.38498512245365
-1.7441062027924	-1.39314869916838	0.72480354009308
-1.57778286411841	-2.12710765239948	1.19325551232166
-1.16884107728695	-1.89364461738003	0.653086137178607
-2.21255817502098	-2.52994583047227	0.677500572213321
-2.14847028305486	-2.06759746700237	-1.08339055466545
-1.8448157473106	-1.90432593270771	-2.59708552681773
-3.03501945525292	-1.37178606851301	-2.41397726405737
-2.79850461585412	-2.09201190203708	-3.14946211947814
-0.737010757610437	-2.15457389181353	-1.75326161593042
-0.98115510795758	-2.11032272831312	-1.50911726558328
-0.50965133134966	-2.3270008392462	-0.988784618905928
0.04272526131075	-1.99588006408789	-1.57167925535973
-1.10627908751049	-0.64087891966125	-2.25223163195239
-0.85297932402533	-0.242618448157473	-3.23338673990997
-0.440985732814527	1.25581750209812	-1.81124589913787
1.02235446707866	1.92568856336309	-0.106813153276875
1.8295567254139	2.55283436331731	1.6739147020676
3.20592050049592	2.99382009613184	3.95208667124437
3.54314488441291	3.2669565880827	5.68703746089876
2.24612802319371	3.22270542458228	4.68299382009613
3.3676661326009	3.53093766689555	5.81673914702068
3.40428778515297	3.91088731212329	5.03242542153048
1.7944609750515	3.55687800411994	3.59502555886168
3.43175402456703	2.86564431219959	3.86816205081254
2.96787975890745	2.77409018081941	3.40581368734264
3.59044785229267	2.96177615014878	4.04821850919356
3.63469901579309	3.10978866254673	4.01312275883116
3.3524071107042	3.39055466544594	2.42923628595407
4.40375371938659	3.48973830777447	3.1967650873579
3.70641641870756	2.18051422903792	2.3422598611429
3.6087586785687	2.00961318379492	2.74052033264668
1.95773250934615	0.314335851071946	1.62203402761883
1.76699473563745	-0.924696726939803	1.76699473563745
0.592050049591821	1.13984893568322	3.26848249027237
1.05287251087205	1.57778286411841	4.94239719233997
1.10017547875181	3.07774471656367	6.96574349584192
1.36263065537499	3.19829098954757	6.79026474402991
1.30769817654688	3.88647287708858	8.21850919356069
1.879911497673	3.13115129320211	7.13817044327459
0.729381246662089	1.87380788891432	4.80811779964904
1.57473105973907	1.58541237506676	3.93682764934768
-0.286869611657893	1.73647669184405	2.23086900129702
1.37178606851301	1.47859922178988	1.51522087434195
2.19729915312428	1.73037308308537	1.77462424658579
0.59662775616083	0.585946440833143	-0.543221179522393
1.83718623636225	-0.17242694743267	0.859082932784008
0.0183108262760357	-1.64644846265354	-0.689707789730678
-1.98367284657053	-2.53452353704128	-1.19172961013199
-1.96078431372549	-1.74258030060273	-1.17036697947662
-2.33005264362554	-1.14900434882124	-2.87174792095827
-1.10017547875181	-0.668345159075303	-2.16983291371023
-1.01319905394064	0.152590218966964	-1.5884641794461
0.305180437933928	0.0473029678797589	-0.546272983901732
0.744640268558785	-0.970473792629892	-1.32295719844358
1.18257419699397	0.115968566414893	0.0869764248111696
2.12558175020981	-0.0335698481727321	-0.552376592660411
2.42618448157473	0.962844281681544	-0.189211871519036
3.01976043335622	1.24055848020142	-0.364690623331044
2.15304798962387	0.856031128404669	0.283817807278553
0.657663843747616	-0.146486610208286	-0.773632410162509
0.996414129854276	0.482185091935607	1.39009689478904
1.97604333562219	0.34027618829633	1.879911497673
0.311284046692607	0.93690394445716	1.38551918822004
2.43991760128176	1.95620660715648	2.21103227283131
3.93682764934768	2.59098191805905	1.45876249332418
4.22369726100557	3.11284046692607	1.5732051575494
6.41489280537118	3.21049820706493	0.689707789730678
4.66315709163043	1.82040131227588	0.930800335698482
4.74402990768292	1.91042954146639	1.34126802471962
4.44037537193866	2.06454566262303	1.3870450904097
5.37880521858549	1.65255207141222	2.27359426260777
3.33562218661784	2.44754711223011	2.12558175020981
3.85595483329519	3.01518272678721	2.97703517204547
3.07011520561532	3.0960555428397	4.60517280842298
0.576791027695125	1.96231021591516	3.73235675593194
0.0671396963454643	0.701915007248035	3.49126420996414
0.0793469138628214	-0.512703135729	2.74357213702602
-0.610360875867857	-1.37026016632334	1.77157244220645
0.152590218966964	-1.62050812542916	2.12405584802014
-0.947585259784848	-0.370794232089723	0.761425192645151
-1.32753490501259	0.500495918211643	2.03860532539864
-3.10215915159838	1.83108262760357	2.19424734874495
-2.17898832684825	1.85091935606928	1.36415655756466
-1.24513618677043	1.05134660868238	1.91958495460441
-0.558480201419089	0.364690623331044	0.419623102159152
0.286869611657893	-0.512703135729	0.529488059815366
1.33821622034028	-0.630197604333562	0.170901045243
3.62096589608606	0.775158312352178	-0.364690623331044
4.69825284199283	0.483710994125277	-0.270084687571527
4.62348363469902	0.770580605783169	-1.42977035172045
4.86915388723583	0.843823910887312	-0.177004654001679
4.272526131075	0.958266575112535	0.657663843747616
4.40070191500725	2.06454566262303	1.51369497215228
3.97650110627909	2.7695124742504	3.31883726253147
3.3829251544976	2.91599908445869	2.96025024795911
3.31273365377279	3.64080262455177	3.03196765087358
2.25223163195239	3.70641641870756	1.79598687724117
1.12764171816587	1.73952849622339	0.610360875867857
0.0625619897764553	1.06355382619974	0.502021820401312
-0.445563439383536	0.573739223315785	0.453192950331884
0.959792477302205	-0.668345159075303	0.437933928435187
1.46944380865187	-0.949111161974517	-1.86923018234531
0.328068970778973	0.303654535744259	-1.58388647287709
0.12970168612192	1.51522087434195	-1.13984893568322
1.86007476920729	2.47501335164416	-0.683604180972
3.1815060654612	3.2120241092546	0.0167849240863661
3.30357824063478	2.71305409323262	0.323491264209964
3.73693446250095	1.05287251087205	0.505073624780652
4.17639429312581	0.686655985351339	0.827038986800946
2.12558175020981	-0.376897840848402	0.442511635004196
2.30411230640116	-0.404364080262455	1.59761959258412
1.07270923933776	0.81025406271458	2.7847714961471
0.906385900663767	1.94247348744945	3.30663004501411
1.48928053711757	1.17494468604562	3.62706950484474
-0.273136491950866	1.02998397802701	2.60318913557641
0.474555580987259	0.854505226215	4.08026245517662
2.67185473411154	-0.193789578088045	2.99229419394217
2.16678110933089	-0.389105058365759	3.16624704356451
1.40993362325475	0.323491264209964	3.17845426108186
1.23445487144274	0.399786373693446	0.2563515678645
1.85854886701762	1.70138094148165	2.25528343633173
-0.12970168612192	-0.381475547417411	-0.00152590218966964
0.929274433508812	-1.02693217364767	0.415045395590143
1.879911497673	-1.025406271458	0.473029678797589
2.31631952391852	-1.80819409475853	-0.401312275883116
1.57015335317006	-2.72220950637064	-0.477607385366598
0.4272526131075	-2.734416723888	-0.604257267109178
-0.830090791180285	-2.2568093385214	-2.65201800564584
2.13168535896849	-1.96688792248417	-2.08285648889906
1.03761348897536	-2.14389257648585	-1.64034485389487
0.401312275883116	-2.87937743190661	-1.12153810940719
-0.369268329900053	-2.80918593118181	-0.0228885328450446
0.0350957503624018	-3.14946211947814	-1.3870450904097
-1.51369497215228	-2.91447318226902	-1.78683146410315
-1.78530556191348	-0.462348363469902	-2.35904478522927
-1.78072785534447	0.395208667124437	-4.44647898069734
0.502021820401312	3.91699092088197	-3.27611200122072
0.796520943007553	4.14740215152209	-2.27512016479744
0.854505226215	3.4378576333257	-1.44502937361715
-1.74563210498207	1.02693217364767	-2.7496757457847
-0.941481651026169	-0.865186541542687	-1.66018158236057
-2.1560997940032	-2.39871824216068	-4.57465476462959
-3.59197375448234	-3.54467078660258	-6.76585030899519
0.994888227664607	-1.71206225680934	-5.37880521858549
2.36514839398795	0.157167925535973	-4.63874265659571
5.07972838941024	2.18814373998627	-2.38345922026398
5.21095597772183	1.97756923781186	-0.447089341573205
4.47241931792172	1.1261158159762	0.89723048752575
2.79545281147478	-0.117494468604562	0.752269779507134
0.585946440833143	-0.885023270008392	-0.93842984664683
0.428778515297169	-1.0101472495613	-1.43587396047913
-1.94552529182879	-0.184634164950027	-2.26596475165942
-1.13527122911421	1.58388647287709	-1.40688181887541
-1.6083009079118	3.51567864499886	0.109864957656214
-1.39772640573739	2.87327382314794	0.622568093385214
-0.592050049591821	3.10673685816739	1.37636377508202
-0.465400167849241	2.03250171663996	0.0854505226215
-0.170901045243	1.21461814297704	-0.837720302128634
1.03761348897536	1.68612191958495	-1.73800259403372
-0.880445563439384	1.3015945677882	-2.16525520714122
-1.23903257801175	1.33669031815061	-1.88601510643168
-1.84634164950027	0.650034332799268	-2.44449530785077
-2.37125200274662	0.0762951094834821	-2.74204623483635
-1.37026016632334	-0.440985732814527	-0.825513084611276
-2.44449530785077	-1.40993362325475	-1.42214084077211
-2.2919050888838	-1.31074998092622	-1.13527122911421
-1.64797436484321	0.21515220874342	-0.242618448157473
-1.67238879987793	0.183108262760357	-1.61593041886015
-0.89723048752575	-0.0259403372243839	-0.302128633554589
-1.08644235904479	0.437933928435187	-1.21919584954604
0.575265125505455	-0.337224383916991	-3.06706340123598
1.51522087434195	-0.460822461280232	-2.29037918669413
0.526436255436027	-0.752269779507134	-1.87380788891432
0.120546272983902	-0.917067215991455	-2.23392080567636
-1.52132448310063	-0.0823987182421607	-1.54573891813535
-4.53040360112917	0.123598077363241	-1.52437628747997
-4.56855115587091	-1.24818799114977	-1.91348134584573
-5.16823071641108	-1.68001831082628	-2.30106050202182
-4.05279621576257	-2.45670252536812	-3.35393301289387
-5.3482871747921	-2.98161287861448	-4.75165941863127
-3.13878080415045	-3.30815594720378	-3.74303807125963
-2.41397726405737	-2.11947814145113	-2.64591439688716
-3.47295338368811	-1.17189288166629	-2.8198672465095
-3.29442282749676	-1.27412832837415	-2.29343099107347
-3.25322346837568	-0.686655985351339	-2.36209658960861
-2.98008697642481	-0.947585259784848	-2.50247959105821
-1.61287861448081	-1.09407186999313	-2.92362859540703
-1.76852063782712	-1.62813763637751	-3.5233081559472
0.146486610208286	-1.67849240863661	-3.06858930342565
1.46028839551385	-0.4272526131075	-3.61028458075837
2.28274967574578	-0.502021820401312	-3.08537422751202
2.20187685969329	-0.889600976577401	-3.56755931944762
2.92210269321736	0.0747692072938125	-2.1362630655375
0.532539864194705	-0.239566643778134	-3.23491264209964
-1.79140917067216	-0.952162966353857	-2.5833524071107
-1.37636377508202	-1.69069962615396	-2.60776684214542
-3.1616693369955	-0.663767452506294	-4.35492484931716
-1.58693827725643	0.323491264209964	-4.06347753109026
0.131227588311589	1.08339055466545	-3.89868009460594
-0.0289921416037232	1.04676890211337	-3.85290302891585
1.28023193713283	0.791943236438544	-1.59914549477379
-1.62203402761883	0.38452735179675	-1.04219119554437
-4.09552147707332	-1.08949416342412	-1.38094148165103
-3.54161898222324	-0.46997787441825	0.318913557640955
-4.46173800259403	-1.43434805828946	-1.67086289768826
-2.392614633402	0.633249408712901	-1.78225375753414
-1.63729304951553	1.34889753566796	-3.21049820706493
-0.315861753261616	1.91805905241474	-2.19424734874495
-0.177004654001679	2.11642633707179	0.302128633554589
-0.390630960555428	2.88242923628595	-0.294499122606241
-0.636301213092241	2.35904478522927	1.02388036926833
-2.11337453269245	2.48569466697185	0.819409475852598
-0.523384451056687	2.9755092698558	0.0488288700694285
1.20393682764935	3.07011520561532	-1.16426337071794
0.00305180437933928	3.88494697489891	-2.06912336919203
3.08079652094301	3.74151216906996	-0.875867856870375
3.17692835889219	3.97650110627909	-0.701915007248035
3.83611810482948	4.76386663614862	-1.24208438239109
4.75623712520027	4.72419317921721	1.13984893568322
2.40939955748836	3.48516060120546	-0.184634164950027
2.69779507133593	3.00907911802853	1.22224765392538
1.29549095902953	2.38651102464332	0.827038986800946
0.296025024795911	1.66933699549859	1.0605020218204
0.396734569314107	1.1261158159762	0.714122224765393
-1.56252384222171	0.700389105058366	-0.418097199969482
-1.32143129625391	-0.604257267109178	-2.31937132829786
-3.50652323186084	0.248722056916152	-0.857557030594339
-3.72930495155261	-0.762951094834821	-2.1713588158999
-2.60776684214542	-1.12306401159686	-1.85091935606928
-2.43839169909209	0.854505226215	0.309758144502937
0.943007553215839	2.10727092393378	1.99893186846723
2.94804303044175	3.16014343480583	2.93583581292439
3.13115129320211	4.30151827267872	1.29243915465019
2.89616235599298	4.30914778362707	1.49233234149691
1.72274357213703	3.56298161287861	0.122072175173571
0.770580605783169	2.80766002899214	-0.495918211642634
-0.199893186846723	2.66269932097353	-0.0946059357595178
-1.32295719844358	2.45212481879912	0.990310521095598
-1.56099794003204	3.25017166399634	3.23796444647898
-0.746166170748455	4.67383840695811	5.29488059815366
-1.06355382619974	3.59960326543069	5.69314106965744
-1.42061493858244	2.95872434576944	5.21858548867018
-0.677500572213321	2.57267109178302	3.99328603036545
0.987258716716259	0.949111161974517	3.39818417639429
0.2563515678645	0.999465934233616	1.83108262760357
0.0869764248111696	1.35347524223697	1.88906691081102
-1.41603723201343	1.7792019531548	1.32143129625391
-2.05233844510567	1.08186465247578	-0.155642023346304
-3.03654535744259	0.38452735179675	-0.959792477302205
-5.09956511787594	-0.421149004348821	-3.20744640268559
-3.16319523918517	-0.259403372243839	-4.09246967269398
-1.30312046997787	-1.1108567940795	-3.88494697489891
1.03608758678569	0.46997787441825	-3.85290302891585
2.61997405966278	2.44602121004044	-1.67086289768826
3.44396124208438	4.73792629892424	-0.100709544518196
4.94544899671931	5.2124818799115	1.68612191958495
2.88548104066529	4.70435645075151	2.77409018081941
1.31074998092622	4.22522316319524	1.78530556191348
-0.439459830624857	4.49073014419776	2.02029449912261
-2.29037918669413	3.26237888151369	1.16426337071794
-1.86770428015564	3.01823453116655	1.59304188601511
-3.16777294575418	3.43175402456703	2.221713588159
-3.33867399099718	3.36156252384222	3.89105058365759
-3.42107270923934	2.55741206988632	3.16777294575418
-3.67742427710384	3.1464103150988	2.18204013122759
-3.78728923476005	2.21103227283131	0.926222629129473
-2.91294728007935	2.4979018844892	-1.78530556191348
-3.01670862897688	2.32394903486687	-0.845349813076982
-3.02891584649424	1.06355382619974	-1.21766994735637
-1.76394293125811	1.51522087434195	-0.794995040817884
-2.22018768596933	0.68055237659266	1.35347524223697
-2.93430991073472	0.415045395590143	0.689707789730678
-2.50705729762722	-0.389105058365759	0.393682764934768
0.021362630655375	-0.238040741588464	1.85244525825895
-1.82040131227588	-0.474555580987259	0.524910353246357
-0.973525597009232	0.587472343022812	0.312809948882277
1.05134660868238	1.52895399404898	1.94399938963912
2.43686579690242	3.52788586251621	2.83817807278553
0.799572747386893	2.06301976043336	1.1612115663386
0.494392309452964	1.78072785534447	0.569161516746777
-1.01167315175097	0.643930724040589	0.379949645227741
-3.4683756771191	0.431830319676509	0.538643472953384
-4.73182269016556	0.152590218966964	0.17242694743267
-4.90730144197757	1.87685969329366	2.98771648737316
-5.00343327992676	3.08232242313268	2.79697871366445
-3.19066147859922	2.94804303044175	3.13725490196078
-1.80514229037919	3.83764400701915	3.52483405813687
-1.13832303349355	2.82749675745785	3.36308842603189
-0.560006103608759	1.43282215609979	2.89463645380331
-0.775158312352178	0.72327763790341	2.65201800564584
-1.49385824368658	-0.459296559090562	2.06912336919203
-2.67338063630121	-0.534065766384375	1.43434805828946
-3.66369115739681	-0.988784618905928	1.97604333562219
-3.95513847562371	-0.0686655985351339	2.57572289616236
-2.86564431219959	2.31937132829786	4.55329213397421
-0.892652780956741	3.12962539101244	3.91393911650263
-0.0793469138628214	4.17639429312581	5.19417105363546
0.379949645227741	3.74303807125963	4.98054474708171
-0.0183108262760357	3.11589227130541	3.90783550774395
-2.49027237354086	1.92111085679408	2.88242923628595
-2.36820019836728	0.218204013122759	2.47501335164416
-5.90981918059052	-0.102235446707866	1.49538414587625
-5.77706569008927	-0.514229037918669	-1.2664988174258
-5.2323186083772	-0.607309071488518	-1.78225375753414
-4.59143968871595	-1.63424124513619	-1.8142977035172
-2.11947814145113	-0.627145799954223	-1.2466620889601
-3.19066147859922	-0.72632944228275	-0.921644922560464
-2.26901655603876	-1.12001220721752	0.695811398489357
-3.10063324940871	-1.57625696192874	-0.0610360875867857
-3.49279011215381	-2.47196154726482	-1.54268711375601
-3.74303807125963	-3.17540245670253	-0.546272983901732
-4.85847257190814	-3.32799267566949	0.704966811627375
-3.23033493553063	-2.60624093995575	0.892652780956741
-3.16472114137484	-2.1011673151751	2.30869001297017
-3.36461432822156	-1.3321126115816	2.92820630197604
-2.74052033264668	0.119020370794232	4.19165331502251
-2.44907301441978	0.694285496299687	3.60723277637903
-1.16731517509728	2.40177004654002	4.52735179674983
-0.85145342183566	2.95414663920043	4.40527962157626
-0.328068970778973	5.15602349889372	4.43121995880064
0.134279392690929	4.61890592813001	5.6046387426566
-1.367208361944	3.98565651941711	4.06195162890059
-2.79545281147478	4.06500343327993	3.58129243915465
-3.37071793698024	2.4933241779202	2.74357213702602
-5.70382238498512	1.67696650644694	1.70443274586099
-6.67124437323568	1.19783321889067	0.581368734264134
-5.86709391927977	1.52895399404898	-0.448615243762875
-7.16716258487831	0.271610589761196	-1.56557564660105
-7.62035553521019	-0.138857099259937	-0.489814602883955
-6.47592889295796	-0.102235446707866	-0.193789578088045
-5.46730754558633	-1.04829480430304	1.30769817654688
-4.78217746242466	-1.10780498970016	1.48470283054856
-3.02738994430457	-0.442511635004196	3.23796444647898
-2.69016556038758	-0.0442511635004196	3.79644464789807
-3.53398947127489	0.209048599984741	2.12710765239948
-3.02433813992523	0.912489509422446	1.94399938963912
-3.3478294041352	0.613412680247196	2.93278400854505
-2.73289082169833	0.0900282291905089	1.49843595025559
-3.01213092240787	-1.10017547875181	0.732433051041428
-1.96688792248417	-1.37331197070268	1.35957885099565
-1.77462424658579	-2.14236667429618	0.112916762035554
-2.98771648737316	-2.04623483634699	-0.576791027695125
-1.7593652246891	-2.20340276188296	0.186160067139696
-1.70901045243	-2.33615625238422	1.30769817654688
-1.3870450904097	-2.36057068741894	1.40077821011673
-0.457770656900893	-3.13725490196078	2.61539635309377
-1.61898222323949	-3.64538033112078	3.0106050202182
-2.25528343633173	-1.20393682764935	3.64843213550011
-2.10269321736477	-0.883497367818723	3.56298161287861
-0.454718852521553	0.100709544518196	4.28778515297169
-0.971999694819562	0.891126878767071	4.15808346684978
-0.541695277332723	1.14900434882124	1.53658350499733
-0.0167849240863661	1.38399328603037	3.31273365377279
0.0366216525520714	2.55283436331731	2.43076218814374
-0.201419089036393	2.9404135194934	1.66475928892958
0.947585259784848	2.87632562752728	2.01419089036393
1.4679179064622	2.86259250782025	-0.100709544518196
0.550850690470741	1.33516441596094	0.0732433051041428
0.209048599984741	0.521858548867018	0.106813153276875
-0.170901045243	0.216678110933089	-0.556954299229419
-0.379949645227741	1.03150988021668	0.967421988250553
-1.98214694438087	1.06813153276875	-0.190737773708705
-0.221255817502098	-0.466926070038911	-0.987258716716259
2.85343709468223	-0.178530556191348	-0.671396963454643
1.99740596627756	-0.248722056916152	-0.38452735179675
2.35294117647059	-1.42061493858244	0.463874265659571
1.8646524757763	-1.47707331960021	1.96993972686351
2.62302586404211	0.486762798504616	3.15861753261616
0.00915541313801785	0.219729915312428	4.33661402304112
0.346379797055009	0.688181887541009	3.91241321431296
2.50247959105821	1.79598687724117	3.52941176470588
3.77203021286336	2.48722056916152	3.3325703822385
3.02433813992523	1.83871213855192	2.58640421149004
3.4378576333257	2.28427557793545	1.46639200427253
2.16525520714122	2.60318913557641	0.0366216525520714
2.2369726100557	3.07774471656367	2.29495689326314
0.994888227664607	3.78881513694972	2.25070572976272
0.100709544518196	3.30815594720378	1.84176394293126
-0.239566643778134	3.85137712672618	3.37987335011826
-1.05439841306172	2.82749675745785	1.91348134584573
-2.3773556115053	2.33310444800488	1.55489433127337
-3.55992980849927	1.47707331960021	-0.154116121156634
-4.59143968871595	1.16731517509728	-0.579842832074464
-4.31830319676509	0.225833524071107	-2.62455176623178
-4.02532997634852	-1.37331197070268	-3.05027847714961
-3.69878690775921	-2.36514839398795	-3.17235065232319
-3.24864576180667	-3.20592050049592	-5.10719462882429
-5.18959334706645	-3.66521705958648	-3.18608377203021
-4.72114137483787	-2.94956893263142	-2.89158464942397
-5.62294956893263	-2.40939955748836	-3.15556572823682
-5.51766231784543	-2.86717021438926	-2.64744029907683
-4.04821850919356	-2.69321736476692	-3.73540856031128
-4.00854505226215	-3.62554360265507	-4.48615243762875
-2.6642252231632	-2.94804303044175	-4.23132677195392
-2.22629129472801	-3.54772259098192	-4.43579766536965
-3.45006485084306	-4.1519798580911	-4.87830930037385
-6.08834973678187	-4.48767833981842	-5.47035934996567
-6.79484245059892	-5.09346150911727	-5.44594491493095
-6.55222400244144	-4.87220569161517	-6.63309681849393
-5.68245975432975	-4.72877088578622	-6.91691462577249
-5.13160906385901	-3.73693446250095	-5.39711604486152
-3.99786373693446	-3.28984512092775	-4.66010528725109
-2.10269321736477	-3.15403982604715	-3.3676661326009
-2.60318913557641	-3.29594872968643	-3.63622491798276
-4.21759365224689	-3.64843213550011	-4.61890592813001
-4.16571297779812	-3.60418097199969	-4.09094377050431
-3.57213702601663	-4.14129854276341	-4.86762798504616
-3.39665827420462	-5.00038147554742	-3.7094682230869
-3.15709163042649	-6.72922865644312	-3.89257648584726
-4.05279621576257	-6.40726329442283	-2.35446707866026
-4.33661402304112	-6.63767452506294	-3.08232242313268
-3.87426565957122	-4.66926070038911	-2.31174181734951
-4.1718165865568	-3.04722667277028	-1.37483787289235
-3.29594872968643	-1.30769817654688	-0.741588464179446
-4.3076218814374	-0.68207827878233	-1.99588006408789
-2.88700694285496	-0.157167925535973	-0.195315480277714
-2.89311055161364	-0.270084687571527	-0.804150453955901
-4.31677729457542	-0.993362325474937	-0.878919661249714
-3.74151216906996	-1.70290684367132	0.0793469138628214
-5.2323186083772	-0.994888227664607	-0.326543068589303
-3.90630960555428	-0.653086137178607	0.00457770656900893
-5.16670481422141	-0.411993591210803	-0.418097199969482
-6.42252231631952	-0.460822461280232	0.451667048142214
-5.31624322880903	-2.6840619516289	-0.146486610208286
-4.91035324635691	-3.22575722896162	0.657663843747616
-4.08789196612497	-5.15907530327306	-0.25482566567483
-2.88242923628595	-4.88746471351186	-0.271610589761196
-2.17898832684825	-3.59197375448234	0.756847486076142
-2.59250782024872	-1.53047989623865	1.76699473563745
-2.31479362172885	-0.778210116731518	2.82902265964752
-2.4933241779202	-0.688181887541009	4.01312275883116
-3.41802090486	-2.38498512245365	2.65049210345617
-1.73800259403372	-4.18860151064317	1.19020370794232
-2.44754711223011	-4.81422140840772	1.00251773861295
-3.59349965667201	-3.84679942015717	-0.17242694743267
-2.02792401007095	-1.97451743343252	1.89059281300069
-3.52635996032654	-0.21515220874342	0.755321583886473
-3.15709163042649	0.0381475547417411	1.06965743495842
-1.12153810940719	1.75631342030976	2.20187685969329
-0.187685969329366	1.78530556191348	3.7796597238117
0.840772106507973	1.08949416342412	4.64789806973373
-0.312809948882277	0.683604180972	3.22880903334096
-0.59662775616083	1.5030136568246	4.81727321278706
-1.60677500572213	2.03860532539864	2.39871824216068
-2.72526131074998	2.19729915312428	-0.450141145952544
-2.59708552681773	1.74563210498207	-1.87838559548333
-2.79545281147478	-0.379949645227741	-3.2120241092546
-4.48004882887007	-2.04013122758831	-2.88395513847562
-3.28526741435874	-5.44594491493095	-2.10727092393378
-5.19569695582513	-5.81521324483101	-0.204470893415732
-3.94445716029603	-4.9057755397879	2.31479362172885
-3.34019989318685	-3.11589227130541	3.33409628442817
-2.11490043488212	-1.53963530937667	3.41649500267033
-2.37582970931563	-1.35042343785763	2.10727092393378
-2.74204623483635	-1.78683146410315	0.634775310902571
-1.24361028458076	-1.79903868162051	1.1306935225452
-2.03402761882963	-2.02944991226062	0.759899290455482
-0.935378042267491	-1.34737163347829	2.13778896772717
0.146486610208286	0.630197604333562	3.04722667277028
0.863660639353018	1.38551918822004	1.61135271229114
0.677500572213321	1.91348134584573	1.11543450064851
0.393682764934768	2.51926451514458	1.39620050354772
0.50965133134966	2.27359426260777	3.03349355306325
0.282291905088884	1.33058670939193	2.16220340276188
0.943007553215839	0.064087891966125	1.74105439841306
0.0305180437933928	-0.692759594110018	1.49996185244526
-1.12153810940719	-2.07370107576104	0.534065766384375
-0.663767452506294	-2.62912947280079	0.494392309452964
-0.456244754711223	-2.11642633707179	2.00808728160525
-2.80613412680247	-2.67643244068055	3.15251392385748
-0.964370183871214	-2.95109483482109	4.36713206683452
-1.71511406118868	-3.72167544060426	3.81780727855344
-2.42923628595407	-2.98771648737316	4.04516670481422
-0.0869764248111696	-1.49691004806592	3.08842603189136
-1.00709544518196	-0.839246204318303	3.57671473258564
-0.538643472953384	0.563057907988098	3.69573510337987
0.393682764934768	1.01625085831998	2.96482795452811
0.442511635004196	1.41603723201343	3.45769436179141
0.502021820401312	0.866712443732357	3.51262684061952
-0.836194399938964	-0.399786373693446	2.28274967574578
0.715648126955062	-0.679026474402991	1.94857709620813
0.828564888990616	-1.22072175173571	0.718699931334401
0.326543068589303	-1.80361638818952	-0.863660639353018
1.08949416342412	-1.83871213855192	0.608834973678187
0.164797436484321	-1.45113298237583	0.476081483176928
0.546272983901732	-0.480659189745937	-1.58236057068742
0.00610360875867857	-1.58693827725643	-2.25223163195239
-1.0452429999237	-2.88090333409628	-3.40886549172198
-0.715648126955062	-3.33104448004883	-3.97039749752041
-2.48722056916152	-4.43884946974899	-6.12039368276493
-3.21355001144427	-4.89509422446021	-3.03349355306325
-2.13321126115816	-4.45868619821469	-0.987258716716259
-1.41145952544442	-3.59655146105135	0.21515220874342
-0.656137941557946	-2.4780651560235	0.364690623331044
-0.486762798504616	-2.51926451514458	-0.679026474402991
-0.0473029678797589	-2.57572289616236	-0.646982528419928
0.323491264209964	-1.88601510643168	-2.45517662317845
0.0259403372243839	-1.95925841153582	-2.10727092393378
2.80155642023346	-1.33058670939193	-1.43282215609979
2.98161287861448	-0.431830319676509	-1.71663996337835
2.34988937209125	-0.605783169298848	-2.36057068741894
2.02944991226062	0.926222629129473	-2.76035706111238
1.45876249332418	1.07270923933776	-4.08178835736629
0.302128633554589	1.10627908751049	-3.24101625085832
-0.630197604333562	0.12970168612192	-3.65453574425879
1.05592431525139	0.180056458381018	-1.91042954146639
0.762951094834821	-0.965896086060884	-1.84328984512093
0.987258716716259	-0.785839627679866	-1.42671854734112
0.985732814526589	-0.7690547035935	0.080872816052491
-0.842298008697642	-1.26344701304646	0.405889982452125
-1.42366674296178	-2.04776073853666	1.48317692835889
-2.29343099107347	-2.40024414435035	-0.477607385366598
-2.25528343633173	-1.66628519111925	0.952162966353857
0.152590218966964	-0.276188296330205	2.31326771953918
0.880445563439384	0.610360875867857	0.956740672922866
1.92874036774243	1.52590218966964	2.58945601586938
1.82040131227588	0.831616693369955	2.67948424505989
0.463874265659571	0.267032883192187	1.92721446555276
0.00762951094834821	-0.230411230640116	2.38651102464332
-0.393682764934768	-0.144960708018616	0.433356221866178
0.210574502174411	0.590524147402152	0.204470893415732
-0.268558785381857	-0.0442511635004196	-0.289921416037232
1.20851453421836	0.247196154726482	-0.93690394445716
2.32089723048753	-1.0101472495613	-0.274662394140536
2.42313267719539	-0.923170824750134	-1.14900434882124
4.26642252231632	-1.2161440451667	-0.178530556191348
2.60776684214542	-1.69069962615396	-1.31990539406424
3.57671473258564	-1.1306935225452	-0.00457770656900893
2.72831311512932	-1.82497901884489	0.817883573662928
1.32906080720226	-2.48111696040284	2.69626916914626
2.93430991073472	-1.97604333562219	4.93629358358129
1.73495078965438	-0.552376592660411	5.25368123903258
4.101625085832	0.656137941557946	7.32280460822461
4.9057755397879	1.39925230792706	6.15548943312734
4.91187914854658	1.83871213855192	3.95971618219272
5.53444724193179	2.33310444800488	4.70283054856184
3.26237888151369	1.74105439841306	2.58487830930037
3.29900053406577	1.61898222323949	2.09506370641642
1.95468070496681	0.415045395590143	1.32600900282292
0.582894636453803	-0.308232242313268	-0.344853894865339
0.718699931334401	-0.662241550316625	-0.656137941557946
1.69222552834363	0.521858548867018	0.567635614557107
2.01419089036393	0.552376592660411	0.271610589761196
1.86160067139696	2.01113908598459	0.935378042267491
1.76089112687877	0.695811398489357	1.2817578393225
3.17540245670253	-0.135805294880598	0.875867856870375
1.1459525444419	-1.06660563057908	0.437933928435187
1.21309224078737	-3.05333028152895	0.758373388265812
1.15663385976959	-2.59708552681773	-0.706492713817044
0.63782711528191	-0.85297932402533	0.202944991226062
1.21309224078737	1.06660563057908	1.88143739986267
0.650034332799268	0.138857099259937	0.138857099259937
1.58693827725643	-0.358587014572366	1.66628519111925
0.883497367818723	-1.08949416342412	0.672922865644312
1.5533684290837	-1.24818799114977	0.978103303578241
3.70183871213855	0.271610589761196	1.09102006561379
3.25932707713436	0.164797436484321	2.27054245822843
4.05432211795224	0.732433051041428	3.92309452964065
3.58129243915465	1.06202792401007	3.65148393987945
2.80308232242313	-0.273136491950866	2.66575112535286
3.15556572823682	-0.245670252536812	2.60318913557641
2.84580758373388	-0.654612039368276	1.34584573128862
2.33005264362554	-1.00099183642329	0.459296559090562
2.02639810788128	-1.31074998092622	0.81177996490425
1.39009689478904	-1.02693217364767	0.364690623331044
2.47501335164416	-1.30312046997787	-0.238040741588464
2.01419089036393	-2.86106660563058	-1.54879072251469
2.00656137941558	-2.31479362172885	-0.538643472953384
2.2064545662623	-2.6489662012665	-0.337224383916991
1.79598687724117	-2.03097581445029	2.02639810788128
0.89723048752575	-1.73952849622339	3.93682764934768
0.321965362020295	0.0137331197070268	3.63469901579309
0.0198367284657053	0.244144350347143	3.50652323186084
-0.112916762035554	-0.224307621881437	2.58793011367971
0.125123979552911	0.205996795605402	1.32295719844358
-0.335698481727321	-1.24971389333944	-0.0625619897764553
0.717174029144732	0.407415884641794	0.993362325474937
0.646982528419928	0.779736018921187	0.89723048752575
1.54573891813535	0.454718852521553	-1.07728694590677
1.71053635461967	-0.291447318226902	-3.03807125963226
1.68307011520562	-0.778210116731518	-2.91752498664836
1.21004043640803	-1.20088502327001	-2.83207446402686
1.46486610208286	-0.308232242313268	-2.1713588158999
3.03959716182193	1.61135271229114	1.46486610208286
1.30769817654688	1.9150072480354	1.12764171816587
1.52590218966964	1.49080643930724	1.29243915465019
1.48470283054856	0.195315480277714	-0.907911802853437
3.03349355306325	-0.674448767833982	-0.827038986800946
2.07980468451972	-1.82497901884489	-1.49843595025559
0.81177996490425	-1.28328374151217	-0.817883573662928
0.0579842832074464	-1.18562600137331	0.679026474402991
-2.51773861295491	-1.27718013275349	-0.263981078812848
-3.50652323186084	-2.49485008010986	-1.11848630502785
-3.02433813992523	-3.77660791943236	-2.69779507133593
-3.27763790341039	-5.96169985503929	-4.25421530479896
-0.465400167849241	-6.08377203021286	-3.83154039826047
0.575265125505455	-6.22415503166247	-4.272526131075
-0.318913557640955	-7.18089570458534	-4.62500953688868
-1.66628519111925	-6.66666666666667	-4.78980697337301
-2.80155642023346	-5.62294956893263	-5.3833829251545
-1.72732127870604	-4.13519493400473	-4.00396734569314
-1.05439841306172	-3.74303807125963	-3.46684977492943
-1.03913939116503	-3.66063935301747	-1.43587396047913
0.109864957656214	-4.87525749599451	-1.24055848020142
0.396734569314107	-3.0411230640116	-1.56404974441138
0.448615243762875	-2.63828488593881	-2.5986114290074
-0.282291905088884	-1.3519493400473	-3.85290302891585
-1.51979858091096	0.89723048752575	-3.9154650186923
0.218204013122759	0.994888227664607	-2.57419699397269
-0.222781719691768	-0.0534065766384375	-1.66170748455024
-1.7593652246891	-1.77157244220645	0.119020370794232
-2.93278400854505	-1.8951705195697	1.25429159990845
-1.4526588845655	-1.12764171816587	3.17235065232319
-1.32600900282292	-0.85145342183566	1.79140917067216
-1.49080643930724	0.943007553215839	1.69069962615396
0.421149004348821	1.31380178530556	2.20187685969329
0.788891432059205	0.354009308003357	0.903334096284428
1.47707331960021	0.29755092698558	1.12153810940719
1.89059281300069	0.520332646677348	1.75173571374075
1.62508583199817	-0.381475547417411	-0.462348363469902
2.19729915312428	0.00305180437933928	0.12664988174258
0.698863202868696	0.521858548867018	-0.51117723353933
0.366216525520714	-0.288395513847562	-0.170901045243
-0.848401617456321	0.0274662394140536	0.315861753261616
-0.646982528419928	1.23750667582208	1.75020981155108
-0.497444113832303	1.48622873273823	1.71969176775769
-0.42572671091783	2.50247959105821	1.17799649042496
1.68307011520562	1.91195544365606	-0.845349813076982
0.628671702143893	0.230411230640116	-2.78171969176776
-1.51827267872129	-1.05287251087205	-3.61486228732738
0.558480201419089	-1.46944380865187	-1.3168535896849
-0.447089341573205	-1.54268711375601	-0.244144350347143
0.202944991226062	-1.7242694743267	0.173952849622339
-0.665293354695964	-1.72732127870604	1.8646524757763
-1.75020981155108	-2.04776073853666	1.25429159990845
-2.87785152971695	-3.03959716182193	-0.506599526970321
-3.92919813839933	-3.42412451361868	-1.05745021744106
-1.29091325246052	-2.69016556038758	-0.560006103608759
-1.07881284809644	-3.41802090486	-0.454718852521553
0.0198367284657053	-3.70794232089723	-3.14335851071946
2.21866178377966	-2.06301976043336	-1.81582360570687
2.2720683604181	-1.80361638818952	-1.04371709773404
3.0411230640116	-1.47859922178988	-1.10017547875181
2.0660715648127	-0.100709544518196	0.482185091935607
1.95620660715648	1.15663385976959	1.00251773861295
1.77462424658579	1.48165102616922	0.607309071488518
1.61440451667048	2.07827878233005	-0.665293354695964
1.95468070496681	0.756847486076142	-2.27512016479744
3.69573510337987	0.601205462729839	-2.22629129472801
4.42206454566262	-0.0885023270008393	-2.76646066987106
5.58327611200122	0.158693827725643	-2.81071183337148
3.39818417639429	0.540169375143053	-1.16731517509728
1.90432593270771	1.36873426413367	1.42977035172045
1.91042954146639	0.779736018921187	0.105287251087205
0.325017166399634	1.55642023346304	-0.636301213092241
-1.31227588311589	0.395208667124437	-0.627145799954223
0.625619897764553	0.347905699244678	-1.05897611963073
-0.556954299229419	0.173952849622339	-1.39314869916838
2.77866788738842	2.06759746700237	0.231937132829786
4.15503166247044	0.89723048752575	-0.885023270008392
4.26489662012665	1.04982070649271	-0.064087891966125
3.76592660410468	1.32143129625391	-0.965896086060884
4.72877088578622	1.5533684290837	-0.335698481727321
3.49126420996414	1.40993362325475	-0.975051499198901
3.63775082017243	1.58083466849775	0.669871061264973
1.78683146410315	0.837720302128634	1.33974212252995
0.590524147402152	0.89417868314641	-0.00762951094834821
0.242618448157473	-0.473029678797589	-0.613412680247196
-0.125123979552911	-0.00457770656900893	0.369268329900053
-1.66781109330892	-0.822461280231937	-1.78530556191348
1.76546883344778	-0.453192950331884	0.782787823300526
0.741588464179446	-1.13679713130388	-0.198367284657053
-0.401312275883116	-1.05134660868238	2.563515678645
-0.198367284657053	-0.186160067139696	1.63729304951553
-0.309758144502937	-0.0762951094834821	1.24818799114977
0.743114366369116	0.578316929884794	2.08133058670939
-1.52742809185931	0.244144350347143	0.344853894865339
-1.1810482948043	0.349431601434348	-1.11543450064851
-2.31174181734951	-0.668345159075303	-1.06355382619974
-0.366216525520714	-0.679026474402991	-0.352483405813687
-3.10063324940871	-0.874341954680705	-0.903334096284428
-3.33867399099718	-0.558480201419089	-1.8142977035172
-2.93583581292439	-0.46997787441825	-0.579842832074464
-0.166323338673991	-0.260929274433509	-0.869764248111696
-4.31982909895476	-0.857557030594339	-3.05790798809796
-1.879911497673	-1.91195544365606	-3.48668650339513
-1.92568856336309	-2.40482185091936	-2.72831311512932
-2.41702906843671	-2.98313878080415	-3.43327992675669
-0.892652780956741	-3.49889372091249	-4.07110704203861
0.0366216525520714	-3.51262684061952	-4.22064545662623
0.840772106507973	-4.44800488288701	-4.25879301136797
-0.614938582436866	-4.28473334859236	-4.55634393835355
-0.386053253986419	-3.8956282902266	-4.22827496757458
1.0955977721828	-2.4780651560235	-1.86770428015564
-0.756847486076142	-1.61135271229114	-0.289921416037232
0.367742427710384	-0.161745632104982	-0.89723048752575
0.866712443732357	-0.514229037918669	0.326543068589303
