1.24542124542125	2.66178266178266	-3.76068376068376
0.488400488400488	2.75946275946276	-2.61294261294261
1.02564102564103	5.15262515262515	-1.17216117216117
2.58852258852259	8.15628815628816	0.488400488400488
4.81074481074481	10.1587301587302	0.976800976800977
5.54334554334554	10.964590964591	0.0976800976800977
6.27594627594628	12.6739926739927	0.244200244200244
5.03052503052503	13.4798534798535	1.9047619047619
3.68742368742369	11.5995115995116	2.95482295482295
2.85714285714286	11.3064713064713	4.02930402930403
1.63614163614164	11.1599511599512	4.37118437118437
1.05006105006105	9.47496947496948	4.02930402930403
0.0488400488400488	7.98534798534799	1.39194139194139
-0.976800976800977	5.49450549450549	-0.854700854700855
-3.02808302808303	3.93162393162393	-0.512820512820513
-5.47008547008547	2.46642246642247	-1.12332112332112
-6.03174603174603	2.22222222222222	0.732600732600733
-6.54456654456654	1.46520146520147	2.75946275946276
-4.34676434676435	2.51526251526252	3.003663003663
-4.15140415140415	2.31990231990232	2.90598290598291
-3.76068376068376	-0.0976800976800977	1.24542124542125
-3.17460317460317	-1.68498168498168	-0.537240537240537
-2.41758241758242	-2.51526251526252	-2.05128205128205
-1.51404151404151	-4.02930402930403	-4.2002442002442
-1.1965811965812	-5.71428571428571	-6.59340659340659
-1.001221001221	-6.05616605616606	-8.42490842490843
-1.34310134310134	-6.71550671550672	-10.2075702075702
-1.73382173382173	-8.08302808302808	-11.5506715506716
-1.61172161172161	-8.54700854700855	-11.1111111111111
-1.26984126984127	-6.32478632478632	-8.76678876678877
-0.781440781440781	-5.59218559218559	-6.66666666666667
-0.512820512820513	-4.22466422466422	-4.3956043956044
1.07448107448107	-2.58852258852259	-2.02686202686203
0.927960927960928	-0.659340659340659	0.195360195360195
1.17216117216117	-1.14774114774115	0.537240537240537
1.85592185592186	0.293040293040293	2.27106227106227
1.53846153846154	0.0732600732600733	2.78388278388278
-0.805860805860806	-0.708180708180708	2.05128205128205
-3.2967032967033	-1.41636141636142	2.49084249084249
-5.73870573870574	-1.75824175824176	2.56410256410256
-7.00854700854701	-1.0989010989011	3.63858363858364
-7.88766788766789	-0.732600732600733	2.90598290598291
-8.27838827838828	-1.34310134310134	2.36874236874237
-6.32478632478632	-1.07448107448107	1.78266178266178
-5.93406593406593	-0.634920634920635	1.39194139194139
-3.39438339438339	0.659340659340659	1.34310134310134
-1.31868131868132	0.634920634920635	0.512820512820513
-0.0732600732600733	2.36874236874237	1.0989010989011
0.586080586080586	1.39194139194139	0.268620268620269
0.244200244200244	0.317460317460317	-0.586080586080586
0.854700854700855	3.07692307692308	0.43956043956044
0.317460317460317	4.61538461538461	0.854700854700855
1.31868131868132	6.3003663003663	0.976800976800977
2.80830280830281	8.47374847374847	1.9047619047619
4.24908424908425	9.20634920634921	1.66056166056166
5.00610500610501	6.34920634920635	-1.22100122100122
4.88400488400488	5.71428571428571	-1.73382173382173
5.47008547008547	5.27472527472527	-1.83150183150183
5.07936507936508	5.2991452991453	-2.24664224664225
3.80952380952381	5.2014652014652	-2.02686202686203
4.49328449328449	7.52136752136752	-1.17216117216117
5.81196581196581	10.4273504273504	0
7.08180708180708	11.8925518925519	2.31990231990232
5.17704517704518	12.8693528693529	3.27228327228327
3.85836385836386	13.6752136752137	4.42002442002442
1.02564102564103	11.2332112332112	5.56776556776557
-1.88034188034188	8.4004884004884	5.51892551892552
-5.47008547008547	4.46886446886447	4.32234432234432
-5.71428571428571	4.98168498168498	4.42002442002442
-6.1050061050061	5.56776556776557	4.66422466422466
-5.88522588522589	6.61782661782662	4.46886446886447
-5.2991452991453	7.37484737484737	3.22344322344322
-3.85836385836386	7.32600732600733	0.732600732600733
-0.854700854700855	7.98534798534799	-0.708180708180708
2.39316239316239	7.35042735042735	-1.46520146520147
1.80708180708181	4.46886446886447	-5.83638583638584
3.24786324786325	4.63980463980464	-5.76312576312576
4.73748473748474	4.76190476190476	-5.78754578754579
2.88156288156288	4.34676434676435	-5.71428571428571
2.95482295482295	6.15384615384615	-5.64102564102564
3.44322344322344	7.42368742368742	-2.78388278388278
3.83394383394383	8.4981684981685	-1.73382173382173
4.05372405372405	10.4273504273504	-0.146520146520147
4.81074481074481	9.4993894993895	0.488400488400488
5.44566544566545	9.52380952380952	1.46520146520147
5.12820512820513	8.52258852258852	3.41880341880342
5.37240537240537	8.44932844932845	4.56654456654457
4.54212454212454	6.25152625152625	4.56654456654457
4.004884004884	3.95604395604396	5.2014652014652
2.39316239316239	1.83150183150183	4.49328449328449
1.46520146520147	1.1965811965812	4.59096459096459
2.24664224664225	3.76068376068376	4.83516483516483
2.58852258852259	5.2991452991453	4.17582417582418
2.58852258852259	6.22710622710623	3.83394383394383
3.32112332112332	5.37240537240537	2.34432234432234
3.34554334554335	4.71306471306471	2.02686202686203
3.58974358974359	3.68742368742369	0.537240537240537
1.12332112332112	1.34310134310134	-0.805860805860806
0.0488400488400488	-1.85592185592186	-2.68620268620269
-1.12332112332112	-3.05250305250305	-3.73626373626374
-3.07692307692308	-6.25152625152625	-5.44566544566545
-4.98168498168498	-8.76678876678877	-6.00732600732601
-4.49328449328449	-7.96092796092796	-7.54578754578755
-3.12576312576313	-7.27716727716728	-6.59340659340659
-3.27228327228327	-5.44566544566545	-7.15506715506716
-1.1965811965812	-1.70940170940171	-5.73870573870574
-1.24542124542125	-1.1965811965812	-5.56776556776557
-1.68498168498168	-3.27228327228327	-5.73870573870574
-1.12332112332112	-3.76068376068376	-5.22588522588523
-1.36752136752137	-7.76556776556777	-4.2979242979243
-2.53968253968254	-9.86568986568987	-3.73626373626374
-0.732600732600733	-9.3040293040293	-2.85714285714286
0.561660561660562	-8.32722832722833	-2.88156288156288
1.05006105006105	-6.05616605616606	-3.07692307692308
1.78266178266178	-3.88278388278388	-2.78388278388278
1.31868131868132	-5.3968253968254	-3.83394383394383
0.586080586080586	-5.25030525030525	-4.07814407814408
-1.34310134310134	-7.4969474969475	-4.44444444444444
-1.61172161172161	-7.61904761904762	-3.39438339438339
-1.51404151404151	-5.83638583638584	-2.85714285714286
-0.952380952380952	-3.22344322344322	-1.56288156288156
-0.170940170940171	-0.21978021978022	0.927960927960928
-0.293040293040293	1.73382173382173	1.70940170940171
0.610500610500611	4.32234432234432	2.75946275946276
1.73382173382173	5.88522588522589	3.02808302808303
1.63614163614164	5.42124542124542	0.927960927960928
2.71062271062271	4.90842490842491	1.02564102564103
2.36874236874237	4.95726495726496	0.952380952380952
1.29426129426129	5.15262515262515	-0.390720390720391
0.488400488400488	4.2979242979243	-0.586080586080586
-0.268620268620269	4.59096459096459	-1.0989010989011
0.195360195360195	6.3003663003663	-0.83028083028083
1.14774114774115	6.25152625152625	-0.415140415140415
2.1978021978022	5.49450549450549	0.268620268620269
1.17216117216117	2.61294261294261	-0.634920634920635
-0.708180708180708	-2.22222222222222	-2.02686202686203
-2.83272283272283	-6.27594627594628	-2.80830280830281
-2.88156288156288	-6.42246642246642	-2.68620268620269
-4.3956043956044	-7.66788766788767	-3.07692307692308
-3.49206349206349	-5.34798534798535	-1.26984126984127
-1.85592185592186	-2.51526251526252	0.195360195360195
-1.63614163614164	-1.63614163614164	-0.43956043956044
-0.122100122100122	-0.781440781440781	0
0.634920634920635	0.317460317460317	-0.586080586080586
0.21978021978022	0.781440781440781	-0.586080586080586
1.70940170940171	2.24664224664225	-0.43956043956044
0.976800976800977	1.80708180708181	-0.195360195360195
0.293040293040293	1.02564102564103	-1.12332112332112
-0.586080586080586	-1.36752136752137	-1.26984126984127
-1.12332112332112	-2.63736263736264	-1.24542124542125
-0.537240537240537	-2.02686202686203	-1.9047619047619
-0.879120879120879	-1.61172161172161	-1.95360195360195
0.805860805860806	0.781440781440781	-2.46642246642247
2.1978021978022	3.85836385836386	-1.61172161172161
1.9047619047619	5.76312576312576	-0.586080586080586
1.95360195360195	7.57020757020757	0.122100122100122
2.93040293040293	7.10622710622711	0.537240537240537
1.46520146520147	4.93284493284493	1.07448107448107
1.44078144078144	3.85836385836386	0.976800976800977
1.02564102564103	3.90720390720391	2.12454212454212
1.07448107448107	3.73626373626374	3.24786324786325
1.0989010989011	3.49206349206349	3.39438339438339
0.317460317460317	2.36874236874237	4.02930402930403
-0.244200244200244	1.41636141636142	2.71062271062271
0.781440781440781	2.002442002442	2.51526251526252
0.781440781440781	0.21978021978022	1.14774114774115
1.78266178266178	1.51404151404151	1.05006105006105
1.58730158730159	3.58974358974359	3.05250305250305
1.22100122100122	4.05372405372405	3.90720390720391
1.07448107448107	3.95604395604396	4.1025641025641
0.757020757020757	3.63858363858364	4.27350427350427
1.46520146520147	3.98046398046398	3.56532356532357
2.39316239316239	3.41880341880342	1.85592185592186
2.73504273504274	4.49328449328449	1.36752136752137
4.12698412698413	5.95848595848596	0.317460317460317
3.80952380952381	7.37484737484737	0.0732600732600733
1.85592185592186	7.83882783882784	0.927960927960928
2.78388278388278	8.62026862026862	1.95360195360195
1.58730158730159	6.32478632478632	1.46520146520147
1.36752136752137	5.47008547008547	2.36874236874237
1.41636141636142	2.95482295482295	2.17338217338217
3.56532356532357	3.80952380952381	3.73626373626374
4.68864468864469	4.78632478632479	4.12698412698413
5.68986568986569	6.05616605616606	4.83516483516483
3.88278388278388	3.41880341880342	3.73626373626374
3.66300366300366	3.61416361416361	3.68742368742369
3.05250305250305	3.56532356532357	2.88156288156288
1.29426129426129	1.22100122100122	2.63736263736264
1.14774114774115	0.366300366300366	2.49084249084249
0.122100122100122	-0.0244200244200244	1.9047619047619
-0.0976800976800977	-1.92918192918193	1.92918192918193
0.170940170940171	-4.88400488400488	0.879120879120879
1.97802197802198	-5.22588522588523	-0.0976800976800977
3.003663003663	-6.08058608058608	-0.268620268620269
3.2967032967033	-5.37240537240537	-0.610500610500611
2.80830280830281	-4.46886446886447	0.0488400488400488
2.56410256410256	-3.36996336996337	0.0976800976800977
1.17216117216117	-4.22466422466422	-0.927960927960928
-0.952380952380952	-6.00732600732601	-1.63614163614164
-1.70940170940171	-6.3980463980464	-2.05128205128205
-1.92918192918193	-7.52136752136752	-1.85592185592186
-2.39316239316239	-7.81440781440781	-2.002442002442
-1.05006105006105	-5.90964590964591	-1.78266178266178
2.1001221001221	-1.22100122100122	0.757020757020757
3.78510378510378	-0.268620268620269	0.708180708180708
4.76190476190476	3.05250305250305	-0.244200244200244
5.05494505494505	4.54212454212454	0.781440781440781
5.88522588522589	4.61538461538461	0.317460317460317
4.88400488400488	2.53968253968254	0.805860805860806
3.49206349206349	-0.537240537240537	1.02564102564103
3.15018315018315	-2.85714285714286	2.24664224664225
1.12332112332112	-4.81074481074481	2.97924297924298
-0.0244200244200244	-5.93406593406593	2.80830280830281
-0.879120879120879	-6.00732600732601	2.61294261294261
0.537240537240537	-4.05372405372405	2.27106227106227
2.17338217338217	-0.586080586080586	2.05128205128205
3.05250305250305	0.415140415140415	2.44200244200244
4.12698412698413	0.805860805860806	1.51404151404151
4.24908424908425	1.17216117216117	1.05006105006105
4.02930402930403	1.92918192918193	0.732600732600733
3.003663003663	0.732600732600733	0.952380952380952
1.1965811965812	-1.53846153846154	0.561660561660562
-0.781440781440781	-1.88034188034188	-0.0976800976800977
-1.73382173382173	-1.85592185592186	0.21978021978022
-2.27106227106227	-1.05006105006105	-0.146520146520147
-1.22100122100122	0.805860805860806	0.0976800976800977
0.488400488400488	3.54090354090354	-0.21978021978022
2.22222222222222	4.32234432234432	0.0976800976800977
2.1001221001221	3.32112332112332	0.146520146520147
1.70940170940171	1.0989010989011	0.927960927960928
0.0488400488400488	-2.12454212454212	1.39194139194139
-0.732600732600733	-5.15262515262515	1.39194139194139
-1.001221001221	-6.22710622710623	1.05006105006105
-1.31868131868132	-8.4004884004884	0.268620268620269
-3.32112332112332	-10.964590964591	-1.78266178266178
-3.88278388278388	-9.64590964590965	-0.683760683760684
-5.37240537240537	-9.35286935286935	-0.293040293040293
-6.05616605616606	-9.18192918192918	0.683760683760684
-7.66788766788767	-9.57264957264957	1.85592185592186
-7.86324786324786	-8.93772893772894	1.46520146520147
-7.61904761904762	-8.79120879120879	-0.21978021978022
-6.93528693528694	-10.0854700854701	-2.97924297924298
-5.61660561660562	-10.4273504273504	-4.1025641025641
-5.03052503052503	-12.1367521367521	-7.2039072039072
-4.02930402930403	-11.8437118437118	-9.10866910866911
-3.27228327228327	-11.965811965812	-9.64590964590965
-4.78632478632479	-10.4761904761905	-10.1831501831502
-5.07936507936508	-9.20634920634921	-10.3785103785104
-5.93406593406593	-6.37362637362637	-9.20634920634921
-6.93528693528694	-3.71184371184371	-8.3028083028083
-8.18070818070818	-2.53968253968254	-6.32478632478632
-6.83760683760684	-1.92918192918193	-6.15384615384615
-6.34920634920635	-1.68498168498168	-5.66544566544567
-5.71428571428571	-3.46764346764347	-5.98290598290598
-5.73870573870574	-8.25396825396825	-8.3028083028083
-5.93406593406593	-12.0634920634921	-8.64468864468864
-7.42368742368742	-15.1648351648352	-9.4993894993895
-9.81684981684982	-17.7533577533578	-9.10866910866911
-12.3076923076923	-21.4163614163614	-8.88888888888889
-14.3833943833944	-22.7838827838828	-8.62026862026862
-13.9194139194139	-21.0744810744811	-7.54578754578755
-11.037851037851	-17.3382173382173	-7.05738705738706
-7.74114774114774	-12.5030525030525	-5.56776556776557
-5.51892551892552	-9.01098901098901	-3.2967032967033
-3.12576312576313	-6.12942612942613	-1.88034188034188
-3.27228327228327	-7.35042735042735	-2.1001221001221
-4.27350427350427	-8.2051282051282	-0.879120879120879
-4.78632478632479	-7.42368742368742	-1.07448107448107
-5.03052503052503	-6.12942612942613	-2.1978021978022
-6.61782661782662	-6.34920634920635	-4.42002442002442
-7.42368742368742	-5.83638583638584	-5.88522588522589
-8.88888888888889	-7.4969474969475	-8.13186813186813
-8.91330891330891	-8.71794871794872	-8.35164835164835
-6.2026862026862	-5.61660561660562	-6.12942612942613
-5.64102564102564	-3.66300366300366	-5.05494505494505
-4.51770451770452	-2.44200244200244	-4.07814407814408
-3.58974358974359	-2.49084249084249	-3.12576312576313
-4.07814407814408	-3.12576312576313	-4.34676434676435
-6.08058608058608	-5.00610500610501	-4.76190476190476
-6.83760683760684	-7.61904761904762	-4.24908424908425
-8.96214896214896	-7.37484737484737	-2.31990231990232
-9.15750915750916	-6.44688644688645	-1.63614163614164
-9.47496947496948	-5.66544566544567	-2.02686202686203
-9.69474969474969	-3.51648351648352	-1.9047619047619
-10.2564102564103	-6.27594627594628	-2.61294261294261
-9.10866910866911	-6.37362637362637	-2.85714285714286
-8.54700854700855	-9.52380952380952	-4.27350427350427
-8.52258852258852	-12.7960927960928	-3.98046398046398
-8.88888888888889	-17.3626373626374	-4.02930402930403
-7.66788766788767	-20.5860805860806	-4.54212454212454
-6.3980463980464	-20.9035409035409	-4.44444444444444
-5.00610500610501	-19.6092796092796	-4.51770451770452
-2.95482295482295	-16.4590964590965	-4.2979242979243
-3.41880341880342	-13.7728937728938	-4.17582417582418
-3.17460317460317	-11.7704517704518	-5.44566544566545
-2.56410256410256	-9.25518925518926	-4.22466422466422
-1.1965811965812	-7.15506715506716	-3.36996336996337
0.366300366300366	-6.66666666666667	-2.61294261294261
2.68620268620269	-4.66422466422466	-1.75824175824176
4.81074481074481	-2.002442002442	-1.36752136752137
5.22588522588523	-0.903540903540904	-1.80708180708181
4.2002442002442	0.122100122100122	-1.58730158730159
2.71062271062271	-2.07570207570208	-3.17460317460317
0.537240537240537	-2.83272283272283	-2.78388278388278
-1.75824175824176	-4.54212454212454	-3.22344322344322
-3.27228327228327	-4.49328449328449	-2.1001221001221
-3.56532356532357	-4.32234432234432	-1.48962148962149
-2.34432234432234	-3.24786324786325	-0.805860805860806
-3.32112332112332	-4.24908424908425	-0.293040293040293
-2.07570207570208	-3.41880341880342	-0.390720390720391
-1.73382173382173	-2.14896214896215	0.708180708180708
-1.63614163614164	-1.78266178266178	1.70940170940171
-1.46520146520147	-0.610500610500611	1.95360195360195
0.390720390720391	1.31868131868132	2.88156288156288
1.0989010989011	3.44322344322344	3.76068376068376
1.58730158730159	3.32112332112332	1.36752136752137
0.659340659340659	2.02686202686203	0
0.0976800976800977	1.56288156288156	-0.757020757020757
-0.341880341880342	1.78266178266178	-3.07692307692308
-0.43956043956044	1.73382173382173	-5.2991452991453
-0.805860805860806	0.463980463980464	-6.12942612942613
-1.29426129426129	-0.683760683760684	-6.3980463980464
0.317460317460317	-1.56288156288156	-6.64224664224664
1.53846153846154	0.927960927960928	-3.95604395604396
2.02686202686203	2.68620268620269	-2.14896214896215
2.97924297924298	3.78510378510378	1.05006105006105
3.85836385836386	5.83638583638584	2.61294261294261
7.03296703296703	10.5494505494505	5.61660561660562
6.66666666666667	11.3797313797314	6.15384615384615
6.95970695970696	13.2356532356532	7.35042735042735
6.3980463980464	13.2600732600733	7.78998778998779
5.1037851037851	13.8461538461538	7.03296703296703
3.12576312576313	12.4542124542125	5.81196581196581
2.1978021978022	12.8937728937729	4.90842490842491
0.415140415140415	9.93894993894994	2.44200244200244
0.879120879120879	9.4993894993895	3.003663003663
0.317460317460317	8.00976800976801	2.61294261294261
-0.122100122100122	4.88400488400488	2.68620268620269
0.293040293040293	2.97924297924298	3.44322344322344
1.58730158730159	3.73626373626374	3.88278388278388
2.49084249084249	5.00610500610501	4.004884004884
2.61294261294261	4.90842490842491	2.51526251526252
0.952380952380952	3.15018315018315	1.31868131868132
0.976800976800977	1.22100122100122	-0.659340659340659
-0.43956043956044	-0.708180708180708	-0.757020757020757
0.366300366300366	-1.46520146520147	-1.29426129426129
0.732600732600733	-2.14896214896215	-1.68498168498168
2.56410256410256	1.07448107448107	-0.122100122100122
3.78510378510378	4.76190476190476	0.927960927960928
3.54090354090354	5.51892551892552	1.31868131868132
5.12820512820513	7.25274725274725	2.53968253968254
4.07814407814408	7.78998778998779	2.80830280830281
2.83272283272283	6.64224664224664	3.98046398046398
3.15018315018315	7.05738705738706	3.003663003663
1.02564102564103	5.78754578754579	1.66056166056166
0.195360195360195	4.85958485958486	1.39194139194139
0.244200244200244	5.3968253968254	1.07448107448107
1.61172161172161	5.54334554334554	1.68498168498168
2.93040293040293	7.86324786324786	3.61416361416361
4.83516483516483	8.5958485958486	4.81074481074481
6.47130647130647	14.0903540903541	6.64224664224664
8.15628815628816	17.8021978021978	7.86324786324786
9.13308913308913	20.2197802197802	8.62026862026862
10.1343101343101	22.8571428571429	10.2564102564103
9.71916971916972	22.8571428571429	10.5738705738706
9.54822954822955	22.3931623931624	11.1111111111111
9.67032967032967	21.7582417582418	11.013431013431
10.2564102564103	21.2454212454212	11.4529914529915
8.27838827838828	18.6324786324786	9.96336996336996
8.54700854700855	18.3150183150183	8.86446886446886
8.69352869352869	16.1172161172161	8.3028083028083
8.10744810744811	15.5067155067155	7.10622710622711
9.15750915750916	16.3614163614164	6.2026862026862
8.88888888888889	17.7777777777778	5.88522588522589
7.61904761904762	15.5311355311355	4.1025641025641
5.59218559218559	12.8205128205128	2.97924297924298
4.004884004884	10.03663003663	2.02686202686203
2.80830280830281	6.95970695970696	0.390720390720391
2.39316239316239	6.81318681318681	0.586080586080586
2.05128205128205	6.56898656898657	1.07448107448107
3.24786324786325	9.4017094017094	2.1001221001221
4.46886446886447	11.8681318681319	3.39438339438339
4.004884004884	12.7228327228327	3.15018315018315
4.46886446886447	15.018315018315	4.42002442002442
2.73504273504274	15.4334554334554	4.22466422466422
2.93040293040293	14.993894993895	3.07692307692308
2.66178266178266	14.2612942612943	3.73626373626374
2.53968253968254	12.5030525030525	3.54090354090354
2.53968253968254	11.1111111111111	4.44444444444444
4.56654456654457	11.6727716727717	5.05494505494505
5.81196581196581	11.6239316239316	6.17826617826618
6.78876678876679	13.8949938949939	7.57020757020757
7.59462759462759	14.1880341880342	7.74114774114774
8.64468864468864	14.2857142857143	6.93528693528694
9.05982905982906	15.4090354090354	6.37362637362637
7.42368742368742	14.5543345543346	6.59340659340659
5.78754578754579	13.1868131868132	6.37362637362637
4.59096459096459	12.2832722832723	5.34798534798535
3.80952380952381	12.967032967033	6.59340659340659
3.98046398046398	12.9181929181929	7.17948717948718
4.07814407814408	13.4065934065934	7.4969474969475
4.54212454212454	14.7496947496947	7.74114774114774
7.10622710622711	17.7045177045177	9.42612942612943
6.66666666666667	19.6825396825397	10.4517704517705
7.32600732600733	20.9279609279609	10.4517704517705
6.64224664224664	21.7338217338217	10.6471306471306
6.81318681318681	22.954822954823	9.01098901098901
6.25152625152625	23.1501831501831	9.25518925518926
6.22710622710623	21.5628815628816	8.00976800976801
5.81196581196581	22.1001221001221	7.08180708180708
4.95726495726496	21.050061050061	6.86202686202686
6.54456654456654	21.5140415140415	6.2026862026862
6.71550671550672	20.4639804639805	6.2026862026862
7.57020757020757	19.5360195360195	7.03296703296703
6.95970695970696	17.7045177045177	6.66666666666667
7.61904761904762	16.2637362637363	7.47252747252747
7.61904761904762	16.019536019536	7.64346764346764
7.05738705738706	15.3357753357753	7.25274725274725
6.1050061050061	14.1391941391941	5.07936507936508
5.49450549450549	12.0879120879121	4.07814407814408
3.83394383394383	9.98778998778999	2.97924297924298
2.46642246642247	7.2039072039072	2.51526251526252
2.02686202686203	4.27350427350427	1.41636141636142
2.41758241758242	3.61416361416361	2.1001221001221
2.02686202686203	2.53968253968254	3.1013431013431
2.07570207570208	1.001221001221	2.71062271062271
2.1978021978022	1.34310134310134	2.73504273504274
1.53846153846154	0	0.976800976800977
1.73382173382173	-0.244200244200244	0.83028083028083
1.85592185592186	-1.001221001221	-0.341880341880342
1.83150183150183	0.366300366300366	0.463980463980464
1.97802197802198	4.27350427350427	2.07570207570208
1.07448107448107	5.3968253968254	2.44200244200244
0	5.88522588522589	2.85714285714286
2.56410256410256	9.32844932844933	3.66300366300366
3.61416361416361	11.3064713064713	4.37118437118437
5.42124542124542	11.9169719169719	5.54334554334554
6.86202686202686	10.6471306471306	5.2991452991453
7.61904761904762	10.3540903540904	4.1025641025641
7.44810744810745	10.4761904761905	3.49206349206349
7.86324786324786	9.71916971916972	3.12576312576313
6.08058608058608	8.00976800976801	2.63736263736264
3.49206349206349	5.51892551892552	2.17338217338217
0.586080586080586	4.32234432234432	1.85592185592186
-1.88034188034188	0.317460317460317	2.002442002442
-4.63980463980464	-2.46642246642247	0.83028083028083
-5.44566544566545	-2.78388278388278	0.732600732600733
-5.47008547008547	-1.80708180708181	0.879120879120879
-3.73626373626374	-0.195360195360195	2.31990231990232
-2.80830280830281	-0.268620268620269	2.17338217338217
-2.22222222222222	-0.43956043956044	1.41636141636142
-1.46520146520147	-0.976800976800977	0.927960927960928
0.537240537240537	1.22100122100122	1.68498168498168
0.634920634920635	-0.0488400488400488	0.610500610500611
-0.0488400488400488	-1.53846153846154	-1.0989010989011
-0.0244200244200244	-1.07448107448107	-0.903540903540904
-1.97802197802198	-2.68620268620269	-2.1001221001221
-2.53968253968254	-1.9047619047619	-2.90598290598291
-3.07692307692308	-1.56288156288156	-3.003663003663
-0.952380952380952	1.66056166056166	0.512820512820513
-1.46520146520147	1.78266178266178	-0.0488400488400488
-1.53846153846154	0.0732600732600733	-0.927960927960928
-1.26984126984127	-2.61294261294261	-1.63614163614164
-1.41636141636142	-4.1025641025641	-2.58852258852259
-3.44322344322344	-8.3028083028083	-4.78632478632479
-4.3956043956044	-10.2564102564103	-4.95726495726496
-5.22588522588523	-10.5738705738706	-3.58974358974359
-6.95970695970696	-11.3308913308913	-3.07692307692308
-6.61782661782662	-11.2087912087912	-3.1990231990232
-7.00854700854701	-10.4029304029304	-2.05128205128205
-8.44932844932845	-10.7203907203907	-1.17216117216117
-6.81318681318681	-6.1050061050061	0.415140415140415
-6.32478632478632	-4.44444444444444	1.70940170940171
-6.52014652014652	-3.27228327228327	1.24542124542125
-5.59218559218559	-0.415140415140415	3.15018315018315
-4.66422466422466	1.22100122100122	3.80952380952381
-4.54212454212454	-1.39194139194139	2.73504273504274
-4.34676434676435	-2.31990231990232	3.80952380952381
-5.2014652014652	-3.98046398046398	3.1990231990232
-5.44566544566545	-5.68986568986569	0.83028083028083
-4.17582417582418	-6.78876678876679	-1.41636141636142
-2.58852258852259	-5.95848595848596	-1.92918192918193
-1.53846153846154	-6.17826617826618	-2.17338217338217
-1.78266178266178	-7.13064713064713	-2.90598290598291
-1.78266178266178	-7.13064713064713	-2.56410256410256
-2.88156288156288	-6.05616605616606	-1.48962148962149
-4.46886446886447	-5.86080586080586	-2.61294261294261
-3.22344322344322	-4.59096459096459	-2.22222222222222
-3.15018315018315	-2.34432234432234	-1.56288156288156
-2.24664224664225	-2.83272283272283	-1.56288156288156
-1.1965811965812	-2.90598290598291	0.0976800976800977
-1.31868131868132	-3.1990231990232	-0.341880341880342
-1.66056166056166	-4.24908424908425	-0.927960927960928
-1.92918192918193	-3.2967032967033	-0.927960927960928
-3.05250305250305	-5.03052503052503	-2.63736263736264
-2.83272283272283	-3.76068376068376	-2.97924297924298
-3.73626373626374	-2.75946275946276	-2.34432234432234
-2.27106227106227	-2.12454212454212	-2.49084249084249
-3.73626373626374	-1.78266178266178	-1.12332112332112
-2.05128205128205	-0.781440781440781	-0.586080586080586
-0.43956043956044	-1.22100122100122	-0.634920634920635
-0.586080586080586	-3.22344322344322	-2.17338217338217
0	-5.59218559218559	-2.73504273504274
-1.34310134310134	-6.54456654456654	-3.98046398046398
-1.78266178266178	-6.81318681318681	-2.80830280830281
-2.34432234432234	-6.95970695970696	-1.22100122100122
-3.85836385836386	-8.22954822954823	-2.05128205128205
-4.2002442002442	-7.00854700854701	-1.05006105006105
-4.85958485958486	-8.25396825396825	-1.61172161172161
-4.54212454212454	-8.08302808302808	-2.44200244200244
-5.00610500610501	-10.2319902319902	-3.54090354090354
-6.12942612942613	-10.9157509157509	-6.03174603174603
-3.95604395604396	-10.1343101343101	-4.73748473748474
-3.90720390720391	-10.1831501831502	-5.54334554334554
-5.03052503052503	-10.9401709401709	-6.25152625152625
-4.22466422466422	-8.62026862026862	-4.83516483516483
-5.03052503052503	-6.69108669108669	-3.78510378510378
-4.17582417582418	-4.61538461538461	-2.02686202686203
-4.68864468864469	-5.49450549450549	-2.22222222222222
-5.81196581196581	-6.25152625152625	-2.73504273504274
-6.59340659340659	-7.74114774114774	-2.14896214896215
-6.93528693528694	-7.44810744810745	-2.58852258852259
-4.59096459096459	-5.42124542124542	-2.71062271062271
-3.54090354090354	-4.73748473748474	-2.24664224664225
-2.85714285714286	-4.22466422466422	-2.58852258852259
-2.51526251526252	-3.93162393162393	-3.17460317460317
-0.341880341880342	-0.268620268620269	-2.68620268620269
0.512820512820513	0.512820512820513	-1.56288156288156
0.83028083028083	2.80830280830281	0.415140415140415
2.12454212454212	5.88522588522589	1.97802197802198
1.46520146520147	7.52136752136752	3.07692307692308
-0.586080586080586	5.56776556776557	3.15018315018315
-2.02686202686203	6.47130647130647	3.34554334554335
-2.36874236874237	6.73992673992674	2.41758241758242
-1.73382173382173	6.73992673992674	2.02686202686203
-1.001221001221	7.78998778998779	1.1965811965812
-1.001221001221	5.86080586080586	-0.146520146520147
0.21978021978022	4.93284493284493	-1.22100122100122
-0.781440781440781	3.07692307692308	-3.15018315018315
-2.34432234432234	0.659340659340659	-4.34676434676435
-2.2954822954823	-0.805860805860806	-4.2979242979243
-2.63736263736264	-1.05006105006105	-3.80952380952381
-3.15018315018315	-1.17216117216117	-2.24664224664225
-3.44322344322344	-0.927960927960928	-0.293040293040293
-1.48962148962149	2.36874236874237	2.90598290598291
-1.83150183150183	3.39438339438339	3.05250305250305
-2.71062271062271	4.12698412698413	1.97802197802198
-3.12576312576313	2.51526251526252	0.122100122100122
-2.22222222222222	1.53846153846154	-1.44078144078144
-3.02808302808303	0.170940170940171	-1.66056166056166
-4.44444444444444	-2.02686202686203	-2.85714285714286
-4.37118437118437	-4.88400488400488	-3.73626373626374
-4.05372405372405	-2.14896214896215	-1.24542124542125
-3.24786324786325	-2.85714285714286	-2.71062271062271
-2.36874236874237	-3.83394383394383	-3.78510378510378
-1.001221001221	-3.54090354090354	-2.68620268620269
-1.66056166056166	-6.83760683760684	-2.44200244200244
-2.97924297924298	-10.3540903540904	-4.15140415140415
-4.66422466422466	-10.8424908424908	-3.88278388278388
-5.44566544566545	-11.2087912087912	-4.81074481074481
-6.54456654456654	-11.3308913308913	-4.49328449328449
-7.57020757020757	-9.4993894993895	-3.17460317460317
-7.98534798534799	-10.6471306471306	-3.68742368742369
-7.03296703296703	-11.9413919413919	-3.61416361416361
-7.74114774114774	-11.6971916971917	-3.78510378510378
-6.83760683760684	-10.2564102564103	-2.49084249084249
-6.27594627594628	-7.93650793650794	-1.63614163614164
-3.90720390720391	-3.05250305250305	-0.488400488400488
-3.41880341880342	-1.73382173382173	-0.854700854700855
-3.02808302808303	-2.78388278388278	-1.61172161172161
-1.73382173382173	-0.561660561660562	-1.26984126984127
-2.53968253968254	-0.244200244200244	-0.659340659340659
-3.05250305250305	1.17216117216117	-0.43956043956044
-3.51648351648352	0.805860805860806	-0.0244200244200244
-5.47008547008547	-2.05128205128205	0.21978021978022
-6.47130647130647	-4.90842490842491	-2.90598290598291
-6.00732600732601	-4.54212454212454	-3.49206349206349
-4.05372405372405	-4.51770451770452	-4.02930402930403
-3.88278388278388	-3.61416361416361	-4.24908424908425
-3.44322344322344	-0.854700854700855	-2.46642246642247
-1.41636141636142	2.27106227106227	-2.31990231990232
-1.66056166056166	1.05006105006105	-1.83150183150183
0.170940170940171	0.708180708180708	-1.68498168498168
0.244200244200244	2.24664224664225	-1.39194139194139
0.512820512820513	3.39438339438339	-2.1001221001221
-0.634920634920635	5.66544566544567	-1.83150183150183
-2.07570207570208	5.3968253968254	-3.68742368742369
-2.02686202686203	5.86080586080586	-3.66300366300366
-2.85714285714286	5.73870573870574	-4.2979242979243
-2.58852258852259	5.2991452991453	-1.70940170940171
-2.95482295482295	5.51892551892552	-0.341880341880342
-1.31868131868132	5.44566544566545	1.0989010989011
-0.317460317460317	6.44688644688645	2.83272283272283
0.488400488400488	7.54578754578755	3.12576312576313
1.24542124542125	7.03296703296703	2.53968253968254
2.12454212454212	5.07936507936508	2.12454212454212
2.53968253968254	4.15140415140415	1.9047619047619
2.90598290598291	4.05372405372405	0.976800976800977
3.93162393162393	3.61416361416361	0.634920634920635
5.03052503052503	5.90964590964591	3.88278388278388
4.88400488400488	6.44688644688645	2.61294261294261
3.54090354090354	6.12942612942613	3.003663003663
4.1025641025641	6.44688644688645	3.95604395604396
2.97924297924298	6.73992673992674	4.07814407814408
1.31868131868132	4.22466422466422	2.49084249084249
1.001221001221	4.15140415140415	3.51648351648352
0.268620268620269	4.22466422466422	3.76068376068376
0.927960927960928	2.56410256410256	2.75946275946276
0.537240537240537	1.53846153846154	1.1965811965812
0.927960927960928	-0.708180708180708	-0.976800976800977
2.002442002442	-2.02686202686203	-1.83150183150183
2.78388278388278	-3.78510378510378	-3.66300366300366
4.22466422466422	-3.2967032967033	-3.24786324786325
3.02808302808303	-5.34798534798535	-2.58852258852259
3.07692307692308	-5.54334554334554	-4.51770451770452
0.610500610500611	-6.66666666666667	-3.66300366300366
-0.537240537240537	-6.00732600732601	-3.71184371184371
-1.58730158730159	-5.00610500610501	-3.68742368742369
-2.05128205128205	-3.51648351648352	-2.95482295482295
-1.58730158730159	-0.976800976800977	-1.83150183150183
-1.12332112332112	-0.341880341880342	-0.0488400488400488
-1.24542124542125	-1.36752136752137	-0.781440781440781
-1.97802197802198	-4.85958485958486	-1.63614163614164
-1.46520146520147	-5.61660561660562	-0.586080586080586
-2.17338217338217	-8.71794871794872	-1.12332112332112
-1.58730158730159	-6.76434676434676	0.659340659340659
0.610500610500611	-4.83516483516483	1.39194139194139
1.41636141636142	-1.31868131868132	2.88156288156288
2.53968253968254	0.952380952380952	2.36874236874237
3.54090354090354	3.71184371184371	2.02686202686203
3.78510378510378	3.2967032967033	-0.43956043956044
5.32356532356532	5.2014652014652	1.88034188034188
5.03052503052503	5.22588522588523	4.95726495726496
4.17582417582418	3.83394383394383	2.56410256410256
4.46886446886447	2.90598290598291	2.75946275946276
4.42002442002442	2.90598290598291	2.07570207570208
3.68742368742369	2.31990231990232	0.317460317460317
3.68742368742369	1.22100122100122	-2.27106227106227
4.17582417582418	1.78266178266178	-2.44200244200244
3.80952380952381	2.17338217338217	-2.1001221001221
4.27350427350427	0.463980463980464	-2.73504273504274
3.56532356532357	-0.805860805860806	-3.41880341880342
4.004884004884	-1.68498168498168	-4.32234432234432
4.54212454212454	-1.95360195360195	-2.80830280830281
3.15018315018315	-3.76068376068376	-2.83272283272283
1.68498168498168	-3.49206349206349	-1.36752136752137
1.97802197802198	-0.83028083028083	-2.2954822954823
0.781440781440781	1.41636141636142	0.561660561660562
0.537240537240537	3.34554334554335	0.732600732600733
1.07448107448107	3.73626373626374	0.21978021978022
0.146520146520147	3.71184371184371	1.36752136752137
0.976800976800977	2.36874236874237	0.683760683760684
0.463980463980464	-0.122100122100122	1.56288156288156
-0.561660561660562	-4.56654456654457	-0.805860805860806
-1.0989010989011	-7.86324786324786	-0.0732600732600733
-1.73382173382173	-8.05860805860806	0.43956043956044
-1.26984126984127	-7.00854700854701	1.22100122100122
-1.53846153846154	-4.95726495726496	2.07570207570208
-0.659340659340659	-0.610500610500611	3.68742368742369
1.001221001221	2.68620268620269	4.63980463980464
0.122100122100122	0.927960927960928	2.1978021978022
0.21978021978022	1.41636141636142	3.54090354090354
-0.195360195360195	1.34310134310134	2.83272283272283
0.561660561660562	-0.244200244200244	0.244200244200244
0.43956043956044	0.732600732600733	0.463980463980464
1.34310134310134	3.1013431013431	0.390720390720391
2.90598290598291	2.1001221001221	0
1.14774114774115	1.85592185592186	-1.9047619047619
1.07448107448107	3.27228327228327	-0.43956043956044
2.14896214896215	4.2002442002442	0.43956043956044
0.927960927960928	4.49328449328449	2.44200244200244
0.903540903540904	5.73870573870574	1.97802197802198
1.73382173382173	6.56898656898657	1.34310134310134
0.781440781440781	5.71428571428571	1.41636141636142
0.659340659340659	3.1013431013431	-2.1001221001221
0.634920634920635	4.54212454212454	2.27106227106227
0.244200244200244	3.32112332112332	0.659340659340659
0.293040293040293	1.48962148962149	-1.26984126984127
-0.757020757020757	-0.903540903540904	-3.95604395604396
-2.41758241758242	-3.68742368742369	-4.83516483516483
-3.63858363858364	-6.69108669108669	-4.44444444444444
-5.44566544566545	-8.3028083028083	-4.32234432234432
-4.22466422466422	-8.18070818070818	-3.003663003663
-0.561660561660562	-7.44810744810745	-2.78388278388278
-2.07570207570208	-5.88522588522589	-2.002442002442
-1.48962148962149	-7.66788766788767	-5.59218559218559
1.53846153846154	-5.2014652014652	-2.44200244200244
-3.49206349206349	-5.83638583638584	-1.63614163614164
-1.24542124542125	-5.03052503052503	-0.683760683760684
2.46642246642247	-2.12454212454212	1.78266178266178
0.586080586080586	-3.27228327228327	1.95360195360195
0.43956043956044	-5.25030525030525	0.537240537240537
0.0976800976800977	-1.9047619047619	2.93040293040293
1.80708180708181	-1.44078144078144	3.46764346764347
2.88156288156288	-1.46520146520147	2.73504273504274
3.44322344322344	1.78266178266178	3.54090354090354
4.34676434676435	2.17338217338217	3.66300366300366
3.58974358974359	0.976800976800977	3.2967032967033
2.61294261294261	-0.195360195360195	2.41758241758242
1.70940170940171	1.02564102564103	1.46520146520147
1.53846153846154	2.78388278388278	2.22222222222222
0.927960927960928	2.83272283272283	1.17216117216117
2.66178266178266	5.90964590964591	0.83028083028083
2.51526251526252	5.56776556776557	1.14774114774115
2.02686202686203	3.17460317460317	0.488400488400488
0.634920634920635	2.90598290598291	0.244200244200244
0.732600732600733	2.95482295482295	0.805860805860806
0.366300366300366	3.49206349206349	0.122100122100122
1.41636141636142	7.91208791208791	2.83272283272283
1.29426129426129	9.67032967032967	3.24786324786325
1.0989010989011	10.4273504273504	3.51648351648352
1.70940170940171	10.3296703296703	1.83150183150183
1.22100122100122	10.2075702075702	0.268620268620269
3.41880341880342	11.8925518925519	1.56288156288156
3.24786324786325	11.4285714285714	-1.41636141636142
1.92918192918193	8.35164835164835	-1.53846153846154
1.75824175824176	6.3003663003663	-1.44078144078144
0.268620268620269	3.1013431013431	-1.14774114774115
-3.02808302808303	-0.805860805860806	-1.44078144078144
-2.05128205128205	-0.43956043956044	0.195360195360195
-1.80708180708181	0.268620268620269	1.26984126984127
-2.80830280830281	-1.92918192918193	-1.39194139194139
-0.708180708180708	0.390720390720391	-0.317460317460317
-1.22100122100122	-1.29426129426129	-2.34432234432234
-2.31990231990232	-5.03052503052503	-4.1025641025641
-2.24664224664225	-5.54334554334554	-5.73870573870574
0.0732600732600733	-1.56288156288156	-0.488400488400488
-0.732600732600733	-4.34676434676435	-2.34432234432234
-1.05006105006105	-4.02930402930403	0.415140415140415
-1.83150183150183	-4.78632478632479	-0.952380952380952
-2.05128205128205	-4.90842490842491	-1.51404151404151
-0.561660561660562	-5.05494505494505	0.854700854700855
-0.976800976800977	-5.32356532356532	-2.44200244200244
0.537240537240537	-2.95482295482295	-2.68620268620269
1.78266178266178	-0.854700854700855	2.05128205128205
2.07570207570208	-1.56288156288156	-0.586080586080586
2.61294261294261	-0.390720390720391	-1.66056166056166
1.83150183150183	0.0244200244200244	-0.927960927960928
2.66178266178266	0.390720390720391	-2.1978021978022
1.31868131868132	-0.634920634920635	-3.2967032967033
-0.683760683760684	-1.12332112332112	-5.03052503052503
-2.88156288156288	-1.56288156288156	-4.59096459096459
-4.07814407814408	-3.98046398046398	-1.95360195360195
-5.47008547008547	-7.05738705738706	-2.41758241758242
-5.64102564102564	-6.47130647130647	-0.854700854700855
-4.98168498168498	-6.54456654456654	0.537240537240537
-3.76068376068376	-6.95970695970696	1.68498168498168
-1.95360195360195	-5.03052503052503	2.07570207570208
-0.586080586080586	-5.49450549450549	1.88034188034188
-0.293040293040293	-7.4969474969475	-4.66422466422466
1.14774114774115	-4.93284493284493	0.0488400488400488
1.58730158730159	-4.76190476190476	-0.341880341880342
1.31868131868132	-4.61538461538461	-0.244200244200244
0.21978021978022	-2.56410256410256	1.58730158730159
2.36874236874237	1.24542124542125	2.71062271062271
1.97802197802198	1.80708180708181	4.68864468864469
-0.341880341880342	0.903540903540904	4.66422466422466
1.12332112332112	2.36874236874237	5.34798534798535
0.781440781440781	2.1001221001221	5.17704517704518
-0.854700854700855	1.07448107448107	6.08058608058608
0.512820512820513	1.02564102564103	3.22344322344322
2.2954822954823	3.34554334554335	4.17582417582418
2.51526251526252	2.12454212454212	2.24664224664225
1.29426129426129	-0.122100122100122	0.0488400488400488
2.36874236874237	-0.293040293040293	-1.07448107448107
0.0732600732600733	0.195360195360195	0.610500610500611
1.17216117216117	1.34310134310134	-0.976800976800977
2.83272283272283	4.83516483516483	-1.44078144078144
-0.390720390720391	6.4957264957265	3.27228327228327
2.36874236874237	5.83638583638584	0.83028083028083
0.122100122100122	4.02930402930403	0.757020757020757
-0.683760683760684	1.29426129426129	1.36752136752137
2.63736263736264	-0.781440781440781	1.31868131868132
-8.74236874236874	-4.73748473748474	1.36752136752137
-3.39438339438339	-5.88522588522589	0.268620268620269
-3.61416361416361	-5.95848595848596	-0.488400488400488
-6.3003663003663	-5.71428571428571	-1.61172161172161
-3.78510378510378	-3.98046398046398	-0.83028083028083
-5.27472527472527	-3.05250305250305	-1.51404151404151
-2.63736263736264	-2.12454212454212	-1.1965811965812
-5.07936507936508	-2.88156288156288	0.561660561660562
-6.12942612942613	-4.42002442002442	0.781440781440781
-2.58852258852259	-1.95360195360195	1.41636141636142
0.781440781440781	1.75824175824176	1.78266178266178
5.86080586080586	6.86202686202686	2.95482295482295
-2.34432234432234	5.81196581196581	1.46520146520147
-1.24542124542125	9.10866910866911	4.85958485958486
-2.002442002442	8.66910866910867	5.76312576312576
-4.3956043956044	5.42124542124542	3.68742368742369
0.366300366300366	4.37118437118437	1.12332112332112
-0.488400488400488	2.83272283272283	3.05250305250305
1.12332112332112	1.53846153846154	1.75824175824176
2.12454212454212	-0.0732600732600733	-0.244200244200244
-0.512820512820513	1.14774114774115	2.34432234432234
-2.61294261294261	1.88034188034188	3.63858363858364
-4.56654456654457	1.9047619047619	3.44322344322344
-2.80830280830281	-0.268620268620269	1.22100122100122
-3.93162393162393	-3.02808302808303	-1.73382173382173
-3.44322344322344	-2.97924297924298	1.88034188034188
-2.80830280830281	-6.2026862026862	0.488400488400488
1.17216117216117	-3.54090354090354	1.68498168498168
3.36996336996337	-0.634920634920635	2.05128205128205
-1.12332112332112	1.51404151404151	5.1037851037851
-0.854700854700855	1.05006105006105	5.61660561660562
-3.51648351648352	0.683760683760684	2.97924297924298
2.31990231990232	1.07448107448107	3.27228327228327
-0.390720390720391	1.53846153846154	4.73748473748474
1.97802197802198	0.854700854700855	3.003663003663
4.34676434676435	1.92918192918193	4.02930402930403
5.17704517704518	5.2014652014652	4.66422466422466
2.71062271062271	4.90842490842491	4.88400488400488
1.44078144078144	4.004884004884	4.51770451770452
3.58974358974359	4.54212454212454	3.58974358974359
1.95360195360195	0.83028083028083	-2.02686202686203
1.46520146520147	1.78266178266178	4.004884004884
-0.122100122100122	1.1965811965812	1.05006105006105
0.0488400488400488	1.07448107448107	-1.41636141636142
0.122100122100122	2.27106227106227	-1.26984126984127
-0.0488400488400488	0.781440781440781	-6.27594627594628
0.317460317460317	0.415140415140415	-1.95360195360195
-0.659340659340659	-1.24542124542125	-5.83638583638584
-0.43956043956044	0.170940170940171	-2.85714285714286
-0.610500610500611	0.976800976800977	-2.12454212454212
1.78266178266178	5.27472527472527	-1.41636141636142
0.488400488400488	5.49450549450549	-1.39194139194139
1.07448107448107	7.32600732600733	2.14896214896215
-1.78266178266178	5.00610500610501	-1.36752136752137
-0.903540903540904	5.66544566544567	3.39438339438339
0.268620268620269	4.81074481074481	3.1990231990232
4.1025641025641	1.63614163614164	0.341880341880342
-0.586080586080586	2.12454212454212	2.63736263736264
-0.537240537240537	2.61294261294261	4.42002442002442
2.14896214896215	5.42124542124542	6.86202686202686
1.02564102564103	5.68986568986569	9.13308913308913
1.53846153846154	9.01098901098901	9.93894993894994
3.34554334554335	12.039072039072	10.1343101343101
3.54090354090354	11.6483516483516	8.64468864468864
3.32112332112332	10.8424908424908	10.01221001221
2.66178266178266	8.22954822954823	6.59340659340659
2.46642246642247	8.03418803418803	5.25030525030525
2.39316239316239	6.44688644688645	3.66300366300366
4.2002442002442	5.22588522588523	0.610500610500611
3.46764346764347	3.2967032967033	-1.22100122100122
4.07814407814408	3.15018315018315	-0.43956043956044
1.78266178266178	0.146520146520147	-2.34432234432234
0.537240537240537	-1.12332112332112	-1.56288156288156
-1.1965811965812	-2.1001221001221	-2.56410256410256
-1.29426129426129	-3.15018315018315	-4.37118437118437
-1.80708180708181	-2.22222222222222	-6.64224664224664
-0.0488400488400488	-1.31868131868132	-8.35164835164835
1.34310134310134	-0.463980463980464	-6.78876678876679
-0.170940170940171	-1.05006105006105	-7.74114774114774
-0.415140415140415	-0.0976800976800977	-4.59096459096459
-0.732600732600733	-0.195360195360195	-2.95482295482295
-1.95360195360195	-1.95360195360195	-3.32112332112332
-2.71062271062271	-3.34554334554335	-4.02930402930403
-1.80708180708181	-2.17338217338217	-1.97802197802198
-1.17216117216117	-1.95360195360195	-4.73748473748474
-0.488400488400488	0.732600732600733	-1.24542124542125
0.879120879120879	2.05128205128205	-2.27106227106227
1.83150183150183	3.05250305250305	0.610500610500611
0.586080586080586	2.12454212454212	0.512820512820513
1.53846153846154	4.34676434676435	1.75824175824176
-0.195360195360195	3.34554334554335	2.31990231990232
-2.17338217338217	1.001221001221	1.02564102564103
-3.02808302808303	-3.1990231990232	-1.22100122100122
-2.51526251526252	-5.73870573870574	-4.37118437118437
-3.2967032967033	-8.44932844932845	-6.64224664224664
-2.39316239316239	-7.03296703296703	-7.05738705738706
-0.952380952380952	-4.34676434676435	-6.2026862026862
0.732600732600733	0.586080586080586	-5.2014652014652
1.001221001221	3.68742368742369	-4.12698412698413
2.80830280830281	7.57020757020757	-2.95482295482295
4.49328449328449	8.79120879120879	-1.34310134310134
3.56532356532357	8.81562881562882	0.244200244200244
1.73382173382173	9.01098901098901	3.71184371184371
