1.00556954299229	5.00343327992676	3.68657969024186
0.25482566567483	4.09246967269398	1.7944609750515
0.198367284657053	3.3829251544976	-0.137331197070268
-0.17242694743267	1.99130235751888	0.271610589761196
-0.9399557488365	3.0960555428397	0.0350957503624018
0.344853894865339	3.76440070191501	0.985732814526589
-0.233463035019455	3.16319523918517	0.192263675898375
-0.271610589761196	2.6688029297322	-0.311284046692607
-0.920119020370794	0.924696726939803	-1.4023041123064
-0.331120775158312	1.51369497215228	-3.17998016327153
1.24513618677043	0.0122072175173571	-5.0263218127718
2.46738384069581	1.28328374151217	-5.85183489738308
2.88853284504463	2.91905088883803	-5.46272983901732
3.09758144502937	3.27306019684138	-5.47341115434501
3.03501945525292	5.5893797207599	-3.42107270923934
2.21713588158999	4.50751506828412	-1.91195544365606
1.30464637216754	4.74708171206226	-0.416571297779812
1.05439841306172	5.45204852368963	-0.318913557640955
0.697337300679026	3.77050431067369	0.526436255436027
0.396734569314107	4.28625925078202	-0.463874265659571
0.927748531319142	2.77409018081941	-0.823987182421607
1.44960708018616	4.31830319676509	-0.561532005798428
1.4023041123064	4.07263294422827	0.164797436484321
3.89105058365759	3.85442893110552	0.76752880140383
1.79751277943084	4.78065156023499	1.12306401159686
0.576791027695125	2.91294728007935	1.45571068894484
0.263981078812848	1.82040131227588	1.19935912108034
-1.22529945830472	0.540169375143053	0.100709544518196
-0.280766002899214	1.53505760280766	0.4272526131075
0.704966811627375	2.6993209735256	-1.32753490501259
1.5732051575494	1.90280003051804	-1.61135271229114
2.02487220569162	2.7496757457847	-2.23544670786603
3.02281223773556	4.24505989166094	-2.46128023193713
4.37933928435187	4.45716029602502	-0.772106507972839
4.44037537193866	6.74753948271916	-0.34027618829633
4.9057755397879	5.65804531929503	0.675974670023652
4.18097199969482	6.08072022583352	1.68459601739528
3.71099412527657	5.8304722667277	2.11490043488212
4.10467689021134	3.54467078660258	2.2369726100557
2.48111696040284	4.77607385366598	2.04623483634699
2.96025024795911	3.95513847562371	2.60318913557641
3.49431601434348	3.70641641870756	2.05386434729534
2.74662394140536	3.34325169756619	1.14747844663157
2.88853284504463	1.71663996337835	0.886549172198062
0.558480201419089	0.474555580987259	0.495918211642634
0.0915541313801785	-1.00709544518196	-0.0335698481727321
-1.38857099259937	-1.40688181887541	0.0137331197070268
-0.602731364919509	-1.30922407873655	-0.659189745937285
0.119020370794232	-3.11894407568475	-1.09712367437247
0.224307621881437	-2.65201800564584	-2.93430991073472
0.750743877317464	-4.3274586099031	-5.15449759670405
1.42671854734112	-3.01213092240787	-4.71656366826886
-0.473029678797589	-2.22934309910735	-6.07156481269551
1.25886930647745	-0.643930724040589	-4.18097199969482
0.367742427710384	0.735484855420768	-3.08232242313268
1.0406652933547	0.784313725490196	-2.78782330052644
0.697337300679026	1.37483787289235	-1.12306401159686
0.12664988174258	1.34279392690929	-0.975051499198901
-0.0991836423285267	0.308232242313268	-0.183108262760357
-0.76752880140383	0.378423743038071	-0.778210116731518
-0.288395513847562	-0.141908903639277	1.04829480430304
-1.89364461738003	-0.474555580987259	-0.271610589761196
-2.69321736476692	0.0946059357595178	-0.0228885328450446
-0.871290150301366	0.900282291905089	1.02845807583734
-0.93690394445716	2.7542534523537	1.62813763637751
1.67849240863661	2.51621271076524	1.70443274586099
3.34172579537652	3.5385671778439	3.90783550774395
2.34378576333257	3.43480582894636	2.70237277790494
3.33409628442817	2.89921416037232	1.8646524757763
2.28274967574578	3.48363469901579	1.59456778820478
1.60982681010147	2.83360036621653	0.970473792629892
1.49996185244526	3.57213702601663	-0.303654535744259
1.22072175173571	2.45670252536812	-0.535591668574044
2.3773556115053	1.01777676050965	-1.1261158159762
2.49485008010986	1.87228198672465	-1.89211871519036
1.67238879987793	1.1261158159762	-1.05287251087205
2.92820630197604	0.379949645227741	-1.76699473563745
3.04417486839094	1.71816586556802	-1.43587396047913
1.17341878385595	-0.192263675898375	-2.90226596475166
1.42366674296178	0.494392309452964	-3.10978866254673
0.361638818951705	-1.73189898527504	-5.36964980544747
2.04470893415732	0.50965133134966	-2.86411841000992
3.31883726253147	1.8951705195697	-3.58434424353399
3.56145571068894	1.16578927290761	-3.38902876325628
2.85343709468223	1.59609369039445	-1.9150072480354
3.94598306248569	2.11795223926146	-0.244144350347143
4.62806134126803	2.07980468451972	-0.331120775158312
4.81727321278706	2.40939955748836	-0.999465934233616
4.50904097047379	0.186160067139696	-2.26596475165942
5.50087739375906	2.24307621881437	-0.953688868543526
5.5237659266041	2.78019378957809	-2.54367895017929
5.06446936751354	2.7847714961471	-2.66117341878386
4.16418707560845	3.31273365377279	-3.34935530632486
5.44747081712062	1.88296330205234	-2.31937132829786
5.6244754711223	3.03044174868391	-2.92973220416571
5.49172198062104	0.482185091935607	-4.07415884641794
4.92561226825361	0.346379797055009	-4.60517280842298
5.48104066529335	1.69985503929198	-3.9658197909514
4.70435645075151	0.323491264209964	-4.1870756084535
3.34630350194553	1.41603723201343	-5.50545510032807
3.85442893110552	1.68001831082628	-3.24559395742733
2.70084687571527	0.570687418936446	-4.13519493400473
0.538643472953384	-1.10322728313115	-5.0263218127718
-0.321965362020295	-3.23338673990997	-3.89715419241627
-0.473029678797589	-3.26390478370336	-4.07110704203861
-1.66475928892958	-4.58991378652628	-3.31425955596246
-0.608834973678187	-3.05333028152895	-1.96993972686351
-1.47707331960021	-1.84634164950027	-2.02944991226062
-0.975051499198901	-1.00099183642329	-2.3422598611429
-0.364690623331044	1.4526588845655	-3.4683756771191
-0.694285496299687	-0.167849240863661	-5.4337376974136
-0.331120775158312	-1.7792019531548	-5.61684596017395
-1.51216906996262	-1.93789578088045	-3.92156862745098
-1.29854276340887	-3.5736629282063	-2.83207446402686
-1.11696040283818	-1.60219729915312	-1.96841382467384
-0.189211871519036	-2.25223163195239	-0.0885023270008393
-0.440985732814527	-2.20492866407263	-2.2064545662623
-0.0350957503624018	0.132753490501259	-2.45059891660945
0.775158312352178	-1.27107652399481	-3.99633783474479
-0.552376592660411	-0.463874265659571	-4.18554970626383
-2.28274967574578	-2.9907682917525	-3.98260471503777
-1.96078431372549	-2.25528343633173	-6.8863965819791
-1.21461814297704	-0.914015411612116	-4.39917601281758
-0.955214770733196	-2.23392080567636	-3.96734569314107
0.314335851071946	-0.404364080262455	-4.41443503471428
2.00961318379492	-0.0244144350347143	-3.14946211947814
3.21049820706493	0.80872816052491	-3.17998016327153
3.37224383916991	0.805676356145571	-4.64484626535439
4.10772869459068	-1.26192111085679	-5.96169985503929
2.97703517204547	-0.488288700694285	-6.34470130464637
4.15350576028077	-0.585946440833143	-5.61074235141527
4.01770046540017	0.395208667124437	-4.61890592813001
2.50400549324788	-0.021362630655375	-5.64431219958801
2.61692225528344	-1.32143129625391	-3.61028458075837
-0.227359426260777	-1.74715800717174	-3.94140535591669
0.729381246662089	-4.74860761425193	-4.63569085221637
0.0625619897764553	-6.07766842145418	-3.81780727855344
-0.288395513847562	-6.49729152361334	-2.8702220187686
0.672922865644312	-7.7454795147631	-3.28679331654841
-0.0457770656900893	-8.45197222858015	-4.30151827267872
-0.831616693369955	-9.69710841535058	-3.55687800411994
-1.19020370794232	-9.63149462119478	-4.21911955443656
-2.8702220187686	-9.92446784161135	-2.96177615014878
-2.88853284504463	-10.8537422751202	-3.22423132677195
-2.89158464942397	-7.93774319066148	-2.72831311512932
-2.27969787136645	-7.49980926222629	-1.12916762035554
-1.40077821011673	-5.9159227893492	-1.87380788891432
0.331120775158312	-3.44701304646372	-1.97604333562219
0.889600976577401	-2.97093156328679	-3.07469291218433
1.3168535896849	0.318913557640955	-2.28427557793545
0.802624551766232	-1.08033875028611	-3.8803692683299
-0.497444113832303	-0.289921416037232	-2.37277790493629
0.283817807278553	1.65560387579156	-1.01319905394064
1.92416266117342	2.9251544975967	2.34836346990158
1.88601510643168	3.13420309758144	2.43228809033341
2.71305409323262	3.07469291218433	3.15861753261616
2.36057068741894	3.01518272678721	3.35698481727321
2.45059891660945	3.53704127565423	1.43129625391012
4.1870756084535	3.42259861142901	1.7593652246891
4.00244144350347	5.86861982146944	2.05386434729534
5.41390096894789	6.25619897764553	2.88853284504463
5.76943617914092	7.64171816586557	3.7949187457084
5.50240329594873	7.71801327534905	3.28374151216907
2.61844815747311	5.85641260395209	4.06958113984894
1.54573891813535	6.74753948271916	4.46021210040436
0.614938582436866	5.61226825360494	2.95719844357977
0.134279392690929	5.41390096894789	-0.0946059357595178
0.9399557488365	5.6595712214847	-0.123598077363241
1.67849240863661	3.8452735179675	-0.508125429159991
3.58587014572366	6.05935759517815	0.318913557640955
3.83611810482948	5.16670481422141	-1.88448920424201
3.70336461432822	4.17486839093614	-1.89059281300069
2.01113908598459	2.42313267719539	-4.0161745632105
2.47653925383383	0.247196154726482	-3.35698481727321
-0.437933928435187	-2.68101014724956	-6.2378881513695
-0.0671396963454643	-3.32799267566949	-4.40070191500725
-0.650034332799268	-3.13420309758144	-3.05027847714961
-1.69527733272297	-2.35904478522927	-2.6489662012665
-2.04165712977798	-2.64133669031815	-1.33974212252995
-3.07316700999466	-1.60372320134279	-1.86923018234531
-3.02891584649424	-2.58793011367971	-1.29549095902953
-3.4027618829633	-3.76897840848402	-0.924696726939803
-1.59914549477379	-1.46639200427253	-1.26192111085679
-1.46181429770352	-1.63729304951553	-1.17647058823529
-1.88754100862135	0.753795681696803	-0.300602731364919
-1.35500114442664	0.80872816052491	-1.88143739986267
-2.91294728007935	0.877393759060044	-3.31578545815213
-1.92874036774243	1.45876249332418	-4.72419317921721
-3.03807125963226	1.77004654001678	-3.27000839246204
-1.61287861448081	4.00244144350347	-2.95262073701076
0.444037537193866	4.37323567559319	-1.44350347142748
-0.0564583810177768	4.5990691996643	-2.33005264362554
-0.189211871519036	4.01770046540017	-1.92568856336309
-0.350957503624018	0.343327992675669	-3.6392767223621
-1.89059281300069	-1.43434805828946	-5.28877698939498
-1.92416266117342	-3.92309452964065	-5.68245975432975
-1.69069962615396	-2.97245746547646	-3.37376974135958
-2.17898832684825	-3.02891584649424	-3.05638208590829
-2.47959105821317	-2.6840619516289	-1.78835736629282
-3.36919203479057	-2.29037918669413	-1.55642023346304
-2.70237277790494	-2.69321736476692	-1.46334019989319
-1.5732051575494	-1.2115663385977	1.30617227435721
-2.78324559395743	-0.782787823300526	-0.569161516746777
-1.90432593270771	-0.466926070038911	0.698863202868696
-1.60677500572213	0.357061112382696	-0.00610360875867857
-2.18509193560693	-0.743114366369116	0.193789578088045
-1.56862745098039	-0.782787823300526	-2.71610589761196
-1.97756923781186	-1.02082856488899	-2.41855497062638
-1.42061493858244	-3.10521095597772	-2.85954070344091
-1.92111085679408	-1.26039520866712	-4.66010528725109
-1.64034485389487	-2.11642633707179	-4.77759975585565
-3.66979476615549	-3.44243533989471	-7.05882352941176
-4.25268940260929	-2.50858319981689	-6.88487067978943
-3.54009308003357	-1.69222552834363	-5.33150225070573
-3.01365682459754	-0.0625619897764553	-3.89257648584726
-2.50247959105821	0.645456626230259	-0.831616693369955
-1.90432593270771	1.95468070496681	-0.576791027695125
-2.74357213702602	2.38803692683299	1.27718013275349
-0.915541313801785	1.90127412832837	-0.720225833524071
-0.93842984664683	2.51773861295491	0.973525597009232
-0.228885328450446	1.44960708018616	-1.40688181887541
0.700389105058366	1.99740596627756	1.35500114442664
0.0732433051041428	2.06301976043336	1.03761348897536
0.239566643778134	0.807202258335241	1.6433966582742
0.00305180437933928	1.37026016632334	2.22781719691768
-1.03761348897536	-0.575265125505455	1.04219119554437
-0.991836423285267	-0.413519493400473	0.439459830624857
-0.953688868543526	0.81025406271458	1.32753490501259
0.21362630655375	0.279240100709545	0.729381246662089
-0.173952849622339	2.84733348592355	2.55588616769665
-1.83108262760357	0.733958953231098	2.57419699397269
-1.02388036926833	1.31532768749523	1.80666819256886
-2.00656137941558	1.31380178530556	-2.50858319981689
-3.58129243915465	-1.97909514000153	-1.86770428015564
-4.03753719386587	-0.685130083161669	-2.0157167925536
-3.14946211947814	-0.494392309452964	-1.44655527580682
-3.39513237201495	0.335698481727321	0.447089341573205
-3.11436636911574	1.9150072480354	2.85343709468223
-0.762951094834821	3.00450141145953	5.56496528572518
-0.234988937209125	4.55939574273289	5.639734493019
0.108339055466545	4.443427176318	6.02731364919509
-0.665293354695964	3.60265506981003	4.33203631647211
-0.990310521095598	3.59807736324102	2.29037918669413
0.55542839703975	2.42008087281605	2.44754711223011
0.508125429159991	3.28526741435874	2.41855497062638
3.31578545815213	3.72014953841459	3.63164721141375
4.11535820553902	3.930724040589	4.88899061570153
3.71404592965591	3.85900663767453	4.1214618142977
2.40634775310903	2.14389257648585	3.79797055008774
2.21713588158999	2.45365072098878	1.90890363927672
-0.207522697795071	0.413519493400473	0.616464484626535
0.285343709468223	0.953688868543526	0.961318379491875
0.245670252536812	0.97962920576791	1.84328984512093
0.364690623331044	0.546272983901732	2.42465857938506
-1.39925230792706	0.762951094834821	0.953688868543526
-2.50553139543755	-1.23445487144274	0.123598077363241
-2.38345922026398	-0.955214770733196	0.228885328450446
-3.45159075303273	-2.01113908598459	-1.00099183642329
-2.48264286259251	-0.526436255436027	0.181582360570687
-2.60166323338674	0.537117570763714	-0.0625619897764553
-1.75478751812009	0.271610589761196	0.00457770656900893
-1.4023041123064	0.314335851071946	-0.021362630655375
-1.25734340428779	1.91042954146639	-0.0457770656900893
-0.807202258335241	-0.524910353246357	-0.389105058365759
0.495918211642634	1.17952239261463	0.489814602883955
0.260929274433509	0.842298008697642	1.3321126115816
0.926222629129473	1.87838559548333	2.11947814145113
1.22682536049439	3.36919203479057	2.67948424505989
1.79293507286183	2.60318913557641	1.68764782177462
1.29549095902953	6.72922865644312	4.1870756084535
2.12558175020981	7.78057526512551	5.06752117189288
1.22987716487373	8.49164568551156	5.72976272220951
1.13832303349355	10.1655603875792	6.54154268711376
1.21309224078737	8.18188754100862	4.03906309605554
0.0549324788281071	9.65743495841916	4.77302204928664
-0.167849240863661	7.95757991912718	2.75730525673304
-2.67795834287022	5.49477378500038	1.10780498970016
-1.52590218966964	5.33760585946441	2.44144350347143
-2.02182040131228	2.30563820859083	2.56046387426566
-5.06752117189288	1.5533684290837	1.92874036774243
-4.45868619821469	-0.375371938658732	1.75478751812009
-5.3528648813611	-0.0244144350347143	2.05691615167468
-3.5233081559472	0.906385900663767	2.60013733119707
-2.46433203631647	0.444037537193866	4.92713817044327
-3.34477759975586	0.775158312352178	4.92713817044327
-3.34019989318685	0.714122224765393	4.72571908140688
-4.03295948729686	0.267032883192187	4.85236896314946
-6.18905928130007	-0.0503547722590982	3.76440070191501
-6.54612039368276	-3.59655146105135	1.41603723201343
-5.27809567406729	-1.3870450904097	0.584420538643473
-3.80254825665675	-1.94552529182879	-0.187685969329366
-2.04928664072633	-0.0610360875867857	1.40993362325475
-1.18867780575265	2.51773861295491	1.22987716487373
-1.15205615320058	1.13374532692454	0.856031128404669
-1.1810482948043	2.49027237354086	0.363164721141375
-1.68001831082628	0.692759594110018	-0.466926070038911
-2.74052033264668	-1.04371709773404	-1.21461814297704
-4.94392309452964	-1.04829480430304	-2.90684367132067
-4.8203250171664	-2.00961318379492	-3.17998016327153
-6.04409857328145	-1.17036697947662	-3.08384832532235
-6.06088349736782	-1.86617837796597	-2.34531166552224
-4.75471122301061	-1.56252384222171	-0.889600976577401
-3.19523918516823	-1.10322728313115	-0.601205462729839
-3.34019989318685	-2.13931486991684	0.63935301747158
-2.67032883192187	-1.19478141451133	-0.12817578393225
-2.32089723048753	-0.524910353246357	-0.238040741588464
-3.19829098954757	-0.863660639353018	-0.04272526131075
-3.75371938658732	0.450141145952544	0.917067215991455
-3.84679942015717	0.25787747005417	1.61135271229114
-3.94598306248569	0.450141145952544	1.74715800717174
-3.42107270923934	-0.0717174029144732	2.51163500419623
-3.65148393987945	-0.657663843747616	1.85397116044862
-2.59250782024872	0.175478751812009	2.82139314869917
0.392156862745098	1.24513618677043	4.42969405661097
-0.135805294880598	1.57473105973907	1.96688792248417
-0.0762951094834821	1.24361028458076	0.741588464179446
-1.41145952544442	-0.135805294880598	-2.38651102464332
-3.05638208590829	0.221255817502098	-2.59250782024872
-4.35187304493782	-1.18867780575265	-1.75783932249943
-4.74708171206226	0.608834973678187	-0.958266575112535
-3.1265735866331	1.64187075608453	0.866712443732357
-1.75783932249943	3.06401159685664	1.93179217212177
-1.28328374151217	2.96330205233845	2.49942778667887
-1.47096971084154	2.29495689326314	1.65560387579156
-2.21560997940032	2.97093156328679	2.23392080567636
-2.79240100709545	1.49843595025559	1.63424124513619
-3.14030670634012	1.41145952544442	0.524910353246357
-3.5736629282063	2.73594262607767	0.950637064164187
-4.15655756466011	2.35599298084993	1.48622873273823
-2.97703517204547	3.49431601434348	1.78683146410315
-2.80003051804379	4.28931105516136	3.59807736324102
-2.41092545967803	3.1815060654612	3.3325703822385
-2.43533989471275	2.88242923628595	3.247119859617
-2.0660715648127	2.51621271076524	4.14282444495308
-1.71053635461967	4.18860151064317	4.50141145952544
-1.74258030060273	3.2822156099794	3.52941176470588
-1.8448157473106	3.26543068589303	2.50400549324788
-3.29442282749676	3.13115129320211	0.178530556191348
-2.72526131074998	1.18867780575265	1.66018158236057
-4.50141145952544	0.871290150301366	-1.49996185244526
-4.93476768139162	-0.999465934233616	-1.51064316777295
-2.67032883192187	-0.531013962005035	-0.0671396963454643
-2.31479362172885	1.75783932249943	1.39009689478904
-1.7441062027924	-0.282291905088884	1.2161440451667
-2.89768825818265	0.0411993591210803	-1.15663385976959
-2.52384222171359	-1.32295719844358	-1.15968566414893
-2.97398336766613	-1.41908903639277	-1.74105439841306
-5.01258869306477	-1.89822232394903	-3.62706950484474
-4.80811779964904	-1.79903868162051	-3.32951857785916
-4.68604562447547	0.0228885328450446	-2.00198367284657
-5.30708781567102	-1.73952849622339	-2.5284199282826
-4.02990768291752	-1.02693217364767	-1.69832913710231
-3.68657969024186	0.263981078812848	-2.51468680857557
-3.88799877927825	-0.831616693369955	-2.43076218814374
-3.7094682230869	-0.526436255436027	-2.31479362172885
-2.10879682612345	0.521858548867018	-1.63118944075685
-2.45822842755779	0.946059357595178	-2.54520485236896
-2.59708552681773	0.788891432059205	-2.29495689326314
-3.05485618371862	-0.898756389715419	-3.73388265812161
-2.3773556115053	0.575265125505455	-2.9404135194934
-3.21507591363394	-0.762951094834821	-2.00656137941558
-4.5288776989395	-1.95315480277714	-3.3478294041352
-3.67895017929351	-0.920119020370794	-1.30006866559854
-3.83764400701915	-0.863660639353018	-0.0244144350347143
-2.66117341878386	1.56710154879072	1.34889753566796
-2.88395513847562	0.907911802853437	1.93636987869078
-3.57061112382696	-0.592050049591821	2.00350957503624
-3.52635996032654	-1.28786144808118	0.631723506523232
-2.56504158083467	-1.81277180132753	1.8646524757763
-4.31525139238575	-3.16472114137484	0.0625619897764553
-4.74555580987259	-2.77561608300908	1.03303578240635
-3.56145571068894	-0.102235446707866	0.81025406271458
-1.4724956130312	1.35500114442664	-0.187685969329366
-0.0625619897764553	1.00404364080262	1.879911497673
0.839246204318303	2.16678110933089	0.399786373693446
1.44960708018616	1.58083466849775	0.407415884641794
2.09506370641642	1.02845807583734	0.151064316777295
0.560006103608759	1.24971389333944	-0.137331197070268
-0.834668497749294	-0.0442511635004196	-1.74563210498207
-1.42519264515145	-0.253299763485161	-2.86106660563058
0.117494468604562	0.259403372243839	-4.22369726100557
-0.372320134279393	0.900282291905089	-4.05279621576257
1.39009689478904	1.56557564660105	-4.33813992523079
0.708018616006714	0.0488288700694285	-5.66567483024338
-0.547798886091402	0.593575951781491	-5.45662623025864
-0.805676356145571	0.849927519645991	-3.78728923476005
-2.80918593118181	-0.875867856870375	-4.31525139238575
-4.62348363469902	-0.730907148851759	-4.32593270771344
-4.01770046540017	-2.1011673151751	-3.22117952239261
-4.61585412375067	-0.721751735713741	-3.18608377203021
-4.3930724040589	-0.387579156176089	-1.08644235904479
-3.67742427710384	-1.94399938963912	-1.21919584954604
-3.30510414282444	-0.457770656900893	1.49843595025559
-2.6688029297322	-0.918593118181125	2.64744029907683
-1.6433966582742	0.115968566414893	4.37018387121385
-1.28938735027085	-0.401312275883116	3.75829709315633
-0.225833524071107	0.685130083161669	3.92462043183032
-0.518806744487678	2.79240100709545	3.81322957198444
0.218204013122759	2.63828488593881	2.53147173266194
-1.07118333714809	3.19218738078889	1.93331807431144
-1.37941557946136	1.05134660868238	1.88601510643168
-1.91958495460441	0.0274662394140536	0.98268101014725
-2.07370107576104	-0.72480354009308	-0.590524147402152
-0.653086137178607	-0.865186541542687	0.0457770656900893
0.679026474402991	2.21255817502098	0.0259403372243839
1.4373998626688	3.74608987563897	-0.321965362020295
2.24002441443503	3.73235675593194	-1.6433966582742
2.29953459983215	3.99633783474479	0.422674906538491
1.54879072251469	2.33005264362554	0.108339055466545
1.25429159990845	4.5639734493019	0.491340505073625
3.02891584649424	4.10772869459068	2.01113908598459
3.08079652094301	3.95819028000305	2.23086900129702
3.14030670634012	5.78316929884794	2.1011673151751
5.49324788281071	4.20386053253986	2.82139314869917
5.81521324483101	4.31830319676509	2.94499122606241
5.07820248722057	3.08079652094301	3.70336461432822
4.272526131075	2.72526131074998	4.64026855878538
2.65659571221485	3.14946211947814	3.86816205081254
0.459296559090562	0.762951094834821	3.3478294041352
-0.112916762035554	1.48012512397955	3.67284657053483
-0.350957503624018	0.241092545967803	4.3579766536965
0.98268101014725	-0.0579842832074464	2.94346532387274
0.700389105058366	1.01930266269932	2.53452353704128
1.65255207141222	-0.498970016021973	1.20851453421836
-1.3015945677882	-0.860608834973678	-0.822461280231937
-3.17845426108186	-2.05386434729534	-2.5131609063859
-2.72220950637064	-3.32951857785916	-2.10421911955444
-2.33615625238422	-3.15861753261616	-0.975051499198901
-2.33768215457389	-5.96475165941863	-0.428778515297169
-1.02693217364767	-4.93934538796063	-0.204470893415732
-1.87685969329366	-5.27351796749828	-0.16937514305333
-0.996414129854276	-5.84115358205539	-1.8646524757763
-0.665293354695964	-3.79797055008774	-1.88601510643168
-0.218204013122759	-5.94491493095293	-2.55588616769665
1.01777676050965	-2.88548104066529	-2.72373540856031
0.0732433051041428	-3.63622491798276	-2.85343709468223
0.505073624780652	-5.17586022735943	-3.00907911802853
-0.227359426260777	-3.41039139391165	-4.46021210040436
-0.820935378042267	-4.26337071793698	-3.52025635156786
-1.13832303349355	-3.16319523918517	-5.16060120546273
1.59456778820478	-0.369268329900053	-3.27153429465171
1.89822232394903	0.529488059815366	-2.9907682917525
3.29442282749676	2.8046082246128	-1.85549706263828
4.31525139238575	2.51773861295491	-0.0122072175173571
3.74151216906996	2.392614633402	0.347905699244678
2.48264286259251	1.41298542763409	-0.173952849622339
1.10627908751049	-0.759899290455482	-0.186160067139696
-0.187685969329366	-1.88143739986267	-2.09201190203708
-0.781261921110857	-3.54314488441291	-3.21507591363394
-3.29594872968643	-4.48920424200809	-4.00854505226215
-2.19119554436561	-6.90165560387579	-3.41802090486
-1.46028839551385	-7.23887998779278	-2.64286259250782
-1.60677500572213	-5.61226825360494	-1.46181429770352
-1.83260852979324	-6.47592889295796	0.584420538643473
-2.19577325093462	-4.73182269016556	-0.228885328450446
-2.93888761730373	-5.81521324483101	-0.320439459830625
-3.55840390630961	-4.0360112916762	-0.837720302128634
-2.69169146257725	-1.64644846265354	-0.918593118181125
-1.34431982909895	-2.24460212100404	-2.76340886549172
-0.628671702143893	0.173952849622339	-2.28885328450446
3.05333028152895	2.61234454871443	-0.12664988174258
2.7542534523537	2.28885328450446	-1.16731517509728
2.64744029907683	3.08690012970169	0.614938582436866
4.92561226825361	3.33867399099718	0.865186541542687
5.3681239032578	4.87220569161517	3.10215915159838
4.41443503471428	4.07110704203861	0.912489509422446
6.12649729152361	3.07316700999466	0.956740672922866
5.64736400396735	2.83665217059586	-1.36568245975433
4.43427176317998	0.68055237659266	-2.80918593118181
5.16365300984207	1.67238879987793	-0.224307621881437
4.49683375295644	0.621042191195544	1.25734340428779
4.0009155413138	0.503547722590982	2.87632562752728
2.07370107576104	-1.55947203784237	2.78934920271611
0.744640268558785	-4.8203250171664	2.28885328450446
-1.69222552834363	-4.9408712901503	-0.205996795605402
-2.6337071793698	-6.53543907835508	-2.3071641107805
-4.12603952086671	-6.25314717326619	-3.04417486839094
-5.42000457770657	-5.3833829251545	-2.9404135194934
-4.93629358358129	-5.20485236896315	-2.68253604943923
-5.04768444342718	-4.31372549019608	-1.51827267872129
-4.19775692378119	-4.08331425955596	0.0778210116731518
-3.46532387273976	-4.41290913252461	-0.411993591210803
-2.07370107576104	-2.30258640421149	1.12916762035554
-1.90432593270771	-3.68047608148318	1.23750667582208
-1.22072175173571	-2.12405584802014	-0.173952849622339
-0.0778210116731518	-1.64644846265354	-0.839246204318303
-0.741588464179446	-1.48622873273823	-0.300602731364919
1.89822232394903	0.946059357595178	0.155642023346304
2.51468680857557	1.1612115663386	-0.21362630655375
1.16426337071794	1.01472495613031	0.845349813076982
3.3524071107042	2.26901655603876	2.71457999542229
3.01670862897688	2.62760357061112	2.73746852826734
2.48111696040284	3.15709163042649	2.55893797207599
2.81071183337148	1.96688792248417	4.30609597924773
3.40886549172198	3.90478370336461	4.95155260547799
0.0823987182421607	1.26344701304646	3.20744640268559
0.263981078812848	-0.355535210193027	3.15251392385748
1.9851987487602	0.909437705043107	2.98619058518349
0.679026474402991	-2.02334630350195	3.1464103150988
0.833142595559625	-2.95109483482109	0.839246204318303
1.17799649042496	-3.89105058365759	1.54116121156634
0.04272526131075	-7.17631799801633	1.13679713130388
-1.29396505683986	-6.71091783016709	1.78835736629282
-3.31883726253147	-10.7148851758602	-0.164797436484321
-4.2572671091783	-10.4676890211337	0.599679560540169
-3.37529564354925	-11.099412527657	0.448615243762875
-2.30869001297017	-9.9473563744564	0.343327992675669
-2.392614633402	-9.27901121538109	-0.592050049591821
-2.221713588159	-9.63302052338445	0.0564583810177768
-1.35042343785763	-8.06286717021439	0.16937514305333
-1.01777676050965	-7.40215152208743	-1.72732127870604
-0.524910353246357	-6.82230869001297	0.904859998474098
-1.70443274586099	-4.5838101777676	2.16372930495155
0.16937514305333	-4.20843823910887	2.94193942168307
0.881971465629053	-1.43892576485847	4.95765621423667
2.13778896772717	-0.961318379491875	4.90730144197757
2.92362859540703	-1.42824444953079	3.33867399099718
3.00755321583886	-0.711070420386053	3.2822156099794
4.12756542305638	-1.95620660715648	2.13168535896849
3.60723277637903	-1.59609369039445	4.24963759822995
3.53246356908522	-2.64591439688716	3.83916990920882
1.86617837796597	-3.68505378805219	1.66781109330892
2.48569466697185	-1.6586556801709	3.85748073548486
2.96177615014878	-1.80819409475853	3.90020599679561
0.98115510795758	-1.34126802471962	2.90074006256199
0.672922865644312	-2.78934920271611	2.69474326695659
0.143434805828946	-2.57572289616236	4.20386053253986
-0.910963607232776	-1.45113298237583	1.38551918822004
-0.837720302128634	-1.0605020218204	2.13015945677882
0.729381246662089	1.73800259403372	3.17082475013352
1.6937514305333	2.905317769131	3.96734569314107
2.36362249179828	3.86663614862287	4.11535820553902
3.21965362020295	5.42610818646525	4.41138323033494
4.44495307850767	4.17029068436713	5.27046616311894
4.23437857633326	5.73281452658885	4.67231250476844
2.90836957351034	5.90829327840085	4.74860761425193
4.26337071793698	7.87975890745403	7.21446555275807
3.72167544060426	8.03387502861067	7.00846875715267
3.91241321431296	6.52475776302739	8.47791256580453
5.22163729304952	9.17219806210422	9.83901731898985
5.97085526817731	7.78057526512551	7.99114976729992
4.88746471351186	6.46677347981994	8.14831769283589
4.26031891355764	5.62294956893263	7.49523155565728
2.42618448157473	3.45006485084306	7.86907759212634
-0.192263675898375	3.27916380560006	6.27603570611124
-0.282291905088884	1.58693827725643	6.94895857175555
-1.39009689478904	-0.80872816052491	3.6392767223621
-2.26291294728008	-1.48012512397955	2.13015945677882
-0.320439459830625	-2.80766002899214	1.71358815899901
-0.515754940108339	-2.24612802319371	-0.0701915007248035
-0.802624551766232	-2.43533989471275	0.650034332799268
-1.21461814297704	-1.97146562905318	0.996414129854276
-1.80361638818952	-1.67849240863661	0.0473029678797589
-2.17288471808957	-2.70695048447395	-1.92111085679408
-1.8295567254139	-1.04982070649271	-0.602731364919509
-0.653086137178607	-0.924696726939803	0.219729915312428
-0.917067215991455	-0.0656137941557946	0.708018616006714
-0.883497367818723	1.68612191958495	0.547798886091402
1.13832303349355	2.48722056916152	2.7695124742504
-1.3168535896849	3.96734569314107	3.92462043183032
-1.10170138094148	2.62455176623178	2.09811551079576
0.21210040436408	2.49637598229953	3.41191729610132
0.537117570763714	4.30151827267872	4.87678339818418
0.575265125505455	1.98214694438087	5.15907530327306
0.428778515297169	1.13832303349355	4.43579766536965
0.350957503624018	-0.392156862745098	4.04058899824521
-2.4124513618677	-1.7944609750515	2.96635385671778
-3.67895017929351	-3.72014953841459	1.8997482261387
-4.614328221561	-5.25978484779126	0.883497367818723
-4.91035324635691	-3.87884336614023	1.04982070649271
-4.27405203326467	-3.62554360265507	2.78934920271611
-2.26901655603876	-3.59807736324102	1.93789578088045
-1.79140917067216	-2.70542458228428	2.35599298084993
-0.914015411612116	-3.28526741435874	1.34279392690929
-0.00762951094834821	-2.1713588158999	0.868238345922026
-0.642404821850919	-3.37682154573892	-0.904859998474098
-0.526436255436027	-3.78728923476005	-0.125123979552911
-1.94399938963912	-2.88395513847562	-0.247196154726482
-1.03761348897536	-2.86259250782025	0.411993591210803
-2.17288471808957	-0.791943236438544	2.28122377355611
-0.0991836423285267	0.619516289005875	4.04364080262455
1.6235599298085	2.74357213702602	4.72266727702754
2.03250171663996	4.05889982452125	5.7251850156405
3.17845426108186	2.64438849469749	5.01564049744411
2.72526131074998	2.99229419394217	5.25368123903258
2.14694438086519	2.41702906843671	3.91241321431296
1.61898222323949	3.41802090486	5.98916609445335
0.173952849622339	3.48363469901579	3.9810788128481
-0.602731364919509	1.10322728313115	2.92057679102769
-0.708018616006714	1.66781109330892	4.31830319676509
-0.668345159075303	0.421149004348821	3.11436636911574
-1.29396505683986	1.10322728313115	1.67544060425727
-2.29037918669413	3.24559395742733	1.80514229037919
-1.88754100862135	1.49691004806592	0.265506981002518
-4.01770046540017	1.64644846265354	0.059510185397116
-3.86205844205386	0.276188296330205	-1.02693217364767
-3.79797055008774	-1.66475928892958	-0.434882124055848
-2.35599298084993	-0.581368734264134	-1.08339055466545
-2.33768215457389	-2.20492866407263	0.151064316777295
-1.24513618677043	-0.251773861295491	1.27412832837415
-0.184634164950027	1.28480964370184	1.89211871519036
0.627145799954223	1.70443274586099	1.70901045243
0.787365529869535	2.75120164797436	1.75478751812009
1.55184252689403	1.65560387579156	1.85091935606928
1.62203402761883	2.56198977645533	1.56862745098039
2.00350957503624	1.63576714732586	1.8295567254139
3.82848859388113	1.01319905394064	3.25017166399634
3.31273365377279	0.750743877317464	3.33104448004883
3.70183871213855	-0.0305180437933928	4.91645685511559
2.56961928740368	1.00251773861295	5.82742046234836
2.5833524071107	-1.4175631342031	2.81528953994049
2.05233844510567	-2.10269321736477	2.43839169909209
-0.386053253986419	-0.856031128404669	2.46738384069581
-0.396734569314107	-2.68101014724956	1.54879072251469
-0.463874265659571	-2.08896009765774	0.460822461280232
-0.912489509422446	-3.64995803768978	0.759899290455482
-2.34683756771191	-5.00190737773709	0.495918211642634
-1.27718013275349	-3.59655146105135	-0.160219729915312
0.317387655451286	-4.60059510185397	0.181582360570687
-2.11184863050278	-5.13618677042802	-0.656137941557946
-0.798046845197223	-3.68200198367285	-1.64950026703288
-0.654612039368276	-3.3524071107042	-0.540169375143053
-0.422674906538491	-2.63981078812848	-0.978103303578241
0.608834973678187	-2.88242923628595	-1.4373998626688
2.48569466697185	-0.100709544518196	2.18051422903792
2.81376363775082	-1.39620050354772	0.85297932402533
2.56198977645533	-0.602731364919509	0.325017166399634
2.30563820859083	1.69527733272297	0.648508430609598
4.26031891355764	1.63271534294652	1.9150072480354
4.61738002594034	3.05790798809796	1.12306401159686
4.82490272373541	4.14129854276341	3.33714808880751
5.57564660105287	5.49019607843137	5.61837186236362
4.27405203326467	3.02891584649424	4.50598916609445
2.05844205386435	-0.833142595559625	3.68505378805219
0.836194399938964	-0.0396734569314107	2.93888761730373
-1.07118333714809	-2.1362630655375	1.13527122911421
-0.579842832074464	-2.7847714961471	-0.111390859845884
-0.755321583886473	-1.39772640573739	-0.695811398489357
-0.396734569314107	-2.8900587472343	0.758373388265812
-0.784313725490196	-2.09658960860609	1.97604333562219
0.712596322575723	-2.50247959105821	3.6743724727245
-0.154116121156634	-2.80766002899214	4.01007095445182
-2.15915159838254	-2.05996795605402	3.10063324940871
-1.73800259403372	-2.33310444800488	4.69062333104448
-2.6337071793698	-0.547798886091402	3.05027847714961
-0.663767452506294	0.354009308003357	3.01365682459754
0.703440909437705	0.904859998474098	1.9653620202945
2.2415503166247	2.68711375600824	2.03402761882963
3.82238498512245	3.3524071107042	3.68657969024186
3.18608377203021	3.81170366979477	3.15709163042649
1.68459601739528	2.57419699397269	3.91393911650263
0.857557030594339	1.92416266117342	5.15449759670405
-0.132753490501259	1.71663996337835	4.09704737926299
0.683604180972	-0.602731364919509	1.74258030060273
0.112916762035554	-0.189211871519036	2.9556725413901
1.91805905241474	-1.19325551232166	3.36461432822156
3.92919813839933	-0.744640268558785	3.96124208438239
3.1616693369955	-1.49843595025559	2.79850461585412
2.73899443045701	-2.79850461585412	3.04264896620127
2.03250171663996	-2.23239490348669	1.75478751812009
0.205996795605402	-3.6942092011902	1.52132448310063
-2.01724269474327	-5.29030289158465	-0.318913557640955
-3.55230029755093	-5.46120393682765	0.0564583810177768
-3.54772259098192	-5.55886167696651	1.10475318532082
-3.49279011215381	-3.36919203479057	2.28274967574578
-3.13572899977111	-4.01464866102083	1.72274357213703
-2.69016556038758	-3.64232852674144	2.6337071793698
-2.47348744945449	-3.78881513694972	1.62203402761883
-3.13878080415045	-5.57869840543221	2.4628061341268
-4.49835965514611	-5.2475776302739	1.65102616922255
-3.6591134508278	-4.07873655298695	2.18966964217594
-3.27763790341039	-4.20233463035019	1.88754100862135
0.0900282291905089	-1.4526588845655	4.39765011062791
1.17494468604562	-1.2817578393225	5.11024643320363
2.87174792095827	-0.7690547035935	4.91950865949493
1.80056458381018	-1.84786755168994	4.36255436026551
1.13221942473487	-2.07370107576104	4.25421530479896
-0.419623102159152	-2.49942778667887	2.50095368886854
-0.701915007248035	-4.50446326390478	1.34889753566796
-1.34889753566796	-3.87121385519188	2.39414053559167
-0.793469138628214	-4.82795452811475	1.1306935225452
-0.862134737163348	-4.10925459678035	2.32089723048753
-0.543221179522393	-2.38956282902266	2.54520485236896
-0.790417334248875	-3.71099412527657	1.68917372396429
-2.03402761882963	-5.08583199816892	0.376897840848402
-1.12764171816587	-6.0364690623331	-1.52437628747997
-0.558480201419089	-5.75722896162356	-0.601205462729839
-2.20187685969329	-4.614328221561	-0.617990386816205
-1.58693827725643	-4.97444113832303	0.228885328450446
-2.66269932097353	-4.39154650186923	-0.485236896314946
-3.29900053406577	-4.28931105516136	-1.44655527580682
-4.91340505073625	-6.36911573968109	-2.59555962462806
-4.25116350041962	-5.36354619668879	-2.56961928740368
-2.08438239108873	-4.90730144197757	-2.09811551079576
-0.184634164950027	-1.35500114442664	1.00251773861295
0.115968566414893	-1.08186465247578	2.63675898374914
0.793469138628214	-1.97451743343252	1.879911497673
0.379949645227741	-1.18715190356298	1.14747844663157
-0.108339055466545	-3.24254215304799	0.849927519645991
-0.021362630655375	-2.2919050888838	1.41145952544442
-0.29907682917525	-2.73136491950866	1.91805905241474
1.63118944075685	-1.92416266117342	1.84786755168994
1.15205615320058	-0.854505226215	1.48012512397955
1.79598687724117	-1.99130235751888	2.30258640421149
1.20088502327001	0.216678110933089	3.66521705958648
1.7242694743267	-0.0930800335698482	4.11993591210803
1.25734340428779	-0.831616693369955	3.30815594720378
0.183108262760357	-1.04219119554437	3.36919203479057
-1.14290074006256	-2.97093156328679	0.518806744487678
-2.00808728160525	-4.55481803616388	-0.517280842298009
-2.92362859540703	-6.14633401998932	-1.88143739986267
-3.50499732967117	-6.87876707103075	-2.4628061341268
-3.43480582894636	-5.03852903028916	-2.22018768596933
-2.09506370641642	-5.3681239032578	-2.74052033264668
-1.39162279697871	-3.39360646982528	-3.71557183184558
-1.68764782177462	-2.2720683604181	-3.11284046692607
-1.13984893568322	-3.31883726253147	-2.17441062027924
-2.02334630350195	-3.12504768444343	-2.31326771953918
-3.34477759975586	-4.88746471351186	-1.98977645532921
-4.40680552376593	-3.79644464789807	-2.06149385824369
-3.40733958953231	-3.33562218661784	-2.82597085526818
-2.81376363775082	-3.14793621728847	-2.87479972533761
-1.10627908751049	-2.02944991226062	-2.91142137788968
0.201419089036393	-2.56046387426566	-2.05386434729534
-1.97756923781186	-2.99992370489052	-0.651560234988937
-1.37331197070268	-4.75623712520027	-0.154116121156634
-1.99893186846723	-6.5491721980621	-0.949111161974517
-2.5284199282826	-6.1875333791104	-0.238040741588464
-1.26344701304646	-6.24093995574884	0.64087891966125
-1.50606546120394	-5.17280842298009	0.280766002899214
-1.40688181887541	-3.82543678950179	0.663767452506294
1.66933699549859	-2.73899443045701	1.07881284809644
0.994888227664607	-0.376897840848402	2.02639810788128
1.72579537651637	-1.83413443198291	1.33516441596094
1.97299153124285	-1.88448920424201	1.46486610208286
0.482185091935607	-4.62348363469902	2.07522697795071
-1.13221942473487	-6.10360875867857	1.49691004806592
-1.99893186846723	-5.78622110322728	-2.08896009765774
-2.71610589761196	-8.11932555123217	-1.74258030060273
-3.23491264209964	-8.21240558480201	-2.63981078812848
-1.13679713130388	-6.9062333104448	-2.00656137941558
-1.24971389333944	-7.77447165636683	-2.56656748302434
-0.770580605783169	-7.72259098191806	-2.6337071793698
0.593575951781491	-9.19356069275959	-1.60372320134279
-0.973525597009232	-8.82734416723888	-2.72220950637064
-1.83871213855192	-7.90569924467842	-2.68558785381857
-2.13168535896849	-8.02929732204166	-1.66170748455024
-2.92973220416571	-6.19821469443809	-0.999465934233616
-2.392614633402	-7.02983138780804	-1.43129625391012
-1.92874036774243	-4.79133287556268	-0.733958953231098
-0.714122224765393	-5.79690241855497	-2.49942778667887
-0.523384451056687	-6.13412680247196	-2.61234454871443
1.36110475318532	-4.80659189745937	-3.51873044937819
1.72732127870604	-6.4637216754406	-3.27000839246204
0.807202258335241	-5.76485847257191	-4.41901274128328
1.78072785534447	-7.16105897611963	-4.92713817044327
-0.0396734569314107	-9.18135347524224	-5.46425574120699
0.602731364919509	-7.690547035935	-3.17235065232319
0.370794232089723	-8.79987792782483	-1.84939345387961
2.26901655603876	-6.85893034256504	-1.32448310063325
2.16372930495155	-6.16311894407569	-0.531013962005035
2.99839780270085	-5.77401388570993	0.419623102159152
1.07881284809644	-5.0110627908751	-1.92721446555276
2.47043564507515	-6.66819256885634	-2.03097581445029
1.40383001449607	-5.84420538643473	-0.833142595559625
2.22781719691768	-4.01464866102083	0.848401617456321
2.22323949034867	-6.41641870756085	0.642404821850919
1.07728694590677	-3.91393911650263	0.431830319676509
0.302128633554589	-5.58327611200122	2.82902265964752
0.0839246204318303	-5.98306248569467	0.111390859845884
-1.61898222323949	-7.70733196002136	-1.24971389333944
-1.26497291523613	-7.64324406805524	-1.45723659113451
-0.72327763790341	-6.51712825207904	-0.186160067139696
0.0778210116731518	-5.71602960250248	1.17799649042496
0.888075074387732	-4.24658579385061	2.63675898374914
1.51064316777295	-3.47905699244678	1.53505760280766
1.9150072480354	-4.2923628595407	-0.111390859845884
3.00450141145953	-1.76394293125811	0.303654535744259
3.03959716182193	-3.62859540703441	-1.71511406118868
1.64492256046387	-4.06195162890059	-3.87884336614023
3.28984512092775	-3.56908522163729	-1.88296330205234
2.81528953994049	-3.66979476615549	-0.515754940108339
1.52437628747997	-2.94804303044175	0.659189745937285
0.947585259784848	-3.21812771801328	1.7288471808957
1.15815976195926	-1.4526588845655	3.7247272449836
-1.34584573128862	-2.42008087281605	2.56504158083467
-1.71969176775769	-3.17540245670253	1.35805294880598
-2.24002441443503	-2.89463645380331	1.85854886701762
-2.37888151369497	-5.83199816891737	-1.20241092545968
-2.38956282902266	-4.34882124055848	1.50911726558328
-1.04219119554437	-4.87678339818418	1.20851453421836
-1.85854886701762	-6.76127260242618	-0.209048599984741
-1.78835736629282	-5.60616464484626	0.186160067139696
-1.86312657358663	-6.70328831921874	-1.8142977035172
-2.19882505531395	-5.3482871747921	-1.01319905394064
-1.99130235751888	-6.00595101853971	-0.42572671091783
-1.60372320134279	-7.19462882429236	-0.968947890440223
-2.31631952391852	-5.07209887846189	-0.711070420386053
-2.07217517357137	-7.13054093232624	-1.98672465094987
-1.73189898527504	-4.83253223468376	-1.26802471961547
-1.71969176775769	-4.19775692378119	-1.54879072251469
0.956740672922866	-2.72678721293965	-1.27107652399481
1.09864957656214	-1.88754100862135	-1.82040131227588
2.71763179980163	-3.56298161287861	-1.13221942473487
2.94651712825208	-2.58487830930037	-0.343327992675669
3.93530174715801	-2.27054245822843	-0.63782711528191
4.83405813687343	-1.09407186999313	0.898756389715419
2.71152819104295	-0.418097199969482	0.335698481727321
4.09704737926299	-0.207522697795071	1.68459601739528
3.49584191653315	1.64797436484321	2.21408407721065
3.12809948882277	1.64187075608453	3.4378576333257
2.19882505531395	-0.164797436484321	2.65354390783551
1.94094758525978	-0.38300144960708	1.27107652399481
2.04318303196765	-3.01518272678721	0.506599526970321
1.6083009079118	-2.99229419394217	-0.357061112382696
0.846875715266651	-5.66414892805371	-2.221713588159
0.154116121156634	-6.34164950026703	-1.93484397650111
-1.61593041886015	-6.52018005645838	-1.47859922178988
-2.86564431219959	-8.88227664606699	-1.58388647287709
-4.29083695735103	-10.1869230182345	-4.50598916609445
-3.66979476615549	-10.2876325627527	-3.97344930189975
-2.40024414435035	-10.8079652094301	-4.24505989166094
-2.00503547722591	-8.94789044022278	-6.06240939955749
-0.483710994125277	-9.49721522850385	-5.02174410620279
-0.332646677347982	-7.0618753337911	-2.63981078812848
-1.05897611963073	-6.74448767833982	-2.87479972533761
1.4877546349279	-4.50598916609445	-1.24818799114977
2.6688029297322	-2.13931486991684	0.627145799954223
3.79644464789807	-2.46738384069581	0.915541313801785
4.42969405661097	0.886549172198062	2.43991760128176
4.69062333104448	0.787365529869535	1.58693827725643
3.34630350194553	-0.143434805828946	1.71358815899901
2.40634775310903	1.87685969329366	2.6489662012665
2.19424734874495	0.186160067139696	2.6840619516289
2.94193942168307	2.15762569619287	3.03501945525292
3.39818417639429	3.73693446250095	5.55123216601816
3.57671473258564	2.93583581292439	3.9810788128481
2.92210269321736	4.89814602883955	3.83764400701915
1.69832913710231	3.90936140993362	5.55123216601816
1.06965743495842	4.09552147707332	4.03906309605554
0.471503776607919	1.6937514305333	4.6997787441825
0.178530556191348	1.24208438239109	4.3579766536965
0.85297932402533	2.56046387426566	4.07721065079728
1.17494468604562	0.111390859845884	3.63164721141375
1.26497291523613	1.14900434882124	4.56855115587091
2.1866178377966	1.25429159990845	3.82696269169146
2.47653925383383	0.323491264209964	2.83665217059586
2.2919050888838	1.23903257801175	2.03097581445029
3.17082475013352	2.1362630655375	3.82848859388113
3.83459220263981	3.75829709315633	2.72678721293965
4.64484626535439	4.59143968871595	2.56961928740368
5.47951476310369	3.25322346837568	2.52231631952392
4.82185091935607	3.58281834134432	2.90379186694133
5.55123216601816	1.62813763637751	2.83054856183719
4.72571908140688	2.45822842755779	1.87228198672465
5.15754940108339	3.62706950484474	2.39719233997101
5.68245975432975	4.72724498359655	2.90684367132067
4.11993591210803	4.61585412375067	2.03707942320897
3.84374761577783	3.31120775158312	1.2161440451667
4.89814602883955	5.59700923170825	5.84115358205539
4.37933928435187	5.70077058060578	6.14785992217899
4.69520103761349	4.44495307850767	6.57206073090715
5.74044403753719	6.90775921263447	7.44335088120851
4.01464866102083	3.88189517051957	5.4383154039826
3.18455786984054	3.39055466544594	0.700389105058366
2.68101014724956	0.55542839703975	0.692759594110018
2.23849851224537	-1.3168535896849	0.140383001449607
2.76340886549172	0.675974670023652	1.39009689478904
2.93888761730373	-0.0839246204318303	2.60929274433509
1.59456778820478	-0.872816052491035	2.42618448157473
1.09712367437247	-2.27817196917678	3.51110093842985
0.352483405813687	-3.48210879682612	2.08133058670939
1.15815976195926	-3.82238498512245	0.51117723353933
2.8198672465095	-4.52582589456016	0.607309071488518
3.67742427710384	-3.59655146105135	-0.512703135729
4.38696879530022	-3.04417486839094	-1.52590218966964
