1.53846153846154	-0.0732600732600733	-2.24664224664225
1.48962148962149	-0.83028083028083	-2.24664224664225
2.49084249084249	0.341880341880342	-2.63736263736264
3.32112332112332	2.07570207570208	-2.41758241758242
3.78510378510378	3.15018315018315	-1.70940170940171
4.2979242979243	5.37240537240537	-0.293040293040293
3.24786324786325	7.15506715506716	0.415140415140415
2.51526251526252	7.86324786324786	1.24542124542125
2.78388278388278	8.57142857142857	2.75946275946276
2.44200244200244	11.4774114774115	4.15140415140415
4.12698412698413	14.1636141636142	4.81074481074481
4.59096459096459	15.2869352869353	4.81074481074481
5.27472527472527	15.0671550671551	5.07936507936508
4.88400488400488	13.4798534798535	3.51648351648352
2.34432234432234	10.2075702075702	2.1978021978022
1.66056166056166	8.25396825396825	2.56410256410256
1.75824175824176	7.44810744810745	2.07570207570208
0.146520146520147	6.00732600732601	3.95604395604396
0.903540903540904	4.81074481074481	4.15140415140415
1.41636141636142	3.49206349206349	2.80830280830281
1.63614163614164	3.63858363858364	4.44444444444444
2.80830280830281	4.71306471306471	4.54212454212454
3.02808302808303	5.37240537240537	4.004884004884
3.27228327228327	5.76312576312576	3.15018315018315
2.61294261294261	5.49450549450549	0.976800976800977
3.17460317460317	4.66422466422466	-0.390720390720391
2.39316239316239	5.93406593406593	-0.586080586080586
3.93162393162393	8.03418803418803	1.63614163614164
3.34554334554335	8.05860805860806	2.78388278388278
2.41758241758242	8.47374847374847	3.71184371184371
2.1978021978022	7.78998778998779	3.003663003663
1.17216117216117	7.08180708180708	2.31990231990232
0.317460317460317	4.83516483516483	1.05006105006105
-0.537240537240537	3.24786324786325	0.0732600732600733
1.26984126984127	4.76190476190476	0.317460317460317
2.02686202686203	7.03296703296703	1.22100122100122
3.003663003663	5.90964590964591	-0.927960927960928
3.12576312576313	5.54334554334554	-2.44200244200244
3.05250305250305	5.83638583638584	-1.97802197802198
3.71184371184371	5.3968253968254	-0.732600732600733
3.22344322344322	4.61538461538461	-1.001221001221
2.73504273504274	4.27350427350427	-0.317460317460317
3.39438339438339	3.2967032967033	-0.927960927960928
2.90598290598291	5.1037851037851	0.488400488400488
3.36996336996337	7.4969474969475	0.634920634920635
2.95482295482295	7.13064713064713	0.268620268620269
2.73504273504274	6.93528693528694	0.952380952380952
2.44200244200244	7.3992673992674	1.63614163614164
1.9047619047619	5.37240537240537	0.708180708180708
-0.0732600732600733	3.90720390720391	-0.390720390720391
-1.70940170940171	0.488400488400488	-0.854700854700855
-2.44200244200244	-0.0976800976800977	-0.976800976800977
-1.83150183150183	-0.244200244200244	-0.634920634920635
-1.36752136752137	2.2954822954823	0.879120879120879
-0.366300366300366	4.2002442002442	2.34432234432234
0.805860805860806	4.90842490842491	2.17338217338217
1.29426129426129	7.78998778998779	3.05250305250305
1.1965811965812	9.23076923076923	2.46642246642247
1.9047619047619	9.91452991452991	1.36752136752137
2.97924297924298	10.0610500610501	0.757020757020757
3.27228327228327	8.96214896214896	0.952380952380952
2.80830280830281	6.05616605616606	0.415140415140415
1.73382173382173	2.05128205128205	-0.732600732600733
1.83150183150183	0.610500610500611	-1.78266178266178
0.976800976800977	1.51404151404151	-1.70940170940171
1.58730158730159	4.46886446886447	-0.195360195360195
2.1978021978022	5.66544566544567	0.0732600732600733
2.05128205128205	7.59462759462759	0.122100122100122
1.22100122100122	6.59340659340659	0.512820512820513
-0.146520146520147	5.71428571428571	-0.0732600732600733
-1.51404151404151	4.44444444444444	0.0732600732600733
-1.9047619047619	6.32478632478632	1.80708180708181
-1.70940170940171	9.4017094017094	3.27228327228327
-1.12332112332112	9.76800976800977	3.95604395604396
-0.488400488400488	9.91452991452991	5.05494505494505
0.683760683760684	11.8437118437118	4.90842490842491
1.46520146520147	13.6996336996337	5.37240537240537
2.31990231990232	13.9194139194139	3.95604395604396
2.2954822954823	13.5775335775336	4.15140415140415
2.31990231990232	12.014652014652	3.24786324786325
2.58852258852259	13.4065934065934	3.63858363858364
2.51526251526252	12.4542124542125	3.24786324786325
4.2002442002442	13.3089133089133	2.97924297924298
4.95726495726496	15.5311355311355	3.1013431013431
5.59218559218559	16.3369963369963	2.05128205128205
7.13064713064713	17.3137973137973	1.85592185592186
7.74114774114774	18.4126984126984	1.97802197802198
7.3015873015873	16.5811965811966	3.1990231990232
6.47130647130647	13.7973137973138	2.71062271062271
4.88400488400488	11.5506715506716	2.85714285714286
5.03052503052503	10.1587301587302	3.24786324786325
5.03052503052503	10.2808302808303	4.17582417582418
5.2991452991453	11.3797313797314	4.63980463980464
5.59218559218559	14.2124542124542	5.88522588522589
5.2014652014652	14.993894993895	6.61782661782662
4.71306471306471	13.015873015873	5.51892551892552
3.2967032967033	12.6495726495726	5.12820512820513
3.78510378510378	11.9169719169719	4.88400488400488
2.73504273504274	9.84126984126984	2.71062271062271
2.97924297924298	9.81684981684982	3.51648351648352
3.51648351648352	10.0854700854701	3.17460317460317
3.17460317460317	9.93894993894994	3.71184371184371
3.56532356532357	8.88888888888889	4.78632478632479
4.004884004884	8.10744810744811	5.2991452991453
4.34676434676435	8.96214896214896	6.27594627594628
2.02686202686203	8.05860805860806	6.54456654456654
1.46520146520147	6.86202686202686	5.93406593406593
1.001221001221	8.69352869352869	6.2026862026862
1.34310134310134	9.62148962148962	6.1050061050061
4.27350427350427	11.2087912087912	6.00732600732601
6.22710622710623	12.8693528693529	6.34920634920635
7.03296703296703	13.6752136752137	7.37484737484737
8.52258852258852	14.4810744810745	7.13064713064713
6.88644688644689	12.7716727716728	7.00854700854701
4.95726495726496	12.3321123321123	6.37362637362637
3.58974358974359	11.9413919413919	6.42246642246642
1.9047619047619	9.69474969474969	5.68986568986569
1.95360195360195	8.25396825396825	4.44444444444444
1.97802197802198	9.76800976800977	4.51770451770452
2.93040293040293	12.6984126984127	5.64102564102564
3.07692307692308	11.1843711843712	5.66544566544567
2.75946275946276	7.74114774114774	4.15140415140415
1.41636141636142	5.49450549450549	2.83272283272283
0.732600732600733	2.22222222222222	2.95482295482295
-0.586080586080586	0.146520146520147	3.003663003663
-1.12332112332112	-0.268620268620269	2.93040293040293
-1.31868131868132	0.415140415140415	3.80952380952381
-0.659340659340659	1.22100122100122	5.34798534798535
-0.366300366300366	0.415140415140415	4.51770451770452
1.73382173382173	1.0989010989011	4.44444444444444
1.61172161172161	0.732600732600733	3.05250305250305
2.31990231990232	1.1965811965812	2.71062271062271
2.78388278388278	1.26984126984127	2.27106227106227
2.73504273504274	1.22100122100122	1.46520146520147
2.27106227106227	0.341880341880342	0.903540903540904
4.27350427350427	1.58730158730159	0.537240537240537
3.78510378510378	2.61294261294261	-0.586080586080586
4.81074481074481	4.68864468864469	0.976800976800977
4.93284493284493	5.15262515262515	1.95360195360195
5.93406593406593	6.69108669108669	2.71062271062271
6.64224664224664	7.52136752136752	5.1037851037851
6.76434676434676	8.22954822954823	7.42368742368742
6.83760683760684	7.59462759462759	7.3992673992674
6.42246642246642	8.86446886446886	8.03418803418803
7.17948717948718	9.42612942612943	7.98534798534799
8.81562881562882	12.2100122100122	8.54700854700855
7.91208791208791	10.9157509157509	7.37484737484737
7.3015873015873	9.64590964590965	5.42124542124542
6.05616605616606	9.01098901098901	4.68864468864469
4.42002442002442	5.83638583638584	3.58974358974359
2.22222222222222	4.27350427350427	3.73626373626374
3.66300366300366	6.03174603174603	5.32356532356532
4.93284493284493	10.4517704517705	7.00854700854701
6.32478632478632	14.2857142857143	8.4004884004884
6.59340659340659	16.6056166056166	8.25396825396825
6.73992673992674	17.7045177045177	7.54578754578755
5.86080586080586	15.5311355311355	6.86202686202686
4.51770451770452	13.8461538461538	5.49450549450549
3.49206349206349	12.8937728937729	4.56654456654457
2.05128205128205	11.7216117216117	5.00610500610501
1.0989010989011	10.6959706959707	5.12820512820513
0.634920634920635	8.4981684981685	3.61416361416361
0.83028083028083	7.05738705738706	4.73748473748474
2.02686202686203	5.93406593406593	5.07936507936508
3.90720390720391	7.3015873015873	5.81196581196581
4.81074481074481	8.84004884004884	6.91086691086691
6.59340659340659	12.0879120879121	7.74114774114774
7.81440781440781	14.3101343101343	8.22954822954823
7.66788766788767	13.0891330891331	7.27716727716728
5.54334554334554	10.1587301587302	6.76434676434676
4.12698412698413	5.34798534798535	5.05494505494505
3.39438339438339	2.12454212454212	3.76068376068376
2.95482295482295	0.952380952380952	3.66300366300366
3.61416361416361	-0.512820512820513	3.15018315018315
3.49206349206349	-1.83150183150183	1.73382173382173
3.41880341880342	-1.70940170940171	0.732600732600733
3.003663003663	-1.24542124542125	0.83028083028083
0.781440781440781	-2.97924297924298	0.415140415140415
0.927960927960928	-3.88278388278388	-0.341880341880342
1.80708180708181	-1.73382173382173	1.75824175824176
2.73504273504274	0.537240537240537	3.1013431013431
3.73626373626374	2.1001221001221	4.2002442002442
4.85958485958486	3.1013431013431	4.61538461538461
5.71428571428571	4.85958485958486	5.98290598290598
4.68864468864469	4.49328449328449	4.07814407814408
3.95604395604396	1.12332112332112	3.36996336996337
3.12576312576313	-1.17216117216117	1.70940170940171
1.83150183150183	-2.27106227106227	0.903540903540904
0.927960927960928	-3.90720390720391	-0.512820512820513
0.317460317460317	-3.88278388278388	0.195360195360195
0.781440781440781	-2.56410256410256	0.268620268620269
1.53846153846154	-2.41758241758242	-0.561660561660562
2.1001221001221	-2.39316239316239	0.21978021978022
3.27228327228327	-0.659340659340659	0.390720390720391
4.05372405372405	-0.43956043956044	0.0244200244200244
2.07570207570208	-3.83394383394383	-1.14774114774115
-0.317460317460317	-6.08058608058608	-0.732600732600733
-3.05250305250305	-9.91452991452991	-1.83150183150183
-6.83760683760684	-13.8949938949939	-2.58852258852259
-8.25396825396825	-14.1880341880342	-2.41758241758242
-7.52136752136752	-12.6495726495726	-0.43956043956044
-4.49328449328449	-8.4981684981685	1.05006105006105
-1.61172161172161	-5.15262515262515	1.80708180708181
0.268620268620269	-1.70940170940171	3.58974358974359
1.17216117216117	-1.36752136752137	2.61294261294261
-0.512820512820513	-0.561660561660562	1.78266178266178
-1.22100122100122	-1.001221001221	-0.512820512820513
-2.17338217338217	-1.36752136752137	-2.49084249084249
-3.02808302808303	-1.88034188034188	-3.1990231990232
-2.80830280830281	-3.24786324786325	-4.07814407814408
-2.39316239316239	-2.53968253968254	-2.39316239316239
-2.61294261294261	-4.34676434676435	-2.1978021978022
-1.92918192918193	-4.83516483516483	-1.22100122100122
-1.07448107448107	-3.54090354090354	1.66056166056166
-0.610500610500611	-2.27106227106227	2.88156288156288
-0.146520146520147	0.21978021978022	4.15140415140415
0.561660561660562	3.22344322344322	2.73504273504274
0.586080586080586	6.27594627594628	2.17338217338217
0.537240537240537	6.3003663003663	1.05006105006105
0.610500610500611	5.44566544566545	0.293040293040293
0.415140415140415	3.78510378510378	1.05006105006105
-0.512820512820513	1.58730158730159	1.1965811965812
0.0732600732600733	0.463980463980464	2.83272283272283
1.41636141636142	1.14774114774115	3.73626373626374
0.781440781440781	2.56410256410256	3.68742368742369
1.66056166056166	3.49206349206349	4.54212454212454
2.05128205128205	3.34554334554335	3.90720390720391
1.88034188034188	1.95360195360195	3.36996336996337
1.12332112332112	0.0732600732600733	3.34554334554335
1.61172161172161	-1.53846153846154	2.41758241758242
1.61172161172161	-3.46764346764347	2.1978021978022
1.68498168498168	-5.15262515262515	1.53846153846154
1.02564102564103	-4.78632478632479	2.002442002442
0.952380952380952	-3.98046398046398	1.17216117216117
1.17216117216117	-3.2967032967033	1.70940170940171
0.268620268620269	-4.68864468864469	2.14896214896215
-3.71184371184371	-7.61904761904762	1.39194139194139
-5.90964590964591	-8.5958485958486	-0.0976800976800977
-7.78998778998779	-9.93894993894994	-0.854700854700855
-7.59462759462759	-9.5970695970696	-2.41758241758242
-7.03296703296703	-8.03418803418803	-1.83150183150183
-4.68864468864469	-4.42002442002442	-1.07448107448107
-2.2954822954823	-2.68620268620269	0.43956043956044
-1.48962148962149	-1.78266178266178	1.17216117216117
-0.952380952380952	-3.24786324786325	2.12454212454212
-0.586080586080586	-3.34554334554335	3.1990231990232
0.488400488400488	-3.05250305250305	2.05128205128205
0.146520146520147	-4.49328449328449	0.634920634920635
0.170940170940171	-5.59218559218559	-0.537240537240537
-0.463980463980464	-7.3015873015873	-2.07570207570208
-0.83028083028083	-7.08180708180708	-2.68620268620269
-0.341880341880342	-6.27594627594628	-1.88034188034188
0.415140415140415	-6.98412698412698	-0.927960927960928
0.463980463980464	-5.49450549450549	0.586080586080586
2.41758241758242	-3.34554334554335	1.48962148962149
3.46764346764347	-1.51404151404151	0.366300366300366
4.27350427350427	-0.195360195360195	0
4.59096459096459	0.0244200244200244	-1.70940170940171
3.1990231990232	1.24542124542125	-3.15018315018315
0.21978021978022	-0.268620268620269	-3.80952380952381
-2.73504273504274	-1.78266178266178	-3.22344322344322
-4.44444444444444	-2.71062271062271	-2.68620268620269
-5.59218559218559	-2.44200244200244	-0.952380952380952
-6.69108669108669	-4.1025641025641	-0.170940170940171
-6.00732600732601	-5.42124542124542	0.0244200244200244
-4.63980463980464	-4.85958485958486	1.83150183150183
-2.80830280830281	-3.56532356532357	1.12332112332112
-0.195360195360195	-1.17216117216117	2.17338217338217
1.39194139194139	2.90598290598291	3.58974358974359
3.36996336996337	6.34920634920635	3.80952380952381
4.2979242979243	8.27838827838828	3.90720390720391
3.49206349206349	6.59340659340659	1.85592185592186
2.90598290598291	4.83516483516483	0.854700854700855
0.122100122100122	1.9047619047619	0.268620268620269
-1.12332112332112	0.488400488400488	-0.366300366300366
-3.003663003663	-1.63614163614164	-0.463980463980464
-3.1990231990232	-1.34310134310134	1.29426129426129
-3.05250305250305	0.757020757020757	2.02686202686203
-1.78266178266178	1.75824175824176	2.44200244200244
0.0732600732600733	3.05250305250305	2.83272283272283
1.51404151404151	2.93040293040293	2.2954822954823
1.66056166056166	-0.195360195360195	1.44078144078144
3.1013431013431	-1.22100122100122	1.14774114774115
4.1025641025641	-2.44200244200244	1.36752136752137
3.22344322344322	-3.02808302808303	1.41636141636142
2.71062271062271	-2.51526251526252	2.36874236874237
2.02686202686203	-0.732600732600733	3.22344322344322
0.927960927960928	1.41636141636142	3.58974358974359
-0.244200244200244	2.46642246642247	4.02930402930403
-0.244200244200244	2.2954822954823	2.90598290598291
-0.610500610500611	0.976800976800977	0.879120879120879
-0.537240537240537	-0.610500610500611	-1.05006105006105
-0.610500610500611	-2.1978021978022	-4.54212454212454
-0.879120879120879	-2.78388278388278	-6.15384615384615
-0.146520146520147	-1.14774114774115	-6.17826617826618
1.73382173382173	1.1965811965812	-4.2979242979243
1.48962148962149	3.80952380952381	-2.02686202686203
2.80830280830281	6.00732600732601	1.48962148962149
2.02686202686203	4.51770451770452	2.07570207570208
0.488400488400488	2.58852258852259	2.05128205128205
-0.488400488400488	0.903540903540904	1.95360195360195
-1.29426129426129	-2.49084249084249	-0.268620268620269
-1.70940170940171	-6.08058608058608	-3.49206349206349
-0.976800976800977	-7.83882783882784	-5.49450549450549
-1.66056166056166	-9.64590964590965	-7.4969474969475
-1.39194139194139	-8.64468864468864	-8.27838827838828
-1.53846153846154	-9.13308913308913	-8.52258852258852
-2.1001221001221	-7.93650793650794	-7.22832722832723
-1.1965811965812	-5.49450549450549	-4.2979242979243
0.170940170940171	-2.05128205128205	-2.27106227106227
-0.170940170940171	-0.488400488400488	0.683760683760684
-0.757020757020757	0.244200244200244	1.75824175824176
-2.2954822954823	0.463980463980464	1.14774114774115
-3.76068376068376	-0.537240537240537	-0.317460317460317
-5.68986568986569	-3.80952380952381	-2.97924297924298
-6.81318681318681	-5.51892551892552	-5.05494505494505
-5.64102564102564	-4.3956043956044	-5.51892551892552
-4.59096459096459	-4.24908424908425	-5.12820512820513
-3.46764346764347	-4.78632478632479	-5.34798534798535
-2.51526251526252	-4.81074481074481	-3.73626373626374
-2.31990231990232	-5.3968253968254	-2.63736263736264
-2.73504273504274	-5.71428571428571	-1.56288156288156
-2.97924297924298	-4.78632478632479	0.390720390720391
-3.07692307692308	-4.88400488400488	0.586080586080586
-2.36874236874237	-2.95482295482295	2.02686202686203
-1.36752136752137	-0.927960927960928	2.27106227106227
-1.61172161172161	-1.31868131868132	0.463980463980464
-1.14774114774115	-0.512820512820513	-1.17216117216117
-0.512820512820513	-1.34310134310134	-3.85836385836386
-1.63614163614164	-3.1990231990232	-5.25030525030525
-2.75946275946276	-3.93162393162393	-5.44566544566545
-3.05250305250305	-5.25030525030525	-5.68986568986569
-3.27228327228327	-5.90964590964591	-4.46886446886447
-2.90598290598291	-5.17704517704518	-3.93162393162393
-1.63614163614164	-4.93284493284493	-4.12698412698413
-1.83150183150183	-5.93406593406593	-5.68986568986569
-2.68620268620269	-8.05860805860806	-6.12942612942613
-1.34310134310134	-6.76434676434676	-5.81196581196581
-1.48962148962149	-7.66788766788767	-7.27716727716728
-3.24786324786325	-9.4017094017094	-7.76556776556777
-3.68742368742369	-10.2075702075702	-7.61904761904762
-4.34676434676435	-11.3797313797314	-8.35164835164835
-5.66544566544567	-14.4810744810745	-9.03540903540904
-6.1050061050061	-14.1880341880342	-7.25274725274725
-4.1025641025641	-12.4297924297924	-6.59340659340659
-2.07570207570208	-10.6471306471306	-4.3956043956044
-1.41636141636142	-9.25518925518926	-3.93162393162393
-0.903540903540904	-9.71916971916972	-3.93162393162393
-0.854700854700855	-9.62148962148962	-5.22588522588523
-2.17338217338217	-9.52380952380952	-4.83516483516483
-2.56410256410256	-8.42490842490843	-4.15140415140415
-2.68620268620269	-5.51892551892552	-3.24786324786325
-2.78388278388278	-3.78510378510378	-1.66056166056166
-2.07570207570208	-2.51526251526252	-1.34310134310134
-1.44078144078144	-1.68498168498168	-0.488400488400488
0.195360195360195	-2.34432234432234	-0.537240537240537
1.80708180708181	-1.07448107448107	-0.732600732600733
3.003663003663	0.879120879120879	0.0488400488400488
3.88278388278388	1.73382173382173	-0.683760683760684
3.71184371184371	4.66422466422466	0.122100122100122
4.37118437118437	5.93406593406593	-0.0732600732600733
4.1025641025641	5.71428571428571	-1.14774114774115
2.36874236874237	3.68742368742369	-2.24664224664225
2.02686202686203	3.78510378510378	-1.85592185592186
1.97802197802198	3.98046398046398	-0.195360195360195
2.51526251526252	5.93406593406593	2.1001221001221
3.12576312576313	7.17948717948718	5.2014652014652
3.66300366300366	6.52014652014652	6.42246642246642
3.66300366300366	4.76190476190476	6.93528693528694
2.71062271062271	2.46642246642247	4.07814407814408
2.53968253968254	-0.463980463980464	0.683760683760684
1.83150183150183	-2.97924297924298	-0.366300366300366
1.58730158730159	-8.44932844932845	-4.1025641025641
-0.0976800976800977	-13.4554334554335	-6.34920634920635
-1.41636141636142	-18.8522588522589	-7.2039072039072
-3.80952380952381	-23.028083028083	-8.71794871794872
-4.66422466422466	-23.3943833943834	-8.86446886446886
-5.54334554334554	-18.4371184371184	-7.69230769230769
-4.1025641025641	-12.0879120879121	-4.56654456654457
-3.1990231990232	-5.68986568986569	-1.48962148962149
-2.44200244200244	-0.854700854700855	-0.170940170940171
-0.708180708180708	3.32112332112332	-0.683760683760684
-0.0244200244200244	4.98168498168498	-1.12332112332112
1.66056166056166	6.08058608058608	-2.1978021978022
2.63736263736264	7.17948717948718	-2.46642246642247
3.05250305250305	5.51892551892552	-1.92918192918193
3.003663003663	5.15262515262515	-1.001221001221
2.78388278388278	4.17582417582418	-0.463980463980464
2.002442002442	6.08058608058608	0.415140415140415
1.92918192918193	7.91208791208791	0.293040293040293
2.66178266178266	9.74358974358974	0.634920634920635
1.85592185592186	10.9157509157509	0.463980463980464
1.51404151404151	10.4517704517705	-1.05006105006105
2.58852258852259	11.037851037851	-1.46520146520147
2.78388278388278	10.5982905982906	-1.48962148962149
2.39316239316239	9.01098901098901	-1.12332112332112
0.805860805860806	7.52136752136752	0.390720390720391
0.903540903540904	6.64224664224664	1.17216117216117
0.366300366300366	5.64102564102564	1.80708180708181
-0.122100122100122	5.1037851037851	2.80830280830281
-0.488400488400488	6.15384615384615	3.49206349206349
-1.07448107448107	6.15384615384615	2.85714285714286
-2.41758241758242	4.42002442002442	0.293040293040293
-3.12576312576313	2.36874236874237	-1.31868131868132
-3.24786324786325	-0.805860805860806	-3.36996336996337
-3.98046398046398	-3.36996336996337	-4.32234432234432
-3.24786324786325	-5.68986568986569	-5.15262515262515
-1.34310134310134	-4.37118437118437	-3.27228327228327
-1.63614163614164	-3.51648351648352	-2.63736263736264
-1.001221001221	-3.24786324786325	-2.07570207570208
-0.488400488400488	-1.1965811965812	-1.31868131868132
-1.31868131868132	-2.78388278388278	-1.29426129426129
-1.95360195360195	-3.63858363858364	0.537240537240537
-3.41880341880342	-5.71428571428571	-1.0989010989011
-5.90964590964591	-6.76434676434676	-1.0989010989011
-6.64224664224664	-6.91086691086691	-2.73504273504274
-7.81440781440781	-7.2039072039072	-5.44566544566545
-7.44810744810745	-5.81196581196581	-7.57020757020757
-8.76678876678877	-5.25030525030525	-10.4273504273504
-7.93650793650794	-3.56532356532357	-10.3785103785104
-6.52014652014652	-3.80952380952381	-8.66910866910867
-6.44688644688645	-4.85958485958486	-7.15506715506716
-5.12820512820513	-2.46642246642247	-5.03052503052503
-3.58974358974359	-1.75824175824176	-1.44078144078144
-3.44322344322344	-0.854700854700855	1.12332112332112
-4.63980463980464	-1.31868131868132	1.12332112332112
-4.44444444444444	-1.39194139194139	1.97802197802198
-5.00610500610501	-1.58730158730159	0.879120879120879
-6.1050061050061	-3.71184371184371	-1.73382173382173
-4.32234432234432	-3.34554334554335	-3.46764346764347
-2.2954822954823	-2.71062271062271	-4.32234432234432
-1.70940170940171	-2.2954822954823	-4.59096459096459
-1.41636141636142	-3.02808302808303	-4.24908424908425
-1.12332112332112	-2.90598290598291	-2.90598290598291
-0.561660561660562	-0.927960927960928	-1.95360195360195
-2.2954822954823	-0.683760683760684	-0.781440781440781
-1.34310134310134	1.75824175824176	0.0488400488400488
-1.88034188034188	1.97802197802198	0.268620268620269
-1.26984126984127	2.51526251526252	1.1965811965812
-2.12454212454212	2.002442002442	1.14774114774115
-1.51404151404151	0.781440781440781	-0.415140415140415
-3.51648351648352	-3.12576312576313	-2.05128205128205
-3.02808302808303	-4.59096459096459	-2.1978021978022
-2.46642246642247	-5.54334554334554	-3.76068376068376
-1.29426129426129	-4.05372405372405	-4.12698412698413
1.36752136752137	-0.195360195360195	-4.1025641025641
3.32112332112332	5.54334554334554	-3.2967032967033
4.004884004884	8.71794871794872	-2.88156288156288
3.44322344322344	7.71672771672772	-3.1013431013431
1.56288156288156	4.32234432234432	-2.75946275946276
-0.512820512820513	1.9047619047619	-0.0732600732600733
-1.92918192918193	-1.48962148962149	0.805860805860806
-1.85592185592186	-3.07692307692308	1.29426129426129
-1.68498168498168	-4.17582417582418	0.903540903540904
-1.61172161172161	-3.90720390720391	1.78266178266178
0.0976800976800977	-2.24664224664225	2.49084249084249
0.0488400488400488	-0.732600732600733	1.51404151404151
-0.781440781440781	0.854700854700855	2.14896214896215
-0.634920634920635	3.15018315018315	3.56532356532357
-0.268620268620269	4.12698412698413	4.51770451770452
-0.976800976800977	4.2002442002442	6.22710622710623
-1.001221001221	3.85836385836386	6.61782661782662
-0.366300366300366	5.71428571428571	8.10744810744811
1.0989010989011	7.86324786324786	7.42368742368742
0.854700854700855	6.3003663003663	5.2014652014652
0.903540903540904	5.66544566544567	2.12454212454212
1.1965811965812	5.32356532356532	-0.366300366300366
0.268620268620269	3.003663003663	-3.41880341880342
0.0244200244200244	2.22222222222222	-3.93162393162393
0.537240537240537	3.22344322344322	-3.93162393162393
2.12454212454212	5.98290598290598	-1.07448107448107
2.68620268620269	8.22954822954823	1.68498168498168
4.68864468864469	10.3785103785104	3.98046398046398
5.90964590964591	11.3553113553114	5.32356532356532
5.2014652014652	10.6959706959707	5.61660561660562
5.61660561660562	11.4529914529915	5.98290598290598
5.03052503052503	12.4297924297924	6.22710622710623
3.88278388278388	12.3809523809524	6.17826617826618
2.56410256410256	12.1367521367521	5.3968253968254
1.1965811965812	9.81684981684982	3.61416361416361
0.708180708180708	7.42368742368742	3.61416361416361
0.390720390720391	6.3980463980464	3.39438339438339
0.0488400488400488	5.51892551892552	4.83516483516483
-0.610500610500611	4.37118437118437	5.17704517704518
-0.43956043956044	4.51770451770452	6.4957264957265
-1.39194139194139	5.51892551892552	6.32478632478632
0.659340659340659	6.78876678876679	7.03296703296703
1.53846153846154	6.34920634920635	4.83516483516483
2.12454212454212	4.71306471306471	3.34554334554335
2.36874236874237	3.71184371184371	1.51404151404151
0.732600732600733	-0.463980463980464	-1.85592185592186
-1.56288156288156	-1.1965811965812	-3.93162393162393
-2.36874236874237	-1.36752136752137	-4.05372405372405
-2.31990231990232	1.07448107448107	-3.02808302808303
-2.68620268620269	2.73504273504274	-1.12332112332112
-2.46642246642247	0.488400488400488	-0.708180708180708
-2.63736263736264	-2.14896214896215	-1.44078144078144
-3.07692307692308	-3.36996336996337	-0.952380952380952
-2.36874236874237	-2.05128205128205	-0.146520146520147
-0.537240537240537	-0.43956043956044	0.390720390720391
1.9047619047619	2.71062271062271	1.001221001221
2.2954822954823	3.56532356532357	2.02686202686203
1.68498168498168	3.07692307692308	1.95360195360195
1.70940170940171	2.51526251526252	2.66178266178266
1.001221001221	1.001221001221	2.80830280830281
-1.22100122100122	0	2.44200244200244
-2.14896214896215	1.001221001221	2.51526251526252
-2.80830280830281	0.732600732600733	2.39316239316239
-3.49206349206349	-0.659340659340659	1.41636141636142
-3.15018315018315	0.634920634920635	1.26984126984127
-2.2954822954823	1.61172161172161	1.14774114774115
-1.17216117216117	2.02686202686203	-0.488400488400488
1.41636141636142	2.83272283272283	-1.12332112332112
2.05128205128205	2.39316239316239	-2.1978021978022
4.12698412698413	5.78754578754579	-2.58852258852259
5.86080586080586	7.96092796092796	-2.24664224664225
6.56898656898657	10.1343101343101	-1.66056166056166
6.54456654456654	12.014652014652	0.390720390720391
6.71550671550672	14.0903540903541	2.66178266178266
4.98168498168498	15.970695970696	4.2979242979243
2.61294261294261	16.5323565323565	7.25274725274725
1.63614163614164	17.7289377289377	7.86324786324786
-0.122100122100122	18.6813186813187	8.74236874236874
-0.43956043956044	17.8266178266178	7.3015873015873
-1.24542124542125	16.5567765567766	5.22588522588523
-0.488400488400488	14.4810744810745	4.49328449328449
0.610500610500611	12.4786324786325	3.22344322344322
1.001221001221	9.93894993894994	2.17338217338217
1.31868131868132	5.32356532356532	0.976800976800977
0.586080586080586	1.88034188034188	1.78266178266178
0.341880341880342	-1.58730158730159	0.610500610500611
-1.001221001221	-3.93162393162393	-1.39194139194139
-1.83150183150183	-4.2979242979243	-1.92918192918193
-0.732600732600733	-2.71062271062271	-2.02686202686203
0.195360195360195	-0.0488400488400488	-0.537240537240537
1.29426129426129	1.68498168498168	0.488400488400488
1.22100122100122	1.36752136752137	0.21978021978022
1.92918192918193	0.610500610500611	-0.0732600732600733
1.46520146520147	-1.26984126984127	-1.88034188034188
1.83150183150183	-2.80830280830281	-2.58852258852259
2.88156288156288	-3.34554334554335	-3.36996336996337
3.46764346764347	-3.02808302808303	-3.1990231990232
3.73626373626374	-2.95482295482295	-1.83150183150183
5.2014652014652	-0.903540903540904	0.244200244200244
5.37240537240537	0.879120879120879	1.07448107448107
5.34798534798535	3.78510378510378	2.56410256410256
3.88278388278388	4.78632478632479	4.004884004884
2.63736263736264	4.49328449328449	4.46886446886447
0.268620268620269	2.66178266178266	4.71306471306471
-1.88034188034188	1.14774114774115	5.93406593406593
-4.88400488400488	-0.21978021978022	6.03174603174603
-4.66422466422466	2.49084249084249	7.22832722832723
-3.41880341880342	5.49450549450549	7.98534798534799
-2.44200244200244	9.23076923076923	8.81562881562882
-0.561660561660562	11.2332112332112	8.84004884004884
0.952380952380952	11.4774114774115	8.10744810744811
1.48962148962149	9.98778998778999	6.61782661782662
0.732600732600733	6.03174603174603	4.63980463980464
0.757020757020757	5.22588522588523	4.85958485958486
-1.26984126984127	3.22344322344322	3.27228327228327
-3.24786324786325	0.488400488400488	1.56288156288156
-2.83272283272283	-1.26984126984127	0.293040293040293
-2.61294261294261	-2.68620268620269	-1.56288156288156
-3.39438339438339	-4.95726495726496	-4.68864468864469
-2.05128205128205	-6.37362637362637	-4.05372405372405
-1.24542124542125	-6.54456654456654	-2.56410256410256
-1.26984126984127	-6.95970695970696	-1.29426129426129
0.732600732600733	-6.37362637362637	0.0488400488400488
0.732600732600733	-7.22832722832723	1.88034188034188
1.12332112332112	-7.64346764346764	1.68498168498168
1.73382173382173	-8.03418803418803	0.634920634920635
0.708180708180708	-8.91330891330891	-0.43956043956044
0.170940170940171	-7.86324786324786	0.659340659340659
-0.537240537240537	-6.12942612942613	1.48962148962149
-1.58730158730159	-5.12820512820513	2.44200244200244
-3.46764346764347	-3.66300366300366	3.49206349206349
-4.12698412698413	-0.805860805860806	3.95604395604396
-5.61660561660562	-1.36752136752137	3.85836385836386
-6.54456654456654	-2.2954822954823	2.1001221001221
-6.3003663003663	-3.003663003663	0.976800976800977
-5.49450549450549	-4.15140415140415	1.95360195360195
-4.17582417582418	-2.31990231990232	3.24786324786325
-1.88034188034188	-1.97802197802198	4.49328449328449
0	-0.0976800976800977	5.44566544566545
1.85592185592186	3.02808302808303	6.61782661782662
3.12576312576313	4.81074481074481	6.25152625152625
4.2979242979243	7.13064713064713	6.08058608058608
4.46886446886447	9.10866910866911	6.27594627594628
3.27228327228327	8.91330891330891	5.93406593406593
2.75946275946276	7.47252747252747	6.1050061050061
2.97924297924298	6.44688644688645	5.68986568986569
2.36874236874237	3.98046398046398	5.42124542124542
1.9047619047619	2.36874236874237	4.85958485958486
3.39438339438339	4.07814407814408	5.22588522588523
5.12820512820513	5.51892551892552	4.63980463980464
6.25152625152625	6.32478632478632	3.63858363858364
6.42246642246642	7.98534798534799	2.49084249084249
6.73992673992674	9.98778998778999	3.39438339438339
5.64102564102564	9.98778998778999	3.41880341880342
3.32112332112332	10.5250305250305	4.22466422466422
1.41636141636142	10.5982905982906	4.37118437118437
-0.244200244200244	10.4029304029304	5.68986568986569
-1.92918192918193	8.18070818070818	4.93284493284493
-2.46642246642247	7.44810744810745	4.49328449328449
-2.31990231990232	8.2051282051282	4.32234432234432
-1.83150183150183	6.78876678876679	2.85714285714286
-1.001221001221	6.91086691086691	2.05128205128205
0.659340659340659	7.96092796092796	0.512820512820513
0.854700854700855	6.81318681318681	-1.07448107448107
0.561660561660562	4.46886446886447	-2.51526251526252
0.659340659340659	3.51648351648352	-1.68498168498168
-0.0976800976800977	3.003663003663	-1.34310134310134
-0.195360195360195	1.58730158730159	-0.879120879120879
-1.12332112332112	-1.22100122100122	-1.39194139194139
-1.92918192918193	-3.49206349206349	-2.44200244200244
-1.85592185592186	-4.54212454212454	-2.17338217338217
-1.36752136752137	-4.56654456654457	-2.39316239316239
-0.0488400488400488	-4.68864468864469	-1.73382173382173
2.80830280830281	-2.51526251526252	-0.146520146520147
5.76312576312576	-1.22100122100122	1.14774114774115
5.61660561660562	-4.2002442002442	1.39194139194139
3.2967032967033	-9.98778998778999	-1.78266178266178
-1.1965811965812	-13.5775335775336	-1.68498168498168
-5.59218559218559	-17.9242979242979	-2.88156288156288
-7.47252747252747	-16.1172161172161	-2.73504273504274
-7.86324786324786	-12.039072039072	-0.683760683760684
-6.59340659340659	-7.00854700854701	1.46520146520147
-3.93162393162393	-2.85714285714286	1.9047619047619
-2.97924297924298	-2.05128205128205	1.39194139194139
-3.17460317460317	-4.83516483516483	-0.732600732600733
-4.83516483516483	-7.93650793650794	-2.1001221001221
-3.73626373626374	-7.78998778998779	-3.2967032967033
-3.1013431013431	-9.35286935286935	-3.22344322344322
-2.44200244200244	-9.35286935286935	-2.12454212454212
-0.976800976800977	-7.54578754578755	-0.415140415140415
-0.659340659340659	-6.3003663003663	1.97802197802198
0.21978021978022	-3.85836385836386	2.75946275946276
1.07448107448107	-1.41636141636142	3.98046398046398
1.83150183150183	0.659340659340659	2.85714285714286
1.17216117216117	0.561660561660562	1.88034188034188
0.903540903540904	-1.48962148962149	-0.463980463980464
1.05006105006105	-0.879120879120879	-1.97802197802198
1.05006105006105	-1.85592185592186	-2.2954822954823
1.70940170940171	-1.31868131868132	-2.51526251526252
2.53968253968254	0.170940170940171	-0.586080586080586
5.25030525030525	1.95360195360195	0.463980463980464
6.12942612942613	2.14896214896215	1.0989010989011
6.25152625152625	3.34554334554335	2.56410256410256
4.90842490842491	3.07692307692308	2.44200244200244
3.15018315018315	1.05006105006105	1.51404151404151
0.854700854700855	-1.14774114774115	1.44078144078144
-0.683760683760684	-3.12576312576313	0.170940170940171
-1.53846153846154	-5.44566544566545	0
-1.29426129426129	-4.71306471306471	1.05006105006105
-1.1965811965812	-1.1965811965812	2.56410256410256
-2.80830280830281	-1.51404151404151	2.2954822954823
-3.85836385836386	-2.66178266178266	1.001221001221
-4.88400488400488	-6.25152625152625	0.170940170940171
-3.83394383394383	-5.95848595848596	-0.0732600732600733
-2.22222222222222	-4.66422466422466	0.561660561660562
1.95360195360195	-1.63614163614164	2.58852258852259
3.76068376068376	5.00610500610501	3.51648351648352
5.32356532356532	8.57142857142857	4.98168498168498
6.15384615384615	12.0879120879121	6.42246642246642
5.42124542124542	11.5506715506716	5.98290598290598
4.15140415140415	9.69474969474969	5.56776556776557
3.36996336996337	7.3992673992674	3.88278388278388
3.61416361416361	6.78876678876679	3.36996336996337
3.2967032967033	5.86080586080586	1.80708180708181
3.80952380952381	5.07936507936508	1.001221001221
3.41880341880342	5.2991452991453	0.512820512820513
2.12454212454212	4.1025641025641	0.879120879120879
1.17216117216117	1.70940170940171	-0.341880341880342
-0.903540903540904	-0.879120879120879	-0.586080586080586
-0.757020757020757	-2.02686202686203	-1.53846153846154
-1.58730158730159	-2.39316239316239	-1.68498168498168
-0.683760683760684	-0.390720390720391	0.268620268620269
-1.36752136752137	-0.0976800976800977	0.83028083028083
-2.2954822954823	0.586080586080586	1.97802197802198
-2.44200244200244	0.976800976800977	2.53968253968254
-2.61294261294261	0.415140415140415	3.63858363858364
-2.07570207570208	-1.001221001221	1.58730158730159
-1.80708180708181	-2.44200244200244	1.39194139194139
-1.44078144078144	-2.56410256410256	1.14774114774115
-0.683760683760684	-4.51770451770452	1.29426129426129
-0.781440781440781	-5.2014652014652	0.610500610500611
-0.463980463980464	-4.27350427350427	1.51404151404151
0.488400488400488	-3.95604395604396	0.879120879120879
1.34310134310134	-4.05372405372405	0.415140415140415
3.02808302808303	-3.1990231990232	0.732600732600733
4.05372405372405	-0.757020757020757	1.73382173382173
5.86080586080586	1.22100122100122	3.32112332112332
5.76312576312576	0.561660561660562	3.36996336996337
5.1037851037851	0.366300366300366	3.07692307692308
3.22344322344322	-1.61172161172161	2.95482295482295
3.34554334554335	-3.1990231990232	2.17338217338217
1.70940170940171	-2.75946275946276	2.97924297924298
1.31868131868132	-2.1978021978022	1.70940170940171
-0.43956043956044	-3.15018315018315	0.757020757020757
-0.317460317460317	-2.1001221001221	0.976800976800977
-0.708180708180708	-3.66300366300366	-1.05006105006105
-0.879120879120879	-4.76190476190476	-2.71062271062271
-0.0488400488400488	-3.22344322344322	-2.97924297924298
1.14774114774115	-0.537240537240537	-2.51526251526252
1.51404151404151	0.0976800976800977	-2.61294261294261
0.805860805860806	-0.488400488400488	-2.39316239316239
1.0989010989011	0.195360195360195	-1.95360195360195
0.805860805860806	0.415140415140415	-1.53846153846154
0.634920634920635	1.17216117216117	-1.36752136752137
1.29426129426129	3.27228327228327	0.903540903540904
1.46520146520147	5.27472527472527	2.22222222222222
2.31990231990232	5.49450549450549	3.24786324786325
1.63614163614164	3.05250305250305	2.68620268620269
1.73382173382173	2.39316239316239	3.34554334554335
1.29426129426129	0.634920634920635	2.1978021978022
1.07448107448107	-2.31990231990232	-0.488400488400488
0.146520146520147	-4.15140415140415	-1.9047619047619
0.463980463980464	-6.12942612942613	-4.07814407814408
0.634920634920635	-7.27716727716728	-6.03174603174603
1.58730158730159	-5.81196581196581	-6.42246642246642
1.34310134310134	-3.83394383394383	-5.83638583638584
1.58730158730159	-2.31990231990232	-4.24908424908425
1.44078144078144	-2.17338217338217	-3.32112332112332
0.195360195360195	-3.24786324786325	-2.05128205128205
-1.70940170940171	-7.22832722832723	-3.76068376068376
-2.39316239316239	-9.96336996336996	-3.49206349206349
-2.46642246642247	-11.3553113553114	-3.27228327228327
-2.05128205128205	-13.5531135531136	-4.66422466422466
-2.1978021978022	-13.1623931623932	-4.93284493284493
-2.49084249084249	-12.6495726495726	-5.05494505494505
-2.27106227106227	-10.6471306471306	-3.85836385836386
-2.51526251526252	-8.91330891330891	-4.07814407814408
-1.9047619047619	-9.05982905982906	-4.17582417582418
-2.68620268620269	-9.05982905982906	-3.78510378510378
-1.17216117216117	-9.4993894993895	-4.32234432234432
-1.07448107448107	-11.4285714285714	-5.54334554334554
-1.001221001221	-13.2600732600733	-5.59218559218559
-1.44078144078144	-13.992673992674	-5.2014652014652
-1.83150183150183	-14.7252747252747	-4.49328449328449
-2.22222222222222	-15.6288156288156	-4.37118437118437
-3.49206349206349	-16.043956043956	-5.12820512820513
-4.24908424908425	-16.6788766788767	-5.54334554334554
-5.51892551892552	-16.4346764346764	-6.81318681318681
-6.76434676434676	-17.5091575091575	-8.4004884004884
-8.54700854700855	-18.4371184371184	-8.62026862026862
-8.44932844932845	-17.9242979242979	-10.3540903540904
-7.08180708180708	-16.5567765567766	-9.84126984126984
-5.22588522588523	-14.5787545787546	-9.03540903540904
-2.34432234432234	-10.6471306471306	-6.61782661782662
-1.24542124542125	-8.15628815628816	-5.64102564102564
-0.586080586080586	-4.63980463980464	-3.32112332112332
-0.708180708180708	-3.17460317460317	-2.41758241758242
-2.02686202686203	-0.561660561660562	-1.51404151404151
-2.07570207570208	3.003663003663	-1.34310134310134
-2.002442002442	3.78510378510378	0.146520146520147
-1.92918192918193	5.37240537240537	1.17216117216117
-1.51404151404151	5.78754578754579	1.02564102564103
-0.146520146520147	5.56776556776557	0.537240537240537
0.366300366300366	5.03052503052503	0.488400488400488
0.683760683760684	4.78632478632479	0.21978021978022
1.9047619047619	6.86202686202686	0.390720390720391
1.58730158730159	5.61660561660562	0.122100122100122
1.68498168498168	4.44444444444444	-1.22100122100122
1.1965811965812	3.78510378510378	-0.317460317460317
0.415140415140415	2.51526251526252	-0.537240537240537
0.683760683760684	1.17216117216117	-1.22100122100122
1.24542124542125	0.708180708180708	-1.88034188034188
2.36874236874237	0.610500610500611	-2.24664224664225
3.83394383394383	1.17216117216117	-2.78388278388278
5.07936507936508	2.31990231990232	-2.90598290598291
5.59218559218559	3.78510378510378	-1.51404151404151
5.61660561660562	5.27472527472527	-0.43956043956044
3.88278388278388	5.07936507936508	0.708180708180708
2.73504273504274	4.68864468864469	1.12332112332112
1.41636141636142	2.56410256410256	0.390720390720391
0.537240537240537	0.732600732600733	-0.537240537240537
2.07570207570208	1.63614163614164	0.0488400488400488
3.02808302808303	3.39438339438339	0.366300366300366
4.68864468864469	5.71428571428571	0.927960927960928
5.44566544566545	6.42246642246642	1.70940170940171
5.61660561660562	7.61904761904762	1.85592185592186
4.88400488400488	8.57142857142857	3.17460317460317
3.1990231990232	7.57020757020757	2.83272283272283
0.659340659340659	4.83516483516483	1.58730158730159
-0.244200244200244	2.46642246642247	0.952380952380952
-0.341880341880342	0.683760683760684	-0.610500610500611
-1.1965811965812	-1.14774114774115	-1.56288156288156
-0.488400488400488	1.001221001221	-1.83150183150183
0.781440781440781	1.29426129426129	-2.73504273504274
0.805860805860806	2.24664224664225	-3.2967032967033
1.14774114774115	2.53968253968254	-4.17582417582418
1.46520146520147	1.66056166056166	-4.3956043956044
1.17216117216117	1.73382173382173	-4.17582417582418
1.07448107448107	1.05006105006105	-4.61538461538461
1.24542124542125	2.58852258852259	-3.34554334554335
1.63614163614164	2.78388278388278	-2.63736263736264
1.24542124542125	2.83272283272283	-2.66178266178266
0.390720390720391	1.22100122100122	-3.80952380952381
1.22100122100122	-0.170940170940171	-4.2002442002442
1.12332112332112	-0.268620268620269	-4.98168498168498
0.366300366300366	-2.49084249084249	-5.86080586080586
-0.757020757020757	-5.12820512820513	-5.90964590964591
-0.879120879120879	-5.90964590964591	-5.95848595848596
-0.83028083028083	-4.68864468864469	-4.05372405372405
-0.463980463980464	-3.32112332112332	-2.22222222222222
-0.634920634920635	-2.46642246642247	-0.927960927960928
-0.634920634920635	-1.83150183150183	-0.122100122100122
0.170940170940171	-1.14774114774115	1.001221001221
-0.195360195360195	-2.36874236874237	1.51404151404151
-0.805860805860806	-3.90720390720391	0.390720390720391
-0.21978021978022	-4.1025641025641	-1.29426129426129
0.390720390720391	-2.68620268620269	-2.31990231990232
0.0488400488400488	-2.97924297924298	-2.68620268620269
0.0488400488400488	-2.80830280830281	-3.36996336996337
-0.390720390720391	-1.34310134310134	-2.80830280830281
0.708180708180708	0.683760683760684	-1.44078144078144
1.07448107448107	0.708180708180708	-1.58730158730159
1.9047619047619	1.0989010989011	-1.46520146520147
2.39316239316239	0.586080586080586	-2.51526251526252
1.17216117216117	-1.73382173382173	-2.34432234432234
0.683760683760684	-2.90598290598291	-2.44200244200244
0.879120879120879	-2.53968253968254	-2.2954822954823
-0.122100122100122	-0.781440781440781	-1.46520146520147
-0.0732600732600733	-0.0976800976800977	-1.88034188034188
0.854700854700855	1.88034188034188	-1.05006105006105
1.39194139194139	4.2979242979243	-0.146520146520147
0.903540903540904	4.17582417582418	-0.732600732600733
0.170940170940171	2.22222222222222	-1.12332112332112
-0.244200244200244	0.268620268620269	-1.22100122100122
-1.41636141636142	-1.22100122100122	-1.14774114774115
-0.781440781440781	-3.34554334554335	-0.903540903540904
-2.2954822954823	-5.76312576312576	-1.68498168498168
-1.17216117216117	-5.88522588522589	0.732600732600733
-1.22100122100122	-5.59218559218559	1.05006105006105
-2.71062271062271	-6.32478632478632	0.586080586080586
-2.95482295482295	-5.90964590964591	0.903540903540904
-2.90598290598291	-4.1025641025641	0.561660561660562
-3.27228327228327	-4.42002442002442	0.976800976800977
-2.34432234432234	-3.17460317460317	1.83150183150183
-0.512820512820513	-2.31990231990232	1.95360195360195
0.146520146520147	-2.80830280830281	1.44078144078144
-0.0732600732600733	-5.98290598290598	-0.537240537240537
0.708180708180708	-7.64346764346764	-2.49084249084249
0.21978021978022	-8.08302808302808	-3.83394383394383
-0.488400488400488	-7.4969474969475	-4.51770451770452
-1.53846153846154	-5.25030525030525	-3.54090354090354
-0.683760683760684	-2.44200244200244	-1.88034188034188
-0.952380952380952	1.44078144078144	-0.805860805860806
-0.488400488400488	4.02930402930403	0.21978021978022
0.927960927960928	4.90842490842491	1.9047619047619
1.44078144078144	3.36996336996337	2.02686202686203
0.488400488400488	0.927960927960928	0.879120879120879
1.0989010989011	-1.05006105006105	1.46520146520147
-0.903540903540904	-3.63858363858364	0.463980463980464
-1.58730158730159	-6.42246642246642	-1.29426129426129
-1.61172161172161	-6.52014652014652	-1.66056166056166
-1.001221001221	-4.49328449328449	-0.879120879120879
-0.927960927960928	-2.39316239316239	-1.12332112332112
-0.244200244200244	-2.31990231990232	-2.12454212454212
-0.927960927960928	-4.02930402930403	-1.78266178266178
-2.73504273504274	-4.66422466422466	-2.14896214896215
-2.88156288156288	-6.54456654456654	-1.97802197802198
-3.51648351648352	-8.08302808302808	-3.2967032967033
-3.22344322344322	-7.42368742368742	-3.15018315018315
-2.44200244200244	-7.4969474969475	-2.63736263736264
-3.61416361416361	-8.27838827838828	-3.56532356532357
-3.85836385836386	-9.91452991452991	-3.93162393162393
-4.56654456654457	-13.5042735042735	-6.47130647130647
-5.90964590964591	-14.9450549450549	-7.88766788766789
-6.03174603174603	-13.5286935286935	-8.15628815628816
-5.03052503052503	-10.4517704517705	-7.15506715506716
-4.68864468864469	-8.35164835164835	-7.05738705738706
-3.22344322344322	-5.27472527472527	-5.3968253968254
-2.27106227106227	-2.73504273504274	-4.1025641025641
0.0488400488400488	-0.21978021978022	-2.90598290598291
1.17216117216117	0.170940170940171	-1.66056166056166
