0.976577401388571	-3.85442893110552	-0.198367284657053
1.43434805828946	-5.61532005798428	-2.24612802319371
3.82391088731212	-6.39047837033646	2.59098191805905
4.50446326390478	-7.37621118486305	-5.87167162584878
1.53505760280766	-5.03242542153048	0.933852140077821
1.67238879987793	-4.71503776607919	-1.92263675898375
0.158693827725643	-2.1362630655375	-4.04058899824521
4.28168154421302	-0.0976577401388571	-3.35393301289387
3.61638818951705	0.564583810177768	-2.19729915312428
2.66117341878386	2.10269321736477	-2.94193942168307
4.14740215152209	2.70389868009461	1.28786144808118
2.79850461585412	0.0885023270008393	-3.05180437933928
1.81887541008621	2.42008087281605	-0.228885328450446
0.521858548867018	0.76600289921416	-0.454718852521553
2.60013733119707	1.03456168459602	-0.241092545967803
1.13221942473487	-0.253299763485161	0.143434805828946
1.47402151522087	1.10780498970016	3.76897840848402
-0.0122072175173571	-1.7792019531548	2.46890974288548
4.34882124055848	0.0488288700694285	-0.494392309452964
7.47997253376059	2.81681544213016	3.62859540703441
5.87777523460746	4.54718852521553	2.5787747005417
7.50133516441596	5.20637827115282	5.44441901274128
10.757610437171	6.97032120241093	3.46990157930877
6.49118791485466	5.2674143587396	5.52681773098344
6.37216754406043	4.48615243762875	1.19935912108034
8.47791256580453	5.14534218356603	5.69161516746777
10.8033875028611	6.29587243457694	2.10574502174411
4.85847257190814	5.17586022735943	5.36202029449912
6.65598535133898	3.80254825665675	4.28473334859236
4.101625085832	1.7944609750515	5.981536583505
5.27962157625696	1.55947203784237	3.10368505378805
-0.161745632104982	1.71511406118868	3.47600518806744
2.42313267719539	3.51873044937819	7.42198825055314
6.29587243457694	6.72922865644312	11.5724422064546
8.87464713511864	7.98962386511025	1.86160067139696
9.3842984664683	9.1981383993286	6.78416113527123
6.79026474402991	7.2480354009308	1.26039520866712
9.25612268253605	6.86045624475471	2.21866178377966
6.79942015716793	4.00701915007248	-1.01625085831998
5.54207675288014	3.32646677347982	3.64690623331044
7.09849698634318	3.10368505378805	3.90936140993362
5.45052262149996	2.09048599984741	3.73235675593194
5.9510185397116	2.16067750057221	2.26749065384909
3.26237888151369	0.891126878767071	0.561532005798428
3.77508201724269	0.320439459830625	0.744640268558785
3.97344930189975	3.00907911802853	3.06706340123598
5.6244754711223	1.41908903639277	2.62760357061112
8.74341954680705	3.40886549172198	3.45464255741207
7.60204470893416	2.99382009613184	11.3099870298314
10.0862134737163	5.51766231784543	0.524910353246357
9.75661860074769	5.6092164492256	6.31113145647364
11.4045929655909	7.17479209582666	4.83405813687343
12.835889219501	8.13611047531853	6.5491721980621
12.133974212253	9.71694514381628	8.37720302128634
13.150225070573	8.08422980086976	4.49530785076677
9.95803768978408	7.66308079652094	8.66712443732357
5.17586022735943	3.53398947127489	2.59708552681773
1.02845807583734	-0.735484855420768	-3.6743724727245
-0.546272983901732	-2.08438239108873	-2.03860532539864
-2.01419089036393	-4.93476768139162	-2.51163500419623
-1.95925841153582	-4.99580376897841	-4.8401617456321
-1.67849240863661	-5.57869840543221	-4.3579766536965
2.11795223926146	-3.70489051651789	-0.271610589761196
-4.0009155413138	-4.05889982452125	3.55230029755093
-1.49233234149691	-3.18913557640955	-2.69169146257725
-0.762951094834821	-1.93789578088045	3.39055466544594
0.653086137178607	2.26443884946975	7.90417334248875
4.25116350041962	3.65300984206912	3.69878690775921
8.08422980086976	7.06797894254978	9.01503013656825
8.30090791180285	6.85740444037537	9.17982757305257
7.37010757610437	7.44640268558785	8.44739452201114
5.92355230029755	4.35492484931716	6.34775310902571
7.08934157320516	5.41390096894789	5.0965133134966
3.2318608377203	2.49637598229953	4.49530785076677
3.49736781872282	2.5787747005417	2.57572289616236
2.02334630350195	1.13527122911421	3.72320134279393
4.36102845807584	2.04470893415732	4.44037537193866
4.55939574273289	1.64797436484321	2.25833524071107
6.43930724040589	4.73334859235523	3.93682764934768
8.07507438773175	3.02128633554589	8.6854352635996
8.57557030594339	3.63469901579309	3.69878690775921
7.4341954680705	3.31425955596246	5.09346150911727
7.98046845197223	2.72526131074998	1.84939345387961
2.43533989471275	-0.222781719691768	-1.36415655756466
0.253299763485161	1.40688181887541	-0.436408026245518
2.00198367284657	1.84939345387961	1.81582360570687
-1.13221942473487	2.1362630655375	4.47699702449073
-4.16266117341878	2.11490043488212	-0.0915541313801785
-1.39772640573739	2.17593652246891	0.762951094834821
1.27870603494316	1.30617227435721	0.845349813076982
3.35088120851453	1.8097199969482	1.08033875028611
-3.05790798809796	2.3773556115053	1.96841382467384
2.07522697795071	3.94903486686503	2.82597085526818
1.79140917067216	5.95712214847028	4.55329213397421
-0.643930724040589	6.75974670023651	6.2226291294728
4.33051041428244	10.0801098649577	11.4290074006256
6.55527580682078	11.1146715495537	9.31715877012284
12.2499427786679	16.0036621652552	8.19714656290532
13.5500114442664	16.3851377126726	11.3008316166934
13.1563286793317	16.8520637827115	11.306935225452
8.09033340962844	15.1430533302815	7.76684214541848
9.55825131609064	14.4930189974823	8.64576180666819
3.96734569314107	11.612115663386	10.8339055466545
7.29991607537957	12.5520714122225	7.45860990310521
5.64888990615702	10.6416418707561	3.20134279392691
8.3436331731136	12.8847180895705	6.79636835278859
8.32532234683757	12.4330510414282	4.08941786831464
9.46669718471046	12.8603036545357	5.45967803463798
7.42198825055314	8.27649347676814	2.13931486991684
10.7637140459297	8.40161745632105	8.48096437018387
2.60929274433509	2.94193942168307	-2.221713588159
4.49225604638743	0.778210116731518	-1.00099183642329
-1.1261158159762	-4.1870756084535	0.744640268558785
0.344853894865339	-2.28274967574578	-6.51560234988937
-1.31532768749523	-3.7445639734493	-3.04264896620127
2.43228809033341	-1.04371709773404	0.0915541313801785
1.26344701304646	-2.07827878233005	1.94399938963912
4.45258258945602	-0.0762951094834821	3.20134279392691
2.16372930495155	-1.5228503852903	4.73029678797589
-0.872816052491035	-1.879911497673	4.44647898069734
1.55947203784237	-1.23292896925307	5.77706569008927
3.51262684061952	-1.49538414587625	2.14847028305486
-3.28068970778973	-3.92156862745098	-0.0152590218966964
1.41603723201343	-1.58388647287709	1.91042954146639
3.37834744792859	-0.875867856870375	0.943007553215839
-1.04982070649271	-0.231937132829786	1.31532768749523
3.38750286106661	4.38544289311055	8.96925307087816
2.36514839398795	3.54314488441291	-0.201419089036393
-1.64492256046387	2.48722056916152	5.54207675288014
4.42511635004196	3.30815594720378	-0.643930724040589
-0.89723048752575	2.15457389181353	0.97962920576791
-3.70183871213855	0.805676356145571	-2.24002441443503
-1.70595864805066	2.26138704509041	1.9653620202945
0.799572747386893	5.20027466239414	0.955214770733196
-0.00305180437933928	8.44129091325246	1.84328984512093
0.790417334248875	9.04859998474098	2.84733348592355
1.75173571374075	9.16456855115587	2.61539635309377
3.90630960555428	9.00282291905089	2.03250171663996
1.12306401159686	8.48706797894255	4.48920424200809
2.27664606698711	6.61936369878691	4.57465476462959
2.42618448157473	4.62348363469902	2.09658960860609
4.57160296025025	5.18806744487678	1.87380788891432
2.05691615167468	5.74349584191653	7.66308079652094
3.63164721141375	4.57465476462959	2.67032883192187
4.97138933394369	4.92256046387427	5.73128862439918
4.30609597924773	4.48615243762875	3.01213092240787
4.80048828870069	4.37628747997253	4.10772869459068
3.00907911802853	3.15556572823682	1.84023804074159
5.33455405508507	4.67231250476844	3.759822995346
2.74052033264668	2.8351262684062	1.88601510643168
2.37430380712596	2.77714198519875	3.46379797055009
3.20134279392691	1.12001220721752	2.39566643778134
2.70389868009461	2.49027237354086	2.23392080567636
-0.155642023346304	1.57167925535973	0.613412680247196
-0.399786373693446	4.40375371938659	3.5736629282063
-1.0101472495613	4.15960936903944	4.67841611352712
-1.96841382467384	3.67132066834516	0.0274662394140536
-4.11383230334935	-0.216678110933089	-1.83108262760357
-6.0669871061265	-4.39154650186923	-7.90417334248875
-8.84107728694591	-7.35179674982834	-9.36598764019226
-10.0007629510948	-8.70984969863432	-8.54810406652934
-8.90211337453269	-7.01609826810101	-12.2499427786679
-6.60715648126955	-5.60616464484626	-10.3120469977874
-8.01403830014496	-6.06393530174716	-7.85534447241932
-4.97749294270237	-6.01510643167773	-10.5073624780652
-2.8351262684062	-4.86152437628748	-7.44640268558785
-2.69169146257725	-6.68039978637369	-7.82482642862592
-2.89921416037232	-5.69161516746777	-5.16670481422141
1.09254596780346	-4.33356221866178	-3.71099412527657
0.531013962005035	-4.41290913252461	-3.15251392385748
1.18715190356298	-3.97955291065843	-2.47501335164416
-1.98672465094987	-4.62348363469902	-1.48928053711757
-3.18608377203021	-4.25116350041962	-2.71610589761196
-2.96025024795911	-4.1870756084535	0.439459830624857
-3.19523918516823	-4.33661402304112	-4.57160296025025
-3.05790798809796	-4.65400167849241	-3.42412451361868
-1.66018158236057	-4.86457618066682	-0.955214770733196
-2.4933241779202	-6.24093995574884	-5.36507209887846
-2.59098191805905	-7.97131303883421	-5.63363088426032
-1.47402151522087	-5.22163729304952	-1.33669031815061
-4.81574731059739	-6.11886778057526	-7.33653772793164
-3.77508201724269	-4.614328221561	-4.08331425955596
-2.07827878233005	-2.81071183337148	-3.85137712672618
-0.021362630655375	0.787365529869535	0.021362630655375
-1.68764782177462	0.854505226215	3.90325780117494
-0.738536659800107	2.221713588159	4.37933928435187
0.112916762035554	-0.04272526131075	0.216678110933089
0.686655985351339	1.39772640573739	2.86869611657893
-6.50644693675135	-2.1362630655375	1.56252384222171
-4.83405813687343	-1.1108567940795	0.161745632104982
-6.73228046082246	-1.30617227435721	0.793469138628214
-4.84626535439078	-0.314335851071946	2.02944991226062
-4.5288776989395	1.94399938963912	1.31227588311589
-1.44655527580682	1.02235446707866	1.51674677653162
-3.44548714427405	0.85145342183566	1.58999008163577
3.32341496910048	4.22064545662623	3.21965362020295
-0.155642023346304	4.956130312047	7.27855344472419
-2.09048599984741	5.77096208133059	5.60616464484626
-2.21255817502098	5.32845044632639	8.54200045777066
-1.42519264515145	5.83199816891737	3.98260471503777
-7.38231479362173	2.01113908598459	1.9501029983978
-5.98458838788434	1.48012512397955	0.964370183871214
-7.21446555275807	1.34889753566796	1.40993362325475
-6.07614251926451	1.06507972838941	2.02639810788128
-5.21858548867018	0.686655985351339	-2.38345922026398
-1.47096971084154	2.18204013122759	-0.683604180972
-0.341802090486	3.53398947127489	1.69985503929198
2.15762569619287	3.4027618829633	-1.63271534294652
-2.30106050202182	1.64492256046387	0.494392309452964
-2.32547493705653	-2.65201800564584	-1.94094758525978
-1.79751277943084	-2.91447318226902	0.219729915312428
0.225833524071107	-4.26031891355764	-1.40383001449607
0.192263675898375	-3.01823453116655	-0.72327763790341
6.4087891966125	-2.34683756771191	-1.47096971084154
2.99687190051118	0.344853894865339	4.56855115587091
-1.00404364080262	-0.906385900663767	-1.7944609750515
-0.04272526131075	-0.503547722590982	-3.0609597924773
-3.35393301289387	-3.39055466544594	-0.823987182421607
-1.26955062180514	-2.392614633402	-3.34477759975586
-2.46890974288548	-5.52071412222477	-8.58167391470207
0.827038986800946	-5.43526359960327	-6.43625543602655
-7.12291142137789	-6.99473563744564	-6.08224612802319
-3.22575722896162	-4.94697489890898	-8.53284504463264
-7.99572747386893	-6.04867627985046	-8.15747310597391
-3.69268329900053	-4.69672693980316	-7.01304646372168
-4.19012741283284	-3.99481193255512	-5.50545510032807
0.604257267109178	-2.4078736552987	-3.36308842603189
-3.07316700999466	-2.14541847867552	-3.19829098954757
-1.42519264515145	-0.80872816052491	-2.26138704509041
0.500495918211643	1.4373998626688	2.57572289616236
0.140383001449607	-0.195315480277714	2.39871824216068
-3.12504768444343	-2.37125200274662	-4.93476768139162
-4.53803311207752	-3.79034103913939	-1.01930266269932
-4.86152437628748	-5.57564660105287	-3.64385442893111
-7.21446555275807	-7.62645914396887	-11.7311360341802
-7.87060349431601	-6.94895857175555	-5.81979095140002
-7.48302433813993	-9.46364538033112	-6.68345159075303
-7.51049057755398	-8.62745098039216	-7.84924086366064
-10.9102006561379	-13.0312046997787	-9.25307087815671
-9.97634851606012	-13.1929503318837	-5.84725719081407
-13.3455405508507	-16.0769054703593	-9.25612268253605
-11.981383993286	-14.8012512397955	-9.32936598764019
-12.8877698939498	-15.5550469214923	-8.55115587090867
-6.92454413672084	-11.4076447699702	-8.24902723735408
-7.56237125200275	-11.2947280079347	-7.16563668268864
-8.21240558480201	-8.16357671473259	-0.180056458381018
-6.99473563744564	-7.13817044327459	-4.01312275883116
-4.80659189745937	-5.05683985656519	0.308232242313268
-6.48813611047532	-5.92965590905623	1.45876249332418
-1.49843595025559	-3.48516060120546	-4.46478980697337
-2.88700694285496	-1.91348134584573	0.167849240863661
-0.878919661249714	-1.01625085831998	-3.21355001144427
-8.95094224460212	-2.31631952391852	-2.48111696040284
-6.05477988860914	-1.367208361944	-5.34981307698177
-6.35690852216373	-2.19119554436561	-5.99069199664302
-5.97543297474632	-3.21049820706493	-9.09132524605173
-9.03639276722362	-0.485236896314946	-7.29686427100023
-0.442511635004196	-0.622568093385214	-8.82581826504921
-6.59800106813153	-0.0396734569314107	-6.07919432364385
-5.39559014267186	-0.0579842832074464	-5.26436255436027
-2.88700694285496	1.39467460135805	5.17280842298009
-5.83504997329671	0.0152590218966964	-6.05783169298848
-3.18913557640955	1.74563210498207	1.20241092545968
-1.55031662470436	2.40482185091936	2.05996795605402
-4.44647898069734	3.43938353551537	-4.61127641718166
-7.49523155565728	1.84328984512093	1.67544060425727
-3.87273975738155	0.888075074387732	4.37323567559319
-4.87983520256352	-1.91958495460441	-0.543221179522393
-4.98970016021973	-4.04364080262455	-2.64286259250782
-2.10269321736477	-5.17586022735943	-2.27054245822843
-2.13931486991684	-6.97947661554894	-5.61226825360494
-6.86961165789273	-10.4310673685817	-6.82688639658198
-10.2479591058213	-13.168535896849	-7.13511863889525
-14.1481651026169	-15.921263447013	-13.2753490501259
-17.6333257038224	-19.2813000686656	-15.6710154879072
-15.9395742732891	-18.097199969482	-12.5795376516365
-16.5438315403983	-19.7116044861524	-19.3606469825284
-16.8001831082628	-18.2650492103456	-18.4634164950027
-17.0565346761273	-17.4532692454414	-15.579461356527
-11.9966430151827	-13.8063630121309	-14.3343251697566
-11.8837262531472	-15.912108033875	-18.1887541008621
-12.1461814297704	-11.6243228809033	-13.9101243610285
-4.0863660639353	-7.8309300373846	-11.1818112458991
-3.10063324940871	-6.4087891966125	-9.06385900663767
-4.26947432669566	-6.65903715571832	-7.19310292210269
-5.95712214847028	-4.19623102159152	-7.85229266803998
-1.52895399404898	-1.97146562905318	-0.7690547035935
1.27565423056382	1.31227588311589	-0.341802090486
-0.552376592660411	0.50965133134966	0.930800335698482
0.885023270008392	2.42008087281605	1.39467460135805
4.03448538948653	0.622568093385214	2.9755092698558
3.5736629282063	1.42214084077211	1.91042954146639
-1.46486610208286	0.0610360875867857	6.70786602578775
0.0823987182421607	0.192263675898375	-0.488288700694285
0.659189745937285	1.32143129625391	3.07011520561532
-1.06202792401007	1.59914549477379	0.195315480277714
-3.46684977492943	1.33974212252995	0.991836423285267
-4.69367513542382	-1.68764782177462	-6.64072632944228
-2.7191577019913	0.784313725490196	-4.08331425955596
0.112916762035554	-0.289921416037232	-1.56862745098039
-4.65705348287175	-0.729381246662089	-3.76897840848402
-2.84122987716487	-2.36514839398795	-7.14427405203327
-0.219729915312428	-0.448615243762875	-4.58991378652628
-3.25017166399634	-1.18410009918364	-0.68055237659266
-4.38544289311055	-0.280766002899214	-3.24406805523766
-3.930724040589	-2.07522697795071	-2.84428168154421
0.473029678797589	-0.442511635004196	-3.46990157930877
-2.69169146257725	-0.347905699244678	-1.75173571374075
-2.68558785381857	1.80361638818952	3.77203021286336
-1.56252384222171	0.784313725490196	-0.0305180437933928
4.31219958800641	2.17593652246891	-0.625619897764553
5.52071412222477	3.97955291065843	3.86358434424353
2.56046387426566	2.99382009613184	-0.683604180972
5.24910353246357	1.91042954146639	1.16273746852827
8.81971465629053	4.27862973983368	0.4272526131075
5.95712214847028	6.09140154116121	1.78225375753414
7.95910582131685	5.51461051346609	2.88090333409628
15.030136568246	7.19615472648203	3.26543068589303
12.7412832837415	7.1625848783093	5.02327000839246
6.35080491340505	8.15747310597391	3.30815594720378
9.06996261539635	7.24193179217212	4.70283054856184
1.59609369039445	5.80148012512398	4.46784161135271
-4.69062333104448	1.77309834439612	0.439459830624857
-4.58075837338827	0.863660639353018	-2.34988937209125
-8.70374608987564	-1.78225375753414	-5.84115358205539
-9.69253070878157	-2.03250171663996	-5.3681239032578
-10.25406271458	-4.85847257190814	-4.14129854276341
-7.68444342717632	-6.32944228274968	-12.4116884107729
-10.2784771496147	-7.53795681696803	-6.8055237659266
-7.41283283741512	-7.41283283741512	-3.64995803768978
-7.78210116731517	-8.18188754100862	-9.36598764019226
-5.81673914702068	-8.98451209277485	-9.45754177157244
-7.33043411917296	-8.75257495994507	-6.79942015716793
-5.52681773098344	-8.77698939497978	-7.15953307392996
-4.06195162890059	-8.99061570153353	-6.152437628748
-6.76585030899519	-10.8796826123445	-8.74647135118639
-3.74151216906996	-7.98962386511025	-5.70687418936446
-1.83413443198291	-7.89501792935073	-6.89707789730678
-0.839246204318303	-6.4789806973373	-8.61219195849546
-0.341802090486	-6.5644312199588	-8.82887006942855
-3.54619668879225	-6.39963378347448	-3.11894407568475
0.109864957656214	-6.14023041123064	-6.7505912870985
5.42915999084459	-5.13008316166934	-5.70687418936446
-5.37117570763714	-6.82383459220264	-3.84222171358816
-1.82497901884489	-5.54818036163882	-5.0263218127718
-0.674448767833982	-7.06797894254978	-9.78408484016175
-2.14847028305486	-6.79636835278859	-7.11680781261921
-7.76379034103914	-7.55931944762341	-3.76897840848402
-5.63363088426032	-8.30701152056153	-6.24399176012818
-4.19928282597086	-5.33455405508507	-5.59700923170825
-6.39963378347448	-4.84321355001144	-3.3325703822385
-5.48409246967269	-2.17593652246891	-2.66727702754253
-4.3579766536965	-1.50453955901427	-2.87174792095827
-2.52994583047227	0.506599526970321	-0.799572747386893
-4.43121995880064	0.173952849622339	-2.43228809033341
-6.12802319371328	0.485236896314946	4.19623102159152
-5.85030899519341	-2.07217517357137	-6.86655985351339
-9.24086366063935	-3.69573510337987	-7.27855344472419
-15.0728618295567	-6.5644312199588	-7.50743877317464
-3.63469901579309	-5.06904707408255	-10.7820248722057
-7.47997253376059	-5.99679560540169	-5.06904707408255
-10.5561913481346	-4.84321355001144	-7.94079499504082
-8.09948882276646	-4.97138933394369	-2.61234454871443
-5.65499351491569	-2.93278400854505	-4.16266117341878
-7.67833981841764	-5.53597314412146	-9.66811627374685
-5.00495918211643	-3.53093766689555	-5.84725719081407
-7.47081712062257	-2.905317769131	-3.06706340123598
-4.614328221561	-3.30815594720378	-3.49736781872282
-2.28885328450446	-0.683604180972	-1.64797436484321
-5.90524147402152	-0.210574502174411	-0.357061112382696
-5.38643472953384	2.31937132829786	-1.18715190356298
-3.39360646982528	1.68154421301595	-0.247196154726482
0.38452735179675	3.56450751506828	3.41802090486
-4.62653543907836	0.103761348897536	-2.94804303044175
-2.734416723888	-0.292973220416571	-1.55642023346304
-1.11390859845884	-2.50858319981689	-0.81177996490425
0.607309071488518	-1.63576714732586	-0.192263675898375
-0.827038986800946	-2.3071641107805	-6.72922865644312
-3.04875257495994	-3.28679331654841	-4.26031891355764
-4.92866407263294	-3.90936140993362	-4.4281681544213
-3.46074616617075	-4.40985732814527	-9.32021057450218
-8.0170901045243	-6.17380025940337	-6.78110933089189
-5.87777523460746	-7.81567101548791	-8.24902723735408
-8.76173037308309	-8.43518730449378	-7.28465705348287
-6.54612039368276	-7.98962386511025	-8.16052491035325
-3.86358434424353	-5.43221179522393	-8.64881361104753
-5.80148012512398	-4.82795452811475	-7.48302433813993
-1.17494468604562	0.0274662394140536	-3.11589227130541
2.75883115892271	3.36919203479057	1.90432593270771
-1.38551918822004	2.92057679102769	-4.10467689021134
0.753795681696803	3.70794232089723	0.421149004348821
2.09964141298543	3.41802090486	1.53200579842832
-0.466926070038911	1.80056458381018	0.677500572213321
2.79545281147478	5.05989166094453	4.52582589456016
4.21149004348821	5.40169375143053	8.00793469138628
5.43221179522393	7.5898374914168	10.3578240634775
3.02738994430457	6.82688639658198	3.64690623331044
1.26955062180514	6.69260700389105	6.09140154116121
0.881971465629053	4.31525139238575	2.87479972533761
-2.07827878233005	2.11184863050278	-2.03860532539864
-2.95414663920043	0.442511635004196	-1.66628519111925
-3.97955291065843	-1.21766994735637	-3.07316700999466
-1.83413443198291	0.787365529869535	-2.06912336919203
-4.53498130769818	-0.604257267109178	-2.39871824216068
0.134279392690929	1.92568856336309	1.40383001449607
4.95307850766766	4.10467689021134	8.68848706797894
4.76081483176928	3.57976653696498	-1.95620660715648
4.13214312962539	3.46379797055009	5.39559014267186
5.85946440833143	4.77607385366598	3.49736781872282
4.63569085221637	6.43625543602655	6.28061341268025
4.25421530479896	7.88891432059205	6.26840619516289
8.52368963149462	10.8461127641718	12.2743572137026
6.41489280537118	12.143129625391	12.2285801480125
8.59388113221942	14.184786755169	10.6782635233082
7.9468986037995	14.6334019989319	8.75257495994507
6.67124437323568	12.7595941100175	8.92957961394675
7.74242771038376	12.2896162355993	8.62134737163348
7.03135728999771	10.8064393072404	5.35896849011978
7.41588464179446	9.3842984664683	6.10055695429923
8.71900511177233	7.89196612497139	3.60723277637903
0.970473792629892	3.30815594720378	1.55947203784237
5.19417105363546	2.55436026550698	-2.25833524071107
1.75173571374075	1.0406652933547	-2.49942778667887
2.09964141298543	-0.0488288700694285	-1.65102616922255
1.67238879987793	-0.738536659800107	-1.63271534294652
0.997940032043946	0.143434805828946	-2.36209658960861
1.79140917067216	0.80872816052491	1.66323338673991
3.30815594720378	3.66826886396582	4.5288776989395
4.38849469748989	2.84733348592355	5.97238117036698
7.55626764324407	3.93682764934768	5.1972228580148
4.12909132524605	2.79545281147478	7.15953307392996
3.86663614862287	1.14137483787289	3.52483405813687
4.44037537193866	0.173952849622339	-1.367208361944
2.64591439688716	-0.466926070038911	-0.921644922560464
0.0152590218966964	-1.37026016632334	-0.390630960555428
3.17692835889219	-1.64797436484321	-6.16769665064469
5.08430609597925	-0.72327763790341	-3.50041962310216
8.63355458915083	-1.76394293125811	-2.91447318226902
1.71816586556802	-2.28885328450446	0.286869611657893
4.98359655146105	-1.69680323491264	-4.8401617456321
4.9408712901503	-0.0976577401388571	-0.219729915312428
5.32234683756771	0.363164721141375	0.735484855420768
5.23384451056687	0.393682764934768	0.607309071488518
8.29785610742351	0.222781719691768	1.50453955901427
12.0302128633555	3.247119859617	0.543221179522393
10.7911802853437	2.88090333409628	3.80560006103609
10.110627908751	4.5288776989395	3.88799877927825
8.28564888990616	4.61127641718166	6.62546730754559
7.05271992065309	6.21652552071412	3.63164721141375
7.63866636148623	6.55832761120012	6.96421759365225
5.85641260395209	6.60715648126955	9.51552605477989
6.05783169298848	5.47188525215534	6.05783169298848
7.23582818341344	5.70687418936446	10.415808346685
8.09033340962844	7.21751735713741	7.25413900968948
8.9570458533608	5.31319142442969	7.15037766079194
11.2367437247272	8.04760814831769	13.6079957274739
7.57152666514076	4.41290913252461	2.14236667429618
13.2661936369879	5.41695277332723	6.18295567254139
10.766765850309	3.12809948882277	4.03143358510719
8.0018310826276	4.07110704203861	4.95918211642634
12.4544136720836	3.85748073548486	6.72922865644312
14.4716563668269	8.07507438773175	11.7708094911116
17.080949111162	10.7972838941024	16.0280766002899
18.0300602731365	13.9528496223392	18.115510795758
20.193789578088	15.3383688105592	21.6433966582742
20.9231708247501	17.9293507286183	24.591439688716
20.2548256656748	16.8093385214008	23.5172045471885
24.5059891660945	19.824521248188	27.4113069352255
27.2404058899825	22.037079423209	32.2362096589609
30.9056229495689	22.7542534523537	28.738841840238
32.8709849698634	24.8386358434424	27.9819943541619
30.960555428397	25.1255054551003	25.1102464332036
24.7287708857862	26.5812161440452	23.9597161821927
26.2943465323873	27.4479285877775	22.4948500801099
25.6412603952087	30.6279087510491	29.8741130693523
23.3707179369802	30.1152056153201	24.429694056611
22.6077668421454	29.6574349584192	26.2638284885939
22.3422598611429	28.4733348592355	27.1580071717403
21.3656824597543	26.0288395513848	23.3524071107042
15.7686732280461	20.9079118028534	20.4074158846418
14.9019607843137	19.0646219577325	17.7126726176852
7.88586251621271	13.3241779201953	15.7381551842527
6.76890211337453	10.0495918211643	13.870450904097
0.952162966353857	6.79942015716793	7.5745784695201
0.59510185397116	2.24002441443503	3.29900053406577
-3.94903486686503	-1.47402151522087	2.46585793850614
-0.787365529869535	-4.11078049897002	-1.97756923781186
-2.75577935454337	-6.73228046082246	-6.17074845502403
-4.70283054856184	-9.43007553215839	-4.67536430914778
-7.28160524910353	-12.0973525597009	-9.15541313801785
-3.76287479972534	-10.8857862211032	-6.89707789730678
-9.50942244602121	-10.4219119554437	-9.76272220950637
-3.17998016327153	-9.94583047226673	-12.5154497596704
-2.19729915312428	-5.53597314412146	-5.75265125505455
-4.44037537193866	-2.34988937209125	-4.73029678797589
-1.42519264515145	-0.616464484626535	-1.55031662470436
-0.460822461280232	1.69985503929198	0.161745632104982
-2.26749065384909	2.19119554436561	1.30617227435721
-3.51567864499886	0.21362630655375	-0.0152590218966964
-1.06507972838941	1.49843595025559	0.253299763485161
-2.56961928740368	0.12817578393225	1.20851453421836
-3.52178225375753	0.582894636453803	-2.52994583047227
-5.01411459525444	0.164797436484321	-1.21766994735637
-4.21759365224689	0.366216525520714	-1.66323338673991
-2.90836957351034	0.341802090486	-3.94903486686503
-3.69878690775921	1.14137483787289	-4.60212100404364
-6.82688639658198	-1.23903257801175	-5.14229037918669
-3.18608377203021	-1.6937514305333	-1.33363851377127
-8.14221408407721	-3.83306630045014	-4.2572671091783
-8.6152437628748	-5.20332646677348	-11.4930952925917
-7.73022049286641	-5.99679560540169	-4.47394522011139
-8.76478217746243	-9.20119020370794	-8.21240558480201
-9.53688868543526	-10.1716639963378	-7.64782177462425
-11.3832303349355	-12.4269474326696	-9.37819485770962
-7.55626764324407	-13.492027161059	-8.2887006942855
-12.0576791027695	-14.8805981536584	-11.5144579232471
-15.066758220798	-14.4411383230335	-8.50232700083925
-15.1491569390402	-16.3546196688792	-15.2346074616617
-13.0403601129168	-15.5580987258717	-16.8398565651942
-9.77187762264439	-15.6740672922866	-11.7219806210422
-12.5429159990845	-12.8145265888457	-13.1471732661936
-7.49523155565728	-10.3822384985122	-13.321126115816
-5.10261692225528	-6.3782711528191	-9.79324025329976
-8.38025482566568	-5.62142366674296	-8.29175249866484
-4.82795452811475	-2.56046387426566	-6.70176241702907
-3.16472114137484	-2.33768215457389	-0.888075074387732
-3.01213092240787	-2.26749065384909	-9.73220416571298
-3.19218738078889	-2.74052033264668	-6.54306858930343
-0.250247959105821	-2.17898832684825	-5.58785381857023
-5.3681239032578	-2.2919050888838	-9.29274433508812
-5.95407034409094	-4.48920424200809	-12.0119020370794
-5.3681239032578	-5.87167162584878	-8.83497367818723
-5.74959945067521	-5.18196383611811	-8.34058136873426
-7.48302433813993	-8.15136949721523	-8.77698939497978
-7.57763027389944	-10.2296482795453	-15.0759136339361
-8.58472571908141	-9.8970016021973	-13.4035248340581
-9.40871290150301	-10.6752117189288	-11.4229037918669
-8.75257495994507	-10.0587472343023	-11.9233997100786
-10.7087815671015	-11.8989852750439	-12.835889219501
-10.2906843671321	-10.1350423437858	-10.6996261539635
-8.85023270008393	-11.9050888838025	-11.7769130998703
-8.4596017395285	-9.93057145037003	-9.37514305333028
-10.5165178912032	-9.76272220950637	-7.89501792935073
-4.91950865949493	-5.4535744258793	-1.12306401159686
-5.24299992370489	-6.3935301747158	-8.46875715266651
-5.75570305943389	-1.51674677653162	-5.6244754711223
0.167849240863661	0.479133287556268	-3.03044174868391
2.53910124361028	3.14946211947814	-4.62043183031968
-0.689707789730678	2.40482185091936	-5.06294346532387
8.32837415121691	6.3935301747158	-0.878919661249714
6.72312504768444	5.33760585946441	2.77409018081941
8.39856565194171	6.79026474402991	2.37430380712596
5.98764019226368	5.51155870908675	5.7251850156405
7.54711223010605	5.50240329594873	1.56252384222171
4.77302204928664	4.20233463035019	3.57976653696498
1.4679179064622	1.6937514305333	-0.149538414587625
-2.38040741588464	-1.48622873273823	-3.10063324940871
-7.09849698634318	-5.20637827115282	-5.65804531929503
-7.65697718776226	-7.25719081406882	-4.77302204928664
-10.4951552605478	-11.2367437247272	-6.13412680247196
-9.99160753795682	-10.9895475700008	-7.00083924620432
-8.02319371328298	-10.1045242999924	-4.80354009308003
-4.64789806973373	-8.26733806363012	-2.81071183337148
-1.65712977798123	-5.37422751201648	0.418097199969482
-1.86160067139696	-4.19928282597086	-3.61943999389639
-4.43121995880064	-1.81887541008621	3.23491264209964
-0.72327763790341	1.59914549477379	0.622568093385214
-0.155642023346304	2.61234454871443	0.729381246662089
0.564583810177768	3.99481193255512	1.56252384222171
-0.781261921110857	2.08133058670939	3.21049820706493
1.80056458381018	1.88906691081102	0.698863202868696
2.74052033264668	-0.170901045243	1.84634164950027
1.13221942473487	-2.12710765239948	-1.17799649042496
1.98367284657053	-1.25429159990845	-3.11284046692607
-0.161745632104982	-0.424200808728161	-1.62050812542916
4.63263904783703	1.36415655756466	-0.677500572213321
5.09956511787594	0.820935378042267	-3.67742427710384
2.98466468299382	-0.140383001449607	-1.20241092545968
5.84420538643473	0.231937132829786	1.32448310063325
3.39665827420462	-1.73952849622339	-2.85954070344091
2.12405584802014	-4.17486839093614	-2.94193942168307
3.05790798809796	-3.28984512092775	-1.25429159990845
-0.393682764934768	-5.8655680170901	-5.6946669718471
-2.30106050202182	-3.59807736324102	-1.41603723201343
-0.46997787441825	-3.54009308003357	0.311284046692607
2.59403372243839	-1.64187075608453	-2.5787747005417
-1.3519493400473	-2.69779507133593	-0.0244144350347143
-3.30205233844511	-4.38849469748989	1.51369497215228
-2.61844815747311	-5.17586022735943	-5.67940794995041
-3.05485618371862	-5.18501564049744	-2.30411230640116
-3.04875257495994	-5.56038757915618	-3.18608377203021
0.0488288700694285	-4.57770656900893	-3.76592660410468
1.57778286411841	-1.39772640573739	1.14747844663157
3.20439459830625	3.07011520561532	3.62859540703441
6.48508430609598	6.45456626230259	10.406652933547
7.44945448996719	9.66201266498817	6.93980315861753
3.94293125810636	10.1136797131304	10.6904707408255
8.01098649576562	9.26222629129473	9.07301441977569
6.64377813382162	5.74044403753719	6.92454413672084
9.55214770733196	5.52681773098344	4.33051041428244
-1.14747844663157	4.64179446097505	3.05485618371862
5.27962157625696	5.41084916456855	2.75577935454337
5.24910353246357	6.96726939803159	5.78927290760662
6.58884565499351	6.98863202868696	6.19821469443809
4.81574731059739	6.62546730754559	1.92568856336309
7.90417334248875	3.69573510337987	3.69573510337987
6.63157091630427	1.35500114442664	1.75478751812009
3.60418097199969	2.02029449912261	5.85030899519341
-0.146486610208286	2.05691615167468	5.13618677042802
1.38551918822004	0.756847486076142	3.54924849317159
0.262455176623178	1.91958495460441	4.64179446097505
0.189211871519036	0.634775310902571	2.29800869764248
4.82185091935607	3.59197375448234	3.92462043183032
1.02235446707866	2.20950637064164	-1.24818799114977
5.82894636453803	5.79842832074464	4.42511635004196
3.81780727855344	4.99275196459907	-2.75883115892271
3.65300984206912	6.37216754406043	-0.119020370794232
2.29495689326314	5.45967803463798	-1.20851453421836
1.44960708018616	6.58274204623484	5.45052262149996
1.55031662470436	8.26428625925078	2.61539635309377
2.44144350347143	10.6324864576181	8.10864423590448
4.71198596169986	11.2550545510033	9.6253910124361
6.40268558785382	14.4716563668269	8.81055924315251
3.87273975738155	12.9488059815366	6.70786602578775
3.69878690775921	11.773861295491	3.1464103150988
0.262455176623178	11.5297169451438	4.61127641718166
1.40077821011673	12.997634851606	5.95712214847028
1.05592431525139	11.3038834210727	6.47287708857862
3.53398947127489	10.5500877393759	0.729381246662089
1.54726482032502	11.9172961013199	6.90012970168612
3.91851682307164	12.5856412603952	8.07507438773175
5.07209887846189	11.8257419699397	8.02624551766232
4.19012741283284	9.64675364309148	8.0018310826276
1.196307316701	8.76173037308309	11.8318455786984
5.2124818799115	5.49019607843137	8.69459067673762
-1.86160067139696	3.44243533989471	10.064850843061
-2.79240100709545	1.196307316701	6.2226291294728
-5.85030899519341	0.04272526131075	6.50339513237201
-9.84817273212787	-2.36820019836728	5.37117570763714
-8.74647135118639	-2.88700694285496	3.07011520561532
-8.42298008697643	-5.22774090180819	1.02845807583734
-6.46066987106127	-6.70176241702907	-2.69169146257725
-7.98962386511025	-9.20729381246662	-4.272526131075
-7.20531013962005	-9.34767681391623	-7.32738231479362
-8.5145342183566	-10.8247501335164	-4.69672693980316
-6.32028686961166	-9.48195620660716	-9.5399404898146
-4.77607385366598	-7.25413900968948	-8.82887006942855
-5.19417105363546	-5.83504997329671	-6.63767452506294
-3.92156862745098	-5.50850690470741	-4.67231250476844
-3.49736781872282	-6.17990386816205	-4.30304417486839
-2.3071641107805	-6.07919432364385	-3.81475547417411
-0.567635614557107	-5.36507209887846	0.271610589761196
-4.75776302738994	-2.55741206988632	-2.65812161440452
-2.24917982757305	-1.41603723201343	-1.25734340428779
-1.22377355611505	3.86358434424353	-0.308232242313268
-3.35088120851453	2.63981078812848	-0.866712443732357
-1.49538414587625	3.08537422751202	1.07728694590677
-0.857557030594339	3.47295338368811	0.164797436484321
3.08232242313268	6.44846265354391	3.8452735179675
2.34683756771191	4.77302204928664	5.26436255436027
0.399786373693446	7.10765239948119	5.52071412222477
-0.668345159075303	5.43221179522393	9.69863431754024
1.55031662470436	4.83710994125277	8.54200045777066
1.72121766994736	2.43228809033341	5.80453192950332
-3.45464255741207	0.271610589761196	1.23903257801175
-2.85343709468223	0.0274662394140536	1.89822232394903
0.4272526131075	-0.0244144350347143	2.09353780422675
-12.9671168078126	-3.24101625085832	0.701915007248035
-9.45754177157244	-3.36003662165255	-4.61127641718166
-11.2458991378653	-4.38239108873121	-1.12306401159686
-9.08522163729305	-5.12092774853132	-5.40474555580987
-10.8094911116197	-5.47798886091402	-4.46784161135271
-6.20431830319677	-4.94697489890898	-3.03654535744259
-2.79240100709545	-4.03448538948653	-2.37430380712596
-5.47798886091402	-6.10971236743725	-3.22270542458228
-5.8808270389868	-3.80560006103609	-2.69779507133593
-3.77508201724269	-4.3274586099031	-1.57473105973907
-5.34370946822309	-3.11894407568475	0.378423743038071
-4.62958724345769	-3.15556572823682	-1.80056458381018
-5.31929503318837	-1.01319905394064	3.03044174868391
-2.68253604943923	-0.833142595559625	2.63065537499046
-0.527962157625696	-0.0732433051041428	-0.402838178072786
0.930800335698482	0.616464484626535	1.95925841153582
3.08537422751202	3.6743724727245	7.52269779507134
6.10360875867857	3.20744640268559	4.03143358510719
6.19821469443809	3.54619668879225	1.01625085831998
1.99893186846723	1.48317692835889	3.77508201724269
1.97451743343252	1.44655527580682	2.40482185091936
1.87380788891432	2.01113908598459	4.28168154421302
-1.62050812542916	1.77004654001678	6.87876707103075
-3.04875257495994	1.47402151522087	6.34164950026703
5.79842832074464	1.97451743343252	5.32234683756771
2.87174792095827	2.37125200274662	3.95819028000305
-2.79545281147478	1.68154421301595	6.01205462729839
-2.95719844357977	1.3519493400473	2.89311055161364
-5.42305638208591	-0.76600289921416	-5.31013962005035
-7.89806973373007	-1.19325551232166	-1.60219729915312
-6.86350804913405	-3.11894407568475	-5.28877698939498
-4.64179446097505	-2.905317769131	-4.73334859235523
-3.30815594720378	-2.32852674143587	-0.0305180437933928
-1.90127412832837	1.01625085831998	1.44655527580682
-1.08949416342412	2.9907682917525	7.94079499504082
-0.164797436484321	4.42206454566262	4.48920424200809
1.40688181887541	4.62653543907836	3.99786373693446
4.70283054856184	3.98870832379644	3.6591134508278
0.991836423285267	1.84939345387961	1.27870603494316
4.69672693980316	2.4628061341268	-1.34584573128862
2.20950637064164	-0.411993591210803	-3.63469901579309
1.84023804074159	-1.57167925535973	-4.51972228580148
-2.02944991226062	-1.25734340428779	-3.11284046692607
-0.238040741588464	-1.28480964370184	0.952162966353857
0.323491264209964	-1.44045166704814	-5.22774090180819
-2.40177004654002	-3.57976653696498	-1.42214084077211
-2.34683756771191	-6.07614251926451	-1.97451743343252
-2.00503547722591	-6.39047837033646	0.216678110933089
-1.55947203784237	-7.61425192645151	-3.95513847562371
-6.27756160830091	-9.5551995117113	-2.52079041733425
-1.39162279697871	-6.26535439078355	-1.12916762035554
-0.12817578393225	-5.48409246967269	-2.01113908598459
-0.143434805828946	-4.58991378652628	-0.845349813076982
2.42923628595407	-4.12298771648737	0.122072175173571
2.35294117647059	-1.90127412832837	2.32852674143587
1.18715190356298	-2.38651102464332	3.2318608377203
5.297932402533	0.799572747386893	5.28877698939498
5.61532005798428	1.12001220721752	2.10879682612345
3.99481193255512	1.01930266269932	-1.59914549477379
1.90737773708705	-0.543221179522393	-3.97039749752041
-0.320439459830625	0.12817578393225	-3.80865186541543
-4.16266117341878	-0.5981536583505	-5.2124818799115
-4.77912565804532	-2.44144350347143	-5.5390249485008
-2.52689402609293	-0.546272983901732	-4.95918211642634
1.83108262760357	-0.918593118181125	-0.601205462729839
2.31631952391852	-1.17494468604562	-2.36820019836728
2.43839169909209	-1.91958495460441	-4.40985732814527
0.915541313801785	-3.23491264209964	-4.15045395590143
2.78324559395743	-2.45670252536812	-1.79140917067216
6.63767452506294	-0.787365529869535	-0.738536659800107
1.27260242618448	-3.36308842603189	0.338750286106661
5.4535744258793	-0.616464484626535	2.8198672465095
4.73945220111391	1.06202792401007	4.63874265659571
4.05279621576257	2.10574502174411	6.09140154116121
3.54924849317159	2.98161287861448	5.78316929884794
5.96932936598764	4.28168154421302	4.74250400549325
5.84725719081407	4.39459830624857	5.96932936598764
1.06202792401007	1.367208361944	-0.112916762035554
1.05287251087205	2.23086900129702	2.23086900129702
0.292973220416571	1.20546272983902	3.07011520561532
-2.71000228885328	0.631723506523232	6.51255054551003
-1.28786144808118	1.13221942473487	-1.30617227435721
0.839246204318303	3.39971007858396	5.07209887846189
5.55123216601816	4.56244754711223	4.16876478217746
2.60929274433509	4.91035324635691	7.22056916151675
1.05897611963073	2.84733348592355	4.75165941863127
3.59502555886168	4.73029678797589	7.06492713817044
5.17280842298009	2.91752498664836	7.00083924620432
3.0914778362707	2.95414663920043	5.77706569008927
3.54009308003357	3.4027618829633	8.33447775997559
0.143434805828946	3.03959716182193	1.71511406118868
0.21362630655375	3.09758144502937	6.27450980392157
-0.592050049591821	2.26749065384909	4.93476768139162
-0.381475547417411	2.15762569619287	4.24505989166094
-5.51155870908675	0.231937132829786	0.796520943007553
-5.25215533684291	-0.399786373693446	2.17593652246891
-4.45563439383536	-2.49027237354086	-1.13221942473487
-7.67833981841764	-2.87479972533761	-2.63065537499046
-13.3607995727474	-7.48302433813993	-9.20729381246662
-13.6263065537499	-9.10353246356908	-10.7728694590677
-12.8480964370184	-13.9375906004425	-15.6740672922866
-10.586709391928	-12.628366521706	-10.5317769130999
-13.7697413595789	-15.0942244602121	-10.8247501335164
-12.1461814297704	-13.9162279697871	-10.2204928664073
-13.8643472953384	-15.0087739375906	-7.94079499504082
-10.6691081101701	-12.3018234531167	-1.64797436484321
-12.7473868925002	-13.1563286793317	-7.95605401693751
-8.90821698329137	-11.2855725947967	-5.17280842298009
-2.51468680857557	-9.02113374532692	-2.6642252231632
-4.21454184786755	-7.59899290455482	-1.00404364080262
-2.34378576333257	-5.18196383611811	-2.20035095750362
-4.3274586099031	-4.08941786831464	1.67544060425727
-3.83306630045014	-3.2318608377203	4.67231250476844
-6.39047837033646	-3.55840390630961	3.75066758220798
-4.5288776989395	-3.77508201724269	-0.283817807278553
-2.93888761730373	-1.65407797360189	0.500495918211643
-1.76394293125811	-2.57572289616236	-1.34889753566796
-4.3579766536965	-2.17898832684825	-1.75173571374075
6.01205462729839	1.41298542763409	-1.18715190356298
-0.540169375143053	3.04875257495994	-3.62554360265507
2.38345922026398	4.81269550621805	-2.27359426260777
-0.109864957656214	3.18303196765087	-5.93881132219425
-0.515754940108339	4.06805523765927	-7.5043869687953
1.17494468604562	4.05889982452125	-4.09552147707332
5.85030899519341	7.98657206073091	-0.854505226215
3.18913557640955	5.45662623025864	0.00915541313801785
7.86755168993667	5.46272983901732	0.958266575112535
8.11169604028382	5.86861982146944	3.17998016327153
1.51979858091096	3.27763790341039	2.76493476768139
0.12817578393225	2.6337071793698	-1.27870603494316
1.59914549477379	0.830090791180285	0.109864957656214
3.51262684061952	6.3782711528191	9.21034561684596
6.16769665064469	5.56649118791485	7.83398184176394
10.9010452429999	10.0465400167849	8.70679789425498
11.7372396429389	9.49721522850385	10.6477454795148
14.6242465857939	14.5204852368963	18.619058518349
15.7686732280461	17.3952849622339	20.2151522087434
15.8632791638056	17.450217441062	18.3596551461051
17.6974135957885	17.3617151140612	24.7928587777523
20.4104676890211	15.8876935988403	19.510185397116
21.5976195925841	18.1612878614481	24.5426108186465
24.2618448157473	18.0422674906538	20.1358052948806
23.8132295719844	18.8967727168688	23.916990920882
29.1783016708629	20.2761882963302	19.81536583505
23.8742656595712	20.9872587167163	23.062485694667
24.1977569237812	17.6760509651331	18.7930113679713
28.1040665293355	16.595712214847	19.8916609445335
22.8061341268025	13.9101243610285	21.8600747692073
23.5019455252918	14.8195620660716	21.6372930495155
23.9566643778134	14.5662623025864	26.8772411688411
22.5162127107652	13.5133897917144	25.6565194171054
18.5549706263829	11.9661249713893	22.9037918669413
17.2854200045777	14.0657663843748	24.9301899748226
16.2569619287404	15.0637064164187	24.5273517967498
17.962920576791	16.9954985885405	27.0664530403601
23.6636911573968	20.7309071488518	28.2566567483024
28.6808575570306	25.1529716945144	27.9270618753338
25.4245822842756	25.995269703212	30.2922102693217
29.7001602197299	26.7185473411154	26.9230182345312
29.4865339131762	26.0196841382467	25.9464408331426
28.0064087891966	24.0939955748836	23.0685893034257
30.2983138780804	24.8386358434424	26.3920042725261
34.6349279011215	25.1926451514458	27.362478065156
32.983901731899	25.4001678492409	23.8254367895018
27.0054169527733	23.944457160296	24.780651560235
27.1061264972915	24.5090409704738	22.9526207370108
25.3299763485161	23.1967650873579	22.6657511253529
25.3971160448615	23.260852979324	23.8315403982605
22.2842755779355	21.7380025940337	28.7907225146868
23.3981841763943	21.1367971313039	21.020828564889
25.5893797207599	20.7309071488518	24.2221713588159
25.5741206988632	21.4969100480659	23.8773174639506
25.9006637674525	20.706492713817	21.6708628976883
31.7479209582666	20.7614251926452	25.2018005645838
23.9627679865721	19.5925841153582	21.1429007400626
25.3177691309987	19.2202639810788	21.5274280918593
25.3574425879301	19.4338902876326	22.1408407721065
20.2731364919509	18.268101014725	20.5477988860914
19.7726405737392	19.635309376669	22.226291294728
22.9251544975967	20.355535210193	22.037079423209
19.49187457084	20.2822919050889	21.4114595254444
13.7087052719921	17.4166475928893	17.972075989929
15.2773327229725	16.8947890440223	18.4298466468299
10.6721599145495	14.0627145799954	14.2885481040665
11.3496604867628	12.2407873655299	12.295719844358
8.02319371328298	6.86045624475471	9.19508659494926
8.90211337453269	6.08529793240253	-1.96841382467384
4.33661402304112	2.00198367284657	-2.61539635309377
4.21149004348821	0.994888227664607	-4.15350576028077
-0.021362630655375	-1.79751277943084	-6.99473563744564
-0.445563439383536	-2.90226596475166	-3.95513847562371
-3.82391088731212	-3.91241321431296	-4.04364080262455
-3.90630960555428	-4.81879911497673	-6.79942015716793
-1.19935912108034	-6.26535439078355	-6.27756160830091
-2.68863965819791	-7.35790035858701	-7.60204470893416
-1.82192721446555	-6.44846265354391	-8.81055924315251
-4.56549935149157	-8.56031128404669	-9.46364538033112
-6.77500572213321	-9.21034561684596	-7.177843900206
-11.1879148546578	-9.75967040512703	-8.77698939497978
-10.4219119554437	-7.42198825055314	-5.64583810177768
-11.5907530327306	-9.18287937743191	-6.72617685206378
-9.8268101014725	-11.0261692225528	-9.24696726939803
-15.0606546120394	-12.4513618677043	-7.96826123445487
-10.8064393072404	-11.1024643320363	-9.50331883726253
-10.5470359349966	-11.261158159762	-11.3466086823835
-13.9833676661326	-12.637521934844	-15.6343938353552
-13.7178606851301	-12.4696726939803	-13.5561150530251
-10.1350423437858	-11.2123292896925	-16.5743495841917
-11.306935225452	-11.6151674677653	-15.4970626382849
