-1.83150183150183	0.610500610500611	-0.0244200244200244
-1.51404151404151	1.14774114774115	4.71306471306471
-3.51648351648352	-0.317460317460317	2.02686202686203
-3.1990231990232	-0.488400488400488	-0.0976800976800977
-1.83150183150183	1.14774114774115	-0.586080586080586
-1.73382173382173	0.463980463980464	-1.29426129426129
-0.732600732600733	0.854700854700855	-3.41880341880342
-0.512820512820513	0.390720390720391	0
0.781440781440781	1.39194139194139	1.78266178266178
3.12576312576313	2.61294261294261	4.32234432234432
5.61660561660562	1.88034188034188	3.61416361416361
4.22466422466422	2.41758241758242	-0.781440781440781
5.47008547008547	2.63736263736264	0.952380952380952
6.32478632478632	3.1990231990232	3.27228327228327
5.32356532356532	3.27228327228327	4.37118437118437
6.3980463980464	4.78632478632479	6.4957264957265
6.37362637362637	5.07936507936508	2.12454212454212
4.68864468864469	3.90720390720391	-1.14774114774115
4.34676434676435	4.24908424908425	1.53846153846154
1.66056166056166	3.61416361416361	-2.46642246642247
1.29426129426129	3.46764346764347	-3.51648351648352
0.390720390720391	3.12576312576313	1.58730158730159
1.0989010989011	2.88156288156288	3.51648351648352
1.07448107448107	2.78388278388278	4.76190476190476
-0.512820512820513	2.49084249084249	4.61538461538461
-1.88034188034188	2.88156288156288	9.08424908424908
0.122100122100122	1.88034188034188	7.05738705738706
2.56410256410256	2.49084249084249	5.2014652014652
1.58730158730159	2.27106227106227	4.12698412698413
2.78388278388278	1.05006105006105	1.34310134310134
3.07692307692308	2.05128205128205	0.659340659340659
4.76190476190476	3.2967032967033	1.61172161172161
3.44322344322344	3.12576312576313	2.73504273504274
4.34676434676435	2.22222222222222	-0.415140415140415
4.1025641025641	1.9047619047619	-1.66056166056166
6.61782661782662	2.31990231990232	0.293040293040293
2.49084249084249	2.66178266178266	2.44200244200244
4.56654456654457	3.46764346764347	4.78632478632479
4.54212454212454	5.51892551892552	4.54212454212454
4.81074481074481	5.49450549450549	5.66544566544567
4.73748473748474	5.15262515262515	6.12942612942613
4.12698412698413	5.2014652014652	4.2979242979243
1.56288156288156	4.34676434676435	5.12820512820513
1.53846153846154	3.61416361416361	5.17704517704518
1.31868131868132	2.78388278388278	4.02930402930403
1.41636141636142	1.66056166056166	0.805860805860806
-1.88034188034188	-0.537240537240537	1.63614163614164
-0.879120879120879	-1.75824175824176	-0.244200244200244
0.21978021978022	-1.53846153846154	2.63736263736264
-1.41636141636142	-1.1965811965812	2.83272283272283
-0.0488400488400488	0.927960927960928	3.1013431013431
1.26984126984127	1.24542124542125	1.61172161172161
0.488400488400488	1.83150183150183	1.22100122100122
5.93406593406593	2.71062271062271	3.78510378510378
-0.463980463980464	3.1013431013431	3.41880341880342
2.1001221001221	3.2967032967033	2.90598290598291
2.1978021978022	1.88034188034188	3.15018315018315
0.83028083028083	1.0989010989011	-1.12332112332112
0.610500610500611	1.001221001221	-2.07570207570208
0.341880341880342	0.512820512820513	-1.05006105006105
4.78632478632479	1.05006105006105	0
5.17704517704518	4.3956043956044	3.85836385836386
6.25152625152625	4.88400488400488	0.732600732600733
7.05738705738706	5.00610500610501	1.46520146520147
3.66300366300366	5.12820512820513	3.51648351648352
0.805860805860806	5.51892551892552	2.53968253968254
0.341880341880342	4.88400488400488	5.42124542124542
-2.39316239316239	3.49206349206349	7.76556776556777
-2.78388278388278	1.48962148962149	1.66056166056166
-2.07570207570208	0.976800976800977	-0.952380952380952
-3.76068376068376	0.366300366300366	-3.32112332112332
-2.44200244200244	1.78266178266178	-3.93162393162393
-0.195360195360195	0.781440781440781	-4.76190476190476
-0.195360195360195	0.879120879120879	-4.2979242979243
0.366300366300366	1.66056166056166	0.757020757020757
2.49084249084249	1.02564102564103	0.0488400488400488
1.95360195360195	0.781440781440781	0.927960927960928
2.53968253968254	1.29426129426129	3.34554334554335
3.98046398046398	2.31990231990232	1.58730158730159
2.78388278388278	2.90598290598291	-1.07448107448107
6.32478632478632	3.78510378510378	2.83272283272283
6.37362637362637	3.68742368742369	1.83150183150183
5.12820512820513	3.51648351648352	1.70940170940171
4.61538461538461	3.71184371184371	2.24664224664225
4.05372405372405	3.90720390720391	4.02930402930403
2.66178266178266	2.56410256410256	2.88156288156288
0.708180708180708	1.75824175824176	2.88156288156288
1.83150183150183	1.34310134310134	-0.610500610500611
0.952380952380952	0.83028083028083	0.659340659340659
0.512820512820513	0.195360195360195	0
-0.952380952380952	1.29426129426129	1.63614163614164
-0.0976800976800977	2.61294261294261	3.68742368742369
-4.81074481074481	1.83150183150183	6.69108669108669
-2.22222222222222	0.976800976800977	1.80708180708181
-3.05250305250305	0.170940170940171	0.512820512820513
-4.12698412698413	0.0976800976800977	-1.85592185592186
-1.51404151404151	-0.170940170940171	-5.42124542124542
0.0732600732600733	2.78388278388278	-3.76068376068376
-0.976800976800977	2.56410256410256	-0.195360195360195
-1.29426129426129	3.1013431013431	-0.170940170940171
0.586080586080586	2.75946275946276	1.05006105006105
0.317460317460317	0.610500610500611	-0.0244200244200244
-0.146520146520147	-1.17216117216117	-1.07448107448107
2.34432234432234	-0.634920634920635	-2.44200244200244
2.63736263736264	-1.46520146520147	-1.44078144078144
5.42124542124542	0.586080586080586	3.1990231990232
7.05738705738706	1.66056166056166	3.27228327228327
6.12942612942613	3.24786324786325	3.22344322344322
7.83882783882784	6.00732600732601	3.63858363858364
9.25518925518926	7.10622710622711	2.66178266178266
6.71550671550672	6.3003663003663	-0.170940170940171
3.76068376068376	3.78510378510378	-3.90720390720391
2.02686202686203	1.44078144078144	-2.44200244200244
-1.41636141636142	-0.586080586080586	0.561660561660562
-4.2002442002442	-1.34310134310134	2.41758241758242
-5.73870573870574	-2.61294261294261	-0.537240537240537
-9.4993894993895	-3.32112332112332	1.83150183150183
-6.17826617826618	-4.32234432234432	-1.97802197802198
-5.98290598290598	-5.59218559218559	-2.56410256410256
-5.90964590964591	-5.76312576312576	-4.63980463980464
-5.66544566544567	-6.1050061050061	-4.61538461538461
-3.1013431013431	-5.07936507936508	-1.88034188034188
-2.75946275946276	-4.49328449328449	-0.122100122100122
-2.73504273504274	-3.56532356532357	-1.53846153846154
-1.83150183150183	-2.27106227106227	-0.634920634920635
0.708180708180708	-1.51404151404151	-0.293040293040293
-0.463980463980464	-0.341880341880342	-1.12332112332112
1.22100122100122	1.73382173382173	-0.0976800976800977
1.92918192918193	2.95482295482295	0.146520146520147
1.001221001221	3.68742368742369	2.34432234432234
5.3968253968254	5.59218559218559	-1.24542124542125
6.03174603174603	6.69108669108669	0.732600732600733
7.76556776556777	5.86080586080586	0.537240537240537
6.56898656898657	6.00732600732601	-0.732600732600733
5.68986568986569	4.93284493284493	-0.244200244200244
4.59096459096459	4.76190476190476	-4.54212454212454
2.31990231990232	5.59218559218559	-1.85592185592186
-0.195360195360195	5.49450549450549	-0.390720390720391
-0.805860805860806	4.42002442002442	-1.12332112332112
-2.58852258852259	3.66300366300366	-2.05128205128205
-1.73382173382173	2.95482295482295	-2.05128205128205
-3.22344322344322	2.24664224664225	-1.78266178266178
-4.37118437118437	1.63614163614164	-3.71184371184371
-5.76312576312576	0.415140415140415	-4.68864468864469
-6.32478632478632	-0.610500610500611	-1.88034188034188
-6.32478632478632	-1.80708180708181	0.708180708180708
-5.86080586080586	-1.83150183150183	2.83272283272283
-5.49450549450549	-2.88156288156288	2.02686202686203
-2.71062271062271	-2.95482295482295	-2.63736263736264
-2.71062271062271	-2.53968253968254	1.51404151404151
-0.293040293040293	-1.05006105006105	-3.90720390720391
-1.17216117216117	-0.610500610500611	-6.3980463980464
2.46642246642247	0.927960927960928	-4.42002442002442
2.90598290598291	1.95360195360195	-4.98168498168498
2.66178266178266	2.88156288156288	-2.17338217338217
2.51526251526252	2.90598290598291	-2.53968253968254
2.22222222222222	3.54090354090354	-0.463980463980464
2.49084249084249	4.42002442002442	2.49084249084249
1.9047619047619	4.59096459096459	2.63736263736264
0.805860805860806	4.66422466422466	1.34310134310134
1.61172161172161	3.98046398046398	0.43956043956044
1.41636141636142	3.80952380952381	0.0976800976800977
-2.51526251526252	1.97802197802198	-1.53846153846154
-3.15018315018315	3.27228327228327	0.586080586080586
-1.0989010989011	3.07692307692308	-0.732600732600733
-2.2954822954823	2.02686202686203	-0.659340659340659
-0.976800976800977	2.44200244200244	0.488400488400488
-0.341880341880342	2.53968253968254	-1.53846153846154
-0.146520146520147	1.83150183150183	-3.46764346764347
2.27106227106227	2.2954822954823	0.634920634920635
2.97924297924298	2.49084249084249	1.58730158730159
2.44200244200244	1.46520146520147	1.34310134310134
1.68498168498168	-0.21978021978022	1.78266178266178
1.51404151404151	-0.512820512820513	-1.48962148962149
-0.805860805860806	-0.0488400488400488	-1.78266178266178
-2.46642246642247	-0.390720390720391	-1.61172161172161
-0.732600732600733	0.0732600732600733	-2.12454212454212
1.95360195360195	1.9047619047619	-1.58730158730159
-0.122100122100122	2.17338217338217	-1.17216117216117
-1.66056166056166	1.22100122100122	-1.75824175824176
-0.83028083028083	0.83028083028083	1.1965811965812
-3.90720390720391	0.903540903540904	-0.512820512820513
-4.1025641025641	0.317460317460317	0.317460317460317
1.34310134310134	1.05006105006105	1.68498168498168
0.683760683760684	1.31868131868132	4.46886446886447
2.61294261294261	1.48962148962149	1.36752136752137
3.61416361416361	2.73504273504274	5.27472527472527
3.41880341880342	2.36874236874237	6.08058608058608
2.78388278388278	1.61172161172161	2.97924297924298
3.02808302808303	1.001221001221	2.39316239316239
3.66300366300366	0.146520146520147	-1.83150183150183
3.63858363858364	0.757020757020757	-2.53968253968254
3.54090354090354	-0.366300366300366	-3.54090354090354
5.64102564102564	0.512820512820513	-5.56776556776557
3.003663003663	0.781440781440781	-2.97924297924298
3.71184371184371	0.488400488400488	-0.854700854700855
2.07570207570208	1.001221001221	-1.0989010989011
1.56288156288156	-0.0244200244200244	-0.732600732600733
-0.610500610500611	0.0976800976800977	-1.73382173382173
-2.14896214896215	0.488400488400488	4.07814407814408
-0.415140415140415	1.97802197802198	4.2002442002442
0.415140415140415	3.02808302808303	1.26984126984127
1.39194139194139	3.51648351648352	1.58730158730159
0.903540903540904	3.58974358974359	-0.903540903540904
2.36874236874237	3.22344322344322	-3.63858363858364
0.366300366300366	2.44200244200244	-3.2967032967033
-2.63736263736264	0.146520146520147	-2.22222222222222
-0.195360195360195	-1.001221001221	-1.24542124542125
-0.244200244200244	-2.05128205128205	-5.2014652014652
-0.927960927960928	-1.73382173382173	-4.81074481074481
0.732600732600733	-1.80708180708181	-3.12576312576313
-0.854700854700855	-1.70940170940171	0.537240537240537
0.341880341880342	-0.415140415140415	5.64102564102564
2.66178266178266	0.561660561660562	5.78754578754579
3.17460317460317	1.56288156288156	6.4957264957265
5.93406593406593	3.73626373626374	2.56410256410256
6.3003663003663	4.76190476190476	0.170940170940171
5.51892551892552	5.71428571428571	1.12332112332112
1.02564102564103	4.02930402930403	-1.12332112332112
-2.27106227106227	3.93162393162393	-0.317460317460317
0.195360195360195	2.93040293040293	-3.22344322344322
-3.003663003663	1.17216117216117	-2.71062271062271
-5.88522588522589	-0.805860805860806	-5.71428571428571
-5.59218559218559	-1.61172161172161	-4.17582417582418
-7.69230769230769	-2.71062271062271	-1.9047619047619
-8.96214896214896	-3.34554334554335	-2.78388278388278
-7.71672771672772	-2.85714285714286	-5.2991452991453
-6.78876678876679	-2.002442002442	-3.85836385836386
-2.27106227106227	-0.268620268620269	-4.54212454212454
-4.24908424908425	-0.879120879120879	-3.003663003663
-1.9047619047619	-0.683760683760684	-2.44200244200244
-3.1990231990232	-0.561660561660562	-1.22100122100122
-2.95482295482295	-1.80708180708181	-2.95482295482295
-4.22466422466422	-2.24664224664225	-5.07936507936508
-4.3956043956044	-3.1990231990232	-6.93528693528694
-1.58730158730159	-1.95360195360195	-4.95726495726496
-0.293040293040293	-1.80708180708181	-2.90598290598291
-1.26984126984127	-0.952380952380952	-2.07570207570208
2.44200244200244	0.0488400488400488	-0.732600732600733
5.2014652014652	1.29426129426129	-2.24664224664225
6.17826617826618	2.93040293040293	-3.44322344322344
6.44688644688645	3.12576312576313	-3.39438339438339
7.98534798534799	3.12576312576313	-3.2967032967033
6.15384615384615	3.27228327228327	-2.51526251526252
-0.390720390720391	2.05128205128205	-2.71062271062271
-0.0976800976800977	0.83028083028083	-0.341880341880342
-1.58730158730159	-1.001221001221	-0.83028083028083
-4.17582417582418	-2.02686202686203	0.341880341880342
-3.95604395604396	-3.05250305250305	-3.46764346764347
-3.15018315018315	-3.17460317460317	-2.27106227106227
-3.78510378510378	-5.3968253968254	-3.17460317460317
-3.1990231990232	-5.3968253968254	0.537240537240537
-5.54334554334554	-6.37362637362637	-3.88278388278388
-5.25030525030525	-6.27594627594628	-3.76068376068376
-5.95848595848596	-6.22710622710623	-1.26984126984127
-5.3968253968254	-4.98168498168498	-1.78266178266178
-4.51770451770452	-4.27350427350427	-6.27594627594628
-2.41758241758242	-2.44200244200244	-3.36996336996337
-0.122100122100122	-0.659340659340659	-1.73382173382173
1.31868131868132	2.22222222222222	-2.1978021978022
-0.317460317460317	4.88400488400488	1.73382173382173
2.2954822954823	6.3980463980464	2.51526251526252
4.83516483516483	7.15506715506716	-0.512820512820513
4.44444444444444	5.83638583638584	-0.537240537240537
4.63980463980464	4.004884004884	-1.53846153846154
4.46886446886447	4.12698412698413	-1.29426129426129
5.56776556776557	2.93040293040293	-1.9047619047619
0.610500610500611	1.66056166056166	-1.83150183150183
0.146520146520147	0.927960927960928	-1.46520146520147
-2.17338217338217	0.976800976800977	-1.68498168498168
-2.83272283272283	-0.781440781440781	-0.781440781440781
-3.95604395604396	-2.44200244200244	2.39316239316239
-5.27472527472527	-4.15140415140415	0.561660561660562
-6.59340659340659	-4.15140415140415	-0.43956043956044
-7.86324786324786	-5.44566544566545	-4.59096459096459
-5.95848595848596	-5.03052503052503	-6.3980463980464
-7.93650793650794	-4.02930402930403	-3.95604395604396
-7.35042735042735	-3.36996336996337	-2.002442002442
-3.66300366300366	-2.44200244200244	-0.317460317460317
-4.73748473748474	-2.90598290598291	2.36874236874237
-3.17460317460317	-1.07448107448107	-1.17216117216117
-1.46520146520147	0.293040293040293	-0.610500610500611
1.44078144078144	1.51404151404151	-0.463980463980464
-1.1965811965812	2.1001221001221	0.976800976800977
2.27106227106227	2.75946275946276	0.122100122100122
3.90720390720391	4.02930402930403	1.46520146520147
1.56288156288156	3.46764346764347	3.1990231990232
0.83028083028083	1.88034188034188	2.88156288156288
0.903540903540904	-1.36752136752137	1.48962148962149
-1.34310134310134	-2.31990231990232	4.46886446886447
-3.05250305250305	-4.63980463980464	0.0976800976800977
-4.34676434676435	-5.64102564102564	-0.659340659340659
-5.05494505494505	-5.27472527472527	-0.854700854700855
-4.1025641025641	-5.3968253968254	-1.70940170940171
-4.42002442002442	-4.51770451770452	-3.83394383394383
-3.17460317460317	-3.58974358974359	2.51526251526252
-8.52258852258852	-6.37362637362637	1.78266178266178
-7.37484737484737	-6.95970695970696	-1.36752136752137
-8.62026862026862	-7.52136752136752	0.293040293040293
-10.7203907203907	-9.10866910866911	-2.39316239316239
-9.45054945054945	-9.86568986568987	-2.1978021978022
-6.32478632478632	-9.3040293040293	-3.83394383394383
-4.32234432234432	-9.98778998778999	-4.54212454212454
-3.76068376068376	-8.5958485958486	-1.92918192918193
-1.68498168498168	-7.32600732600733	-1.97802197802198
-2.85714285714286	-5.64102564102564	-1.66056166056166
-3.34554334554335	-4.59096459096459	-0.195360195360195
-3.07692307692308	-3.27228327228327	-2.56410256410256
-3.17460317460317	-1.73382173382173	0.0488400488400488
0	0.512820512820513	2.27106227106227
0.0976800976800977	0.122100122100122	2.71062271062271
0.976800976800977	0.43956043956044	0.293040293040293
0.610500610500611	0.683760683760684	0.43956043956044
-2.2954822954823	-0.683760683760684	-2.34432234432234
-3.85836385836386	-2.73504273504274	-5.07936507936508
-4.85958485958486	-3.27228327228327	-1.80708180708181
-5.12820512820513	-5.05494505494505	-2.71062271062271
-3.63858363858364	-5.42124542124542	-1.22100122100122
-6.52014652014652	-6.3003663003663	-4.17582417582418
-8.08302808302808	-7.81440781440781	-3.66300366300366
-7.4969474969475	-7.66788766788767	-4.56654456654457
-7.61904761904762	-7.42368742368742	-2.68620268620269
-6.83760683760684	-7.32600732600733	-2.02686202686203
-6.52014652014652	-5.66544566544567	-1.12332112332112
-4.85958485958486	-4.46886446886447	0.415140415140415
-3.32112332112332	-3.27228327228327	0.21978021978022
-4.59096459096459	-1.68498168498168	1.51404151404151
-3.34554334554335	-1.39194139194139	4.42002442002442
-2.49084249084249	-1.05006105006105	-1.88034188034188
-1.07448107448107	0.0976800976800977	-0.879120879120879
4.81074481074481	3.66300366300366	-1.34310134310134
3.85836385836386	5.07936507936508	-0.268620268620269
5.03052503052503	5.51892551892552	-2.63736263736264
5.93406593406593	5.76312576312576	-1.53846153846154
3.07692307692308	5.86080586080586	-0.512820512820513
4.2979242979243	4.42002442002442	-0.83028083028083
1.39194139194139	2.05128205128205	-3.32112332112332
-2.02686202686203	1.34310134310134	-1.88034188034188
-1.34310134310134	-0.390720390720391	-0.43956043956044
-3.07692307692308	-2.66178266178266	-1.41636141636142
-6.69108669108669	-3.95604395604396	-3.90720390720391
-7.93650793650794	-6.00732600732601	-4.90842490842491
-8.76678876678877	-6.73992673992674	-5.81196581196581
-7.98534798534799	-6.3003663003663	-7.76556776556777
-8.03418803418803	-4.24908424908425	-3.02808302808303
-7.74114774114774	-4.49328449328449	-9.69474969474969
-7.57020757020757	-3.39438339438339	-5.2991452991453
-8.10744810744811	-3.68742368742369	-2.34432234432234
-8.44932844932845	-2.2954822954823	-1.17216117216117
-8.08302808302808	-1.41636141636142	-2.07570207570208
-5.34798534798535	0.488400488400488	3.78510378510378
-0.976800976800977	4.37118437118437	3.32112332112332
1.68498168498168	5.56776556776557	2.002442002442
2.53968253968254	7.03296703296703	1.63614163614164
5.05494505494505	7.32600732600733	5.95848595848596
5.22588522588523	7.08180708180708	2.51526251526252
2.07570207570208	6.78876678876679	2.66178266178266
3.003663003663	5.17704517704518	1.36752136752137
2.68620268620269	3.36996336996337	-2.31990231990232
-1.0989010989011	0.43956043956044	-5.03052503052503
-5.07936507936508	-3.1013431013431	-4.2002442002442
-6.12942612942613	-4.51770451770452	-3.39438339438339
-7.32600732600733	-5.64102564102564	-3.17460317460317
-9.03540903540904	-5.76312576312576	-9.79242979242979
-11.5018315018315	-4.73748473748474	-5.93406593406593
-10.1831501831502	-4.93284493284493	-4.24908424908425
-9.03540903540904	-4.02930402930403	-2.34432234432234
-7.93650793650794	-4.24908424908425	1.22100122100122
-6.78876678876679	-4.88400488400488	0.293040293040293
-6.00732600732601	-4.81074481074481	1.70940170940171
-8.18070818070818	-5.25030525030525	1.78266178266178
-5.51892551892552	-3.68742368742369	-1.63614163614164
-3.34554334554335	-4.27350427350427	-6.3980463980464
-3.39438339438339	-3.54090354090354	-6.66666666666667
1.24542124542125	-0.390720390720391	-6.05616605616606
5.25030525030525	2.34432234432234	-4.85958485958486
8.05860805860806	4.95726495726496	-2.17338217338217
8.64468864468864	7.88766788766789	2.02686202686203
9.27960927960928	7.98534798534799	3.39438339438339
8.47374847374847	7.54578754578755	5.27472527472527
5.17704517704518	5.66544566544567	-1.92918192918193
-0.463980463980464	2.90598290598291	3.22344322344322
-0.341880341880342	-0.683760683760684	7.83882783882784
-1.9047619047619	-1.34310134310134	3.56532356532357
-3.90720390720391	-0.805860805860806	5.71428571428571
-3.27228327228327	0.390720390720391	5.47008547008547
-1.88034188034188	1.1965811965812	2.49084249084249
-3.76068376068376	0.317460317460317	-1.34310134310134
-5.71428571428571	-0.0488400488400488	-1.68498168498168
-3.83394383394383	-1.78266178266178	-0.268620268620269
-4.05372405372405	-3.98046398046398	1.58730158730159
-3.95604395604396	-4.2002442002442	3.66300366300366
-3.68742368742369	-4.2002442002442	3.73626373626374
-4.54212454212454	-3.80952380952381	1.97802197802198
-4.61538461538461	-2.17338217338217	2.80830280830281
-3.68742368742369	-1.05006105006105	1.07448107448107
-3.15018315018315	0.512820512820513	3.61416361416361
1.12332112332112	2.12454212454212	4.56654456654457
1.46520146520147	2.73504273504274	4.49328449328449
5.90964590964591	3.003663003663	6.08058608058608
4.49328449328449	1.56288156288156	-0.390720390720391
3.93162393162393	1.24542124542125	-1.78266178266178
4.27350427350427	0.390720390720391	-2.88156288156288
3.17460317460317	0.170940170940171	-1.66056166056166
1.68498168498168	0.293040293040293	-1.46520146520147
3.05250305250305	1.26984126984127	-0.366300366300366
-0.341880341880342	0.537240537240537	-1.48962148962149
-0.683760683760684	-0.244200244200244	-1.31868131868132
-0.415140415140415	-1.63614163614164	-2.73504273504274
-1.39194139194139	-1.78266178266178	0.122100122100122
-4.2002442002442	-4.1025641025641	-1.0989010989011
-4.76190476190476	-4.15140415140415	-2.95482295482295
-3.15018315018315	-3.85836385836386	0.0976800976800977
-3.12576312576313	-2.75946275946276	-0.146520146520147
-3.61416361416361	-2.80830280830281	5.34798534798535
-1.51404151404151	-0.927960927960928	7.69230769230769
0.195360195360195	0.610500610500611	7.78998778998779
1.73382173382173	-0.122100122100122	3.17460317460317
1.75824175824176	0.293040293040293	2.97924297924298
2.51526251526252	-0.21978021978022	-0.879120879120879
4.73748473748474	1.44078144078144	-0.293040293040293
7.2039072039072	1.95360195360195	-3.07692307692308
8.08302808302808	2.49084249084249	-0.586080586080586
9.20634920634921	3.71184371184371	1.24542124542125
7.74114774114774	4.42002442002442	-1.22100122100122
9.01098901098901	4.44444444444444	0.854700854700855
4.83516483516483	4.05372405372405	2.88156288156288
4.95726495726496	3.71184371184371	1.53846153846154
0.43956043956044	2.44200244200244	1.14774114774115
0.0976800976800977	1.22100122100122	3.98046398046398
-1.83150183150183	0.268620268620269	3.27228327228327
-2.46642246642247	-0.610500610500611	3.68742368742369
-4.63980463980464	-1.78266178266178	2.66178266178266
-2.22222222222222	-1.58730158730159	3.39438339438339
-3.44322344322344	-0.805860805860806	0.43956043956044
-1.39194139194139	0.293040293040293	2.05128205128205
-0.805860805860806	2.63736263736264	6.95970695970696
0.732600732600733	3.68742368742369	6.66666666666667
0.341880341880342	3.24786324786325	5.78754578754579
-0.0488400488400488	3.56532356532357	5.81196581196581
2.75946275946276	4.42002442002442	7.4969474969475
-0.390720390720391	4.17582417582418	6.42246642246642
4.22466422466422	5.2991452991453	3.76068376068376
5.71428571428571	7.10622710622711	7.91208791208791
6.66666666666667	7.59462759462759	5.49450549450549
8.91330891330891	9.67032967032967	4.46886446886447
9.76800976800977	8.88888888888889	4.24908424908425
9.45054945054945	8.25396825396825	1.70940170940171
9.03540903540904	7.64346764346764	2.1001221001221
6.66666666666667	5.59218559218559	-2.07570207570208
5.22588522588523	3.02808302808303	-2.46642246642247
5.88522588522589	1.41636141636142	-1.39194139194139
4.15140415140415	0.244200244200244	-2.90598290598291
2.2954822954823	-1.46520146520147	-1.70940170940171
-0.634920634920635	-2.44200244200244	-3.41880341880342
-0.537240537240537	-2.63736263736264	-1.56288156288156
-2.44200244200244	-4.34676434676435	2.14896214896215
-1.9047619047619	-5.3968253968254	1.22100122100122
-1.24542124542125	-3.003663003663	4.12698412698413
-1.9047619047619	-2.07570207570208	6.12942612942613
0.488400488400488	1.41636141636142	6.05616605616606
0.805860805860806	6.4957264957265	7.32600732600733
3.27228327228327	9.4017094017094	6.78876678876679
3.73626373626374	10.2319902319902	7.76556776556777
5.25030525030525	10.5738705738706	8.25396825396825
7.10622710622711	9.4993894993895	7.83882783882784
5.49450549450549	6.91086691086691	3.54090354090354
5.51892551892552	6.78876678876679	4.32234432234432
6.95970695970696	6.47130647130647	1.14774114774115
8.05860805860806	6.54456654456654	2.49084249084249
9.03540903540904	7.42368742368742	3.34554334554335
10.1098901098901	8.47374847374847	1.95360195360195
4.85958485958486	7.2039072039072	1.31868131868132
3.17460317460317	5.81196581196581	1.1965811965812
2.17338217338217	3.41880341880342	-1.001221001221
-3.76068376068376	-0.659340659340659	-1.80708180708181
-4.42002442002442	-3.76068376068376	-1.95360195360195
-3.34554334554335	-5.64102564102564	-0.903540903540904
-2.68620268620269	-7.2039072039072	0.463980463980464
-3.58974358974359	-7.76556776556777	-1.14774114774115
-2.88156288156288	-6.83760683760684	-1.44078144078144
-2.85714285714286	-6.15384615384615	-0.0976800976800977
-0.976800976800977	-5.34798534798535	2.05128205128205
-0.170940170940171	-3.88278388278388	-0.0488400488400488
-2.90598290598291	-3.63858363858364	-2.07570207570208
-3.49206349206349	-3.07692307692308	-2.39316239316239
-3.12576312576313	-3.56532356532357	-0.146520146520147
-3.15018315018315	-3.88278388278388	2.05128205128205
-2.53968253968254	-4.34676434676435	-1.78266178266178
-0.610500610500611	-3.88278388278388	0.659340659340659
5.37240537240537	-1.39194139194139	1.85592185592186
8.13186813186813	0.488400488400488	3.32112332112332
9.76800976800977	3.54090354090354	-0.195360195360195
12.6739926739927	4.85958485958486	0.732600732600733
12.1611721611722	6.22710622710623	2.39316239316239
7.44810744810745	5.51892551892552	-1.41636141636142
5.37240537240537	3.90720390720391	-4.81074481074481
4.2979242979243	1.22100122100122	-4.73748473748474
-1.46520146520147	-1.56288156288156	-8.71794871794872
-3.24786324786325	-3.56532356532357	-6.3003663003663
-2.71062271062271	-5.54334554334554	-5.66544566544567
-7.00854700854701	-6.69108669108669	-5.59218559218559
-8.22954822954823	-8.84004884004884	-4.42002442002442
-7.00854700854701	-9.10866910866911	-3.24786324786325
-7.57020757020757	-11.3553113553114	1.17216117216117
-6.95970695970696	-11.5750915750916	-0.0976800976800977
-6.76434676434676	-10.7936507936508	1.92918192918193
-6.3980463980464	-11.5995115995116	-3.12576312576313
-3.88278388278388	-10.4273504273504	-3.12576312576313
-1.44078144078144	-7.00854700854701	-7.59462759462759
-0.586080586080586	-4.51770451770452	-8.00976800976801
2.97924297924298	-1.88034188034188	-4.66422466422466
5.03052503052503	-0.21978021978022	-3.90720390720391
4.12698412698413	2.44200244200244	-4.24908424908425
4.17582417582418	2.51526251526252	-3.1013431013431
5.2991452991453	3.46764346764347	-1.80708180708181
3.88278388278388	4.71306471306471	-1.05006105006105
4.90842490842491	5.12820512820513	3.56532356532357
3.58974358974359	3.02808302808303	3.24786324786325
1.95360195360195	1.51404151404151	0.268620268620269
2.1001221001221	1.61172161172161	3.1990231990232
0.366300366300366	1.22100122100122	2.02686202686203
0.366300366300366	-0.366300366300366	-1.07448107448107
1.56288156288156	1.24542124542125	-0.610500610500611
0.537240537240537	2.17338217338217	0.732600732600733
-2.2954822954823	0.366300366300366	1.41636141636142
-1.56288156288156	-0.268620268620269	-0.708180708180708
-3.95604395604396	-1.83150183150183	-2.95482295482295
-4.68864468864469	-1.46520146520147	-0.317460317460317
-5.83638583638584	-1.83150183150183	-1.0989010989011
-5.66544566544567	-3.63858363858364	-0.708180708180708
-3.63858363858364	-3.71184371184371	0.757020757020757
-1.92918192918193	-3.71184371184371	-0.561660561660562
0.634920634920635	-1.85592185592186	0.195360195360195
5.37240537240537	0	3.24786324786325
4.42002442002442	1.46520146520147	-0.781440781440781
6.37362637362637	4.34676434676435	-1.66056166056166
5.27472527472527	4.88400488400488	-1.88034188034188
4.66422466422466	4.15140415140415	-2.80830280830281
2.68620268620269	2.31990231990232	-2.31990231990232
3.07692307692308	1.92918192918193	0.0732600732600733
3.02808302808303	0.561660561660562	0.708180708180708
0.390720390720391	-0.366300366300366	0.0488400488400488
-0.488400488400488	-0.854700854700855	2.002442002442
-2.002442002442	-1.46520146520147	0.366300366300366
-0.390720390720391	-1.53846153846154	0.976800976800977
-3.15018315018315	-0.586080586080586	4.07814407814408
-2.34432234432234	-0.293040293040293	2.31990231990232
1.29426129426129	0.708180708180708	6.00732600732601
1.56288156288156	0.757020757020757	5.78754578754579
-1.58730158730159	-0.634920634920635	5.25030525030525
-0.927960927960928	-1.1965811965812	5.68986568986569
-0.21978021978022	-2.12454212454212	8.05860805860806
-3.58974358974359	-2.002442002442	6.95970695970696
-3.49206349206349	-0.927960927960928	1.85592185592186
-0.586080586080586	-1.51404151404151	-1.58730158730159
-0.83028083028083	0.488400488400488	0.317460317460317
-3.1990231990232	1.22100122100122	-1.41636141636142
0.634920634920635	1.97802197802198	-2.1978021978022
1.88034188034188	3.66300366300366	2.39316239316239
3.51648351648352	4.05372405372405	0.634920634920635
3.34554334554335	3.46764346764347	2.88156288156288
5.00610500610501	2.66178266178266	4.66422466422466
3.63858363858364	0.610500610500611	2.14896214896215
0.43956043956044	-0.927960927960928	-2.73504273504274
-0.976800976800977	-1.97802197802198	-2.1978021978022
-3.46764346764347	-2.05128205128205	-1.31868131868132
-4.85958485958486	-3.17460317460317	-3.85836385836386
-6.32478632478632	-3.78510378510378	-4.81074481074481
-8.3028083028083	-2.83272283272283	-0.0732600732600733
-3.88278388278388	-3.41880341880342	-0.781440781440781
-6.12942612942613	-4.54212454212454	-3.36996336996337
-7.25274725274725	-6.91086691086691	-3.61416361416361
-5.17704517704518	-8.2051282051282	-4.34676434676435
-7.05738705738706	-9.45054945054945	-4.07814407814408
-6.83760683760684	-8.98656898656899	-2.36874236874237
-2.83272283272283	-7.17948717948718	-0.757020757020757
-0.512820512820513	-6.59340659340659	0.659340659340659
1.56288156288156	-4.2979242979243	-4.42002442002442
2.2954822954823	-2.22222222222222	-0.683760683760684
3.36996336996337	-1.97802197802198	-2.61294261294261
4.44444444444444	0.146520146520147	-6.64224664224664
5.86080586080586	3.07692307692308	-1.80708180708181
6.95970695970696	4.98168498168498	2.88156288156288
7.57020757020757	7.3015873015873	2.31990231990232
7.13064713064713	8.76678876678877	4.66422466422466
6.08058608058608	8.74236874236874	5.49450549450549
4.27350427350427	8.03418803418803	2.80830280830281
3.95604395604396	6.95970695970696	1.85592185592186
1.66056166056166	5.12820512820513	2.22222222222222
-0.0244200244200244	2.95482295482295	-0.195360195360195
-0.366300366300366	2.90598290598291	0.0732600732600733
-0.781440781440781	0.366300366300366	2.1001221001221
-2.61294261294261	-0.488400488400488	-1.14774114774115
-1.51404151404151	-1.24542124542125	-3.1013431013431
-5.78754578754579	-3.63858363858364	-4.59096459096459
-7.69230769230769	-6.3980463980464	-7.3992673992674
-5.86080586080586	-7.93650793650794	-6.95970695970696
-8.91330891330891	-9.4017094017094	-8.98656898656899
-9.76800976800977	-11.4774114774115	-7.93650793650794
-5.68986568986569	-10.8913308913309	-7.78998778998779
-6.83760683760684	-9.62148962148962	-5.86080586080586
-4.59096459096459	-7.93650793650794	-7.74114774114774
-2.95482295482295	-7.64346764346764	-7.00854700854701
-2.51526251526252	-7.27716727716728	-5.3968253968254
-0.781440781440781	-5.44566544566545	-1.9047619047619
0.537240537240537	-3.90720390720391	-7.05738705738706
0.83028083028083	-1.44078144078144	0
1.56288156288156	0.561660561660562	-0.390720390720391
2.02686202686203	1.95360195360195	1.41636141636142
3.07692307692308	3.05250305250305	2.02686202686203
3.61416361416361	4.004884004884	5.68986568986569
3.17460317460317	2.58852258852259	7.64346764346764
4.004884004884	0.586080586080586	2.51526251526252
4.63980463980464	1.46520146520147	3.07692307692308
4.51770451770452	2.27106227106227	2.51526251526252
2.85714285714286	3.12576312576313	0.268620268620269
3.07692307692308	4.51770451770452	0.805860805860806
-1.0989010989011	3.36996336996337	-0.83028083028083
-3.98046398046398	1.31868131868132	1.53846153846154
-4.46886446886447	-0.805860805860806	-2.34432234432234
-5.17704517704518	-3.85836385836386	-6.64224664224664
-4.27350427350427	-5.90964590964591	-4.15140415140415
-2.73504273504274	-6.44688644688645	-6.95970695970696
-2.78388278388278	-6.98412698412698	-8.18070818070818
-1.73382173382173	-8.84004884004884	-10.1098901098901
-2.80830280830281	-9.71916971916972	-6.69108669108669
1.53846153846154	-9.27960927960928	-5.90964590964591
0.0244200244200244	-6.56898656898657	-4.59096459096459
1.39194139194139	-3.54090354090354	3.003663003663
2.53968253968254	-2.14896214896215	1.44078144078144
-1.39194139194139	-0.854700854700855	1.70940170940171
-1.92918192918193	0.732600732600733	5.05494505494505
-4.24908424908425	2.83272283272283	4.76190476190476
-3.12576312576313	2.75946275946276	2.95482295482295
-1.66056166056166	4.54212454212454	3.2967032967033
-1.0989010989011	5.07936507936508	2.22222222222222
-1.12332112332112	2.51526251526252	-0.610500610500611
-0.244200244200244	0.903540903540904	1.70940170940171
-0.903540903540904	-0.537240537240537	5.07936507936508
0.0244200244200244	-1.12332112332112	7.52136752136752
-0.0976800976800977	0.366300366300366	8.62026862026862
0.0976800976800977	-0.43956043956044	7.76556776556777
-0.366300366300366	0.293040293040293	4.05372405372405
2.56410256410256	-0.293040293040293	0.244200244200244
1.44078144078144	-0.512820512820513	0.0976800976800977
-0.341880341880342	-1.12332112332112	0.683760683760684
1.78266178266178	-0.537240537240537	-2.05128205128205
0.293040293040293	-0.317460317460317	-2.61294261294261
0.488400488400488	-1.07448107448107	0.341880341880342
2.05128205128205	-1.12332112332112	-0.195360195360195
3.36996336996337	0.268620268620269	4.44444444444444
4.05372405372405	0.0732600732600733	1.26984126984127
6.71550671550672	-1.29426129426129	1.63614163614164
3.85836385836386	-0.732600732600733	1.58730158730159
1.17216117216117	-0.708180708180708	0.879120879120879
0.512820512820513	-0.415140415140415	0.415140415140415
-2.41758241758242	0.195360195360195	3.51648351648352
-2.1978021978022	1.12332112332112	2.36874236874237
-1.97802197802198	2.78388278388278	2.1978021978022
-0.879120879120879	3.12576312576313	2.80830280830281
-1.63614163614164	1.58730158730159	-0.0488400488400488
-0.732600732600733	-1.14774114774115	0.366300366300366
-1.29426129426129	-1.70940170940171	1.68498168498168
-2.83272283272283	-3.68742368742369	-1.48962148962149
-1.83150183150183	-4.49328449328449	-3.003663003663
-2.63736263736264	-3.83394383394383	-4.46886446886447
-2.39316239316239	-3.15018315018315	-3.49206349206349
-0.757020757020757	-2.56410256410256	-2.12454212454212
0.586080586080586	-0.683760683760684	-0.757020757020757
0.610500610500611	-0.122100122100122	3.71184371184371
3.68742368742369	0.927960927960928	3.80952380952381
5.68986568986569	1.95360195360195	5.71428571428571
4.98168498168498	2.22222222222222	6.3980463980464
3.80952380952381	0.43956043956044	1.63614163614164
3.39438339438339	-1.17216117216117	-1.75824175824176
1.78266178266178	-2.58852258852259	-8.2051282051282
1.53846153846154	-3.93162393162393	-8.5958485958486
-0.83028083028083	-4.02930402930403	-7.47252747252747
-1.44078144078144	-4.004884004884	-6.3980463980464
-1.17216117216117	-4.73748473748474	-2.17338217338217
-6.4957264957265	-5.42124542124542	3.32112332112332
-5.64102564102564	-5.66544566544567	6.52014652014652
-7.66788766788767	-4.93284493284493	0.43956043956044
-7.08180708180708	-3.02808302808303	2.44200244200244
-3.46764346764347	-0.0732600732600733	4.2979242979243
-2.88156288156288	0.586080586080586	-0.952380952380952
-3.49206349206349	0.512820512820513	-3.07692307692308
-2.51526251526252	-1.07448107448107	-4.83516483516483
-5.71428571428571	-3.49206349206349	-5.66544566544567
-4.66422466422466	-4.2979242979243	-7.78998778998779
-3.54090354090354	-4.90842490842491	-5.83638583638584
-0.976800976800977	-3.95604395604396	-4.93284493284493
1.53846153846154	-1.34310134310134	-4.46886446886447
2.22222222222222	-0.268620268620269	-0.732600732600733
4.22466422466422	1.66056166056166	3.1013431013431
3.78510378510378	3.07692307692308	4.34676434676435
6.91086691086691	4.73748473748474	6.27594627594628
7.88766788766789	5.25030525030525	5.93406593406593
2.93040293040293	5.42124542124542	4.93284493284493
4.46886446886447	6.1050061050061	1.95360195360195
2.53968253968254	6.17826617826618	3.73626373626374
0.927960927960928	5.15262515262515	1.1965811965812
-0.732600732600733	5.34798534798535	3.07692307692308
-1.73382173382173	4.95726495726496	3.90720390720391
-2.17338217338217	5.00610500610501	-0.708180708180708
-2.97924297924298	4.63980463980464	1.61172161172161
-4.12698412698413	3.54090354090354	0.463980463980464
-3.1013431013431	1.12332112332112	0.268620268620269
-4.71306471306471	0.0488400488400488	-0.341880341880342
-2.1001221001221	-0.390720390720391	1.92918192918193
-2.68620268620269	-0.366300366300366	1.31868131868132
-2.66178266178266	0.244200244200244	0.927960927960928
1.001221001221	1.17216117216117	-0.463980463980464
-0.43956043956044	1.29426129426129	0.610500610500611
-0.0244200244200244	2.2954822954823	-1.78266178266178
0.268620268620269	3.54090354090354	2.44200244200244
1.44078144078144	3.49206349206349	0.488400488400488
-0.854700854700855	4.81074481074481	1.1965811965812
-1.24542124542125	5.12820512820513	4.78632478632479
-0.0244200244200244	4.59096459096459	6.3003663003663
0.0976800976800977	4.59096459096459	5.17704517704518
0.463980463980464	3.56532356532357	1.0989010989011
1.1965811965812	2.63736263736264	-0.488400488400488
-1.0989010989011	3.003663003663	0.708180708180708
-2.78388278388278	1.34310134310134	3.24786324786325
-4.27350427350427	0.781440781440781	2.36874236874237
-4.81074481074481	-0.21978021978022	1.63614163614164
-4.59096459096459	-1.85592185592186	3.51648351648352
-5.2991452991453	-3.15018315018315	2.51526251526252
-5.44566544566545	-3.003663003663	-1.68498168498168
-7.98534798534799	-4.88400488400488	-1.9047619047619
-6.08058608058608	-6.88644688644689	-3.17460317460317
-9.4993894993895	-8.13186813186813	-4.76190476190476
-7.05738705738706	-7.93650793650794	-8.84004884004884
-7.37484737484737	-9.42612942612943	-7.32600732600733
-6.03174603174603	-9.91452991452991	-5.2991452991453
-4.2002442002442	-7.15506715506716	-1.58730158730159
0.976800976800977	-4.49328449328449	-5.42124542124542
1.53846153846154	-3.34554334554335	-4.44444444444444
3.1990231990232	-0.854700854700855	-2.83272283272283
6.37362637362637	1.17216117216117	-1.78266178266178
3.93162393162393	1.75824175824176	-0.537240537240537
4.76190476190476	3.88278388278388	3.36996336996337
2.1978021978022	4.88400488400488	0.659340659340659
0.805860805860806	3.73626373626374	-1.68498168498168
-1.05006105006105	3.44322344322344	-4.59096459096459
-0.122100122100122	3.49206349206349	-1.83150183150183
0.366300366300366	3.12576312576313	0.170940170940171
-0.659340659340659	3.15018315018315	-0.976800976800977
1.1965811965812	4.1025641025641	2.07570207570208
1.66056166056166	4.22466422466422	2.12454212454212
-1.44078144078144	3.80952380952381	1.70940170940171
-1.001221001221	3.2967032967033	3.63858363858364
-4.63980463980464	1.51404151404151	3.07692307692308
-1.70940170940171	0.805860805860806	5.73870573870574
-1.68498168498168	0.512820512820513	4.32234432234432
-1.34310134310134	-0.488400488400488	2.34432234432234
-1.95360195360195	-1.31868131868132	4.76190476190476
-0.683760683760684	-1.05006105006105	5.51892551892552
0.537240537240537	-1.07448107448107	4.61538461538461
3.49206349206349	-2.17338217338217	-2.68620268620269
5.00610500610501	-2.31990231990232	-2.88156288156288
6.81318681318681	-3.78510378510378	-4.07814407814408
7.69230769230769	-3.93162393162393	-10.2319902319902
5.98290598290598	-3.88278388278388	-7.37484737484737
5.56776556776557	-3.68742368742369	-7.32600732600733
1.07448107448107	-4.42002442002442	-7.3015873015873
0.976800976800977	-5.2991452991453	-7.64346764346764
-1.39194139194139	-6.25152625152625	-6.83760683760684
-4.1025641025641	-6.76434676434676	-4.93284493284493
-5.78754578754579	-6.83760683760684	-7.4969474969475
-2.1001221001221	-6.61782661782662	-6.44688644688645
-4.73748473748474	-4.61538461538461	-7.74114774114774
-4.27350427350427	-2.80830280830281	-7.13064713064713
-1.12332112332112	-0.732600732600733	-4.32234432234432
-0.512820512820513	1.75824175824176	-2.63736263736264
-1.0989010989011	4.2979242979243	2.93040293040293
0.170940170940171	4.68864468864469	5.73870573870574
0.976800976800977	6.4957264957265	7.59462759462759
3.07692307692308	6.76434676434676	5.22588522588523
1.83150183150183	7.61904761904762	7.69230769230769
3.98046398046398	8.52258852258852	13.8705738705739
6.12942612942613	10.2808302808303	17.0940170940171
9.10866910866911	11.013431013431	13.2112332112332
11.013431013431	12.0879120879121	12.6007326007326
11.0866910866911	13.1135531135531	15.2869352869353
12.7716727716728	12.1123321123321	5.93406593406593
12.1855921855922	9.74358974358974	-1.34310134310134
9.62148962148962	6.25152625152625	-1.001221001221
6.78876678876679	0.854700854700855	-3.80952380952381
-0.879120879120879	-5.49450549450549	-5.3968253968254
-4.93284493284493	-10.0610500610501	-8.47374847374847
-8.81562881562882	-14.1880341880342	-12.7716727716728
-12.4053724053724	-17.2161172161172	-12.014652014652
-12.6007326007326	-16.8742368742369	-13.1868131868132
-11.8925518925519	-15.8730158730159	-11.1111111111111
-10.01221001221	-16.1660561660562	-10.6227106227106
-11.9169719169719	-15.042735042735	-5.61660561660562
-8.79120879120879	-13.2600732600733	-3.83394383394383
-7.52136752136752	-12.039072039072	-3.1013431013431
-8.18070818070818	-9.01098901098901	-1.73382173382173
-6.66666666666667	-9.42612942612943	-1.92918192918193
-4.81074481074481	-7.47252747252747	3.44322344322344
-3.24786324786325	-5.05494505494505	0
-2.1001221001221	-3.003663003663	0.415140415140415
-0.195360195360195	-1.22100122100122	1.9047619047619
2.83272283272283	0.341880341880342	0.952380952380952
4.63980463980464	1.83150183150183	1.02564102564103
4.15140415140415	2.63736263736264	3.1990231990232
5.56776556776557	3.003663003663	6.44688644688645
8.37606837606838	4.32234432234432	6.05616605616606
10.6227106227106	4.85958485958486	8.4981684981685
7.91208791208791	5.44566544566545	8.4981684981685
7.05738705738706	6.03174603174603	7.64346764346764
6.27594627594628	3.78510378510378	6.34920634920635
2.002442002442	1.58730158730159	1.97802197802198
-1.17216117216117	-0.537240537240537	1.05006105006105
-2.97924297924298	-2.02686202686203	-5.07936507936508
-6.12942612942613	-5.59218559218559	-6.91086691086691
-9.4017094017094	-8.05860805860806	-10.4029304029304
-9.37728937728938	-8.88888888888889	-8.98656898656899
-9.76800976800977	-8.3028083028083	-9.89010989010989
-6.22710622710623	-7.57020757020757	-5.61660561660562
-6.66666666666667	-6.76434676434676	-2.73504273504274
-7.00854700854701	-5.66544566544567	0.659340659340659
-6.42246642246642	-4.59096459096459	0.805860805860806
-4.88400488400488	-5.93406593406593	-1.001221001221
-7.05738705738706	-6.66666666666667	-1.44078144078144
-8.15628815628816	-6.69108669108669	-2.1978021978022
-4.2979242979243	-6.59340659340659	-2.14896214896215
-1.51404151404151	-4.81074481074481	1.58730158730159
0.43956043956044	-1.92918192918193	3.95604395604396
6.86202686202686	0.195360195360195	5.2014652014652
8.35164835164835	1.46520146520147	4.66422466422466
10.5006105006105	3.41880341880342	3.46764346764347
11.9413919413919	3.39438339438339	-1.48962148962149
12.4786324786325	3.15018315018315	0.634920634920635
12.039072039072	1.0989010989011	-2.002442002442
7.88766788766789	0.683760683760684	-1.39194139194139
6.66666666666667	0.415140415140415	2.68620268620269
5.25030525030525	-0.268620268620269	-1.001221001221
1.85592185592186	-1.63614163614164	-1.97802197802198
0.537240537240537	0.415140415140415	-2.27106227106227
-0.170940170940171	0.683760683760684	2.75946275946276
-1.29426129426129	-0.659340659340659	7.59462759462759
-2.44200244200244	-2.36874236874237	3.36996336996337
-6.08058608058608	-5.56776556776557	-0.146520146520147
-6.3003663003663	-6.64224664224664	-5.51892551892552
-8.22954822954823	-8.79120879120879	-9.4017094017094
-5.88522588522589	-10.1831501831502	-12.014652014652
-6.44688644688645	-8.71794871794872	-5.90964590964591
-3.39438339438339	-7.54578754578755	-2.83272283272283
-2.46642246642247	-6.27594627594628	-3.88278388278388
-0.610500610500611	-4.34676434676435	0.195360195360195
-0.293040293040293	-2.90598290598291	2.14896214896215
1.66056166056166	-1.1965811965812	3.46764346764347
2.71062271062271	0.952380952380952	3.73626373626374
6.08058608058608	2.78388278388278	-0.781440781440781
4.63980463980464	4.004884004884	-3.85836385836386
5.15262515262515	4.56654456654457	-1.75824175824176
3.71184371184371	3.95604395604396	-5.51892551892552
3.68742368742369	2.44200244200244	-2.53968253968254
3.71184371184371	1.61172161172161	-0.43956043956044
4.15140415140415	1.12332112332112	-1.75824175824176
0.21978021978022	-1.29426129426129	-3.34554334554335
0.268620268620269	-2.34432234432234	-3.05250305250305
0.0976800976800977	-3.90720390720391	1.14774114774115
0.146520146520147	-4.85958485958486	3.88278388278388
2.24664224664225	-3.83394383394383	8.08302808302808
1.85592185592186	-2.75946275946276	6.03174603174603
2.41758241758242	-0.879120879120879	3.27228327228327
2.07570207570208	0.390720390720391	-1.29426129426129
-1.12332112332112	0.390720390720391	-4.27350427350427
-2.24664224664225	0.317460317460317	-4.81074481074481
0.903540903540904	1.31868131868132	-5.42124542124542
