-0.433356221866178	1.12001220721752	-3.20439459830625
0.186160067139696	2.33768215457389	-4.66926070038911
0.976577401388571	0.650034332799268	-7.28160524910353
1.72732127870604	0.906385900663767	-7.08934157320516
0.704966811627375	-0.122072175173571	-9.30800335698482
0.833142595559625	-0.0488288700694285	-7.87670710307469
1.14747844663157	0.466926070038911	-4.36102845807584
1.23292896925307	0.888075074387732	-3.57671473258564
1.79751277943084	1.69985503929198	-0.698863202868696
-0.735484855420768	1.97146562905318	-0.0274662394140536
0.717174029144732	2.02334630350195	-0.653086137178607
1.12001220721752	1.72121766994736	1.75783932249943
0.399786373693446	0.994888227664607	2.7496757457847
2.34683756771191	3.87884336614023	0.546272983901732
3.32036316472114	2.76493476768139	0.848401617456321
1.63271534294652	2.48416876478218	-0.149538414587625
0.451667048142214	1.58999008163577	-2.24612802319371
-0.588998245212482	1.0406652933547	-2.2919050888838
-1.46181429770352	0.967421988250553	-1.33058670939193
-0.805676356145571	1.17799649042496	-2.06301976043336
-1.33974212252995	1.94399938963912	0.430304417486839
-1.85854886701762	-0.177004654001679	-5.08125429159991
-0.921644922560464	2.02334630350195	-3.95208667124437
-2.17898832684825	1.74868390936141	-4.26031891355764
-1.0101472495613	1.8951705195697	-4.45258258945602
1.13527122911421	2.96635385671778	-2.71610589761196
1.59609369039445	3.78728923476005	-5.21858548867018
5.18196383611811	7.36095216296635	-2.24917982757305
5.78927290760662	9.05470359349966	-1.34889753566796
8.01403830014496	9.15236133363851	-0.573739223315785
10.1808194094759	11.3313496604868	1.90737773708705
9.33852140077821	11.9264515144579	1.48928053711757
10.775921263447	9.84206912336919	0.93690394445716
11.9325551232166	9.88784618905928	2.51773861295491
9.84206912336919	9.25917448691539	1.22987716487373
9.60402838178073	8.40772106507973	1.66933699549859
9.29579613946746	7.7454795147631	3.62859540703441
7.19310292210269	4.49835965514611	0.650034332799268
6.33554589150835	3.76897840848402	1.37636377508202
4.69062333104448	1.73342488746471	-0.588998245212482
5.35896849011978	0.588998245212482	-2.00198367284657
3.17082475013352	1.14442664225223	-0.994888227664607
1.94399938963912	-0.686655985351339	-2.82902265964752
4.80048828870069	1.56862745098039	-2.14541847867552
3.94598306248569	0.793469138628214	-2.70084687571527
1.879911497673	-0.524910353246357	-3.61638818951705
1.72121766994736	0.180056458381018	-2.77714198519875
-1.59609369039445	-2.17593652246891	-3.08232242313268
-3.73846036469062	-2.52994583047227	-3.31120775158312
-4.02227817196918	-2.59098191805905	-2.02334630350195
-3.76592660410468	-2.38345922026398	-0.378423743038071
0.134279392690929	1.07728694590677	-0.369268329900053
1.60524910353246	1.49233234149691	2.35294117647059
1.93484397650111	3.39055466544594	2.55741206988632
5.00801098649577	5.8960860608835	4.16876478217746
3.39665827420462	5.89303425650416	3.77813382162203
4.37933928435187	5.97543297474632	1.94094758525978
6.40573739223316	8.27954528114748	2.48111696040284
6.8055237659266	7.60814831769284	2.53910124361028
8.62439917601282	8.87769893949798	0.985732814526589
9.55214770733196	7.77294575417716	2.21560997940032
6.97337300679026	6.93675135423819	-1.38857099259937
7.09544518196384	7.70275425345235	-3.71404592965591
5.77096208133059	4.83710994125277	-6.11581597619593
4.01922636758984	1.91348134584573	-8.5999847409781
2.26749065384909	0.81177996490425	-7.44029907682918
1.59609369039445	-1.98672465094987	-8.88990615701534
0.180056458381018	-3.759822995346	-9.78713664454109
-2.85038529030289	-5.18806744487678	-7.95605401693751
-1.75478751812009	-4.37628747997253	-6.11886778057526
-1.13221942473487	-2.48722056916152	-6.74753948271916
-1.08339055466545	-1.55642023346304	-4.98054474708171
-1.91958495460441	-1.97146562905318	-4.93781948577096
-0.0885023270008393	-1.30617227435721	-1.91348134584573
-0.964370183871214	-2.07827878233005	-1.17494468604562
-0.140383001449607	-0.839246204318303	-1.73647669184405
2.78324559395743	0.521858548867018	2.20035095750362
2.2369726100557	1.12916762035554	1.70290684367132
5.06294346532387	2.90836957351034	1.77004654001678
5.55733577477684	2.84428168154421	2.76493476768139
4.90730144197757	2.2369726100557	1.27870603494316
6.66819256885634	2.35904478522927	3.38139925230793
3.71709773403525	-0.711070420386053	4.25421530479896
4.05889982452125	0.0122072175173571	2.44754711223011
3.68657969024186	2.49637598229953	2.905317769131
3.64080262455177	2.00503547722591	2.54215304798962
5.1117723353933	2.92973220416571	0.955214770733196
3.10673685816739	3.30205233844511	1.36110475318532
0.561532005798428	1.29396505683986	-0.515754940108339
1.68459601739528	0.219729915312428	-2.11184863050278
-0.787365529869535	-1.12001220721752	-2.09353780422675
-1.9653620202945	-2.05691615167468	-3.99176012817578
-1.24513618677043	-2.01724269474327	-4.04974441138323
-1.49233234149691	-0.827038986800946	-2.5482566567483
0.00305180437933928	-0.155642023346304	-4.33966582742046
0.311284046692607	1.46181429770352	-4.56549935149157
1.46181429770352	0.125123979552911	-8.22766460669871
2.65506981002518	3.02128633554589	-5.36202029449912
3.076218814374	2.00808728160525	-5.27962157625696
3.39665827420462	1.97451743343252	-5.54512855725948
4.06195162890059	2.79850461585412	-3.37529564354925
3.42412451361868	1.80361638818952	-1.58999008163577
3.77508201724269	1.025406271458	-4.17792019531548
4.68757152666514	0.741588464179446	-2.68558785381857
4.62653543907836	1.05897611963073	-2.78019378957809
4.48920424200809	2.09048599984741	-1.08949416342412
5.24299992370489	2.27054245822843	-1.47707331960021
5.40779736018921	3.04875257495994	-2.35904478522927
6.86961165789273	3.34172579537652	-2.72220950637064
3.88799877927825	0.967421988250553	-4.06500343327993
2.60013733119707	-1.9501029983978	-6.31418326085298
1.60219729915312	-1.67238879987793	-5.67940794995041
-0.527962157625696	-3.81780727855344	-6.50644693675135
-1.25429159990845	-3.63775082017243	-8.47180895704585
-1.879911497673	-2.78934920271611	-8.1727321278706
-2.30106050202182	-2.67032883192187	-7.46471351186389
-0.0152590218966964	0.250247959105821	-2.905317769131
1.77309834439612	0.906385900663767	-3.38139925230793
3.09452964065003	1.01319905394064	-3.40581368734264
5.52681773098344	3.68963149462119	0.970473792629892
5.3833829251545	3.57671473258564	-4.05279621576257
5.66109712367437	5.07820248722057	-2.40482185091936
6.05477988860914	6.97032120241093	1.84634164950027
8.51758602273594	8.05065995269703	3.03654535744259
11.4259555962463	9.04554818036164	3.70183871213855
10.9803921568627	10.3089951934081	5.50545510032807
8.84412909132525	7.81567101548791	2.89311055161364
10.2204928664073	8.43213550011444	4.0009155413138
9.53688868543526	6.90928511482414	4.68146791790646
7.27855344472419	3.81780727855344	2.09964141298543
7.58068207827878	3.20439459830625	3.03044174868391
7.34569314106966	1.75173571374075	1.87380788891432
7.02220187685969	1.12916762035554	0.869764248111696
6.28061341268025	0.772106507972839	0.146486610208286
4.72419317921721	-0.286869611657893	-2.63675898374914
3.80254825665675	-0.296025024795911	-2.17593652246891
1.95315480277714	-3.39665827420462	-5.2674143587396
1.7242694743267	-3.91241321431296	-6.04562447547112
-0.29907682917525	-4.68146791790646	-6.34164950026703
-1.74868390936141	-6.61326009002823	-5.12703135729
-2.26749065384909	-7.62035553521019	-9.82375829709316
-3.55840390630961	-9.02113374532692	-8.94483863584344
-3.88799877927825	-10.8949416342412	-11.1818112458991
-1.75478751812009	-8.14221408407721	-10.3852903028916
-1.32753490501259	-7.75158312352178	-7.76379034103914
-1.84634164950027	-7.30601968413825	-7.28160524910353
-1.65102616922255	-5.30708781567102	-5.84115358205539
-2.91752498664836	-5.76180666819257	-6.11886778057526
-0.250247959105821	-3.6743724727245	-8.98146028839551
1.21461814297704	-3.00297550926986	-8.57557030594339
1.69069962615396	-4.40985732814527	-11.4076447699702
3.00297550926986	-1.52895399404898	-10.1411459525444
1.02235446707866	-2.10574502174411	-10.8155947203784
1.8646524757763	-2.09353780422675	-12.1126115815976
1.72732127870604	-2.17898832684825	-10.6019684138247
0.836194399938964	-2.64286259250782	-10.0129701686122
1.44655527580682	-2.09964141298543	-10.1991302357519
1.29091325246052	-1.61745632104982	-6.48813611047532
-1.15358205539025	-3.18608377203021	-7.38536659800107
-2.20950637064164	-2.68558785381857	-7.13511863889525
-2.4078736552987	-2.27054245822843	-4.04669260700389
-1.22682536049439	-2.81681544213016	-5.64888990615702
-1.54421301594568	-2.84428168154421	-5.05683985656519
-2.34378576333257	-3.54009308003357	-1.8097199969482
0.378423743038071	-1.60219729915312	-2.79545281147478
-0.866712443732357	-2.58182650492103	-2.78934920271611
-1.19935912108034	-2.66117341878386	-3.45464255741207
0.98268101014725	0.0793469138628214	-1.03150988021668
-0.106813153276875	1.36110475318532	0.488288700694285
1.49843595025559	1.92568856336309	1.32753490501259
2.98161287861448	4.00701915007248	3.49431601434348
4.40375371938659	5.12397955291066	4.25421530479896
6.78416113527123	7.03746089875639	5.32845044632639
6.99778744182498	6.55832761120012	5.10261692225528
5.98764019226368	4.69367513542382	5.3528648813611
6.25925078202487	3.19218738078889	4.15655756466011
5.25215533684291	3.52483405813687	2.42313267719539
5.77096208133059	2.11795223926146	0.460822461280232
6.84214541847868	2.11490043488212	-1.74563210498207
5.0110627908751	1.27260242618448	-2.63675898374914
4.72114137483787	-0.354009308003357	-6.9062333104448
3.66826886396582	-2.31631952391852	-7.98962386511025
0.463874265659571	-4.67841611352712	-9.53688868543526
0.991836423285267	-4.97749294270237	-12.5337605859464
2.14847028305486	-3.71709773403525	-10.2204928664073
-0.238040741588464	-3.82696269169146	-8.65796902418555
-0.0183108262760357	-1.45571068894484	-8.08422980086976
0.711070420386053	-2.26443884946975	-6.12802319371328
-0.247196154726482	-2.74662394140536	-8.19104295414664
-0.677500572213321	-1.87075608453498	-6.83604180972
-1.95925841153582	-2.55436026550698	-6.88487067978943
-1.59304188601511	-2.88090333409628	-8.6854352635996
-2.10574502174411	-2.53910124361028	-7.39757381551843
-2.75883115892271	-2.27359426260777	-6.79026474402991
-1.07118333714809	-1.85244525825895	-8.42603189135576
-0.540169375143053	-0.341802090486	-5.42000457770657
1.08033875028611	0.543221179522393	-1.60524910353246
3.24406805523766	1.48012512397955	1.07423514152743
3.10978866254673	0.814831769283589	2.79850461585412
4.77912565804532	1.68764782177462	1.68459601739528
5.85336079957275	2.43839169909209	2.23086900129702
3.54314488441291	1.01625085831998	2.36514839398795
5.14534218356603	1.76394293125811	0.833142595559625
5.80453192950332	1.13832303349355	3.72625314717327
3.80254825665675	0.424200808728161	2.1515220874342
2.66117341878386	-1.53505760280766	1.7944609750515
-2.26138704509041	-2.38651102464332	-0.262455176623178
-3.77813382162203	-4.09857328145266	-3.759822995346
-3.57976653696498	-3.79949645227741	-7.15953307392996
-4.89509422446021	-4.35492484931716	-9.36598764019226
-5.00801098649577	-4.08026245517662	-11.3954375524529
-4.37018387121385	-3.59197375448234	-13.1532768749523
-4.55024032959487	-4.72419317921721	-14.3587396047913
-5.64278629739834	-5.75570305943389	-13.5927367055772
-7.03440909437705	-7.18089570458534	-9.86037994964523
-9.74746318760967	-7.90112153810941	-10.9224078736553
-9.71389333943694	-8.68238345922026	-8.59693293659876
-9.25001907377737	-7.22056916151675	-6.08834973678187
-6.14328221560998	-5.98458838788434	-6.88487067978943
-2.85648889906157	-3.15556572823682	-3.97650110627909
0	-1.56557564660105	-2.16678110933089
2.59708552681773	0.85145342183566	-3.03349355306325
2.35904478522927	1.90737773708705	-3.03349355306325
1.22682536049439	1.90432593270771	-3.53398947127489
1.12001220721752	2.55436026550698	-2.43533989471275
0.958266575112535	1.63576714732586	-0.955214770733196
3.0914778362707	0.881971465629053	-1.08033875028611
3.60112916762036	0.72632944228275	3.94293125810636
5.84420538643473	1.66628519111925	3.72930495155261
7.44640268558785	1.5228503852903	1.08644235904479
6.90318150606546	1.74868390936141	2.00808728160525
6.80857557030594	2.4078736552987	-0.253299763485161
7.66613260090028	1.36415655756466	-1.20546272983902
2.95414663920043	-1.34279392690929	-2.67948424505989
1.66018158236057	-5.24910353246357	-6.61326009002823
-0.122072175173571	-6.28976882581826	-5.08430609597925
-2.55130846112764	-9.00282291905089	-6.86655985351339
-3.30815594720378	-8.66407263294423	-9.32021057450218
-3.21049820706493	-7.12596322575723	-5.16975661860075
-2.30106050202182	-6.42710002288853	-5.56649118791485
-1.00099183642329	-4.61738002594034	-6.42404821850919
-3.36614023041123	-5.59090562294957	-5.32234683756771
-4.65094987411307	-6.20126649881743	-5.48714427405203
-2.07522697795071	-4.46478980697337	-4.79133287556268
-2.40177004654002	-4.68146791790646	-2.4933241779202
-2.6642252231632	-4.36102845807584	-5.98764019226368
0.802624551766232	-0.280766002899214	-0.994888227664607
0.588998245212482	-2.92668039978637	-3.46684977492943
1.03761348897536	-2.60929274433509	-5.29488059815366
-0.466926070038911	-3.11589227130541	-3.76592660410468
-2.67338063630121	-3.93682764934768	-4.18097199969482
-0.491340505073625	-0.933852140077821	-1.70595864805066
0.622568093385214	0.531013962005035	-2.24612802319371
1.4679179064622	0.85145342183566	-0.76600289921416
3.20744640268559	1.7944609750515	0.729381246662089
4.62043183031968	-0.646982528419928	-0.442511635004196
3.7445639734493	-2.36820019836728	-2.09048599984741
3.86358434424353	-2.95109483482109	-2.11795223926146
-0.604257267109178	-4.63263904783703	-4.02532997634852
-1.31532768749523	-4.65094987411307	-7.43114366369116
-1.8951705195697	-5.47798886091402	-7.35790035858701
-1.81277180132753	-5.83199816891737	-7.43114366369116
-0.38452735179675	-6.30502784771496	-8.12085145342184
0.668345159075303	-6.57358663309682	-5.11482413977264
1.70290684367132	-6.11276417181659	-5.83199816891737
2.88395513847562	-3.90020599679561	-3.37834744792859
2.42618448157473	-3.05790798809796	-1.80361638818952
2.88090333409628	-0.494392309452964	-2.59098191805905
4.70588235294118	1.85244525825895	0.0244144350347143
4.73945220111391	2.12405584802014	-0.393682764934768
7.2632944228275	4.53803311207752	1.40383001449607
5.89913786526284	3.70489051651789	0.967421988250553
7.52880140383001	3.12199588006409	2.50553139543755
9.28053711757076	6.76585030899519	5.54207675288014
8.35278858625162	6.51255054551003	5.45967803463798
7.63866636148623	5.25825894560159	4.57770656900893
7.38841840238041	4.26337071793698	3.56450751506828
5.8960860608835	3.06706340123598	3.95513847562371
6.62851911192493	1.37026016632334	-1.44960708018616
5.81368734264134	1.59304188601511	-1.62661173418784
6.06088349736782	0.915541313801785	-3.29289692530709
6.0517280842298	3.10673685816739	-1.35500114442664
5.31929503318837	5.0965133134966	2.7496757457847
5.74959945067521	3.45159075303273	0.869764248111696
5.25520714122225	3.35698481727321	4.66315709163043
3.80254825665675	2.18204013122759	3.83611810482948
2.221713588159	0.643930724040589	-0.241092545967803
1.1261158159762	-0.106813153276875	0.0244144350347143
2.17898832684825	1.12306401159686	-1.09254596780346
5.23994811932555	4.60822461280232	4.63569085221637
6.48203250171664	2.93583581292439	7.16868848706798
5.88693064774548	2.07522697795071	6.69260700389105
7.20836194399939	3.60418097199969	8.7861448081178
4.63569085221637	-0.198367284657053	6.14938582436866
5.17280842298009	-0.341802090486	1.99282825970855
5.77706569008927	1.13832303349355	1.73037308308537
5.27351796749828	-0.500495918211643	1.2817578393225
7.39757381551843	0.839246204318303	0.943007553215839
7.25108720531014	0.0366216525520714	2.33768215457389
5.93881132219425	0.540169375143053	1.83413443198291
5.97848477912566	1.51979858091096	1.65102616922255
5.26436255436027	1.16273746852827	3.66826886396582
6.41184100099184	0.63782711528191	2.58182650492103
6.07003891050584	-0.109864957656214	2.58793011367971
6.21957732509346	-0.799572747386893	0.881971465629053
5.58480201419089	-0.744640268558785	0.411993591210803
5.24910353246357	-1.46486610208286	-0.967421988250553
3.80865186541543	-3.19523918516823	-0.265506981002518
3.32646677347982	-1.57778286411841	-0.00610360875867857
3.85748073548486	-0.857557030594339	-0.192263675898375
2.6337071793698	-1.29396505683986	0.180056458381018
1.92263675898375	-1.42824444953079	1.37636377508202
1.48622873273823	-0.63782711528191	-0.607309071488518
2.29495689326314	-0.485236896314946	-1.20851453421836
1.72732127870604	-3.81780727855344	-0.579842832074464
-0.476081483176928	-5.67635614557107	-2.392614633402
-0.631723506523232	-6.13412680247196	-1.13221942473487
-3.247119859617	-7.22667277027543	-1.9501029983978
-2.53910124361028	-6.19516289005875	-2.85038529030289
-2.65506981002518	-4.3579766536965	-0.38452735179675
-3.00907911802853	-4.40070191500725	0.793469138628214
-2.16372930495155	-4.05279621576257	-3.93377584496834
-0.592050049591821	-2.61844815747311	-0.497444113832303
0.167849240863661	-4.20233463035019	-2.69474326695659
0.0976577401388571	-5.48104066529335	-1.46486610208286
-2.45365072098878	-7.04356450751507	-2.22476539253834
0.540169375143053	-6.28671702143893	-0.546272983901732
0.0152590218966964	-5.94796673533227	-2.15762569619287
-1.30312046997787	-5.97238117036698	-1.10170138094148
1.38551918822004	-4.82185091935607	-0.89723048752575
0.0976577401388571	-5.08125429159991	0.994888227664607
-0.399786373693446	-4.8401617456321	1.31837949187457
-1.01625085831998	-5.20332646677348	1.84023804074159
-2.44144350347143	-5.23689631494621	1.57778286411841
-2.92057679102769	-4.87983520256352	0.81177996490425
-3.44243533989471	-3.70794232089723	0.662241550316625
-5.70687418936446	-4.88288700694286	1.9501029983978
-5.67940794995041	-5.76791027695125	0.0518806744487678
-5.32234683756771	-5.83504997329671	1.22072175173571
-5.30098420691234	-8.17883573662928	-1.34279392690929
-4.55329213397421	-7.12596322575723	-0.7690547035935
-2.83207446402686	-4.75165941863127	0.81177996490425
-1.84328984512093	-3.90630960555428	1.7242694743267
-3.10368505378805	-3.97650110627909	2.08133058670939
-3.8300144960708	-4.15655756466011	2.96635385671778
-3.27153429465171	-4.11993591210803	2.89921416037232
-2.13015945677882	-5.12703135729	1.35805294880598
-1.87380788891432	-5.21858548867018	-1.97146562905318
1.17799649042496	-4.84321355001144	0.619516289005875
-0.106813153276875	-5.94796673533227	-2.31326771953918
2.44144350347143	-4.8401617456321	-2.90226596475166
-1.35805294880598	-5.09040970473793	-3.12504768444343
-3.79949645227741	-7.38841840238041	-3.26848249027237
-4.04974441138323	-7.37621118486305	-0.927748531319142
-5.38643472953384	-8.14526588845655	-3.42107270923934
-5.36507209887846	-9.44533455405509	-3.62249179827573
-6.5491721980621	-9.399557488365	-3.19523918516823
-7.83703364614328	-10.0068665598535	-3.30205233844511
-7.01304646372168	-6.81773098344396	-3.02433813992523
-5.83199816891737	-6.11276417181659	-3.61943999389639
-5.80453192950332	-8.01098649576562	-5.09956511787594
-5.63057907988098	-6.71396963454643	-4.37018387121385
-3.88799877927825	-6.32944228274968	-4.81879911497673
-1.86770428015564	-6.665140764477	-5.61837186236362
-0.775158312352178	-4.44037537193866	-1.55642023346304
-0.265506981002518	-3.59807736324102	-1.31837949187457
1.77004654001678	-1.6235599298085	-0.738536659800107
4.38849469748989	-1.30617227435721	0.5981536583505
3.247119859617	-1.61745632104982	-1.55031662470436
4.26031891355764	0.100709544518196	0.228885328450446
4.12298771648737	0.503547722590982	5.58175020981155
4.65094987411307	1.69069962615396	3.91241321431296
4.45868619821469	3.69878690775921	6.51255054551003
2.35904478522927	1.68764782177462	5.68856336308843
2.72831311512932	2.35904478522927	4.01007095445182
-0.653086137178607	0.360112916762036	2.76798657206073
-1.39467460135805	-3.47295338368811	-1.38551918822004
-1.76699473563745	-5.08125429159991	-2.11184863050278
-2.1362630655375	-4.24200808728161	-0.869764248111696
-0.170901045243	-2.22476539253834	-3.99176012817578
-1.74563210498207	-2.95109483482109	-4.20233463035019
0.0915541313801785	-0.912489509422446	-2.69169146257725
0.274662394140536	-0.781261921110857	-0.515754940108339
-2.76188296330205	-2.50247959105821	-1.03150988021668
-2.8351262684062	-4.49225604638743	-0.827038986800946
-5.27046616311894	-5.50240329594873	1.08033875028611
-7.84924086366064	-7.34264133669032	-0.5981536583505
-6.74143587396048	-6.85130083161669	-4.67536430914778
-6.1371786068513	-7.27550164034485	-3.38750286106661
-5.22774090180819	-6.10666056305791	-5.42610818646525
-1.76089112687877	-3.35088120851453	-3.85137712672618
-1.23903257801175	-1.55031662470436	-1.8951705195697
-0.732433051041428	-0.402838178072786	-0.970473792629892
0.729381246662089	1.70290684367132	3.44853894865339
0.842298008697642	0.149538414587625	2.16067750057221
1.67544060425727	1.9653620202945	1.76699473563745
0.402838178072786	0.210574502174411	2.3071641107805
-2.41702906843671	-0.958266575112535	1.67544060425727
-2.42313267719539	0.259403372243839	2.95414663920043
-5.03852903028916	-1.37941557946136	2.28885328450446
-4.19623102159152	-3.66521705958648	0.845349813076982
-2.63675898374914	-4.32440680552377	1.5533684290837
-2.40177004654002	-5.6946669718471	0.518806744487678
-0.836194399938964	-5.20332646677348	-1.1108567940795
-1.26344701304646	-3.70794232089723	-3.63164721141375
-1.879911497673	-3.25017166399634	-3.6591134508278
-0.991836423285267	1.08949416342412	-1.88601510643168
0.909437705043107	-0.0671396963454643	0.552376592660411
1.40688181887541	0.579842832074464	2.02029449912261
2.97856107423514	-1.31837949187457	4.53498130769818
0.408941786831464	-3.24101625085832	3.15861753261616
1.35500114442664	-1.94705119401846	1.97451743343252
-0.308232242313268	-2.67643244068055	-0.7690547035935
-0.76600289921416	-3.07927061875334	-1.46486610208286
0.219729915312428	-2.25528343633173	-0.537117570763714
0.506599526970321	-3.39665827420462	3.08232242313268
0.143434805828946	-4.56244754711223	1.33669031815061
1.27870603494316	-4.49530785076677	3.30205233844511
1.4679179064622	-3.11589227130541	6.52780956740673
1.65407797360189	-2.86259250782025	3.46074616617075
0.354009308003357	-1.78835736629282	6.67429617761502
-0.402838178072786	-3.23796444647898	3.22575722896162
-1.03150988021668	-2.05691615167468	3.62554360265507
-1.63576714732586	-4.24811169604028	1.24513618677043
-0.0183108262760357	-3.77203021286336	-1.45571068894484
1.34584573128862	-2.52384222171359	-2.13015945677882
2.29495689326314	-3.18303196765087	-0.643930724040589
5.15754940108339	-0.131227588311589	0.515754940108339
5.13923857480736	0.573739223315785	5.18196383611811
5.66109712367437	1.55642023346304	5.17280842298009
4.07110704203861	1.82803082322423	3.82085908293278
2.97245746547646	0.433356221866178	3.08232242313268
2.33768215457389	0.180056458381018	1.05287251087205
3.37834744792859	-0.170901045243	0.912489509422446
3.53093766689555	0.247196154726482	0.38452735179675
6.97947661554894	2.01419089036393	2.10574502174411
6.7353322652018	2.62455176623178	4.79133287556268
6.14328221560998	2.17593652246891	6.21347371633478
5.90829327840085	2.91447318226902	5.26436255436027
4.66315709163043	1.08033875028611	6.48203250171664
2.62149996185245	0.0244144350347143	4.69672693980316
2.34378576333257	-0.836194399938964	5.82589456015869
2.39871824216068	-1.45876249332418	4.74250400549325
1.76394293125811	-1.70595864805066	0.943007553215839
1.16884107728695	-2.16372930495155	1.9653620202945
-0.0183108262760357	-2.81681544213016	0.268558785381857
0.704966811627375	-3.10368505378805	-1.30312046997787
1.88906691081102	-3.07316700999466	2.4628061341268
2.14236667429618	-3.25932707713436	0.741588464179446
3.15556572823682	-2.89311055161364	0.613412680247196
2.44449530785077	-3.79034103913939	0.473029678797589
1.85244525825895	-4.00396734569314	-1.9653620202945
-0.308232242313268	-4.67841611352712	-3.17387655451286
0.0274662394140536	-4.48920424200809	-2.02029449912261
0.12817578393225	-3.3478294041352	-0.946059357595178
-1.04982070649271	-4.58075837338827	-0.0671396963454643
0.466926070038911	-4.71808957045853	-0.646982528419928
1.88906691081102	-3.81475547417411	1.25429159990845
2.41092545967803	-4.14435034714275	1.80361638818952
3.85748073548486	-3.70489051651789	1.58999008163577
4.36408026245518	-3.22880903334096	2.35904478522927
3.03654535744259	-2.36209658960861	0.674448767833982
3.83306630045014	-1.57167925535973	3.46379797055009
4.60212100404364	0.0488288700694285	4.02227817196918
7.87670710307469	2.15457389181353	4.92256046387427
8.95094224460212	3.47600518806744	7.45860990310521
5.82589456015869	2.88395513847562	5.45662623025864
5.90524147402152	3.45464255741207	3.88799877927825
3.57976653696498	2.60624093995575	1.92568856336309
2.23392080567636	2.09964141298543	2.9755092698558
-0.125123979552911	-0.317387655451286	2.78629739833677
0.0915541313801785	-0.650034332799268	3.38139925230793
0.927748531319142	-2.83817807278553	2.07827878233005
-1.17189288166629	-4.66926070038911	1.87380788891432
-2.0355535210193	-5.27962157625696	1.13832303349355
-0.527962157625696	-6.22873273823148	-0.796520943007553
-2.12405584802014	-5.61226825360494	1.57473105973907
-0.747692072938125	-4.5136186770428	0.750743877317464
-1.92263675898375	-4.93476768139162	-0.00610360875867857
0.311284046692607	-5.41390096894789	1.17189288166629
1.6083009079118	-5.32539864194705	0.387579156176089
2.97856107423514	-3.76592660410468	1.31227588311589
5.23079270618753	-1.94399938963912	3.71709773403525
7.19615472648203	-0.927748531319142	3.04570077058061
5.72823682001984	-0.546272983901732	1.37026016632334
5.59395742732891	-0.729381246662089	4.73334859235523
5.74044403753719	-0.717174029144732	4.36713206683452
6.21957732509346	-1.196307316701	5.41695277332723
6.17074845502403	-0.80872816052491	4.30914778362707
5.7801174944686	1.73037308308537	5.95712214847028
7.74853131914244	2.2919050888838	5.76485847257191
7.62035553521019	0.869764248111696	3.32951857785916
5.52071412222477	0.537117570763714	3.32951857785916
3.07927061875334	-2.86259250782025	1.52895399404898
4.05889982452125	-3.05790798809796	1.36415655756466
1.56557564660105	-5.52681773098344	1.67238879987793
0.64087891966125	-5.78316929884794	0.247196154726482
1.33669031815061	-4.04364080262455	3.02433813992523
0.424200808728161	-2.89616235599298	2.905317769131
-0.793469138628214	-3.01213092240787	1.42214084077211
-1.07423514152743	-5.34370946822309	-0.292973220416571
