1.42824444953079	0.973525597009232	1.99893186846723
0.549324788281071	0.692759594110018	0.64087891966125
-0.0457770656900893	0.064087891966125	-1.30006866559854
-0.708018616006714	0.372320134279393	-0.732433051041428
-0.875867856870375	0.653086137178607	3.7445639734493
2.30411230640116	0.860608834973678	1.73952849622339
2.93583581292439	2.56046387426566	4.55329213397421
0.885023270008392	1.26039520866712	2.27359426260777
1.10170138094148	1.98977645532921	0.854505226215
-0.683604180972	0.744640268558785	0
-0.338750286106661	0.540169375143053	-1.34584573128862
-1.03761348897536	-0.219729915312428	-0.216678110933089
0.701915007248035	0.451667048142214	1.75478751812009
0.866712443732357	0.604257267109178	1.48317692835889
0.89417868314641	0.820935378042267	1.05897611963073
-0.0549324788281071	2.26749065384909	1.94705119401846
-0.0610360875867857	3.10063324940871	2.26138704509041
0.0823987182421607	3.05180437933928	1.91348134584573
-1.1108567940795	3.20439459830625	-1.53200579842832
3.51262684061952	2.96635385671778	-4.12909132524605
0.854505226215	2.20035095750362	1.90127412832837
2.38040741588464	2.85954070344091	0.799572747386893
3.35088120851453	3.01823453116655	1.88296330205234
3.4027618829633	3.62249179827573	4.05279621576257
3.39055466544594	3.92156862745098	4.8706797894255
1.29396505683986	3.54314488441291	2.74662394140536
0.98268101014725	2.92362859540703	-0.64087891966125
1.39162279697871	2.61234454871443	2.44144350347143
2.42618448157473	1.2970168612192	1.84023804074159
1.67238879987793	3.17998016327153	3.17692835889219
2.10574502174411	3.1616693369955	3.05790798809796
0.314335851071946	1.87380788891432	1.367208361944
0.177004654001679	1.74258030060273	-0.326543068589303
4.14740215152209	1.65102616922255	-2.4628061341268
-0.527962157625696	-0.524910353246357	1.54421301594568
1.57167925535973	0.503547722590982	0.900282291905089
1.77615014877546	0.781261921110857	0.366216525520714
0.885023270008392	1.34279392690929	3.64385442893111
-1.81887541008621	0.280766002899214	2.27969787136645
-0.582894636453803	0.790417334248875	1.38857099259937
0.396734569314107	0.192263675898375	2.64591439688716
0.903334096284428	1.27565423056382	-0.833142595559625
1.18715190356298	1.10170138094148	1.90737773708705
0.921644922560464	2.21255817502098	3.75066758220798
1.05592431525139	2.34683756771191	2.8900587472343
1.1108567940795	3.37834744792859	1.66933699549859
0.579842832074464	2.90836957351034	-1.58083466849775
0.421149004348821	2.88090333409628	-3.42717631799802
0.231937132829786	1.44655527580682	0.231937132829786
-1.74258030060273	1.58999008163577	0.357061112382696
3.26237888151369	-0.396734569314107	-1.03761348897536
1.34889753566796	0.442511635004196	2.78019378957809
0.122072175173571	-0.222781719691768	1.30617227435721
0.497444113832303	0.686655985351339	-0.491340505073625
0.2563515678645	1.51369497215228	-1.22987716487373
-1.83108262760357	2.0355535210193	3.80254825665675
-0.827038986800946	1.95925841153582	1.66628519111925
0.170901045243	2.27664606698711	4.49225604638743
0.903334096284428	1.82192721446555	2.18509193560693
0.857557030594339	1.01625085831998	1.72121766994736
-0.161745632104982	-0.0488288700694285	-0.390630960555428
-0.0762951094834821	-0.506599526970321	0.506599526970321
-0.921644922560464	1.4679179064622	-4.05584802014191
2.14847028305486	1.34584573128862	2.29800869764248
1.23598077363241	1.17494468604562	2.23392080567636
1.80056458381018	2.45059891660945	3.07011520561532
1.5533684290837	1.30312046997787	4.75165941863127
-0.137331197070268	0.750743877317464	3.93682764934768
0.0305180437933928	0.253299763485161	1.79751277943084
-0.0793469138628214	0.369268329900053	-1.00404364080262
0.799572747386893	0.112916762035554	-2.31937132829786
0.238040741588464	0.451667048142214	0.326543068589303
-0.0518806744487678	1.20241092545968	0.671396963454643
0.167849240863661	0.946059357595178	-0.802624551766232
0.451667048142214	1.0406652933547	-0.823987182421607
-0.924696726939803	1.72121766994736	0.0305180437933928
-4.55634393835355	1.41298542763409	-3.67742427710384
0.674448767833982	0.720225833524071	1.27565423056382
-2.00503547722591	0.817883573662928	0.448615243762875
-3.55230029755093	0.064087891966125	-0.869764248111696
-3.10063324940871	-1.14747844663157	-0.558480201419089
-3.29289692530709	-1.11696040283818	-1.11696040283818
-3.01823453116655	-1.01625085831998	-1.73952849622339
-2.80766002899214	-1.44045166704814	-2.09048599984741
-1.81582360570687	-0.149538414587625	0.72632944228275
-1.00709544518196	-0.463874265659571	-0.943007553215839
-0.524910353246357	-0.64087891966125	0.701915007248035
-1.0101472495613	-0.399786373693446	0.311284046692607
-3.31425955596246	-1.87075608453498	-3.65300984206912
-4.62958724345769	-1.97451743343252	-2.15762569619287
-6.45151445792325	-3.17692835889219	-3.68963149462119
-2.81071183337148	-3.61638818951705	-8.46265354390784
-2.5482566567483	-1.74868390936141	-2.96635385671778
-1.77615014877546	-1.74868390936141	-1.85854886701762
0.567635614557107	-1.04371709773404	-2.40482185091936
0.338750286106661	-0.183108262760357	-0.994888227664607
-2.08133058670939	-0.738536659800107	0.848401617456321
-2.62760357061112	-0.573739223315785	0.0762951094834821
-1.68459601739528	-0.372320134279393	-0.125123979552911
0.228885328450446	0.631723506523232	2.67948424505989
-0.833142595559625	-0.585946440833143	-0.735484855420768
-1.20241092545968	0.112916762035554	-0.04272526131075
-2.50858319981689	-0.387579156176089	0.314335851071946
-3.03959716182193	-1.60524910353246	-2.82597085526818
-4.58991378652628	-0.863660639353018	-2.4780651560235
-2.34378576333257	-0.747692072938125	2.17593652246891
-1.90737773708705	-0.686655985351339	1.19325551232166
-3.27458609903105	-0.97962920576791	-2.78934920271611
-0.823987182421607	-0.927748531319142	-0.143434805828946
0.222781719691768	-1.12916762035554	1.6083009079118
-1.48928053711757	-1.2970168612192	-0.665293354695964
-0.961318379491875	-1.62050812542916	1.75783932249943
-0.274662394140536	-1.15053025101091	2.01419089036393
-3.18913557640955	-2.58182650492103	-3.10063324940871
-2.60929274433509	-0.906385900663767	-2.27359426260777
-2.27054245822843	-1.31532768749523	-1.4373998626688
-3.92156862745098	-1.49538414587625	-3.19829098954757
-2.48722056916152	-1.00709544518196	0.97962920576791
-4.40070191500725	-1.07118333714809	0.0762951094834821
-4.38239108873121	-2.04165712977798	-2.09658960860609
-3.98870832379644	-2.91752498664836	-4.29083695735103
-4.41596093690394	-2.2064545662623	-8.56336308842603
-3.17082475013352	-2.72831311512932	-4.51056687266346
-2.80155642023346	-1.45571068894484	-3.16777294575418
-2.35904478522927	-1.58388647287709	-3.18913557640955
-2.49637598229953	-0.418097199969482	-1.55031662470436
-2.31021591515984	0.378423743038071	-0.296025024795911
-0.946059357595178	-0.314335851071946	-0.967421988250553
-3.45159075303273	-1.33669031815061	-3.03349355306325
-2.89921416037232	-1.34584573128862	-3.79949645227741
-3.6591134508278	-1.61440451667048	-1.04676890211337
-5.94491493095293	-1.58693827725643	-3.07011520561532
-6.08224612802319	-1.41298542763409	-3.92156862745098
-2.31937132829786	-1.49843595025559	-2.91447318226902
-3.46379797055009	-0.59510185397116	-5.37727931639582
-3.759822995346	-1.37941557946136	-8.02319371328298
0.308232242313268	0.183108262760357	-0.701915007248035
-0.228885328450446	0.665293354695964	0.5981536583505
0.250247959105821	0.207522697795071	0.0183108262760357
0.601205462729839	0.967421988250553	1.96841382467384
0.619516289005875	0.46997787441825	2.52689402609293
0.390630960555428	0.689707789730678	0.631723506523232
-0.332646677347982	0.143434805828946	2.24612802319371
-1.01930266269932	-0.848401617456321	-2.30106050202182
-0.738536659800107	-1.34889753566796	-2.45059891660945
-1.26955062180514	-1.85549706263828	-3.17387655451286
-3.41191729610132	-2.53910124361028	-4.83710994125277
1.60524910353246	-1.33058670939193	-7.79125658045319
-1.37941557946136	-1.24818799114977	-0.0122072175173571
0.0762951094834821	-0.231937132829786	1.21766994735637
1.01625085831998	0.473029678797589	0.717174029144732
-0.735484855420768	0.479133287556268	1.05897611963073
-1.46486610208286	-0.173952849622339	0.250247959105821
0.274662394140536	0.64087891966125	-2.12405584802014
-0.12817578393225	-0.512703135729	-1.44655527580682
-0.717174029144732	-0.372320134279393	0.662241550316625
-1.16273746852827	-0.80872816052491	-1.0406652933547
-0.167849240863661	-0.579842832074464	-3.10978866254673
-0.399786373693446	-0.820935378042267	-1.79751277943084
-1.11390859845884	-1.08339055466545	-3.25017166399634
-1.39467460135805	-0.830090791180285	-4.63569085221637
1.95315480277714	-0.964370183871214	-2.53910124361028
-1.90127412832837	-2.33463035019455	-8.032349126421
-0.973525597009232	-3.11284046692607	-3.09758144502937
-0.363164721141375	-3.05180437933928	-1.10170138094148
-0.906385900663767	-2.32547493705653	-0.927748531319142
-1.77309834439612	-2.71610589761196	0.674448767833982
-1.78530556191348	-2.27359426260777	0.167849240863661
-0.442511635004196	-0.857557030594339	0.616464484626535
0.155642023346304	-1.06813153276875	-0.747692072938125
-0.241092545967803	-2.45365072098878	-1.30617227435721
-1.88906691081102	-2.90226596475166	-1.68459601739528
-1.64187075608453	-4.14435034714275	-1.37636377508202
-4.60212100404364	-4.95918211642634	-4.19317921721218
-3.28068970778973	-4.75776302738994	-3.20134279392691
0.170901045243	-2.43228809033341	-0.387579156176089
-1.82192721446555	-1.26344701304646	-1.40077821011673
1.04371709773404	-0.396734569314107	-2.23392080567636
2.06912336919203	1.68459601739528	-5.62142366674296
1.87380788891432	1.74258030060273	0.970473792629892
1.71816586556802	2.71610589761196	1.93789578088045
2.12405584802014	2.11795223926146	0.488288700694285
2.12710765239948	1.61440451667048	4.0863660639353
1.85244525825895	0.531013962005035	0.659189745937285
1.73342488746471	0.00305180437933928	-1.78225375753414
2.55130846112764	-0.320439459830625	-4.42206454566262
0.842298008697642	-0.265506981002518	-1.47402151522087
1.22682536049439	0.344853894865339	-0.631723506523232
-0.241092545967803	0.296025024795911	2.16983291371023
-3.2318608377203	-0.0335698481727321	-1.97146562905318
-3.79339284351873	-2.32547493705653	-2.41092545967803
-4.91035324635691	-2.88395513847562	-2.9755092698558
-4.29388876173037	-3.98565651941711	-9.79324025329976
-3.30205233844511	-3.4882124055848	-2.78019378957809
-3.97039749752041	-3.69268329900053	-0.759899290455482
-5.58175020981155	-4.01007095445182	-0.64087891966125
-3.96734569314107	-3.3325703822385	-2.19424734874495
-4.35492484931716	-3.76287479972534	-3.17082475013352
-2.563515678645	-3.41191729610132	-3.6591134508278
-3.41496910048066	-3.43938353551537	-4.97749294270237
-2.52079041733425	-3.29594872968643	-5.42915999084459
-0.683604180972	-1.95620660715648	-3.97955291065843
-0.283817807278553	-2.77103837644007	-1.90432593270771
-2.57572289616236	-2.7496757457847	-4.46173800259403
-1.33058670939193	-3.05180437933928	-6.43015182726787
0.976577401388571	-3.17082475013352	-4.73640039673457
-1.76699473563745	-2.5482566567483	-7.71190966659037
-0.454718852521553	-2.4078736552987	0.839246204318303
-0.799572747386893	-2.34378576333257	1.58693827725643
-1.00404364080262	-1.196307316701	2.87785152971695
-3.21965362020295	-4.15960936903944	1.18410009918364
-6.31723506523232	-4.27557793545434	2.1362630655375
-4.15655756466011	-5.4535744258793	-4.00396734569314
-7.0771343556878	-5.74959945067521	-4.87983520256352
-4.63569085221637	-5.60006103608759	-6.53696498054475
-4.4281681544213	-4.81269550621805	-4.5838101777676
-3.84832532234684	-3.08537422751202	-1.46486610208286
-3.69878690775921	-2.734416723888	-2.58487830930037
-3.93377584496834	-0.643930724040589	-1.97756923781186
-2.79850461585412	-1.11696040283818	-5.38948653391318
-1.4373998626688	-0.997940032043946	0.0366216525520714
-1.69985503929198	-0.210574502174411	1.37636377508202
-0.0671396963454643	-1.42214084077211	-1.78530556191348
-0.0793469138628214	-0.994888227664607	-0.0152590218966964
0.613412680247196	-0.885023270008392	1.22072175173571
-1.49538414587625	-2.28580148012512	-2.9907682917525
-2.24307621881437	-1.8951705195697	-1.86160067139696
-1.08644235904479	-2.56961928740368	-0.137331197070268
-0.396734569314107	-2.64591439688716	-1.87075608453498
-0.418097199969482	-2.24002441443503	0.347905699244678
-2.25223163195239	-2.3071641107805	-0.433356221866178
-3.94293125810636	-3.3478294041352	-2.23392080567636
-5.11787594415198	-3.51873044937819	-1.025406271458
-3.53093766689555	-3.61943999389639	-1.29091325246052
-6.91233691920348	-5.22774090180819	-0.80872816052491
-4.03448538948653	-4.79743648432135	-3.66521705958648
-2.41702906843671	-4.8401617456321	-7.48607614251926
-5.15449759670405	-4.37018387121385	-2.61234454871443
-3.52788586251621	-4.00701915007248	-2.65506981002518
-2.61844815747311	-3.79339284351873	-4.82795452811475
-1.44350347142748	-1.7242694743267	-0.531013962005035
-1.20241092545968	-2.62760357061112	-0.335698481727321
0.0915541313801785	-1.0101472495613	-2.31937132829786
-0.677500572213321	-1.21461814297704	-2.35599298084993
-2.16983291371023	-1.63271534294652	-1.48012512397955
-3.94903486686503	-1.40993362325475	-0.885023270008392
-3.0914778362707	-2.31631952391852	-1.10170138094148
0.0183108262760357	-1.84634164950027	-3.97650110627909
-0.869764248111696	-1.49538414587625	-1.39467460135805
-0.625619897764553	-0.695811398489357	-1.09254596780346
-1.11390859845884	-1.28480964370184	-4.96833752956436
-0.869764248111696	-0.900282291905089	1.27260242618448
-2.38040741588464	-0.546272983901732	2.55130846112764
-1.879911497673	-1.03456168459602	0.631723506523232
-1.33058670939193	-1.10475318532082	2.21255817502098
-1.48012512397955	-1.99893186846723	2.19729915312428
-1.20546272983902	-1.15053025101091	0.286869611657893
-1.95315480277714	-1.1810482948043	-1.12001220721752
-2.56656748302434	-1.69985503929198	0.543221179522393
-1.196307316701	-1.42824444953079	1.17494468604562
-4.42511635004196	-0.479133287556268	2.66727702754253
-2.02334630350195	-0.0457770656900893	0.387579156176089
-1.47402151522087	-1.66323338673991	-6.93064774547952
-0.686655985351339	-0.906385900663767	-0.784313725490196
1.30617227435721	-0.363164721141375	1.83108262760357
1.66323338673991	-0.576791027695125	2.2064545662623
0.747692072938125	-1.06507972838941	2.63675898374914
-0.119020370794232	-0.561532005798428	4.22980086976425
-1.76699473563745	-0.668345159075303	1.20851453421836
-1.64797436484321	-1.66628519111925	-3.70794232089723
-1.38551918822004	-1.20241092545968	-0.701915007248035
-2.52689402609293	-2.19424734874495	1.1810482948043
-2.86259250782025	-3.10978866254673	-1.92263675898375
-4.14740215152209	-2.60013733119707	0.421149004348821
-5.14839398794537	-2.65812161440452	-0.195315480277714
-3.28984512092775	-3.04570077058061	-0.949111161974517
-2.85038529030289	-3.07927061875334	0.0610360875867857
-4.03753719386587	-2.77409018081941	-2.27359426260777
-3.35393301289387	-3.03654535744259	0.448615243762875
-1.74258030060273	-0.72632944228275	1.91348134584573
-2.7191577019913	-1.31837949187457	-0.491340505073625
-3.07927061875334	-1.47096971084154	1.37026016632334
-2.31937132829786	-0.204470893415732	1.73342488746471
-1.98367284657053	-0.80872816052491	0.323491264209964
-2.80155642023346	-2.25223163195239	-0.125123979552911
-1.99893186846723	-0.5981536583505	2.8900587472343
-2.84733348592355	-0.820935378042267	2.28274967574578
-1.7242694743267	-0.436408026245518	0.579842832074464
-0.29907682917525	0.0244144350347143	2.01724269474327
-1.39162279697871	1.08644235904479	-0.619516289005875
1.93789578088045	0.0732433051041428	-1.14747844663157
-1.96231021591516	-0.106813153276875	-0.0183108262760357
-2.05386434729534	-0.665293354695964	-3.95208667124437
-0.906385900663767	-1.22987716487373	2.38956282902266
-0.943007553215839	-0.375371938658732	0.778210116731518
-2.84122987716487	-1.25429159990845	2.14541847867552
-0.961318379491875	-2.04470893415732	1.63576714732586
-2.17898832684825	-2.34683756771191	2.74052033264668
-1.67849240863661	-3.07927061875334	1.2817578393225
-3.44548714427405	-2.3071641107805	0.842298008697642
-1.59609369039445	-2.28274967574578	0.0122072175173571
-3.11894407568475	-2.40177004654002	1.879911497673
-3.86053253986419	-1.01625085831998	3.14946211947814
-1.78225375753414	0.177004654001679	2.9907682917525
-1.72121766994736	-0.610360875867857	-1.43434805828946
-3.26848249027237	-1.26344701304646	1.7242694743267
-2.49027237354086	0.149538414587625	4.08026245517662
-0.85145342183566	0.177004654001679	3.60418097199969
-2.46890974288548	-0.0671396963454643	3.79644464789807
-0.967421988250553	-0.85145342183566	3.13115129320211
-3.97955291065843	-1.87685969329366	1.17799649042496
-3.46074616617075	-2.24612802319371	0.729381246662089
-3.80865186541543	-3.70183871213855	0.204470893415732
-3.28679331654841	-4.84626535439078	-0.631723506523232
-3.65300984206912	-3.98565651941711	-0.29907682917525
-3.64995803768978	-3.51262684061952	-0.991836423285267
-2.91447318226902	-2.44144350347143	-0.2563515678645
-3.88189517051957	-2.26749065384909	0.524910353246357
-0.265506981002518	-2.39871824216068	1.75173571374075
-0.567635614557107	-1.95620660715648	2.3071641107805
-0.0732433051041428	-1.8097199969482	-2.91752498664836
-1.33363851377127	-1.95620660715648	5.06904707408255
-1.23598077363241	-1.58693827725643	0.943007553215839
-2.25528343633173	-1.96841382467384	1.36110475318532
-4.29388876173037	-2.1362630655375	4.54413672083619
-3.21660181582361	-2.47196154726482	2.82902265964752
-1.16578927290761	-1.96841382467384	3.56145571068894
-0.903334096284428	-0.991836423285267	1.7242694743267
-0.0488288700694285	-1.23598077363241	4.75776302738994
-0.543221179522393	-1.05897611963073	2.19424734874495
-3.85137712672618	-0.515754940108339	3.44548714427405
2.31937132829786	-0.888075074387732	2.18204013122759
0.479133287556268	-0.265506981002518	2.92362859540703
-1.10780498970016	0.0762951094834821	2.91142137788968
0.610360875867857	-0.823987182421607	0.396734569314107
0.0762951094834821	-1.5533684290837	4.03143358510719
-0.4272526131075	-2.50858319981689	3.52178225375753
-1.36415655756466	-2.56961928740368	1.7944609750515
-0.155642023346304	-2.41702906843671	2.62455176623178
-0.772106507972839	-2.52689402609293	3.43633173113603
-0.491340505073625	-2.42923628595407	2.41397726405737
0.943007553215839	-2.76188296330205	1.08033875028611
-0.488288700694285	-1.84328984512093	1.70290684367132
0.527962157625696	-1.65712977798123	2.4078736552987
0.610360875867857	-1.10170138094148	5.49629968719005
3.94293125810636	-0.442511635004196	2.92668039978637
0.55542839703975	-0.488288700694285	1.58999008163577
2.03860532539864	-0.55542839703975	-0.561532005798428
2.33157854581521	-1.32143129625391	-0.656137941557946
2.66727702754253	0.775158312352178	3.87273975738155
1.76394293125811	1.55947203784237	5.31319142442969
2.40177004654002	0.579842832074464	4.07415884641794
-0.81177996490425	-0.421149004348821	3.15556572823682
-0.912489509422446	-1.196307316701	3.5736629282063
-0.210574502174411	-2.44449530785077	2.42008087281605
-0.585946440833143	-2.13931486991684	3.21049820706493
-0.332646677347982	-0.833142595559625	4.36408026245518
1.44655527580682	0.476081483176928	6.10666056305791
0.573739223315785	0.784313725490196	-0.369268329900053
-0.00610360875867857	0.89723048752575	0.738536659800107
1.13221942473487	-0.122072175173571	0.0854505226215
-1.71206225680934	-0.0549324788281071	-1.67544060425727
-0.433356221866178	-2.29800869764248	-0.021362630655375
-0.152590218966964	-1.48928053711757	2.45059891660945
-0.415045395590143	-1.92263675898375	0.860608834973678
-0.0549324788281071	-2.28580148012512	-0.860608834973678
-0.97962920576791	-2.45365072098878	-1.88296330205234
0.823987182421607	-1.37331197070268	-0.381475547417411
1.025406271458	-1.48928053711757	-1.21766994735637
0.927748531319142	-0.823987182421607	-0.457770656900893
-1.36415655756466	-0.137331197070268	1.31837949187457
-1.58083466849775	1.32753490501259	1.4679179064622
1.91653315022507	1.55642023346304	1.37941557946136
-1.08339055466545	1.53505760280766	1.18715190356298
0.280766002899214	2.01419089036393	2.38651102464332
1.40993362325475	0.375371938658732	-2.13931486991684
0.845349813076982	-0.38452735179675	-2.68253604943923
0.756847486076142	-0.546272983901732	0.0152590218966964
2.14847028305486	-0.134279392690929	-1.62966353856718
-0.250247959105821	0.112916762035554	-0.115968566414893
-0.00610360875867857	-0.323491264209964	2.18814373998627
0.109864957656214	0.0152590218966964	1.88601510643168
-0.512703135729	0.0366216525520714	2.46890974288548
-1.55947203784237	-1.84328984512093	0.949111161974517
0.177004654001679	-2.08743419546807	-1.96231021591516
-1.01625085831998	-1.50148775463493	0.579842832074464
3.09452964065003	-1.95315480277714	-0.732433051041428
0.561532005798428	-1.35500114442664	1.17799649042496
0.515754940108339	-0.601205462729839	0.668345159075303
1.13221942473487	-0.546272983901732	1.23903257801175
0.921644922560464	1.01319905394064	-3.91241321431296
1.11696040283818	0.7690547035935	-1.2970168612192
0.72327763790341	1.71816586556802	2.48416876478218
1.75783932249943	2.14236667429618	2.44144350347143
3.77813382162203	1.8951705195697	4.98970016021973
2.46890974288548	0.0671396963454643	7.79125658045319
0.308232242313268	-0.964370183871214	2.43228809033341
-0.164797436484321	-2.73746852826734	-2.3773556115053
-1.8951705195697	-4.956130312047	-4.80048828870069
-3.46379797055009	-3.9154650186923	-2.89921416037232
-3.69573510337987	-4.28778515297169	-1.95315480277714
-0.869764248111696	-3.56145571068894	-4.09857328145266
-2.21560997940032	-2.98161287861448	-2.51468680857557
0.683604180972	-2.18204013122759	-4.74250400549325
2.38345922026398	-1.49538414587625	-2.73746852826734
-0.625619897764553	-3.29594872968643	-1.29396505683986
-0.573739223315785	-2.35599298084993	0.80872816052491
-1.06813153276875	-2.18509193560693	-0.512703135729
-1.87380788891432	-1.86160067139696	-1.63576714732586
-1.93179217212177	-1.56252384222171	-2.96330205233845
-2.36514839398795	-1.46181429770352	-4.47699702449073
-3.6743724727245	-1.37331197070268	-5.41390096894789
-3.17082475013352	-0.912489509422446	-1.74258030060273
-4.83100633249409	-1.60524910353246	-1.49538414587625
-0.463874265659571	-0.381475547417411	-1.91348134584573
-0.265506981002518	-0.500495918211643	-2.3224231326772
1.7242694743267	0.634775310902571	1.14747844663157
1.23292896925307	-1.23903257801175	-3.35698481727321
2.20035095750362	0.0152590218966964	-4.14129854276341
1.77004654001678	0.369268329900053	1.35805294880598
-2.28885328450446	-1.49233234149691	0.564583810177768
-1.20851453421836	-2.30106050202182	-3.59502555886168
-2.51163500419623	-2.95414663920043	-1.85854886701762
-2.02944991226062	-4.28473334859236	-1.95315480277714
-1.44045166704814	-4.84321355001144	-3.5736629282063
-1.93484397650111	-3.94903486686503	-6.12497138933394
0.152590218966964	-3.54314488441291	-3.91851682307164
-0.436408026245518	-2.37430380712596	-3.69878690775921
-1.62661173418784	-1.71206225680934	-3.54619668879225
1.62966353856718	-2.33463035019455	-0.857557030594339
-0.38452735179675	-1.45876249332418	-1.32753490501259
-0.512703135729	-2.80766002899214	-1.26344701304646
0.228885328450446	-3.33562218661784	-4.65400167849241
-0.753795681696803	-4.42206454566262	-2.78019378957809
-2.91752498664836	-4.43427176317998	-1.27870603494316
-2.82902265964752	-4.36102845807584	-2.94804303044175
-1.48012512397955	-3.17998016327153	0.567635614557107
-1.58693827725643	-2.44144350347143	1.27565423056382
-1.15968566414893	-2.04776073853666	0.244144350347143
-0.677500572213321	-2.20950637064164	-0.698863202868696
-0.656137941557946	-3.21965362020295	-4.26947432669566
-2.96330205233845	-3.01518272678721	-2.50247959105821
-2.81376363775082	-4.25116350041962	-7.4036774242771
-0.848401617456321	-4.41290913252461	-4.46173800259403
-2.43533989471275	-3.86358434424353	-6.02121004043641
-1.77309834439612	-4.29694056610971	-10.6111238269627
-1.92874036774243	-3.85137712672618	-1.71816586556802
-4.72114137483787	-3.61943999389639	-1.93484397650111
-4.13824673838407	-4.1870756084535	-4.76691844052796
-4.80659189745937	-3.52178225375753	-2.51468680857557
-3.27153429465171	-2.43228809033341	-4.22369726100557
-3.4027618829633	-2.28274967574578	-4.02838178072786
-2.56656748302434	-1.58388647287709	-6.98558022430762
-3.36003662165255	-0.656137941557946	-3.77203021286336
-4.80354009308003	-0.924696726939803	-4.58686198214694
-1.4373998626688	0.103761348897536	-3.15251392385748
-0.912489509422446	0.360112916762036	-1.78225375753414
-0.234988937209125	1.42824444953079	-1.49843595025559
1.73952849622339	1.06813153276875	-1.0955977721828
0.488288700694285	0.72632944228275	-1.81887541008621
-1.62966353856718	0.704966811627375	0.775158312352178
-1.67238879987793	0.393682764934768	6.25925078202487
-0.842298008697642	-0.228885328450446	3.759822995346
1.33058670939193	-0.04272526131075	3.66216525520714
-1.83108262760357	0.277714198519875	3.52483405813687
0.0579842832074464	0.0457770656900893	-0.805676356145571
1.03761348897536	-0.344853894865339	-2.72526131074998
0.00610360875867857	-1.72732127870604	-5.98458838788434
-1.54116121156634	-1.54116121156634	-3.09452964065003
-2.88395513847562	-0.80872816052491	-3.56450751506828
-1.20546272983902	-1.2817578393225	-5.09346150911727
-1.05287251087205	-1.06813153276875	-4.70893415732052
-5.92965590905623	-1.82497901884489	-5.27656977187762
-4.70283054856184	-0.170901045243	-7.77904936293584
-2.91142137788968	-0.991836423285267	-4.53803311207752
-4.43427176317998	0.451667048142214	-1.74563210498207
-4.86762798504616	1.61440451667048	-3.20439459830625
-3.3325703822385	1.07118333714809	-2.07217517357137
-2.09658960860609	1.31837949187457	-2.92668039978637
-0.973525597009232	1.71511406118868	0.775158312352178
-0.7690547035935	2.33768215457389	-0.521858548867018
-1.19325551232166	1.90737773708705	-1.42214084077211
-0.558480201419089	2.72526131074998	-1.76089112687877
-0.802624551766232	4.27862973983368	2.50858319981689
3.92156862745098	3.33562218661784	1.43129625391012
0.76600289921416	3.68963149462119	0.463874265659571
4.14740215152209	4.01922636758984	2.26443884946975
4.63569085221637	3.86968795300221	-1.45571068894484
4.23285267414359	3.35088120851453	5.84115358205539
2.46890974288548	2.87479972533761	3.35393301289387
1.48012512397955	2.03250171663996	-0.274662394140536
0.778210116731518	2.2369726100557	3.95208667124437
-0.692759594110018	1.879911497673	3.31120775158312
-0.961318379491875	0.848401617456321	0.393682764934768
-2.73746852826734	0.906385900663767	-0.976577401388571
-2.050812542916	1.05592431525139	1.09864957656214
-1.93179217212177	0.335698481727321	-1.39162279697871
-4.31219958800641	0.0793469138628214	-1.64492256046387
-0.320439459830625	0.0610360875867857	0.537117570763714
-1.3519493400473	1.538109407187	0.0366216525520714
-0.653086137178607	0.546272983901732	-0.631723506523232
0.711070420386053	0.604257267109178	-3.21965362020295
0.485236896314946	0.7690547035935	-6.23178454261082
0.393682764934768	0.677500572213321	-1.2115663385977
-0.0854505226215	0.46997787441825	-1.40077821011673
-0.225833524071107	-0.357061112382696	-0.857557030594339
-0.625619897764553	0.576791027695125	3.07927061875334
-0.518806744487678	0.280766002899214	3.9154650186923
-2.18814373998627	0.72632944228275	2.26443884946975
-0.396734569314107	0.912489509422446	0.845349813076982
0.869764248111696	0.55542839703975	1.48622873273823
-2.62455176623178	0.854505226215	1.93789578088045
-1.58999008163577	0.900282291905089	4.64484626535439
2.26749065384909	0.106813153276875	-0.271610589761196
-0.854505226215	-1.06202792401007	0.0915541313801785
1.76089112687877	0.46997787441825	1.60524910353246
3.076218814374	0.610360875867857	-1.61745632104982
3.0609597924773	0.378423743038071	-1.48928053711757
2.27664606698711	1.75783932249943	1.40993362325475
1.025406271458	1.10170138094148	-1.50759136339361
1.10475318532082	0.738536659800107	-0.592050049591821
0.216678110933089	1.19935912108034	-0.180056458381018
-1.19020370794232	-0.81177996490425	-0.625619897764553
-1.78225375753414	-0.0457770656900893	-3.89715419241627
-2.6337071793698	0.375371938658732	-1.91958495460441
-2.59403372243839	0.408941786831464	-0.943007553215839
-0.0885023270008393	2.27969787136645	3.3478294041352
-1.65407797360189	2.00503547722591	3.81780727855344
0.875867856870375	2.70389868009461	0.714122224765393
1.40383001449607	1.47402151522087	0.457770656900893
-0.839246204318303	0.552376592660411	2.54215304798962
0.170901045243	0.408941786831464	2.53299763485161
0.369268329900053	-0.0610360875867857	2.24917982757305
-0.134279392690929	-0.875867856870375	1.88296330205234
-0.317387655451286	0.238040741588464	2.96940566109712
-0.582894636453803	-1.54421301594568	2.71000228885328
0.958266575112535	-1.40688181887541	1.40383001449607
-0.155642023346304	-2.00198367284657	3.25322346837568
-0.955214770733196	-3.05485618371862	2.85343709468223
-1.88601510643168	-2.72526131074998	1.72121766994736
-2.28885328450446	-2.50553139543755	2.4078736552987
1.44350347142748	-1.6937514305333	1.65407797360189
0.976577401388571	-0.674448767833982	2.55130846112764
-0.0946059357595178	0.0305180437933928	1.02235446707866
3.10063324940871	0.9399557488365	1.69680323491264
3.35698481727321	0.59510185397116	2.87479972533761
2.74357213702602	1.41908903639277	1.33974212252995
3.32951857785916	0.720225833524071	3.79949645227741
4.72419317921721	0.302128633554589	3.98870832379644
3.61028458075837	0.225833524071107	4.5838101777676
3.19218738078889	0.860608834973678	1.80361638818952
1.75173571374075	1.70290684367132	1.66628519111925
0.408941786831464	2.44449530785077	2.75883115892271
-2.74662394140536	2.07522697795071	3.53704127565423
-1.48928053711757	2.63675898374914	5.36507209887846
-0.579842832074464	0.158693827725643	-3.83306630045014
-2.55741206988632	-0.814831769283589	-0.265506981002518
-1.38857099259937	-1.25123979552911	2.80766002899214
-0.106813153276875	-2.07217517357137	-0.564583810177768
-1.83413443198291	-2.17288471808957	1.80056458381018
-0.488288700694285	-2.49027237354086	4.90730144197757
-0.888075074387732	-3.11284046692607	1.11390859845884
0.445563439383536	-2.16983291371023	1.31532768749523
1.65712977798123	-1.53200579842832	4.06805523765927
2.89921416037232	0.234988937209125	5.11787594415198
2.61844815747311	0.0396734569314107	3.85748073548486
1.07728694590677	-0.195315480277714	2.48722056916152
1.71206225680934	0.311284046692607	2.58487830930037
-2.050812542916	-1.6235599298085	-4.83405813687343
1.04676890211337	-1.80056458381018	1.90737773708705
-1.01625085831998	-1.05592431525139	4.49835965514611
1.9653620202945	-2.02029449912261	2.16678110933089
2.31631952391852	-1.16578927290761	4.23285267414359
2.05691615167468	-1.30922407873655	1.52590218966964
1.34584573128862	-1.37026016632334	2.72831311512932
1.59609369039445	-1.29091325246052	1.75173571374075
0.0885023270008393	-1.17494468604562	2.68863965819791
0.653086137178607	-1.97451743343252	3.74761577782864
-0.369268329900053	-1.83718623636225	1.88906691081102
-0.717174029144732	-1.41603723201343	1.34279392690929
-1.51369497215228	-2.41092545967803	0.958266575112535
-1.78225375753414	-2.8046082246128	-4.32135500114443
-3.47905699244678	-3.65606164644846	-2.05691615167468
-3.81780727855344	-3.79034103913939	3.02738994430457
1.0955977721828	-3.49431601434348	1.42519264515145
-3.70794232089723	-4.30304417486839	2.67948424505989
-0.946059357595178	-2.01724269474327	3.09758144502937
1.13527122911421	-0.820935378042267	2.74357213702602
0.854505226215	0.610360875867857	4.33356221866178
0.448615243762875	0.531013962005035	2.20340276188296
1.62661173418784	0.732433051041428	3.10368505378805
1.19020370794232	0.411993591210803	4.02838178072786
1.50453955901427	-0.271610589761196	3.96734569314107
2.21866178377966	-0.335698481727321	0.592050049591821
1.84939345387961	0.921644922560464	-1.37636377508202
0.460822461280232	1.40993362325475	0.784313725490196
-0.860608834973678	2.33768215457389	4.39154650186923
2.2919050888838	3.11894407568475	3.57061112382696
0.0244144350347143	2.82597085526818	1.78835736629282
1.19325551232166	4.20538643472953	5.81673914702068
2.2064545662623	3.9154650186923	5.15449759670405
0.781261921110857	2.34988937209125	-0.518806744487678
0.552376592660411	2.99687190051118	1.58388647287709
-0.433356221866178	2.3773556115053	2.24002441443503
-1.49538414587625	2.16067750057221	2.30106050202182
-0.756847486076142	1.54421301594568	0.167849240863661
-0.296025024795911	3.18913557640955	2.6642252231632
-1.44350347142748	3.71709773403525	1.91653315022507
-0.454718852521553	3.76897840848402	3.33562218661784
0.418097199969482	3.86053253986419	2.53910124361028
0.955214770733196	2.41397726405737	-1.24818799114977
-1.7792019531548	2.01419089036393	0.787365529869535
-0.271610589761196	2.20340276188296	2.82597085526818
-0.326543068589303	1.71816586556802	2.5482566567483
-0.38452735179675	3.01823453116655	3.05180437933928
1.97451743343252	4.84321355001144	4.30609597924773
3.75677119096666	5.21553368429084	5.20027466239414
3.95208667124437	5.73128862439918	2.07522697795071
1.18715190356298	4.53192950331884	0.659189745937285
1.74563210498207	5.59395742732891	2.67338063630121
0.827038986800946	4.54718852521553	4.30609597924773
1.30006866559854	3.70183871213855	1.59609369039445
1.37941557946136	5.10872053101396	2.10269321736477
4.26642252231632	5.71297779812314	1.30617227435721
3.45464255741207	5.30403601129168	0.778210116731518
2.35294117647059	5.28877698939498	2.31631952391852
2.18204013122759	4.15960936903944	0.50965133134966
-0.0152590218966964	2.45670252536812	-2.61844815747311
-3.60112916762036	1.97146562905318	1.03456168459602
-1.73647669184405	1.58083466849775	-0.167849240863661
-1.95925841153582	1.0406652933547	0.9399557488365
-2.95719844357977	1.64797436484321	0.973525597009232
-1.39772640573739	1.98367284657053	0.408941786831464
-0.399786373693446	2.00198367284657	1.48317692835889
0.04272526131075	2.38651102464332	-0.399786373693446
-0.955214770733196	1.81277180132753	-0.00915541313801785
-0.363164721141375	2.29800869764248	0.546272983901732
1.96841382467384	3.51262684061952	-0.576791027695125
2.01113908598459	3.39665827420462	1.45571068894484
-1.47707331960021	3.26848249027237	0.314335851071946
-0.457770656900893	3.98565651941711	-1.05592431525139
-1.11390859845884	3.57976653696498	-4.22674906538491
-3.51262684061952	4.37628747997253	4.67841611352712
0.0396734569314107	4.38239108873121	1.1810482948043
-0.119020370794232	4.52582589456016	3.25627527275502
0.0976577401388571	4.00701915007248	3.59807736324102
1.34889753566796	4.60822461280232	2.54520485236896
2.43228809033341	3.20439459830625	0.579842832074464
0.494392309452964	3.68657969024186	-0.0976577401388571
0.112916762035554	3.61333638513771	-0.567635614557107
0.354009308003357	1.87075608453498	0.524910353246357
1.8097199969482	2.49637598229953	0.802624551766232
-0.448615243762875	1.15968566414893	2.20035095750362
0.973525597009232	0.686655985351339	0.29907682917525
0.286869611657893	0.552376592660411	-1.8646524757763
0.201419089036393	0.0701915007248035	1.7242694743267
-1.33669031815061	-0.0152590218966964	5.79842832074464
1.66933699549859	-1.6235599298085	0.985732814526589
-0.463874265659571	-0.81177996490425	3.54619668879225
0.747692072938125	-1.13221942473487	2.27054245822843
1.0955977721828	-0.451667048142214	4.44037537193866
0.622568093385214	0.823987182421607	-0.283817807278553
0.363164721141375	1.73952849622339	1.62661173418784
1.63576714732586	2.34683756771191	1.09254596780346
2.22781719691768	2.48722056916152	1.73647669184405
2.52384222171359	3.43938353551537	0.741588464179446
3.08842603189136	4.27862973983368	1.0955977721828
1.6937514305333	4.29388876173037	1.5533684290837
1.94399938963912	4.71808957045853	1.20241092545968
2.08438239108873	5.33455405508507	-0.650034332799268
0.201419089036393	4.48310063324941	4.58686198214694
3.38750286106661	3.59197375448234	2.29800869764248
-0.125123979552911	1.02845807583734	-1.58083466849775
0.125123979552911	0.268558785381857	0.683604180972
-0.115968566414893	-0.0915541313801785	1.15358205539025
-1.61440451667048	-0.650034332799268	-2.4078736552987
-0.701915007248035	-0.793469138628214	-2.52994583047227
-1.65407797360189	-0.0671396963454643	0.158693827725643
-0.109864957656214	-0.164797436484321	1.33058670939193
-0.286869611657893	-0.497444113832303	0.360112916762036
-0.296025024795911	-0.573739223315785	0.89417868314641
-0.820935378042267	0.271610589761196	1.65407797360189
-1.2664988174258	1.15663385976959	0.943007553215839
-1.61135271229114	0.781261921110857	0.238040741588464
-3.85442893110552	0.482185091935607	-5.8960860608835
1.6235599298085	0.415045395590143	3.53704127565423
-0.588998245212482	0.836194399938964	0.143434805828946
-0.320439459830625	0.241092545967803	-0.918593118181125
2.38345922026398	1.20546272983902	2.98771648737316
3.29900053406577	0.567635614557107	-0.177004654001679
0.103761348897536	0.918593118181125	-1.67544060425727
0.00610360875867857	2.02029449912261	-1.05592431525139
2.0660715648127	2.05691615167468	0.506599526970321
2.21866178377966	2.76798657206073	1.33058670939193
1.26955062180514	1.77309834439612	3.33562218661784
0.479133287556268	1.58388647287709	2.37125200274662
0.9399557488365	-0.479133287556268	-1.57167925535973
1.73952849622339	-1.56252384222171	-3.48516060120546
-1.13221942473487	-2.73136491950866	-6.0517280842298
-3.78118562600137	-2.98771648737316	-1.30922407873655
-1.16578927290761	-4.22980086976425	-2.27664606698711
-0.735484855420768	-4.956130312047	-1.1810482948043
-0.567635614557107	-3.37834744792859	-1.025406271458
-0.0762951094834821	-3.22575722896162	-2.55741206988632
1.33974212252995	-0.531013962005035	-1.16884107728695
1.33669031815061	1.6937514305333	-1.50453955901427
0.921644922560464	3.43022812237736	-1.15358205539025
1.14442664225223	4.12909132524605	3.28679331654841
-0.131227588311589	2.45059891660945	0.512703135729
0.848401617456321	1.73952849622339	-1.20546272983902
-0.497444113832303	-0.854505226215	-5.39253833829252
-0.646982528419928	-0.866712443732357	-5.74349584191653
0.717174029144732	-0.650034332799268	0.271610589761196
0	-1.30922407873655	-2.48111696040284
-0.561532005798428	-0.350957503624018	-2.00198367284657
0.0671396963454643	-0.714122224765393	-1.70595864805066
-1.25123979552911	-1.47402151522087	-1.40077821011673
0.238040741588464	-0.7690547035935	-2.04165712977798
-0.665293354695964	-1.77004654001678	-4.20843823910887
0.848401617456321	-1.19020370794232	-3.54924849317159
-0.579842832074464	-0.683604180972	-0.250247959105821
-0.857557030594339	-1.63576714732586	-1.88296330205234
-2.08743419546807	-2.67643244068055	-3.23796444647898
-1.16884107728695	-1.65712977798123	-2.29800869764248
-0.546272983901732	-0.775158312352178	1.18715190356298
-1.22072175173571	-2.04165712977798	-2.00503547722591
-2.39871824216068	-2.00503547722591	0.0885023270008393
-0.357061112382696	-2.11184863050278	-3.61638818951705
-3.26237888151369	-3.03959716182193	0.271610589761196
-2.01724269474327	-3.2318608377203	0.430304417486839
-4.19317921721218	-2.81376363775082	-2.01113908598459
-2.52689402609293	-3.26237888151369	-0.772106507972839
-2.32852674143587	-3.21049820706493	-3.59807736324102
-2.03860532539864	-3.53398947127489	-4.53192950331884
-1.62050812542916	-4.04058899824521	-3.91851682307164
-1.62966353856718	-2.34988937209125	-3.90630960555428
-1.07423514152743	-2.17288471808957	-2.43839169909209
-2.30411230640116	-1.24513618677043	0.491340505073625
-0.747692072938125	-0.787365529869535	-0.12817578393225
0.720225833524071	-1.05592431525139	-3.62859540703441
1.19325551232166	-0.274662394140536	-1.23598077363241
1.09864957656214	0.192263675898375	-3.20439459830625
0.857557030594339	-0.0579842832074464	-4.64789806973373
-0.845349813076982	-0.152590218966964	0.219729915312428
-2.18204013122759	-1.04982070649271	-2.64286259250782
-1.34889753566796	-1.48012512397955	-1.17799649042496
-2.30106050202182	-2.24002441443503	-1.70290684367132
-2.6642252231632	-2.14236667429618	-1.92874036774243
-1.13221942473487	-0.747692072938125	-1.41908903639277
-0.903334096284428	-1.60524910353246	-3.36308842603189
-0.775158312352178	-0.711070420386053	-1.21461814297704
-1.538109407187	-1.57167925535973	-1.04371709773404
-0.72327763790341	-2.15762569619287	-4.05889982452125
-1.51674677653162	-1.8951705195697	-1.40993362325475
-1.64797436484321	-1.69985503929198	-4.24505989166094
-1.19935912108034	-0.436408026245518	-4.52277409018082
1.1261158159762	0.750743877317464	1.23292896925307
1.18715190356298	0.344853894865339	-3.88799877927825
0.0762951094834821	0.683604180972	-2.98161287861448
-1.24818799114977	0.350957503624018	1.50759136339361
-3.05180437933928	-0.29907682917525	-1.41298542763409
-0.216678110933089	-1.10475318532082	0.588998245212482
-2.22476539253834	-0.573739223315785	2.88395513847562
0.29907682917525	-1.17494468604562	-1.44960708018616
2.42618448157473	-1.33974212252995	-0.918593118181125
1.79140917067216	-1.25123979552911	-0.997940032043946
0.5981536583505	-1.61135271229114	-0.695811398489357
0.314335851071946	-1.74868390936141	-1.31532768749523
0.588998245212482	-1.77615014877546	-2.17898832684825
-0.753795681696803	-0.55542839703975	-0.198367284657053
-0.436408026245518	-1.65407797360189	-2.60929274433509
-0.558480201419089	-0.833142595559625	-2.38345922026398
-0.137331197070268	0.210574502174411	-0.268558785381857
-0.921644922560464	0.531013962005035	-2.74052033264668
-1.14137483787289	0.863660639353018	-7.07103074692912
-0.650034332799268	1.98367284657053	3.93987945372702
0.900282291905089	-0.0579842832074464	-0.167849240863661
0.021362630655375	-0.869764248111696	-1.50453955901427
1.30006866559854	-1.31837949187457	0.76600289921416
0.881971465629053	-1.09254596780346	0.259403372243839
-0.0488288700694285	-0.64087891966125	-3.38750286106661
-0.476081483176928	0.622568093385214	-0.286869611657893
-0.0152590218966964	1.58083466849775	1.29091325246052
0.265506981002518	2.60929274433509	2.62149996185245
0.738536659800107	0.628671702143893	0.0518806744487678
-0.711070420386053	-0.271610589761196	-1.1810482948043
-0.201419089036393	-0.76600289921416	-2.66117341878386
-0.173952849622339	-1.35805294880598	-2.1210040436408
-0.790417334248875	-2.01724269474327	-0.570687418936446
-2.19119554436561	-0.683604180972	-2.60624093995575
0.347905699244678	-1.19020370794232	-3.89715419241627
1.35805294880598	0.268558785381857	2.03250171663996
0.488288700694285	-0.888075074387732	-5.19111924925612
1.03456168459602	-0.311284046692607	-1.58388647287709
0.903334096284428	0.546272983901732	-0.778210116731518
-1.64492256046387	1.80056458381018	-0.912489509422446
-2.15762569619287	1.49843595025559	-2.07217517357137
-2.86564431219959	2.04776073853666	0.0885023270008393
-1.52895399404898	0.476081483176928	-0.228885328450446
-0.885023270008392	1.15358205539025	1.02845807583734
-0.833142595559625	1.44960708018616	2.36514839398795
-1.31227588311589	0.912489509422446	3.16472114137484
1.44045166704814	1.54116121156634	-0.109864957656214
3.23491264209964	1.88906691081102	1.538109407187
2.66117341878386	0.772106507972839	0.827038986800946
0.772106507972839	0.448615243762875	-0.836194399938964
2.8198672465095	-0.247196154726482	-0.610360875867857
0.146486610208286	0.207522697795071	-2.26749065384909
0.924696726939803	1.71511406118868	-3.99786373693446
2.40482185091936	0.781261921110857	1.05592431525139
-0.109864957656214	1.55642023346304	0.506599526970321
2.31021591515984	1.37636377508202	3.36614023041123
1.93484397650111	0.918593118181125	1.73952849622339
3.41802090486	1.10170138094148	2.26443884946975
6.03952086671244	2.18204013122759	3.54619668879225
6.23483634699016	2.20340276188296	2.73746852826734
5.7251850156405	2.34683756771191	-0.738536659800107
3.39665827420462	2.46890974288548	1.57167925535973
1.31227588311589	2.95414663920043	2.43839169909209
-0.900282291905089	1.24208438239109	0.778210116731518
-4.62653543907836	0.628671702143893	0.518806744487678
-3.03044174868391	0.653086137178607	-3.18608377203021
-1.88906691081102	1.01930266269932	2.96330205233845
-0.839246204318303	1.13527122911421	5.78316929884794
0.753795681696803	1.72121766994736	3.66521705958648
-0.268558785381857	1.94094758525978	3.47295338368811
1.85854886701762	1.01930266269932	3.4882124055848
3.10673685816739	0.543221179522393	1.73037308308537
4.89509422446021	0.665293354695964	0.949111161974517
8.21545738918135	1.39772640573739	-1.33974212252995
8.47180895704585	2.08438239108873	0.613412680247196
4.89204242008087	2.0355535210193	2.02029449912261
3.47600518806744	1.36110475318532	0.04272526131075
1.879911497673	0.775158312352178	0.46997787441825
-0.38452735179675	0.0579842832074464	-0.823987182421607
0.381475547417411	-0.476081483176928	2.37430380712596
-2.10879682612345	-0.653086137178607	1.52590218966964
0.518806744487678	-0.570687418936446	2.6337071793698
-1.4373998626688	-1.42519264515145	1.28786144808118
-1.62966353856718	-2.14236667429618	-3.4027618829633
1.05287251087205	-2.34378576333257	3.4882124055848
1.43129625391012	-2.38345922026398	0.161745632104982
1.30922407873655	-1.22377355611505	-2.50858319981689
1.90127412832837	-0.396734569314107	-0.805676356145571
0.543221179522393	0.0457770656900893	-1.7944609750515
1.80056458381018	0.222781719691768	-2.734416723888
1.66933699549859	0.46997787441825	-3.11894407568475
0.662241550316625	-0.369268329900053	-1.05897611963073
0.0762951094834821	0.567635614557107	-0.631723506523232
-0.564583810177768	0.0457770656900893	-0.454718852521553
1.21461814297704	0.0305180437933928	-3.8452735179675
2.47196154726482	1.24513618677043	-1.64797436484321
3.57671473258564	0.177004654001679	4.02838178072786
4.42511635004196	0.802624551766232	3.02433813992523
4.29083695735103	1.17799649042496	1.4373998626688
3.88494697489891	0.857557030594339	3.13115129320211
-0.109864957656214	0.0122072175173571	0.231937132829786
0.146486610208286	0.967421988250553	0.143434805828946
-2.68253604943923	-0.561532005798428	0.0946059357595178
-3.10063324940871	-0.418097199969482	-0.643930724040589
-4.62043183031968	-0.717174029144732	-1.15663385976959
-4.30914778362707	0.488288700694285	-2.734416723888
-4.55634393835355	0.762951094834821	-3.36614023041123
-3.88799877927825	1.89822232394903	-3.46684977492943
-2.24002441443503	2.69779507133593	-2.905317769131
0.265506981002518	3.5034714274815	-4.10467689021134
-1.41298542763409	3.17998016327153	-5.83504997329671
-0.854505226215	3.35698481727321	0.173952849622339
2.14847028305486	2.65506981002518	-3.03044174868391
1.80666819256886	2.61844815747311	1.59304188601511
1.3519493400473	2.56961928740368	4.46173800259403
2.63675898374914	3.41802090486	3.15251392385748
1.91958495460441	2.65812161440452	2.52384222171359
1.55031662470436	3.55840390630961	1.46486610208286
0.540169375143053	3.12199588006409	1.61440451667048
-0.424200808728161	1.2970168612192	2.92362859540703
