3.06401159685664	1.47707331960021	2.28580148012512
-7.44640268558785	0.759899290455482	-2.91142137788968
-1.86160067139696	1.58693827725643	0.158693827725643
0.265506981002518	1.7944609750515	-3.70183871213855
0.781261921110857	1.7944609750515	7.38841840238041
-2.53910124361028	1.81887541008621	5.58480201419089
-0.64087891966125	2.0355535210193	7.5745784695201
-0.122072175173571	1.15663385976959	5.16670481422141
0.100709544518196	1.22072175173571	4.09552147707332
1.08949416342412	0.564583810177768	-2.28580148012512
-1.27260242618448	0.0976577401388571	-2.31937132829786
-0.201419089036393	0.021362630655375	6.58579385061418
-1.63271534294652	-1.28480964370184	-0.924696726939803
-1.81277180132753	-2.12710765239948	0.201419089036393
-0.372320134279393	-2.16067750057221	1.6937514305333
-4.5288776989395	-2.44449530785077	0.378423743038071
-7.5745784695201	-1.6235599298085	-0.546272983901732
4.46173800259403	-1.08339055466545	3.82391088731212
-0.683604180972	0.518806744487678	3.6591134508278
3.07316700999466	1.47402151522087	7.13817044327459
4.92866407263294	1.82803082322423	4.29083695735103
0.253299763485161	2.39566643778134	3.9154650186923
1.72121766994736	3.75677119096666	8.77393759060044
0.949111161974517	3.18608377203021	3.86358434424353
1.45876249332418	3.90630960555428	6.02426184481575
5.57564660105287	4.83710994125277	12.3476005188067
0.704966811627375	4.56549935149157	-2.94193942168307
1.68154421301595	3.57061112382696	12.314030670634
-0.338750286106661	1.91958495460441	4.47394522011139
-0.952162966353857	1.31837949187457	3.57671473258564
-3.68963149462119	1.25734340428779	5.13008316166934
-2.04776073853666	0.582894636453803	5.68551155870909
0.0610360875867857	-0.137331197070268	2.6337071793698
-3.03959716182193	-1.57473105973907	-1.05592431525139
-1.1810482948043	-0.952162966353857	2.49637598229953
1.24513618677043	-0.476081483176928	3.25932707713436
0.103761348897536	-0.415045395590143	4.82490272373541
-1.15053025101091	-0.570687418936446	5.74044403753719
-2.84122987716487	-0.0854505226215	5.0263218127718
-4.16571297779812	-0.869764248111696	6.70786602578775
4.38849469748989	-1.91653315022507	-1.93789578088045
-1.196307316701	-1.81582360570687	-0.302128633554589
-3.31425955596246	-1.19935912108034	2.41397726405737
-0.106813153276875	-0.735484855420768	-0.927748531319142
-1.44655527580682	0.204470893415732	-0.903334096284428
-0.796520943007553	1.43129625391012	12.6344701304646
-4.1870756084535	1.9501029983978	7.31517509727626
-6.04562447547112	1.95620660715648	9.20119020370794
6.80857557030594	1.68154421301595	9.13710231174182
0.38452735179675	2.05386434729534	5.52071412222477
3.17692835889219	2.36514839398795	5.99069199664302
1.12306401159686	2.02944991226062	8.43213550011444
1.4526588845655	4.04058899824521	9.17067215991455
2.28885328450446	3.75066758220798	5.71908140688182
-2.16067750057221	2.08743419546807	6.36911573968109
-0.5981536583505	2.35904478522927	6.56748302433814
7.10765239948119	1.19020370794232	0.756847486076142
1.37026016632334	0.363164721141375	4.39459830624857
2.75883115892271	-0.234988937209125	-0.0915541313801785
4.15960936903944	-0.900282291905089	-5.56954299229419
-1.31227588311589	-0.0274662394140536	3.90325780117494
7.04966811627375	-0.772106507972839	-4.18097199969482
2.42923628595407	0.021362630655375	-3.2318608377203
1.9653620202945	0.186160067139696	9.30495155260548
5.01411459525444	1.25734340428779	5.39559014267186
4.47089341573205	1.30006866559854	6.08529793240253
4.0863660639353	0.653086137178607	5.83199816891737
0.662241550316625	1.14747844663157	6.31723506523232
0.0671396963454643	2.60318913557641	9.17372396429389
-1.34584573128862	2.21560997940032	4.62043183031968
1.7242694743267	1.54726482032502	8.78919661249714
-4.16876478217746	1.02845807583734	8.25207904173343
-6.82688639658198	1.74868390936141	7.83398184176394
0.735484855420768	0.372320134279393	3.41802090486
-1.85549706263828	-1.06507972838941	1.51369497215228
-2.26443884946975	-1.78225375753414	1.48317692835889
-1.46486610208286	-0.167849240863661	1.07118333714809
-2.20035095750362	-1.6235599298085	0.579842832074464
-3.24406805523766	-2.15457389181353	-3.36003662165255
-15.1461051346609	-0.344853894865339	3.01823453116655
5.01716639963378	-0.579842832074464	4.16266117341878
-3.07011520561532	1.2817578393225	3.16472114137484
-0.976577401388571	1.37941557946136	-6.40573739223316
4.06805523765927	2.31631952391852	14.1023880369268
1.30006866559854	3.28374151216907	7.80956740672923
0.878919661249714	2.98466468299382	5.13313496604868
1.69069962615396	1.5228503852903	6.74753948271916
0.790417334248875	2.35294117647059	8.95094224460212
0.247196154726482	2.01113908598459	4.91950865949493
3.44853894865339	1.58999008163577	2.56961928740368
3.2318608377203	1.92874036774243	1.68154421301595
-0.875867856870375	2.19119554436561	1.59914549477379
3.02128633554589	3.46074616617075	6.64072632944228
4.08941786831464	4.17792019531548	6.82383459220264
-0.109864957656214	4.36408026245518	5.51461051346609
-7.519645990692	6.36911573968109	7.95300221255818
8.55725947966735	4.81574731059739	10.6843671320668
-1.49843595025559	4.53498130769818	2.15762569619287
3.82391088731212	2.38040741588464	3.25322346837568
2.77409018081941	2.75272755016403	3.22880903334096
-0.491340505073625	2.04165712977798	9.96108949416342
-1.37026016632334	0.12817578393225	5.93270771343557
-2.3773556115053	-0.134279392690929	7.41283283741512
-1.26955062180514	0.131227588311589	4.6997787441825
-1.08949416342412	-0.912489509422446	0.390630960555428
-0.488288700694285	-1.26039520866712	-0.50965133134966
-2.60929274433509	0	-3.50652323186084
-0.341802090486	0.347905699244678	0.4272526131075
1.70901045243	0.29907682917525	0.04272526131075
-3.76897840848402	0.460822461280232	-0.265506981002518
0.225833524071107	0.2563515678645	1.54726482032502
2.56046387426566	0	-2.2919050888838
-1.40688181887541	0.402838178072786	4.52277409018082
2.34378576333257	0.0457770656900893	4.69672693980316
2.52384222171359	1.42824444953079	-3.19218738078889
0.497444113832303	1.67849240863661	11.3008316166934
-2.18814373998627	0.622568093385214	-1.71206225680934
-0.704966811627375	0.418097199969482	0.415045395590143
2.65506981002518	-0.833142595559625	5.810635538262
2.77409018081941	0.613412680247196	2.05996795605402
-3.11589227130541	0.991836423285267	1.42519264515145
3.79339284351873	2.37430380712596	5.78622110322728
2.4628061341268	3.68047608148318	3.72930495155261
2.97856107423514	4.17792019531548	3.39360646982528
-4.86457618066682	5.07209887846189	2.72831311512932
12.4269474326696	3.33562218661784	1.6937514305333
1.10780498970016	3.05485618371862	0.906385900663767
-1.15053025101091	1.51979858091096	0.631723506523232
3.50041962310216	1.05287251087205	1.49233234149691
3.25322346837568	1.49538414587625	0.411993591210803
0.741588464179446	2.48722056916152	-6.19211108567941
-1.92568856336309	3.93987945372702	8.83802548256657
0.823987182421607	3.15861753261616	-1.90432593270771
3.37529564354925	3.5034714274815	-4.57770656900893
2.99687190051118	2.38956282902266	-0.668345159075303
2.87479972533761	1.03456168459602	4.24505989166094
-4.15350576028077	0.695811398489357	-1.03150988021668
1.68764782177462	1.74258030060273	3.97955291065843
1.38857099259937	0.314335851071946	4.89814602883955
-2.43533989471275	1.5533684290837	2.3071641107805
-9.27748531319143	0.616464484626535	0.80872816052491
7.29991607537957	0.833142595559625	-2.21255817502098
-2.70084687571527	1.03150988021668	-0.650034332799268
-1.03150988021668	1.39162279697871	2.18509193560693
3.5034714274815	1.45876249332418	-6.17380025940337
1.58999008163577	0.445563439383536	5.16365300984207
-0.29907682917525	-0.674448767833982	0.445563439383536
-4.31830319676509	-0.296025024795911	-0.573739223315785
-2.73746852826734	-0.314335851071946	5.97238117036698
0.634775310902571	-0.164797436484321	3.33562218661784
-0.366216525520714	0.991836423285267	0.0946059357595178
-0.567635614557107	0.216678110933089	-1.03150988021668
2.6337071793698	0.747692072938125	-3.68963149462119
-0.494392309452964	0.0488288700694285	1.22072175173571
0.161745632104982	-0.0335698481727321	-4.36408026245518
-8.12695506218051	-0.643930724040589	4.95918211642634
8.39246204318303	-1.50759136339361	0.241092545967803
-0.381475547417411	-1.75478751812009	-0.289921416037232
1.91653315022507	-0.402838178072786	4.17792019531548
3.64995803768978	0.228885328450446	3.33867399099718
0.89723048752575	2.40482185091936	2.3224231326772
-0.106813153276875	3.08842603189136	0.552376592660411
-1.37636377508202	3.076218814374	-2.4933241779202
-1.55031662470436	3.60418097199969	10.1350423437858
1.879911497673	2.26443884946975	4.4281681544213
1.29091325246052	2.63675898374914	7.006942854963
-0.616464484626535	0.930800335698482	2.6642252231632
-0.04272526131075	1.31227588311589	4.62348363469902
-0.564583810177768	0.967421988250553	1.13221942473487
-1.89211871519036	0.439459830624857	-6.42099641412985
1.08644235904479	0.735484855420768	2.59708552681773
-0.97962920576791	0.527962157625696	2.4628061341268
-10.6599526970321	1.88601510643168	-1.44045166704814
10.4554818036164	1.16578927290761	1.88906691081102
-0.143434805828946	2.42008087281605	4.57465476462959
1.025406271458	0.759899290455482	0.994888227664607
3.51262684061952	1.28786144808118	0.967421988250553
0.704966811627375	1.68154421301595	-1.47707331960021
-1.69069962615396	0.933852140077821	-7.50743877317464
-5.24299992370489	1.9806210421912	-3.51262684061952
1.24818799114977	2.20340276188296	5.35591668574044
3.4882124055848	2.72526131074998	3.43633173113603
0.949111161974517	2.48111696040284	5.89913786526284
1.538109407187	2.14847028305486	5.28572518501564
-4.23285267414359	3.18913557640955	4.43732356755932
-2.27664606698711	3.53398947127489	-0.988784618905928
1.68154421301595	3.32646677347982	-2.47501335164416
0.549324788281071	3.22270542458228	2.83817807278553
-2.84733348592355	3.88494697489891	3.05485618371862
8.21545738918135	2.8351262684062	-0.970473792629892
5.38033112077516	3.19829098954757	-2.10269321736477
-2.34378576333257	3.12809948882277	5.09956511787594
1.49843595025559	2.80155642023346	1.65712977798123
1.47707331960021	2.28274967574578	2.23392080567636
-2.11490043488212	1.77615014877546	2.68558785381857
-3.89715419241627	1.55642023346304	1.13527122911421
-0.115968566414893	2.76493476768139	1.35805294880598
1.42214084077211	2.32547493705653	-3.61638818951705
2.78324559395743	2.14236667429618	-11.2184328984512
0.381475547417411	2.52994583047227	4.90119783321889
-1.59609369039445	2.58793011367971	0.292973220416571
0.885023270008392	0.732433051041428	1.25123979552911
0.381475547417411	1.48928053711757	1.98977645532921
0.00610360875867857	1.52590218966964	4.01312275883116
-6.77805752651255	1.63576714732586	2.77714198519875
6.77500572213321	0.543221179522393	-2.03250171663996
-1.16578927290761	1.42519264515145	-2.4628061341268
2.09964141298543	0.59510185397116	2.96330205233845
3.9154650186923	-0.448615243762875	0.564583810177768
1.25429159990845	-1.33669031815061	-2.99382009613184
-3.50957503624018	-1.98977645532921	3.08842603189136
-3.70794232089723	-1.25429159990845	-3.60723277637903
-0.442511635004196	-0.836194399938964	-0.918593118181125
1.1261158159762	0.460822461280232	1.01930266269932
-2.67948424505989	0.366216525520714	-2.94804303044175
3.90630960555428	0.80872816052491	-1.32753490501259
-1.13527122911421	0.0488288700694285	-5.07209887846189
-2.42923628595407	-1.61440451667048	-10.4707408255131
-1.19325551232166	0.747692072938125	3.75677119096666
-11.0505836575875	0.81177996490425	-3.39055466544594
5.32845044632639	1.00099183642329	1.08644235904479
-5.49019607843137	0.515754940108339	-1.79140917067216
-2.48111696040284	0.231937132829786	-7.58678568703746
0.378423743038071	-0.335698481727321	-3.76897840848402
0.497444113832303	-0.668345159075303	-2.60013733119707
-4.57770656900893	-0.646982528419928	-1.04371709773404
-6.25925078202487	0.137331197070268	2.24917982757305
-4.15045395590143	0.878919661249714	2.56046387426566
-0.89417868314641	-1.22987716487373	-1.36110475318532
-2.62149996185245	-1.6388189517052	-7.47081712062257
-5.70077058060578	-1.53505760280766	0.424200808728161
-4.88593881132219	-2.56961928740368	-2.07522697795071
-1.01319905394064	-1.69680323491264	-0.933852140077821
-3.44548714427405	-1.67849240863661	-0.656137941557946
-2.4078736552987	-1.74258030060273	-3.46990157930877
-6.93675135423819	-0.933852140077821	-11.1696040283818
-6.90928511482414	-0.451667048142214	4.05279621576257
-1.84939345387961	-1.42824444953079	-4.34576943617914
-5.82284275577935	0.119020370794232	-0.436408026245518
-0.9399557488365	0.439459830624857	3.03959716182193
-0.521858548867018	-0.155642023346304	-2.8351262684062
-3.31120775158312	1.49843595025559	0.305180437933928
-2.6642252231632	1.00709544518196	-4.23590447852293
-6.08529793240253	1.40383001449607	-2.00198367284657
-2.221713588159	2.8198672465095	-1.23598077363241
-3.92767223620966	1.8097199969482	-2.67338063630121
2.57572289616236	1.89822232394903	1.89822232394903
-5.99984740978103	0.192263675898375	-6.88181887541009
-2.06912336919203	-0.50965133134966	2.58182650492103
-1.367208361944	-1.26039520866712	-1.08033875028611
-5.34981307698177	-2.64591439688716	-11.3862821393149
-11.972228580148	-1.69985503929198	4.77607385366598
2.61844815747311	-0.98268101014725	-1.33363851377127
-4.96528572518502	-2.34378576333257	-4.82185091935607
0.497444113832303	-1.10170138094148	1.6388189517052
0.0488288700694285	-1.84634164950027	-4.20538643472953
-2.46585793850614	-2.17288471808957	-5.48409246967269
-3.79949645227741	-1.03761348897536	-3.86663614862287
-5.04768444342718	-0.848401617456321	-2.76188296330205
-3.05790798809796	-0.164797436484321	0.268558785381857
-1.34584573128862	0.29907682917525	-1.05287251087205
-0.997940032043946	0.518806744487678	-1.59304188601511
-0.491340505073625	0.0854505226215	-3.51567864499886
-6.77805752651255	-1.7792019531548	-18.5976958876936
0.537117570763714	-2.4628061341268	-8.11169604028382
-0.451667048142214	-2.73136491950866	2.25833524071107
-4.41290913252461	-2.92973220416571	-1.34279392690929
-1.67238879987793	-1.98672465094987	-1.22682536049439
0.750743877317464	-2.30411230640116	6.71091783016709
-2.96330205233845	-1.43129625391012	1.32448310063325
-3.80254825665675	-0.268558785381857	-4.29694056610971
-2.22781719691768	-1.56862745098039	-5.44747081712062
-2.60624093995575	-1.99893186846723	-0.72632944228275
-0.668345159075303	-2.19119554436561	0.424200808728161
-2.42618448157473	-1.14442664225223	-0.415045395590143
-4.07415884641794	-1.68154421301595	-0.756847486076142
-1.39162279697871	-1.33058670939193	-0.439459830624857
-1.51369497215228	0.354009308003357	0.0488288700694285
-3.93377584496834	-0.888075074387732	-1.32143129625391
-9.09132524605173	0.421149004348821	-4.41596093690394
2.20340276188296	-0.497444113832303	-9.50637064164187
-4.39765011062791	-0.445563439383536	3.22270542458228
-0.833142595559625	-0.5981536583505	-8.55725947966735
-0.436408026245518	-2.25223163195239	0.064087891966125
-1.23598077363241	-2.87785152971695	4.28473334859236
-6.42099641412985	-3.81475547417411	-1.24818799114977
-7.92248416876478	-4.64179446097505	-3.86358434424353
-5.3528648813611	-3.30205233844511	-4.28778515297169
-2.24307621881437	-3.27458609903105	-2.83207446402686
-2.63981078812848	-2.05386434729534	-4.45868619821469
-1.91348134584573	-2.58487830930037	-1.91348134584573
-3.46684977492943	-1.73647669184405	-1.12001220721752
2.58182650492103	-2.46890974288548	-1.90432593270771
-1.879911497673	-1.44960708018616	0.735484855420768
-8.26428625925078	-1.77309834439612	-4.89204242008087
5.54207675288014	-1.3824673838407	-3.40886549172198
0.552376592660411	-1.31532768749523	-7.348744945449
-2.32547493705653	-2.42008087281605	1.71511406118868
0.375371938658732	-2.79240100709545	-2.18814373998627
1.55031662470436	-0.988784618905928	-0.0671396963454643
-1.74563210498207	-2.16372930495155	-5.26436255436027
-2.65201800564584	-1.98367284657053	3.56755931944762
-3.51262684061952	-1.82192721446555	-2.9755092698558
0.439459830624857	-1.4679179064622	-2.13931486991684
-5.01411459525444	-2.94804303044175	-3.14030670634012
0.549324788281071	-3.18608377203021	-0.204470893415732
-1.64797436484321	-1.5228503852903	-0.369268329900053
-2.31631952391852	-2.92057679102769	-2.60624093995575
-0.784313725490196	-1.23292896925307	1.84634164950027
-11.7311360341802	-2.04470893415732	0.378423743038071
6.43015182726787	-3.02433813992523	1.94705119401846
-5.9510185397116	-3.247119859617	-1.03456168459602
-0.98268101014725	-3.92156862745098	-11.5419241626612
1.98672465094987	-4.11383230334935	3.54314488441291
0.0274662394140536	-2.95109483482109	-0.390630960555428
-4.15350576028077	-0.921644922560464	0.439459830624857
0.100709544518196	-0.89723048752575	2.24612802319371
-0.0518806744487678	-0.610360875867857	-4.22980086976425
1.73952849622339	-0.875867856870375	-8.09948882276646
0.204470893415732	-1.60524910353246	-0.131227588311589
-5.00190737773709	-0.732433051041428	-4.32135500114443
0.204470893415732	-0.119020370794232	0.186160067139696
-6.14938582436866	0.390630960555428	2.59098191805905
-4.92561226825361	0.192263675898375	0.622568093385214
-10.0770580605783	-0.311284046692607	-8.28259708552682
2.85343709468223	-1.37331197070268	-3.3478294041352
-4.88593881132219	-2.78324559395743	-3.25932707713436
-5.55123216601816	-3.076218814374	-3.77203021286336
0.592050049591821	-3.75677119096666	-5.08430609597925
-1.23292896925307	-4.01312275883116	-8.84107728694591
-6.2226291294728	-3.69573510337987	3.68657969024186
-3.2318608377203	-2.60013733119707	-2.37125200274662
-1.6235599298085	-1.92568856336309	1.51369497215228
-1.41298542763409	-1.44045166704814	2.12710765239948
-2.64286259250782	-0.625619897764553	-1.81277180132753
3.01518272678721	-0.308232242313268	-2.09353780422675
-2.05996795605402	-1.01625085831998	-10.1197833218891
-11.9783321889067	-1.46181429770352	-0.317387655451286
7.08628976882582	-2.20950637064164	-0.985732814526589
-3.99481193255512	-2.34683756771191	-1.12306401159686
-4.58686198214694	-2.98161287861448	-0.253299763485161
1.13527122911421	-2.32547493705653	-2.98466468299382
-1.66323338673991	-2.69474326695659	-2.52994583047227
-4.62348363469902	-1.08339055466545	-4.41596093690394
-1.57473105973907	-1.6235599298085	-3.20439459830625
-6.77195391775387	-2.85954070344091	-5.3681239032578
-2.91142137788968	-2.8900587472343	-5.297932402533
-3.62859540703441	-4.24505989166094	-13.1013962005035
-4.68757152666514	-5.96932936598764	0.131227588311589
-5.45662623025864	-4.81879911497673	-4.16876478217746
-6.60410467689021	-3.97650110627909	-1.02235446707866
-2.00198367284657	-6.13107499809262	-1.2970168612192
-3.74151216906996	-4.30914778362707	-2.96025024795911
-13.1380178530556	-5.23994811932555	-8.49927519645991
6.82383459220264	-6.14938582436866	-8.96925307087816
-5.80453192950332	-5.16670481422141	0.0610360875867857
-2.31631952391852	-4.96528572518502	-3.52178225375753
-0.0488288700694285	-4.44037537193866	-1.36415655756466
1.52590218966964	-3.77813382162203	-0.967421988250553
-4.04669260700389	-4.55024032959487	-2.6337071793698
-7.80651560234989	-3.64080262455177	-4.69672693980316
-2.72831311512932	-4.53192950331884	-1.29396505683986
-3.82696269169146	-4.07415884641794	-6.02731364919509
-2.76798657206073	-4.30304417486839	-3.98565651941711
-1.95620660715648	-4.81269550621805	-0.473029678797589
-7.46776531624323	-5.639734493019	0.643930724040589
-5.18806744487678	-5.2826733806363	2.03250171663996
-15.7259479667353	-4.51056687266346	-3.94293125810636
2.12405584802014	-4.08331425955596	5.21858548867018
-3.51873044937819	-4.1870756084535	-2.90226596475166
-1.26955062180514	-3.66521705958648	-3.78118562600137
1.16578927290761	-4.63569085221637	-3.38750286106661
-1.89822232394903	-4.20233463035019	-3.60112916762036
-3.85442893110552	-4.81879911497673	-1.61440451667048
-2.45059891660945	-3.16777294575418	-2.51773861295491
-1.33058670939193	-2.17898832684825	-2.17288471808957
-0.302128633554589	-1.40993362325475	1.08949416342412
0.064087891966125	-1.55031662470436	3.88189517051957
-1.08339055466545	-0.695811398489357	0.488288700694285
-1.29091325246052	-1.40688181887541	-0.317387655451286
-1.08033875028611	-2.42008087281605	-9.21644922560464
-2.71610589761196	-3.58281834134432	-3.02433813992523
-7.6600289921416	-3.39055466544594	6.53696498054475
-12.5856412603952	-3.86358434424353	-1.62966353856718
3.72625314717327	-3.18913557640955	1.21766994735637
-3.83306630045014	-2.80155642023346	4.1718165865568
3.07316700999466	-2.54215304798962	0.558480201419089
1.6388189517052	-3.15251392385748	-1.70290684367132
-0.875867856870375	-3.39971007858396	-2.79545281147478
-5.8655680170901	-3.68352788586252	-1.19020370794232
-6.38742656595712	-3.23491264209964	-6.22568093385214
-2.38040741588464	-3.85137712672618	-4.15350576028077
-0.454718852521553	-4.101625085832	0.210574502174411
-3.88494697489891	-3.80560006103609	-3.77813382162203
-0.973525597009232	-3.88189517051957	1.07118333714809
-1.58693827725643	-3.32951857785916	1.23292896925307
-2.52079041733425	-3.13115129320211	-4.15960936903944
-2.63981078812848	-3.41802090486	-9.1432059205005
-7.45250629434653	-2.69474326695659	4.86762798504616
-10.8522163729305	-2.52079041733425	-1.0406652933547
4.74250400549325	-1.44960708018616	1.71816586556802
-4.40070191500725	-1.33058670939193	3.69573510337987
-0.363164721141375	-1.22072175173571	4.5838101777676
3.93682764934768	-1.1261158159762	-2.94804303044175
1.04676890211337	-1.82192721446555	-1.31532768749523
-2.45365072098878	-1.80361638818952	0.390630960555428
-3.44243533989471	-1.67849240863661	1.13527122911421
-2.67338063630121	-1.08033875028611	1.15358205539025
0.915541313801785	0.100709544518196	-0.656137941557946
-1.28480964370184	-0.659189745937285	1.81277180132753
-1.37026016632334	-0.576791027695125	-2.37125200274662
-1.1108567940795	-1.67849240863661	-4.37323567559319
-1.4373998626688	-1.1261158159762	1.44350347142748
0.970473792629892	-2.19424734874495	-1.25123979552911
-1.34584573128862	-1.4526588845655	0.402838178072786
-1.71206225680934	0.161745632104982	3.56755931944762
-5.39864194705119	0.167849240863661	5.79232471198596
5.23079270618753	1.74868390936141	1.30006866559854
3.67742427710384	1.04676890211337	-11.099412527657
1.83718623636225	2.76493476768139	11.3649195086595
4.10467689021134	1.9501029983978	3.99481193255512
3.75066758220798	0.784313725490196	3.46990157930877
-0.708018616006714	0.781261921110857	7.71190966659037
-3.25017166399634	-0.836194399938964	1.58999008163577
-0.900282291905089	-3.03959716182193	-0.674448767833982
2.42313267719539	-2.97245746547646	-4.79743648432135
-0.115968566414893	-1.79751277943084	-4.69672693980316
2.02944991226062	-0.0396734569314107	1.12916762035554
2.02029449912261	0.421149004348821	1.39162279697871
3.22880903334096	-1.02845807583734	-1.33669031815061
-1.11390859845884	0.378423743038071	4.68757152666514
-2.56046387426566	-0.787365529869535	5.21553368429084
-7.46776531624323	-3.16472114137484	3.61333638513771
6.52780956740673	-1.83718623636225	6.9764248111696
-1.34889753566796	-2.55741206988632	4.55634393835355
1.03761348897536	-1.78835736629282	-6.26230258640421
3.72930495155261	-1.2664988174258	6.3080796520943
2.22476539253834	-1.28480964370184	-1.6388189517052
-2.1515220874342	-1.97451743343252	1.68764782177462
-3.38139925230793	-2.41092545967803	1.538109407187
-0.12817578393225	-2.70695048447395	-4.09246967269398
1.01930266269932	-3.34172579537652	1.61745632104982
0.64087891966125	-2.70084687571527	-0.698863202868696
1.67238879987793	-1.46486610208286	0.759899290455482
-0.0335698481727321	-1.95925841153582	4.0161745632105
-0.04272526131075	-1.66323338673991	1.70595864805066
-0.137331197070268	-2.27664606698711	1.41908903639277
-5.14534218356603	-1.71816586556802	1.08644235904479
3.03044174868391	-1.88906691081102	-1.25429159990845
-7.07408255130846	-1.29091325246052	3.05180437933928
-2.65201800564584	-1.56252384222171	-1.74563210498207
3.38750286106661	-1.90737773708705	0.714122224765393
-1.66018158236057	-1.23598077363241	0.823987182421607
1.58083466849775	-0.271610589761196	0.308232242313268
0.81177996490425	0.286869611657893	-4.80048828870069
1.83413443198291	0.347905699244678	9.50942244602121
0.445563439383536	1.01625085831998	1.60524910353246
-1.2970168612192	-1.2970168612192	0.933852140077821
-0.241092545967803	-1.07423514152743	4.70893415732052
-0.326543068589303	-1.0955977721828	2.89616235599298
-0.302128633554589	-1.61440451667048	1.01930266269932
-3.37834744792859	-1.77309834439612	-0.12817578393225
-2.56656748302434	-1.196307316701	4.19623102159152
-3.95819028000305	-1.20546272983902	3.39665827420462
-1.26344701304646	-1.03456168459602	-0.405889982452125
-10.5226214999619	-0.0335698481727321	-3.36919203479057
8.40466926070039	0.405889982452125	3.076218814374
-2.31937132829786	1.22072175173571	-2.93888761730373
3.49736781872282	0.9399557488365	-3.59502555886168
3.04264896620127	2.16983291371023	8.10864423590448
2.050812542916	3.78728923476005	3.13725490196078
-0.445563439383536	3.91241321431296	-4.84626535439078
-0.918593118181125	2.38040741588464	6.17990386816205
1.26344701304646	2.46890974288548	5.79232471198596
1.68764782177462	3.64995803768978	2.88090333409628
2.33768215457389	1.04676890211337	3.25627527275502
-1.48928053711757	1.05592431525139	4.36713206683452
-1.93179217212177	2.39566643778134	2.08743419546807
-1.66628519111925	1.48928053711757	1.19020370794232
-3.44853894865339	1.85854886701762	1.44960708018616
1.08644235904479	1.50453955901427	2.62455176623178
-7.4189364461738	1.48012512397955	2.42008087281605
-1.367208361944	2.3071641107805	3.80865186541543
1.45571068894484	0.326543068589303	-1.73952849622339
-3.60723277637903	-0.817883573662928	0.537117570763714
2.3224231326772	-0.302128633554589	0.0915541313801785
-0.292973220416571	-0.369268329900053	-6.69871061264973
-0.543221179522393	0.540169375143053	-0.241092545967803
-0.311284046692607	1.40993362325475	0.100709544518196
0.0671396963454643	2.51468680857557	0.161745632104982
-0.177004654001679	2.54520485236896	-7.58678568703746
2.04165712977798	2.38651102464332	5.49935149156939
4.02532997634852	2.81376363775082	1.04676890211337
0.0885023270008393	2.95719844357977	-0.335698481727321
-5.48409246967269	2.69474326695659	1.47707331960021
0.72327763790341	2.89921416037232	5.71908140688182
-10.0984206912337	3.37529564354925	2.98466468299382
4.81574731059739	3.04264896620127	3.91851682307164
0.308232242313268	2.83817807278553	2.77103837644007
1.67849240863661	2.19424734874495	-0.29907682917525
5.52986953536278	3.68047608148318	3.70183871213855
2.78934920271611	3.32341496910048	2.82902265964752
1.49843595025559	4.22674906538491	1.15968566414893
0.0244144350347143	3.79644464789807	2.88090333409628
3.96124208438239	2.88090333409628	2.7496757457847
3.03044174868391	1.90737773708705	-2.68253604943923
4.41901274128328	1.90432593270771	1.85549706263828
6.10360875867857	3.14946211947814	4.70588235294118
1.367208361944	2.53299763485161	1.15358205539025
1.00709544518196	3.0914778362707	3.07011520561532
-3.00297550926986	2.85648889906157	9.44228274967575
4.3579766536965	2.2919050888838	5.36507209887846
-7.09849698634318	3.24406805523766	0.704966811627375
4.614328221561	2.02944991226062	5.14229037918669
3.89715419241627	1.538109407187	4.63263904783703
1.25429159990845	1.30617227435721	2.72526131074998
3.36919203479057	-0.372320134279393	-1.39162279697871
4.48004882887007	0.0274662394140536	2.05691615167468
0.192263675898375	0.488288700694285	-1.40993362325475
-0.308232242313268	1.30922407873655	2.39871824216068
-0.656137941557946	3.21660181582361	4.03753719386587
-0.473029678797589	1.55947203784237	-1.71816586556802
2.73136491950866	2.65506981002518	-7.32433051041428
0.921644922560464	0.366216525520714	6.61936369878691
-6.76585030899519	-0.567635614557107	0.915541313801785
1.7242694743267	-1.16578927290761	3.03959716182193
-0.863660639353018	-1.75173571374075	6.38437476157778
-3.39360646982528	-2.1515220874342	4.10467689021134
-10.1411459525444	-0.561532005798428	-0.46997787441825
8.79835202563516	-1.67544060425727	-3.72625314717327
-0.607309071488518	0.357061112382696	6.05477988860914
0.588998245212482	1.39162279697871	6.1371786068513
2.61539635309377	0.915541313801785	3.30510414282444
3.51567864499886	1.15968566414893	5.48104066529335
0.259403372243839	1.37636377508202	2.8351262684062
-2.74662394140536	1.37331197070268	0.411993591210803
0.29907682917525	1.51064316777295	4.03448538948653
2.45365072098878	0.89723048752575	-0.759899290455482
1.58693827725643	1.22377355611505	-7.0618753337911
-0.820935378042267	2.04776073853666	8.5145342183566
0.607309071488518	1.53200579842832	-1.51369497215228
2.08743419546807	1.46486610208286	0.988784618905928
1.35500114442664	1.82497901884489	-0.329594872968643
-8.28259708552682	0.799572747386893	4.29999237048905
9.96108949416342	0.665293354695964	2.94804303044175
-1.0101472495613	0.228885328450446	-1.8646524757763
-2.52994583047227	-0.750743877317464	1.3519493400473
-0.0152590218966964	-1.22377355611505	1.44655527580682
0.881971465629053	-1.08949416342412	2.52079041733425
-0.729381246662089	0.46997787441825	1.00709544518196
-6.52780956740673	-0.604257267109178	-3.36003662165255
-3.58281834134432	-0.576791027695125	0.805676356145571
-2.32852674143587	0.552376592660411	2.46890974288548
-0.0549324788281071	-0.04272526131075	2.36514839398795
-3.42412451361868	-0.967421988250553	0.659189745937285
-1.62661173418784	0.482185091935607	1.33669031815061
-4.66315709163043	-0.970473792629892	-0.308232242313268
-3.3478294041352	0.631723506523232	-11.9844357976654
-0.521858548867018	-0.12817578393225	-0.122072175173571
-4.10772869459068	0.231937132829786	1.47707331960021
-9.18593118181125	-0.85145342183566	-2.85954070344091
6.91233691920348	-1.11390859845884	2.5787747005417
-4.73640039673457	-0.582894636453803	1.76089112687877
-4.50446326390478	-0.314335851071946	0.378423743038071
-0.558480201419089	0.650034332799268	-3.08232242313268
-0.772106507972839	0.650034332799268	-1.49233234149691
-1.59609369039445	1.16578927290761	1.10780498970016
-4.86762798504616	0.89417868314641	2.75883115892271
-2.52689402609293	-0.473029678797589	1.44960708018616
-1.25429159990845	-0.366216525520714	-3.45464255741207
-2.27664606698711	-1.74868390936141	-4.38544289311055
-3.06401159685664	-1.69069962615396	-0.964370183871214
-2.41092545967803	-2.87479972533761	0.656137941557946
-4.1718165865568	-2.30411230640116	-2.70389868009461
-3.01518272678721	-3.43022812237736	-2.00503547722591
-0.326543068589303	-3.24101625085832	-2.75883115892271
0.0549324788281071	-2.23392080567636	-2.4780651560235
-0.183108262760357	-0.497444113832303	0.195315480277714
-1.17799649042496	-0.436408026245518	0.698863202868696
-0.137331197070268	0.711070420386053	0.286869611657893
-13.2417792019532	0.698863202868696	-7.37010757610437
6.70786602578775	0.387579156176089	3.79339284351873
-0.756847486076142	1.38857099259937	-0.485236896314946
1.53200579842832	1.23903257801175	-1.25429159990845
0.900282291905089	0.860608834973678	0.885023270008392
1.40688181887541	1.80666819256886	4.76386663614862
-1.22377355611505	-0.387579156176089	-0.717174029144732
-4.3427176317998	-0.772106507972839	-7.53795681696803
-3.04570077058061	-1.17494468604562	-2.04165712977798
-1.2115663385977	-1.04371709773404	3.0609597924773
-1.70290684367132	-2.77409018081941	-0.173952849622339
-4.51972228580148	-2.4780651560235	0.997940032043946
-1.9806210421912	-2.48416876478218	3.39971007858396
-2.43533989471275	-3.67742427710384	-2.22781719691768
-3.81475547417411	-3.32036316472114	-3.41191729610132
-12.0546272983902	-2.75883115892271	-1.63576714732586
6.1371786068513	-2.92057679102769	1.6937514305333
-2.95719844357977	-1.15053025101091	0.338750286106661
-0.0457770656900893	-1.49538414587625	2.36209658960861
3.78118562600137	0.0183108262760357	0.619516289005875
1.70595864805066	0.292973220416571	0.900282291905089
-0.799572747386893	-0.0701915007248035	-0.238040741588464
0.228885328450446	0.915541313801785	-6.68650339513237
0.253299763485161	0.228885328450446	-1.23598077363241
2.44144350347143	0.564583810177768	2.22476539253834
3.34172579537652	-0.613412680247196	-1.71511406118868
0.628671702143893	-0.668345159075303	-0.115968566414893
0.0885023270008393	-0.582894636453803	-0.674448767833982
-1.68764782177462	-1.41603723201343	-1.80056458381018
-3.66826886396582	-1.3519493400473	-2.67643244068055
-4.81269550621805	-2.38345922026398	-2.46585793850614
0	-2.67643244068055	-2.59708552681773
-1.53200579842832	-4.33051041428244	-11.8318455786984
-9.97634851606012	-2.83817807278553	3.01213092240787
11.9874876020447	-3.16472114137484	-2.27664606698711
0.283817807278553	-2.221713588159	-3.1616693369955
-1.23903257801175	-0.134279392690929	2.67338063630121
3.4027618829633	-0.302128633554589	1.86770428015564
2.88090333409628	0.109864957656214	0.55542839703975
1.76699473563745	1.05592431525139	-1.22987716487373
1.1108567940795	0.918593118181125	-2.96940566109712
2.25833524071107	0.396734569314107	-6.18295567254139
2.563515678645	0.80872816052491	7.99877927824826
2.734416723888	0.845349813076982	0.997940032043946
1.92263675898375	1.02235446707866	-3.97039749752041
-3.40886549172198	0.900282291905089	2.26443884946975
-0.759899290455482	1.30922407873655	-0.366216525520714
-1.08949416342412	0.762951094834821	-4.05889982452125
-2.68863965819791	-0.0701915007248035	-3.66216525520714
-0.436408026245518	-2.10574502174411	-4.94697489890898
-5.20637827115282	-1.71816586556802	-3.24406805523766
-2.06301976043336	-1.39162279697871	2.85954070344091
2.02029449912261	-2.82597085526818	-2.35599298084993
-3.66216525520714	-2.31937132829786	-1.47096971084154
-0.46997787441825	-2.28885328450446	-0.741588464179446
0.50965133134966	-2.14541847867552	-3.05790798809796
0.659189745937285	-4.28778515297169	-9.06691081101701
-1.82192721446555	-3.76897840848402	-1.92568856336309
0.158693827725643	-3.53398947127489	-4.70893415732052
0.497444113832303	-3.63775082017243	-3.0914778362707
-1.2115663385977	-3.61943999389639	-6.323338673991
-1.47096971084154	-1.04676890211337	0.167849240863661
-3.98260471503777	-1.94094758525978	-3.98565651941711
-3.57061112382696	-2.65812161440452	-10.9315632867933
-6.61020828564889	-2.3773556115053	3.72014953841459
1.58693827725643	-4.00701915007248	-1.025406271458
-3.12809948882277	-3.47905699244678	-2.42923628595407
-6.10360875867857	-2.68558785381857	-1.38551918822004
-9.09132524605173	-1.51064316777295	0.891126878767071
6.85740444037537	-2.4933241779202	-0.204470893415732
-1.56252384222171	-2.27969787136645	-0.714122224765393
0.64087891966125	-3.71709773403525	0.7690547035935
2.11490043488212	-5.01411459525444	-0.515754940108339
0.549324788281071	-5.31624322880903	0.0915541313801785
-3.97344930189975	-4.89509422446021	0.695811398489357
-3.56450751506828	-3.63775082017243	-1.84023804074159
-0.918593118181125	-1.9653620202945	-0.381475547417411
1.12916762035554	-1.61135271229114	2.41702906843671
-1.16884107728695	-2.18814373998627	1.96841382467384
-0.0457770656900893	-2.19424734874495	3.2318608377203
-0.0518806744487678	-3.67132066834516	-5.98458838788434
-2.54520485236896	-1.9501029983978	3.39360646982528
-2.392614633402	-1.29091325246052	1.47096971084154
2.06301976043336	-1.06507972838941	1.15053025101091
-1.8646524757763	-0.451667048142214	-5.61532005798428
0.439459830624857	1.44350347142748	1.33669031815061
-9.43617914091707	1.25734340428779	-0.677500572213321
10.3669794766155	0.817883573662928	6.46677347981994
-0.576791027695125	1.88906691081102	3.27763790341039
-0.198367284657053	1.82803082322423	5.69771877622644
5.13923857480736	1.32143129625391	10.5653467612726
4.94697489890898	1.17799649042496	1.01930266269932
1.04371709773404	0.796520943007553	-0.216678110933089
-0.122072175173571	1.34889753566796	2.90836957351034
1.23598077363241	1.12306401159686	3.53093766689555
-0.457770656900893	2.47196154726482	4.77607385366598
-0.848401617456321	1.43434805828946	4.49225604638743
-0.177004654001679	3.46379797055009	2.90226596475166
0.2563515678645	3.44548714427405	1.67238879987793
-1.55031662470436	4.37628747997253	2.11490043488212
-0.326543068589303	3.77813382162203	2.64591439688716
1.07728694590677	3.94293125810636	2.48722056916152
0.988784618905928	4.48615243762875	2.08438239108873
2.26749065384909	3.77508201724269	-1.24513618677043
0.955214770733196	3.78118562600137	2.35904478522927
-2.09353780422675	1.47096971084154	-8.71290150301366
-12.8419928282597	0.634775310902571	6.10971236743725
2.11490043488212	-0.0885023270008393	1.16273746852827
-2.45670252536812	-1.62661173418784	0.021362630655375
-0.97962920576791	-0.482185091935607	2.83817807278553
2.17288471808957	-1.05897611963073	-0.0610360875867857
1.30006866559854	-1.16578927290761	-0.912489509422446
0.134279392690929	0.0335698481727321	-0.732433051041428
-2.52384222171359	-0.289921416037232	0.741588464179446
-1.75478751812009	0.976577401388571	2.35294117647059
0.308232242313268	0.695811398489357	4.69367513542382
0.0183108262760357	0.89417868314641	1.08339055466545
-1.81887541008621	1.16578927290761	-1.07118333714809
-5.40474555580987	0.527962157625696	3.33562218661784
0.729381246662089	-0.149538414587625	-3.25322346837568
2.68863965819791	0.668345159075303	2.90226596475166
-1.90432593270771	0.00915541313801785	-0.476081483176928
3.85137712672618	1.04676890211337	4.39765011062791
-0.2563515678645	0.720225833524071	2.70389868009461
-10.8949416342412	0.964370183871214	3.69878690775921
9.28053711757076	0.646982528419928	4.16571297779812
-0.0335698481727321	0.46997787441825	-4.15045395590143
3.59197375448234	-1.90127412832837	-6.90928511482414
6.73838406958114	-1.75478751812009	7.45555809872587
4.42511635004196	-1.86770428015564	-0.112916762035554
-0.277714198519875	-1.94399938963912	2.71000228885328
-0.668345159075303	-2.00808728160525	3.52178225375753
-1.98367284657053	-2.10574502174411	3.10368505378805
1.60524910353246	-1.00709544518196	-1.14442664225223
0.796520943007553	-0.0183108262760357	0.173952849622339
-7.05271992065309	-1.67544060425727	-2.93888761730373
-3.75677119096666	-0.360112916762036	0.830090791180285
-0.952162966353857	-0.167849240863661	0.122072175173571
-5.45662623025864	-0.891126878767071	-3.12199588006409
-0.265506981002518	-1.75173571374075	-4.0009155413138
-7.34264133669032	-0.827038986800946	-3.29900053406577
-1.49843595025559	-0.463874265659571	1.48317692835889
1.91042954146639	-0.63782711528191	0.2563515678645
-4.62653543907836	-0.506599526970321	-0.274662394140536
3.07011520561532	-1.10780498970016	-1.59304188601511
3.95208667124437	-1.23598077363241	-2.90226596475166
-0.790417334248875	-1.62050812542916	-0.732433051041428
-3.03959716182193	-2.72220950637064	-3.34477759975586
-0.89723048752575	-3.27153429465171	-9.55825131609064
0.576791027695125	-2.72831311512932	6.85130083161669
1.29091325246052	-2.4933241779202	-3.79949645227741
2.00808728160525	-2.18204013122759	1.24818799114977
-0.112916762035554	0.0854505226215	10.0556954299229
-0.833142595559625	1.64797436484321	8.12390325780117
-4.08026245517662	2.77409018081941	5.63668268863966
3.49736781872282	1.67849240863661	5.38948653391318
2.21866178377966	1.26344701304646	5.95712214847028
-3.58281834134432	1.69069962615396	0.460822461280232
-1.025406271458	0.387579156176089	-1.91042954146639
-14.3892576485847	-0.488288700694285	0.161745632104982
1.39467460135805	0.439459830624857	-0.0671396963454643
-7.44640268558785	0.451667048142214	1.09864957656214
-2.96025024795911	-0.332646677347982	-1.04676890211337
1.1261158159762	0.0671396963454643	-0.216678110933089
0.173952849622339	-1.0406652933547	-0.866712443732357
0.381475547417411	1.63576714732586	-0.460822461280232
-2.42313267719539	-0.634775310902571	-2.62149996185245
1.05592431525139	-0.137331197070268	-2.65506981002518
1.12001220721752	-0.0976577401388571	-1.13832303349355
-0.961318379491875	-0.524910353246357	-4.31219958800641
-2.89311055161364	1.02845807583734	-6.2378881513695
-7.65697718776226	0.933852140077821	5.30403601129168
0.918593118181125	2.52079041733425	-1.88906691081102
-2.70084687571527	3.12809948882277	-3.4882124055848
-2.61539635309377	1.06813153276875	3.09758144502937
-0.729381246662089	2.41092545967803	1.84023804074159
-7.19920653086137	-0.506599526970321	-7.39757381551843
-1.14442664225223	0.89417868314641	4.0009155413138
0.0274662394140536	0.29907682917525	1.65407797360189
-4.03448538948653	-0.875867856870375	1.54116121156634
-0.946059357595178	-1.54726482032502	-1.04982070649271
0.494392309452964	-0.860608834973678	0.534065766384375
-1.43434805828946	-0.906385900663767	-2.82291905088884
-2.33768215457389	-0.173952849622339	-1.11696040283818
-0.540169375143053	0.112916762035554	-4.20843823910887
3.21355001144427	1.61745632104982	-1.30006866559854
7.08628976882582	1.4679179064622	-3.25322346837568
0.347905699244678	1.53200579842832	-5.810635538262
3.16777294575418	0.119020370794232	-7.09849698634318
0.689707789730678	1.2664988174258	1.0406652933547
-0.967421988250553	-0.875867856870375	-4.26337071793698
-0.738536659800107	-0.646982528419928	-1.82497901884489
-2.42008087281605	-0.997940032043946	-1.57778286411841
-1.37941557946136	0.329594872968643	-3.45464255741207
-5.12092774853132	0.0762951094834821	-9.25001907377737
-8.32227054245823	1.53505760280766	2.90836957351034
2.14847028305486	1.54421301594568	-1.03150988021668
-1.50453955901427	0.891126878767071	-1.367208361944
0.29907682917525	-0.616464484626535	-0.778210116731518
1.90432593270771	0.0823987182421607	-1.33974212252995
1.00099183642329	0.167849240863661	-3.56450751506828
-1.57778286411841	0.573739223315785	-4.14129854276341
-0.918593118181125	0.451667048142214	-5.44136720836194
0.387579156176089	1.44960708018616	1.50759136339361
1.64187075608453	2.69474326695659	-0.0732433051041428
1.879911497673	2.95414663920043	-2.6642252231632
2.34683756771191	2.45059891660945	-0.643930724040589
-3.16472114137484	3.84222171358816	0.0701915007248035
6.74143587396048	2.45975432974746	-0.415045395590143
5.73739223315785	3.50957503624018	1.52895399404898
2.97245746547646	1.63271534294652	-2.42313267719539
5.23689631494621	1.42214084077211	-1.7944609750515
3.32341496910048	1.67849240863661	-2.71000228885328
-2.33157854581521	0.915541313801785	-6.17074845502403
-10.5989166094453	2.32852674143587	-6.82383459220264
4.0009155413138	2.30106050202182	-1.9806210421912
1.13527122911421	1.26039520866712	-0.271610589761196
-0.512703135729	2.20340276188296	1.40688181887541
5.47493705653468	2.14847028305486	1.5533684290837
3.64995803768978	1.40383001449607	1.78225375753414
-0.573739223315785	1.68764782177462	-0.259403372243839
1.2664988174258	1.55947203784237	-3.32646677347982
-1.16273746852827	2.46585793850614	-2.38040741588464
5.57869840543221	1.84634164950027	-1.39467460135805
2.57572289616236	1.02235446707866	0.161745632104982
4.05279621576257	0.302128633554589	0.488288700694285
6.42099641412985	-0.177004654001679	-1.44960708018616
6.61326009002823	0.366216525520714	-0.0305180437933928
4.29694056610971	-0.302128633554589	-2.89616235599298
-2.98771648737316	-0.515754940108339	-2.48416876478218
-0.00915541313801785	0.38452735179675	-10.62333104448
2.82902265964752	1.91348134584573	6.42710002288853
0.289921416037232	1.72732127870604	2.27969787136645
3.34477759975586	1.14747844663157	2.67643244068055
7.13511863889525	2.77714198519875	6.494239719234
4.84626535439078	3.10063324940871	7.11680781261921
3.89410238803693	3.51567864499886	3.89105058365759
2.71000228885328	3.54009308003357	0.158693827725643
5.5542839703975	2.51468680857557	2.25223163195239
3.076218814374	2.40482185091936	3.7445639734493
0.0183108262760357	1.38857099259937	3.05485618371862
11.2184328984512	2.49942778667887	5.49324788281071
3.1464103150988	2.22781719691768	5.51155870908675
11.3649195086595	3.39665827420462	4.5136186770428
10.5043106736858	2.42313267719539	7.29076066224155
6.60105287251087	1.14137483787289	-3.18303196765087
-5.1972228580148	0.360112916762036	-8.96925307087816
14.6761272602426	0.0274662394140536	10.1808194094759
5.02327000839246	1.46486610208286	1.73342488746471
6.37216754406043	1.47096971084154	5.2124818799115
9.83596551461051	3.83306630045014	10.3974975204089
8.02929732204166	3.68657969024186	9.29274433508812
5.00190737773709	4.37933928435187	3.64080262455177
2.73746852826734	3.32951857785916	1.4373998626688
3.81780727855344	4.86152437628748	2.18814373998627
5.52681773098344	5.44747081712062	6.65598535133898
-0.283817807278553	4.69672693980316	3.73235675593194
3.40581368734264	5.26131074998093	3.26543068589303
8.84412909132525	5.74959945067521	1.34584573128862
6.27145799954223	4.33661402304112	3.94598306248569
10.5165178912032	5.26436255436027	8.15747310597391
11.773861295491	4.20233463035019	-0.274662394140536
2.35599298084993	5.04768444342718	6.13412680247196
14.2915999084459	4.43121995880064	9.50942244602121
9.46364538033112	4.93781948577096	3.32341496910048
10.9834439612421	5.67940794995041	9.18287937743191
12.4483100633249	4.48920424200809	9.35683222705425
11.8318455786984	5.65499351491569	8.59388113221942
9.46059357595178	6.19516289005875	7.02220187685969
6.55832761120012	5.28877698939498	7.02220187685969
7.37315938048371	5.50850690470741	5.83504997329671
9.53383688105592	6.39658197909514	8.10559243152514
5.00801098649577	6.26230258640421	11.0872053101396
0.326543068589303	4.36408026245518	5.73128862439918
8.19409475852598	4.272526131075	7.80041199359121
2.68558785381857	4.35187304493782	4.39459830624857
7.22362096589609	5.09346150911727	10.4615854123751
7.89806973373007	4.61127641718166	1.42214084077211
7.69970244907301	4.93171587701228	2.17288471808957
6.65293354695964	5.08735790035859	15.1186388952468
6.9214923323415	6.21042191195544	11.6762035553521
1.20546272983902	5.28572518501564	9.05470359349966
18.5152971694514	4.29999237048905	11.1940184634165
12.3781185626001	5.75265125505455	11.0933089188983
11.1146715495537	7.13206683451591	8.07202258335241
15.3261615930419	6.95811398489357	9.23170824750133
14.3404287785153	7.62645914396887	10.7179369802396
11.4717326619364	7.50133516441596	11.5846494239719
10.1930266269932	7.55931944762341	11.450370031281
11.0780498970016	7.9316395819028	11.2458991378653
9.27138170443275	6.93064774547952	6.78721293965057
7.6752880140383	7.35179674982834	8.25207904173343
11.9111924925612	6.85130083161669	8.67627985046158
9.94888227664607	8.52674143587396	9.40260929274434
8.23682001983673	7.37926298924239	5.06904707408255
9.85732814526589	6.72617685206378	0.790417334248875
