0.463980463980464	-1.22100122100122	1.02564102564103
-0.854700854700855	-0.757020757020757	1.34310134310134
-0.537240537240537	-1.85592185592186	0.610500610500611
-1.44078144078144	-1.1965811965812	-0.21978021978022
-0.976800976800977	0.268620268620269	-0.683760683760684
0.537240537240537	0.903540903540904	0.317460317460317
-0.341880341880342	2.24664224664225	1.95360195360195
0.757020757020757	2.24664224664225	2.41758241758242
1.51404151404151	2.63736263736264	2.88156288156288
0.170940170940171	2.002442002442	2.22222222222222
1.26984126984127	0.0488400488400488	1.83150183150183
-0.879120879120879	-0.0488400488400488	0.0976800976800977
-0.512820512820513	-1.17216117216117	-0.0976800976800977
-0.463980463980464	-0.708180708180708	-0.927960927960928
-1.66056166056166	-0.0732600732600733	0.21978021978022
-3.46764346764347	-1.97802197802198	-1.80708180708181
0.805860805860806	0.683760683760684	-1.97802197802198
0.122100122100122	-0.610500610500611	-0.976800976800977
0.854700854700855	0.463980463980464	-1.12332112332112
1.1965811965812	0.463980463980464	-1.63614163614164
1.44078144078144	-0.0244200244200244	-1.14774114774115
-1.26984126984127	0.781440781440781	-1.75824175824176
-0.610500610500611	0	-0.268620268620269
-0.293040293040293	0.463980463980464	0.390720390720391
-1.36752136752137	0.463980463980464	-1.68498168498168
0.21978021978022	0	-0.415140415140415
0.0976800976800977	1.58730158730159	2.02686202686203
-1.36752136752137	-0.170940170940171	-0.0244200244200244
2.44200244200244	1.95360195360195	-0.195360195360195
1.07448107448107	0.927960927960928	-0.732600732600733
0.268620268620269	0.43956043956044	-0.781440781440781
0.537240537240537	1.51404151404151	-0.83028083028083
1.66056166056166	0.0976800976800977	-1.24542124542125
0.488400488400488	0.317460317460317	-1.24542124542125
-0.341880341880342	-0.415140415140415	-1.97802197802198
1.1965811965812	-1.05006105006105	-1.12332112332112
-0.195360195360195	-0.659340659340659	-0.757020757020757
-0.879120879120879	-1.1965811965812	-1.44078144078144
-0.952380952380952	-0.757020757020757	-0.781440781440781
-0.0488400488400488	1.05006105006105	0.317460317460317
1.39194139194139	0.390720390720391	2.71062271062271
0.268620268620269	1.31868131868132	-0.708180708180708
3.32112332112332	1.34310134310134	1.63614163614164
0.463980463980464	2.49084249084249	1.51404151404151
2.49084249084249	2.73504273504274	-0.195360195360195
3.36996336996337	2.05128205128205	0.634920634920635
1.58730158730159	1.85592185592186	1.85592185592186
2.56410256410256	2.05128205128205	2.36874236874237
1.92918192918193	1.31868131868132	1.53846153846154
0.341880341880342	0.512820512820513	-1.48962148962149
0.976800976800977	0.708180708180708	-0.683760683760684
-0.244200244200244	1.44078144078144	-0.122100122100122
-0.0976800976800977	1.75824175824176	1.88034188034188
1.24542124542125	3.02808302808303	2.14896214896215
0.512820512820513	2.71062271062271	-0.366300366300366
-0.415140415140415	0.805860805860806	-0.952380952380952
0.0732600732600733	1.63614163614164	-1.44078144078144
-1.12332112332112	0	-2.07570207570208
1.05006105006105	0.708180708180708	-2.53968253968254
-1.63614163614164	1.001221001221	-2.05128205128205
-0.415140415140415	1.001221001221	-1.22100122100122
-0.537240537240537	1.53846153846154	-1.26984126984127
-1.12332112332112	0.244200244200244	-1.36752136752137
-0.659340659340659	-0.390720390720391	-1.0989010989011
-1.63614163614164	-0.683760683760684	-0.659340659340659
-0.170940170940171	-2.27106227106227	-1.36752136752137
-1.68498168498168	-1.58730158730159	-0.317460317460317
-1.80708180708181	-2.07570207570208	0.366300366300366
-2.85714285714286	-2.12454212454212	-2.39316239316239
-3.80952380952381	-1.73382173382173	-0.781440781440781
-2.58852258852259	-2.02686202686203	-1.0989010989011
-1.46520146520147	-1.12332112332112	-3.22344322344322
-3.39438339438339	-1.85592185592186	-1.75824175824176
-3.54090354090354	-1.001221001221	-1.0989010989011
1.83150183150183	1.41636141636142	-0.512820512820513
1.24542124542125	1.41636141636142	0.366300366300366
2.39316239316239	3.12576312576313	1.70940170940171
4.3956043956044	3.93162393162393	2.97924297924298
4.56654456654457	4.78632478632479	2.78388278388278
4.56654456654457	5.44566544566545	3.63858363858364
3.54090354090354	4.27350427350427	4.1025641025641
2.63736263736264	4.66422466422466	3.02808302808303
3.85836385836386	3.24786324786325	2.2954822954823
4.12698412698413	2.66178266178266	1.41636141636142
3.39438339438339	2.1001221001221	0.586080586080586
3.78510378510378	0.781440781440781	0.952380952380952
0.537240537240537	1.9047619047619	2.1978021978022
3.15018315018315	1.12332112332112	0.21978021978022
3.32112332112332	2.1978021978022	2.17338217338217
1.34310134310134	0.757020757020757	0.0976800976800977
1.39194139194139	0.0244200244200244	-0.170940170940171
0.341880341880342	0.83028083028083	0.415140415140415
1.46520146520147	-0.122100122100122	0.0244200244200244
-0.879120879120879	0.0976800976800977	-0.268620268620269
-0.415140415140415	0.634920634920635	-0.708180708180708
1.12332112332112	0.463980463980464	-1.56288156288156
1.34310134310134	2.27106227106227	0.805860805860806
1.07448107448107	1.85592185592186	1.36752136752137
1.44078144078144	2.02686202686203	2.1978021978022
1.68498168498168	1.75824175824176	1.70940170940171
0.610500610500611	0.927960927960928	1.31868131868132
0.122100122100122	0.708180708180708	0.341880341880342
-0.341880341880342	-0.854700854700855	-1.85592185592186
-1.48962148962149	-1.001221001221	-2.36874236874237
-1.53846153846154	0.293040293040293	-1.44078144078144
-0.781440781440781	-1.51404151404151	-1.53846153846154
-0.634920634920635	0.268620268620269	-1.51404151404151
-1.22100122100122	-0.927960927960928	-2.49084249084249
-2.39316239316239	-1.53846153846154	-0.757020757020757
-3.24786324786325	-2.27106227106227	-4.61538461538461
-3.15018315018315	-2.78388278388278	-3.66300366300366
-4.81074481074481	-2.39316239316239	-3.2967032967033
-3.32112332112332	-3.39438339438339	-4.004884004884
-2.61294261294261	-1.88034188034188	-2.83272283272283
-2.39316239316239	-0.927960927960928	-2.80830280830281
-1.48962148962149	-1.73382173382173	-2.71062271062271
-1.12332112332112	-0.293040293040293	-2.85714285714286
-2.97924297924298	-1.56288156288156	-3.61416361416361
-0.586080586080586	0.0732600732600733	-2.66178266178266
1.53846153846154	0.952380952380952	-2.17338217338217
1.36752136752137	-0.195360195360195	-1.53846153846154
1.70940170940171	2.07570207570208	1.95360195360195
0.927960927960928	1.001221001221	-2.53968253968254
1.9047619047619	1.51404151404151	-1.83150183150183
-0.952380952380952	1.1965811965812	-4.90842490842491
-0.390720390720391	0.0732600732600733	-3.73626373626374
-1.58730158730159	0.0732600732600733	-3.46764346764347
-1.36752136752137	-1.14774114774115	-4.12698412698413
-2.05128205128205	-1.80708180708181	-3.32112332112332
-2.39316239316239	-1.97802197802198	-3.41880341880342
-1.58730158730159	-3.63858363858364	-4.90842490842491
-1.80708180708181	-1.97802197802198	-4.07814407814408
0.781440781440781	-1.58730158730159	-3.68742368742369
-0.903540903540904	-2.05128205128205	-3.73626373626374
-0.952380952380952	-0.732600732600733	-3.07692307692308
1.05006105006105	-1.46520146520147	-1.75824175824176
0.805860805860806	-0.952380952380952	-3.003663003663
0	-1.61172161172161	-2.39316239316239
2.34432234432234	-1.63614163614164	-2.51526251526252
3.17460317460317	-0.854700854700855	-2.34432234432234
2.1978021978022	-2.24664224664225	-2.90598290598291
2.002442002442	-0.83028083028083	-0.805860805860806
1.85592185592186	-2.41758241758242	-2.88156288156288
-0.781440781440781	-2.83272283272283	-2.71062271062271
-2.1978021978022	-2.56410256410256	-3.17460317460317
-3.02808302808303	-3.88278388278388	-4.44444444444444
-4.05372405372405	-3.88278388278388	-3.83394383394383
-3.2967032967033	-4.54212454212454	-5.3968253968254
-4.07814407814408	-4.1025641025641	-3.98046398046398
-3.78510378510378	-3.1990231990232	-1.97802197802198
-2.1978021978022	-4.12698412698413	-5.2014652014652
-3.02808302808303	-2.12454212454212	-3.90720390720391
-0.610500610500611	-2.51526251526252	-1.9047619047619
-1.97802197802198	-2.2954822954823	-2.61294261294261
-2.58852258852259	-1.85592185592186	-3.95604395604396
-0.708180708180708	-3.1990231990232	-3.36996336996337
-0.952380952380952	-3.07692307692308	-2.66178266178266
-0.0244200244200244	-3.51648351648352	-3.1990231990232
0.463980463980464	-3.39438339438339	-3.58974358974359
1.17216117216117	-3.003663003663	-3.78510378510378
0.463980463980464	-3.36996336996337	-3.49206349206349
-1.80708180708181	-2.31990231990232	-4.95726495726496
-0.537240537240537	-2.80830280830281	-3.05250305250305
-1.36752136752137	-2.1978021978022	-2.75946275946276
-1.53846153846154	-1.83150183150183	-3.95604395604396
-2.71062271062271	-2.66178266178266	-1.63614163614164
-1.46520146520147	-0.610500610500611	-1.61172161172161
-2.51526251526252	-1.80708180708181	-1.68498168498168
-1.56288156288156	-1.51404151404151	-3.54090354090354
-3.66300366300366	-2.07570207570208	-4.12698412698413
-0.927960927960928	-3.02808302808303	-5.17704517704518
-2.83272283272283	-2.39316239316239	-4.12698412698413
-3.12576312576313	-3.22344322344322	-5.15262515262515
-0.732600732600733	-2.05128205128205	-4.12698412698413
-0.463980463980464	-1.66056166056166	-4.78632478632479
0.561660561660562	-2.61294261294261	-2.88156288156288
-0.122100122100122	-1.46520146520147	-2.97924297924298
3.32112332112332	-2.27106227106227	-1.24542124542125
0.366300366300366	-2.97924297924298	-3.58974358974359
-0.903540903540904	-2.1978021978022	-4.34676434676435
-2.63736263736264	-3.58974358974359	-5.03052503052503
-4.46886446886447	-2.14896214896215	-4.63980463980464
-4.71306471306471	-2.88156288156288	-5.32356532356532
-5.22588522588523	-1.75824175824176	-3.80952380952381
-4.83516483516483	0.341880341880342	-1.001221001221
-0.146520146520147	-0.366300366300366	-1.31868131868132
-0.341880341880342	-0.512820512820513	-0.415140415140415
-0.390720390720391	-0.0976800976800977	0.537240537240537
1.58730158730159	-1.17216117216117	-1.53846153846154
0.0488400488400488	-1.70940170940171	-2.24664224664225
0.317460317460317	-2.85714285714286	-3.07692307692308
-1.73382173382173	-2.07570207570208	-3.36996336996337
-1.92918192918193	-2.66178266178266	-1.9047619047619
-1.1965811965812	-2.71062271062271	-1.48962148962149
-1.14774114774115	-2.95482295482295	-5.56776556776557
-1.58730158730159	-4.32234432234432	-3.61416361416361
-0.195360195360195	-3.41880341880342	-4.2979242979243
0.512820512820513	-2.66178266178266	-3.003663003663
0.83028083028083	-1.9047619047619	-3.17460317460317
-0.170940170940171	0	-0.610500610500611
-0.488400488400488	-0.0244200244200244	-1.1965811965812
-0.341880341880342	2.1978021978022	0.415140415140415
1.24542124542125	1.70940170940171	-1.56288156288156
-1.22100122100122	1.41636141636142	-0.976800976800977
-0.561660561660562	1.58730158730159	-1.95360195360195
0.244200244200244	0.415140415140415	1.85592185592186
-1.9047619047619	1.12332112332112	-0.317460317460317
-1.70940170940171	-0.244200244200244	-0.903540903540904
-2.44200244200244	-0.512820512820513	-0.952380952380952
-3.02808302808303	-0.415140415140415	-2.66178266178266
-2.95482295482295	-2.58852258852259	-5.15262515262515
-4.17582417582418	-1.44078144078144	-4.68864468864469
-2.02686202686203	-0.781440781440781	-3.90720390720391
-2.41758241758242	-0.757020757020757	-3.54090354090354
0.43956043956044	0.390720390720391	-3.54090354090354
2.95482295482295	-0.268620268620269	-2.1978021978022
2.05128205128205	1.51404151404151	-1.05006105006105
3.1013431013431	0.903540903540904	-0.293040293040293
-0.463980463980464	1.12332112332112	-0.781440781440781
-2.31990231990232	1.88034188034188	1.66056166056166
-2.61294261294261	1.24542124542125	0.0488400488400488
-4.24908424908425	1.63614163614164	-1.48962148962149
-4.37118437118437	-0.488400488400488	-0.463980463980464
-4.90842490842491	-1.24542124542125	-1.70940170940171
-5.17704517704518	-2.27106227106227	-4.15140415140415
-7.81440781440781	-4.004884004884	-4.02930402930403
-7.66788766788767	-4.22466422466422	-3.46764346764347
-6.27594627594628	-4.12698412698413	-4.78632478632479
-6.73992673992674	-2.80830280830281	-3.83394383394383
-2.68620268620269	-0.293040293040293	-2.63736263736264
0.0488400488400488	-1.12332112332112	-1.83150183150183
-0.976800976800977	0.293040293040293	-0.415140415140415
3.51648351648352	0.293040293040293	1.61172161172161
4.61538461538461	-0.21978021978022	0.268620268620269
4.51770451770452	0.341880341880342	0.903540903540904
6.15384615384615	-0.708180708180708	-0.537240537240537
3.61416361416361	1.07448107448107	0.415140415140415
1.34310134310134	1.001221001221	1.02564102564103
-0.903540903540904	1.39194139194139	-0.317460317460317
-3.98046398046398	1.48962148962149	-0.488400488400488
-4.32234432234432	0.0488400488400488	-1.44078144078144
-5.34798534798535	0.293040293040293	-1.53846153846154
-3.93162393162393	-0.0976800976800977	0.757020757020757
-5.81196581196581	-1.58730158730159	-1.34310134310134
-5.95848595848596	-1.58730158730159	-0.293040293040293
-5.15262515262515	-2.17338217338217	0.317460317460317
-5.66544566544567	-1.73382173382173	-3.003663003663
-3.54090354090354	-1.51404151404151	-2.61294261294261
-3.32112332112332	-1.0989010989011	-3.27228327228327
-1.88034188034188	-0.244200244200244	-4.56654456654457
-3.17460317460317	-1.34310134310134	-4.73748473748474
-2.41758241758242	-0.0244200244200244	-5.25030525030525
-0.659340659340659	-1.22100122100122	-2.90598290598291
-0.732600732600733	-1.66056166056166	-4.49328449328449
1.05006105006105	-0.415140415140415	-3.49206349206349
0.463980463980464	-0.976800976800977	-0.976800976800977
-1.53846153846154	1.12332112332112	-0.390720390720391
0.83028083028083	2.34432234432234	2.1001221001221
0.952380952380952	4.34676434676435	5.3968253968254
-1.001221001221	4.37118437118437	1.0989010989011
-0.708180708180708	2.97924297924298	2.34432234432234
-1.46520146520147	2.39316239316239	1.36752136752137
-1.78266178266178	0.317460317460317	-0.537240537240537
-3.71184371184371	-1.48962148962149	-2.1978021978022
-3.46764346764347	0	-0.757020757020757
-1.83150183150183	-0.781440781440781	-1.46520146520147
-1.95360195360195	0.708180708180708	-1.41636141636142
-0.83028083028083	1.73382173382173	-0.0732600732600733
-0.732600732600733	2.53968253968254	0.122100122100122
0.952380952380952	3.51648351648352	0.927960927960928
1.44078144078144	2.75946275946276	2.1001221001221
0.683760683760684	3.39438339438339	2.49084249084249
-0.512820512820513	1.75824175824176	1.51404151404151
1.58730158730159	0.488400488400488	0.732600732600733
-0.21978021978022	0.488400488400488	0.659340659340659
0.512820512820513	-0.805860805860806	0.488400488400488
0.634920634920635	-0.195360195360195	0.268620268620269
-0.463980463980464	0.170940170940171	0.21978021978022
-1.46520146520147	0.244200244200244	1.78266178266178
-1.39194139194139	1.48962148962149	0.0244200244200244
0.683760683760684	1.02564102564103	0.805860805860806
-0.195360195360195	2.63736263736264	1.78266178266178
2.80830280830281	3.22344322344322	2.80830280830281
2.1001221001221	2.53968253968254	2.61294261294261
0.195360195360195	3.07692307692308	3.56532356532357
1.85592185592186	3.44322344322344	5.12820512820513
1.1965811965812	4.07814407814408	2.80830280830281
-0.659340659340659	3.07692307692308	4.44444444444444
2.31990231990232	4.66422466422466	4.15140415140415
2.1978021978022	5.1037851037851	3.36996336996337
3.07692307692308	3.90720390720391	4.2979242979243
4.12698412698413	5.05494505494505	3.95604395604396
4.02930402930403	2.66178266178266	2.05128205128205
4.37118437118437	3.32112332112332	1.63614163614164
5.34798534798535	3.12576312576313	0.537240537240537
3.80952380952381	0.952380952380952	0.317460317460317
3.63858363858364	2.1001221001221	1.17216117216117
5.17704517704518	0.463980463980464	2.51526251526252
1.0989010989011	-0.244200244200244	2.12454212454212
0.0976800976800977	0.512820512820513	-0.927960927960928
0.390720390720391	0.0732600732600733	-0.0732600732600733
-1.39194139194139	1.80708180708181	0.268620268620269
-0.610500610500611	1.24542124542125	0.341880341880342
-0.415140415140415	1.73382173382173	1.34310134310134
-1.56288156288156	2.80830280830281	0.708180708180708
0.757020757020757	0.952380952380952	0.561660561660562
0.146520146520147	2.27106227106227	-0.0244200244200244
0.927960927960928	2.90598290598291	0.21978021978022
2.75946275946276	3.27228327228327	0.317460317460317
3.17460317460317	4.85958485958486	0.415140415140415
4.1025641025641	3.54090354090354	0.195360195360195
1.14774114774115	4.90842490842491	1.12332112332112
4.004884004884	3.66300366300366	-0.317460317460317
4.98168498168498	3.85836385836386	2.53968253968254
4.90842490842491	4.1025641025641	0.170940170940171
5.34798534798535	1.88034188034188	-0.732600732600733
6.64224664224664	3.24786324786325	1.66056166056166
5.83638583638584	1.56288156288156	0.83028083028083
1.17216117216117	0.659340659340659	1.56288156288156
3.32112332112332	1.70940170940171	2.58852258852259
1.26984126984127	0.415140415140415	3.61416361416361
-1.95360195360195	1.36752136752137	2.31990231990232
-0.83028083028083	0.610500610500611	2.83272283272283
-1.0989010989011	0.415140415140415	1.02564102564103
-1.46520146520147	1.51404151404151	1.46520146520147
-1.88034188034188	0.43956043956044	0.146520146520147
-0.757020757020757	3.15018315018315	2.61294261294261
1.0989010989011	3.1013431013431	-0.341880341880342
1.61172161172161	3.78510378510378	-1.29426129426129
3.36996336996337	3.83394383394383	-0.390720390720391
2.75946275946276	2.58852258852259	-1.88034188034188
3.85836385836386	3.68742368742369	-0.537240537240537
4.59096459096459	4.2002442002442	1.1965811965812
4.73748473748474	4.2002442002442	1.58730158730159
3.76068376068376	4.90842490842491	0.903540903540904
4.07814407814408	2.95482295482295	0.268620268620269
4.37118437118437	3.78510378510378	0.537240537240537
1.85592185592186	2.90598290598291	2.61294261294261
2.56410256410256	3.12576312576313	5.37240537240537
2.1978021978022	4.56654456654457	5.59218559218559
4.2002442002442	3.15018315018315	4.98168498168498
0.879120879120879	3.36996336996337	3.24786324786325
1.80708180708181	2.93040293040293	2.56410256410256
0.610500610500611	1.48962148962149	-0.732600732600733
-0.854700854700855	0.512820512820513	-2.49084249084249
-1.22100122100122	-1.07448107448107	-3.54090354090354
-1.9047619047619	-1.001221001221	-3.90720390720391
-1.61172161172161	-2.14896214896215	-4.22466422466422
-1.29426129426129	-1.0989010989011	-3.22344322344322
4.05372405372405	1.05006105006105	-2.17338217338217
5.32356532356532	0.976800976800977	-1.05006105006105
6.25152625152625	2.97924297924298	-0.805860805860806
8.10744810744811	2.80830280830281	0.586080586080586
6.83760683760684	1.53846153846154	1.48962148962149
3.85836385836386	1.46520146520147	-1.44078144078144
3.1013431013431	0.170940170940171	-0.170940170940171
0.610500610500611	0.21978021978022	1.001221001221
0.268620268620269	-0.0732600732600733	0.952380952380952
0.0732600732600733	-0.170940170940171	-0.21978021978022
-0.854700854700855	0.317460317460317	1.02564102564103
-0.879120879120879	-0.903540903540904	0.122100122100122
-1.24542124542125	0.0488400488400488	-3.17460317460317
0	-0.488400488400488	-1.24542124542125
-0.879120879120879	-0.903540903540904	-2.05128205128205
1.58730158730159	-0.879120879120879	-3.1013431013431
1.39194139194139	-1.24542124542125	-1.44078144078144
1.07448107448107	-0.659340659340659	0.21978021978022
2.80830280830281	-0.976800976800977	-0.903540903540904
1.73382173382173	-1.68498168498168	-2.02686202686203
4.24908424908425	0.122100122100122	-2.44200244200244
3.54090354090354	-2.66178266178266	-4.22466422466422
4.61538461538461	-0.952380952380952	-1.26984126984127
3.88278388278388	-1.63614163614164	-1.12332112332112
3.44322344322344	-0.976800976800977	-0.390720390720391
0.683760683760684	0.341880341880342	-0.732600732600733
0.537240537240537	-0.781440781440781	0.0488400488400488
-0.952380952380952	-0.0244200244200244	-1.61172161172161
-1.61172161172161	-0.293040293040293	0.43956043956044
-2.17338217338217	-1.56288156288156	-1.9047619047619
-2.83272283272283	-0.83028083028083	-1.31868131868132
-2.56410256410256	-2.24664224664225	-0.781440781440781
-3.66300366300366	-1.68498168498168	-2.46642246642247
-2.002442002442	-0.976800976800977	-0.561660561660562
-0.683760683760684	-1.14774114774115	-1.05006105006105
-1.66056166056166	0.781440781440781	-0.268620268620269
0.708180708180708	0.683760683760684	-1.29426129426129
3.05250305250305	2.46642246642247	0
1.85592185592186	0.781440781440781	-0.21978021978022
2.95482295482295	-0.0244200244200244	-0.512820512820513
2.51526251526252	-0.512820512820513	-0.634920634920635
3.39438339438339	-2.07570207570208	-2.002442002442
0.781440781440781	-2.53968253968254	-1.05006105006105
1.02564102564103	-2.97924297924298	-0.879120879120879
-1.29426129426129	-3.05250305250305	-0.146520146520147
-5.05494505494505	-1.83150183150183	2.17338217338217
-1.68498168498168	-2.39316239316239	1.05006105006105
-1.95360195360195	-0.634920634920635	-0.586080586080586
0.293040293040293	-0.537240537240537	1.29426129426129
0.0732600732600733	-0.244200244200244	-0.463980463980464
1.17216117216117	1.53846153846154	-0.708180708180708
1.66056166056166	1.53846153846154	-0.854700854700855
0.610500610500611	2.12454212454212	0.341880341880342
3.12576312576313	3.36996336996337	1.80708180708181
4.54212454212454	3.36996336996337	0.122100122100122
4.49328449328449	3.83394383394383	2.49084249084249
5.61660561660562	2.97924297924298	2.36874236874237
3.85836385836386	3.49206349206349	3.05250305250305
2.95482295482295	2.56410256410256	3.80952380952381
5.83638583638584	3.17460317460317	2.68620268620269
2.53968253968254	2.14896214896215	1.48962148962149
3.36996336996337	0.659340659340659	1.36752136752137
-1.12332112332112	0.757020757020757	-0.293040293040293
-1.26984126984127	-0.463980463980464	0.488400488400488
-4.15140415140415	-1.95360195360195	-0.610500610500611
-3.44322344322344	-0.879120879120879	-1.85592185592186
-2.53968253968254	-2.05128205128205	-2.46642246642247
-3.44322344322344	-0.781440781440781	-3.12576312576313
-0.659340659340659	-0.879120879120879	-1.68498168498168
-0.952380952380952	-0.366300366300366	-1.0989010989011
-0.781440781440781	0.879120879120879	-0.952380952380952
2.46642246642247	1.001221001221	0.903540903540904
1.68498168498168	2.88156288156288	1.73382173382173
2.68620268620269	3.27228327228327	1.53846153846154
6.00732600732601	4.95726495726496	2.14896214896215
4.3956043956044	5.51892551892552	2.12454212454212
5.95848595848596	4.78632478632479	3.54090354090354
6.08058608058608	5.32356532356532	3.36996336996337
5.07936507936508	2.75946275946276	1.95360195360195
4.68864468864469	1.41636141636142	2.24664224664225
1.51404151404151	1.63614163614164	1.58730158730159
-0.0488400488400488	0.0488400488400488	-1.1965811965812
-1.53846153846154	1.12332112332112	0.415140415140415
-2.07570207570208	1.51404151404151	1.66056166056166
-1.88034188034188	1.75824175824176	1.9047619047619
-2.73504273504274	2.83272283272283	1.29426129426129
0.21978021978022	2.44200244200244	1.22100122100122
-0.659340659340659	3.12576312576313	2.39316239316239
0.732600732600733	1.78266178266178	0.659340659340659
-0.0488400488400488	0.757020757020757	0.634920634920635
0.952380952380952	1.48962148962149	1.001221001221
2.2954822954823	-0.293040293040293	-0.586080586080586
2.39316239316239	0.634920634920635	0.244200244200244
2.68620268620269	0.366300366300366	0.317460317460317
3.61416361416361	-0.390720390720391	1.0989010989011
2.95482295482295	0.683760683760684	1.05006105006105
3.76068376068376	-0.879120879120879	-0.586080586080586
2.34432234432234	0.415140415140415	1.26984126984127
1.73382173382173	0.537240537240537	0.732600732600733
0.83028083028083	-0.170940170940171	0.561660561660562
-1.17216117216117	1.39194139194139	-1.26984126984127
-2.36874236874237	-0.976800976800977	-0.634920634920635
-5.2991452991453	0.0732600732600733	-1.12332112332112
-3.17460317460317	0.0976800976800977	-2.39316239316239
-2.97924297924298	1.001221001221	-1.68498168498168
-2.53968253968254	2.97924297924298	-0.757020757020757
1.29426129426129	3.78510378510378	0.170940170940171
3.58974358974359	5.25030525030525	0.43956043956044
3.41880341880342	4.56654456654457	2.39316239316239
4.66422466422466	3.63858363858364	0.512820512820513
3.003663003663	3.88278388278388	0.415140415140415
4.71306471306471	1.56288156288156	0.659340659340659
2.51526251526252	1.1965811965812	-0.879120879120879
3.05250305250305	0.244200244200244	-2.68620268620269
3.68742368742369	-0.244200244200244	-1.34310134310134
1.39194139194139	-1.05006105006105	-1.63614163614164
2.41758241758242	-1.63614163614164	-2.2954822954823
2.95482295482295	-1.0989010989011	-2.75946275946276
0.83028083028083	-1.53846153846154	-1.70940170940171
1.001221001221	-1.75824175824176	-2.22222222222222
1.83150183150183	-0.903540903540904	-1.83150183150183
2.05128205128205	-1.41636141636142	-1.41636141636142
0.390720390720391	0.634920634920635	-1.70940170940171
1.14774114774115	0.463980463980464	0.195360195360195
2.75946275946276	1.12332112332112	0.732600732600733
0.757020757020757	1.53846153846154	1.44078144078144
-1.12332112332112	-0.170940170940171	-0.586080586080586
-3.17460317460317	-0.561660561660562	-1.83150183150183
-4.24908424908425	-1.97802197802198	-0.610500610500611
-6.44688644688645	-3.24786324786325	-3.46764346764347
-3.1013431013431	-2.05128205128205	-3.90720390720391
-4.17582417582418	-3.15018315018315	-2.90598290598291
-1.14774114774115	-1.51404151404151	-1.83150183150183
1.83150183150183	-0.781440781440781	-0.0732600732600733
4.22466422466422	-0.757020757020757	-0.317460317460317
2.78388278388278	-0.390720390720391	-0.634920634920635
4.88400488400488	-0.732600732600733	-0.634920634920635
2.14896214896215	-0.415140415140415	-0.952380952380952
2.73504273504274	-0.781440781440781	-0.341880341880342
0.903540903540904	0.0244200244200244	-1.24542124542125
-0.683760683760684	1.26984126984127	-2.46642246642247
-1.58730158730159	0.195360195360195	-3.1990231990232
-2.02686202686203	1.92918192918193	-2.39316239316239
0.415140415140415	1.44078144078144	-1.66056166056166
1.1965811965812	1.46520146520147	-1.88034188034188
0.879120879120879	2.07570207570208	0.170940170940171
2.53968253968254	0.952380952380952	0.512820512820513
3.12576312576313	2.36874236874237	1.24542124542125
3.12576312576313	1.63614163614164	-0.146520146520147
3.61416361416361	2.68620268620269	-0.195360195360195
4.95726495726496	4.15140415140415	1.78266178266178
6.69108669108669	2.36874236874237	1.34310134310134
6.32478632478632	2.51526251526252	1.31868131868132
8.91330891330891	1.46520146520147	1.24542124542125
7.52136752136752	0.21978021978022	-0.732600732600733
8.35164835164835	0.561660561660562	1.46520146520147
5.07936507936508	-1.44078144078144	-0.586080586080586
7.64346764346764	0.732600732600733	-0.0732600732600733
5.54334554334554	0.561660561660562	0.952380952380952
3.12576312576313	0.0488400488400488	-1.05006105006105
2.58852258852259	0.805860805860806	-1.1965811965812
1.41636141636142	-1.12332112332112	-0.805860805860806
0.463980463980464	-0.683760683760684	0.512820512820513
0.634920634920635	-1.07448107448107	-0.244200244200244
2.49084249084249	-1.07448107448107	1.24542124542125
2.75946275946276	-0.879120879120879	0.854700854700855
4.68864468864469	-1.24542124542125	0.293040293040293
3.2967032967033	-2.002442002442	-3.41880341880342
2.61294261294261	-3.41880341880342	-0.634920634920635
0.927960927960928	-3.85836385836386	-2.71062271062271
-0.43956043956044	-3.78510378510378	-2.46642246642247
5.93406593406593	-2.71062271062271	0.732600732600733
2.49084249084249	-2.02686202686203	0.0976800976800977
2.49084249084249	-1.92918192918193	0
3.02808302808303	-1.92918192918193	-0.0488400488400488
1.02564102564103	-1.41636141636142	-1.63614163614164
0.195360195360195	-2.75946275946276	-1.75824175824176
-0.634920634920635	-2.66178266178266	-1.29426129426129
2.1978021978022	-2.71062271062271	-1.14774114774115
1.1965811965812	-1.34310134310134	-0.781440781440781
1.51404151404151	-0.0976800976800977	-0.976800976800977
0.610500610500611	-0.488400488400488	-1.97802197802198
-0.512820512820513	0.659340659340659	-0.708180708180708
-2.14896214896215	0.561660561660562	-0.903540903540904
0.976800976800977	-0.0244200244200244	-0.195360195360195
0.390720390720391	0.390720390720391	1.34310134310134
-0.0244200244200244	-1.9047619047619	1.58730158730159
-0.586080586080586	-1.34310134310134	0.586080586080586
0.488400488400488	-1.92918192918193	1.24542124542125
-0.317460317460317	-2.95482295482295	0.683760683760684
0.21978021978022	-1.22100122100122	0.976800976800977
2.36874236874237	-1.51404151404151	0.610500610500611
3.17460317460317	0	1.0989010989011
3.15018315018315	-0.341880341880342	0.122100122100122
4.15140415140415	0	0.561660561660562
2.80830280830281	0.610500610500611	1.83150183150183
3.1990231990232	-0.952380952380952	1.26984126984127
2.31990231990232	-0.0732600732600733	1.29426129426129
3.73626373626374	-0.732600732600733	3.27228327228327
3.34554334554335	-1.61172161172161	1.02564102564103
1.001221001221	-1.63614163614164	0.903540903540904
-0.512820512820513	-4.15140415140415	-0.366300366300366
-1.12332112332112	-2.36874236874237	0.781440781440781
-2.44200244200244	-1.88034188034188	1.44078144078144
-1.53846153846154	-1.48962148962149	2.34432234432234
-1.0989010989011	-0.390720390720391	2.93040293040293
0.683760683760684	-1.46520146520147	3.2967032967033
0.293040293040293	-0.757020757020757	3.90720390720391
-0.708180708180708	-1.26984126984127	4.44444444444444
-0.879120879120879	-1.68498168498168	3.80952380952381
2.88156288156288	-0.0244200244200244	5.03052503052503
1.26984126984127	-2.56410256410256	1.001221001221
1.78266178266178	-0.976800976800977	2.41758241758242
2.14896214896215	-1.97802197802198	1.31868131868132
1.97802197802198	-2.63736263736264	-1.95360195360195
-0.0244200244200244	-1.31868131868132	0.488400488400488
-0.732600732600733	-2.56410256410256	0.244200244200244
-0.757020757020757	-1.75824175824176	-0.610500610500611
-1.63614163614164	-2.49084249084249	0.0732600732600733
-0.195360195360195	-3.02808302808303	-0.170940170940171
-1.12332112332112	-2.53968253968254	-1.70940170940171
-4.78632478632479	-4.76190476190476	-0.659340659340659
-1.46520146520147	-2.41758241758242	0.463980463980464
-3.1013431013431	-3.22344322344322	-0.927960927960928
-3.93162393162393	-3.51648351648352	-2.002442002442
-2.80830280830281	-2.71062271062271	-1.85592185592186
-3.24786324786325	-4.07814407814408	-0.170940170940171
-1.92918192918193	-3.68742368742369	-0.415140415140415
-1.58730158730159	-3.46764346764347	-0.512820512820513
-2.12454212454212	-4.59096459096459	1.001221001221
-0.708180708180708	-2.53968253968254	0.561660561660562
0.781440781440781	-2.97924297924298	-0.0976800976800977
-0.879120879120879	-2.58852258852259	-1.95360195360195
-0.879120879120879	-2.90598290598291	-1.44078144078144
-0.195360195360195	-2.61294261294261	-0.561660561660562
-1.73382173382173	-2.34432234432234	-0.463980463980464
2.93040293040293	-2.17338217338217	-0.43956043956044
0.659340659340659	-1.53846153846154	-0.757020757020757
1.9047619047619	-1.34310134310134	1.07448107448107
2.58852258852259	-0.659340659340659	2.14896214896215
-1.48962148962149	-0.463980463980464	-0.43956043956044
-0.195360195360195	-1.56288156288156	0.390720390720391
-2.44200244200244	-1.001221001221	0.952380952380952
-2.53968253968254	-1.0989010989011	1.9047619047619
-1.22100122100122	-0.805860805860806	0.757020757020757
-2.90598290598291	-0.561660561660562	0.659340659340659
-2.78388278388278	-1.83150183150183	0.83028083028083
-3.58974358974359	-0.976800976800977	1.92918192918193
-2.34432234432234	-0.732600732600733	2.14896214896215
-2.24664224664225	-1.83150183150183	-0.512820512820513
-0.659340659340659	-0.561660561660562	-0.976800976800977
-1.24542124542125	-2.07570207570208	0.244200244200244
-1.14774114774115	-0.976800976800977	-0.317460317460317
2.44200244200244	-0.927960927960928	-0.293040293040293
0.463980463980464	-0.634920634920635	1.17216117216117
1.001221001221	0.683760683760684	0.659340659340659
2.1001221001221	0.0488400488400488	-1.001221001221
1.0989010989011	0.0732600732600733	-0.952380952380952
-0.0732600732600733	-1.24542124542125	-1.56288156288156
-1.9047619047619	-2.75946275946276	-2.02686202686203
-2.31990231990232	-3.02808302808303	-2.66178266178266
-2.51526251526252	-4.42002442002442	-3.02808302808303
-3.76068376068376	-3.32112332112332	-1.68498168498168
-4.78632478632479	-3.17460317460317	-0.390720390720391
-4.63980463980464	-3.12576312576313	-0.708180708180708
-4.22466422466422	-2.27106227106227	-3.05250305250305
-6.17826617826618	-3.2967032967033	-1.61172161172161
-1.56288156288156	-1.34310134310134	-1.48962148962149
-1.56288156288156	-1.22100122100122	-0.195360195360195
-2.24664224664225	-1.0989010989011	-0.903540903540904
-1.1965811965812	-0.195360195360195	-0.195360195360195
0.879120879120879	-0.512820512820513	0.952380952380952
-2.22222222222222	-0.317460317460317	1.17216117216117
-0.317460317460317	-0.83028083028083	-0.366300366300366
0.415140415140415	-1.73382173382173	0.879120879120879
2.58852258852259	0.317460317460317	2.31990231990232
2.73504273504274	-0.805860805860806	3.66300366300366
3.02808302808303	-0.366300366300366	-0.854700854700855
3.02808302808303	-1.001221001221	1.17216117216117
3.15018315018315	-1.41636141636142	1.73382173382173
-0.293040293040293	-2.58852258852259	-0.854700854700855
-1.85592185592186	-3.78510378510378	-1.1965811965812
-0.146520146520147	-2.97924297924298	-1.05006105006105
-0.927960927960928	-3.003663003663	-0.610500610500611
-0.537240537240537	-2.68620268620269	-1.12332112332112
-0.0488400488400488	-1.17216117216117	-1.22100122100122
2.41758241758242	-1.31868131868132	-0.43956043956044
0.293040293040293	0.415140415140415	0.708180708180708
-0.0244200244200244	0.415140415140415	0.415140415140415
1.07448107448107	0.268620268620269	1.29426129426129
1.48962148962149	2.34432234432234	2.02686202686203
1.14774114774115	1.07448107448107	2.36874236874237
0.781440781440781	1.66056166056166	3.05250305250305
1.31868131868132	1.75824175824176	0.390720390720391
3.22344322344322	1.73382173382173	1.14774114774115
-1.85592185592186	1.88034188034188	0.854700854700855
2.71062271062271	1.34310134310134	0.927960927960928
3.63858363858364	2.27106227106227	0.146520146520147
3.17460317460317	2.07570207570208	1.001221001221
2.61294261294261	1.34310134310134	0.757020757020757
4.17582417582418	1.92918192918193	0.341880341880342
4.1025641025641	0.293040293040293	-2.05128205128205
0.170940170940171	0.170940170940171	-1.53846153846154
-0.805860805860806	-0.683760683760684	-1.9047619047619
-0.879120879120879	-1.83150183150183	-2.27106227106227
-3.90720390720391	-2.24664224664225	-3.56532356532357
-3.15018315018315	-3.80952380952381	-4.88400488400488
-5.68986568986569	-3.36996336996337	-3.93162393162393
-3.80952380952381	-4.71306471306471	-3.32112332112332
-1.24542124542125	-3.12576312576313	-1.29426129426129
0.634920634920635	-0.244200244200244	-0.757020757020757
1.88034188034188	-1.12332112332112	0.781440781440781
2.31990231990232	1.22100122100122	-0.0976800976800977
1.68498168498168	0.21978021978022	-0.0244200244200244
1.22100122100122	1.17216117216117	0.43956043956044
-0.927960927960928	0.976800976800977	1.02564102564103
-0.415140415140415	0.341880341880342	2.34432234432234
-0.293040293040293	1.92918192918193	2.53968253968254
0.610500610500611	1.85592185592186	1.66056166056166
0.537240537240537	1.9047619047619	1.61172161172161
0.976800976800977	2.49084249084249	-0.293040293040293
1.70940170940171	1.41636141636142	-0.586080586080586
0.293040293040293	1.02564102564103	-0.952380952380952
-0.244200244200244	0.366300366300366	-0.390720390720391
0.170940170940171	-1.51404151404151	-1.68498168498168
-1.44078144078144	-0.43956043956044	-2.02686202686203
-1.05006105006105	-1.73382173382173	-2.46642246642247
-3.61416361416361	-1.31868131868132	-1.80708180708181
-2.1978021978022	-1.31868131868132	-1.22100122100122
-2.14896214896215	-1.66056166056166	-0.732600732600733
-3.05250305250305	-0.952380952380952	-3.32112332112332
-1.46520146520147	-3.05250305250305	-1.9047619047619
-0.757020757020757	-1.05006105006105	-1.83150183150183
1.58730158730159	-0.170940170940171	-1.39194139194139
1.12332112332112	-1.0989010989011	-2.12454212454212
-1.9047619047619	0.415140415140415	-0.976800976800977
2.85714285714286	0.390720390720391	-0.244200244200244
0.903540903540904	1.02564102564103	0.43956043956044
-0.512820512820513	0.488400488400488	-1.07448107448107
2.51526251526252	1.34310134310134	0.21978021978022
0.976800976800977	2.68620268620269	-0.0976800976800977
-0.195360195360195	1.56288156288156	-0.341880341880342
0.293040293040293	3.68742368742369	0.805860805860806
-0.170940170940171	2.1001221001221	1.05006105006105
0.268620268620269	0.732600732600733	-0.341880341880342
-0.732600732600733	1.63614163614164	-0.463980463980464
-1.29426129426129	-0.317460317460317	-0.341880341880342
-1.9047619047619	-0.683760683760684	-2.2954822954823
-0.634920634920635	-0.43956043956044	-0.610500610500611
0.488400488400488	0.317460317460317	1.0989010989011
0.659340659340659	1.26984126984127	-0.146520146520147
0.879120879120879	0.463980463980464	-0.122100122100122
2.53968253968254	3.34554334554335	0.634920634920635
3.17460317460317	3.46764346764347	0.952380952380952
-0.170940170940171	3.1013431013431	1.85592185592186
0.854700854700855	4.22466422466422	0.512820512820513
2.39316239316239	4.51770451770452	2.56410256410256
1.75824175824176	5.42124542124542	2.88156288156288
1.75824175824176	3.83394383394383	1.48962148962149
1.80708180708181	3.34554334554335	1.22100122100122
2.24664224664225	4.93284493284493	1.92918192918193
1.97802197802198	2.49084249084249	1.46520146520147
-0.757020757020757	2.17338217338217	0.244200244200244
-2.27106227106227	1.78266178266178	1.31868131868132
-0.195360195360195	2.34432234432234	2.34432234432234
1.22100122100122	3.46764346764347	3.73626373626374
-0.43956043956044	2.02686202686203	3.15018315018315
0.0488400488400488	2.97924297924298	1.73382173382173
0.561660561660562	1.92918192918193	3.1013431013431
-0.781440781440781	0.341880341880342	1.85592185592186
-1.22100122100122	1.56288156288156	1.05006105006105
-1.46520146520147	-0.488400488400488	1.56288156288156
-0.195360195360195	0.610500610500611	1.51404151404151
-2.53968253968254	-0.293040293040293	0.708180708180708
-1.63614163614164	-0.781440781440781	-0.293040293040293
-0.83028083028083	-0.293040293040293	-0.683760683760684
-0.586080586080586	-1.22100122100122	-1.97802197802198
-2.85714285714286	-0.170940170940171	-2.31990231990232
-1.53846153846154	-0.610500610500611	-1.44078144078144
-2.73504273504274	-1.31868131868132	-2.46642246642247
-3.56532356532357	-0.341880341880342	-0.21978021978022
-2.95482295482295	-0.610500610500611	0.634920634920635
-0.83028083028083	1.53846153846154	2.56410256410256
-0.21978021978022	2.56410256410256	3.36996336996337
-1.34310134310134	1.61172161172161	1.68498168498168
-2.63736263736264	3.12576312576313	3.44322344322344
1.56288156288156	3.34554334554335	4.34676434676435
-0.341880341880342	2.66178266178266	2.44200244200244
-0.0732600732600733	3.07692307692308	3.22344322344322
1.1965811965812	1.83150183150183	2.41758241758242
0.146520146520147	2.71062271062271	1.14774114774115
-0.463980463980464	1.39194139194139	0.903540903540904
-2.27106227106227	1.46520146520147	0.537240537240537
-1.36752136752137	0.586080586080586	0.21978021978022
-1.83150183150183	-0.879120879120879	1.66056166056166
-2.22222222222222	-0.683760683760684	1.05006105006105
-2.80830280830281	-2.58852258852259	0.0244200244200244
-3.46764346764347	-2.22222222222222	0.317460317460317
-2.44200244200244	-2.24664224664225	-1.39194139194139
-1.85592185592186	-0.952380952380952	-0.659340659340659
-4.15140415140415	-1.001221001221	-1.31868131868132
-0.757020757020757	-1.73382173382173	-0.879120879120879
-3.003663003663	-1.68498168498168	-1.56288156288156
-2.80830280830281	-2.78388278388278	-1.63614163614164
-1.51404151404151	-2.34432234432234	-0.415140415140415
-1.22100122100122	-1.61172161172161	-2.2954822954823
-1.41636141636142	-3.12576312576313	-2.22222222222222
-1.95360195360195	-2.07570207570208	-0.0732600732600733
0	-1.48962148962149	-0.21978021978022
-0.195360195360195	-0.659340659340659	0.512820512820513
-1.58730158730159	-0.170940170940171	1.22100122100122
0.0488400488400488	-0.293040293040293	1.14774114774115
-0.879120879120879	0.122100122100122	3.80952380952381
-2.36874236874237	-1.07448107448107	2.002442002442
0.659340659340659	-0.732600732600733	1.75824175824176
-1.58730158730159	0.757020757020757	2.05128205128205
-2.22222222222222	-0.195360195360195	0.976800976800977
-3.66300366300366	-0.122100122100122	-0.659340659340659
-0.83028083028083	0.537240537240537	-0.463980463980464
0.634920634920635	0.537240537240537	1.36752136752137
-1.73382173382173	0.43956043956044	1.66056166056166
0.634920634920635	-0.244200244200244	-1.39194139194139
-0.0244200244200244	0.927960927960928	1.51404151404151
-0.805860805860806	0.43956043956044	1.46520146520147
1.68498168498168	-0.708180708180708	-0.83028083028083
1.31868131868132	-0.341880341880342	-0.146520146520147
4.22466422466422	-1.17216117216117	-1.56288156288156
5.15262515262515	0.122100122100122	-0.268620268620269
5.1037851037851	0.0244200244200244	-0.757020757020757
3.46764346764347	-0.83028083028083	-3.1013431013431
2.27106227106227	-0.366300366300366	-3.07692307692308
3.32112332112332	-1.78266178266178	-3.56532356532357
0.83028083028083	-1.46520146520147	-3.27228327228327
0.903540903540904	-2.39316239316239	-3.88278388278388
1.53846153846154	-2.53968253968254	-2.66178266178266
1.85592185592186	-1.14774114774115	-1.41636141636142
2.73504273504274	-0.854700854700855	-1.83150183150183
6.64224664224664	1.9047619047619	0.146520146520147
6.86202686202686	2.95482295482295	1.56288156288156
6.73992673992674	4.15140415140415	1.39194139194139
5.1037851037851	4.07814407814408	0.512820512820513
4.3956043956044	2.17338217338217	-0.976800976800977
2.44200244200244	1.92918192918193	-1.83150183150183
2.22222222222222	0.781440781440781	-3.76068376068376
0.708180708180708	-1.31868131868132	-3.41880341880342
-0.879120879120879	-2.2954822954823	-3.54090354090354
0.341880341880342	-3.1990231990232	-5.90964590964591
0.146520146520147	-2.90598290598291	-5.76312576312576
-0.683760683760684	-3.76068376068376	-4.2979242979243
0.732600732600733	-3.78510378510378	-7.05738705738706
-2.24664224664225	-2.27106227106227	-5.07936507936508
2.51526251526252	-2.27106227106227	-3.36996336996337
0.0244200244200244	-2.78388278388278	-5.15262515262515
0.390720390720391	-2.58852258852259	-4.93284493284493
0.244200244200244	-3.02808302808303	-5.17704517704518
-0.43956043956044	-2.51526251526252	-5.27472527472527
-0.683760683760684	-2.73504273504274	-4.63980463980464
-1.97802197802198	-1.68498168498168	-3.85836385836386
-2.31990231990232	-2.31990231990232	-3.02808302808303
0.21978021978022	-1.51404151404151	-2.36874236874237
-0.415140415140415	-0.927960927960928	-1.24542124542125
0.0732600732600733	-1.34310134310134	-1.56288156288156
1.58730158730159	-1.17216117216117	-3.85836385836386
-0.366300366300366	-1.61172161172161	-1.88034188034188
0.537240537240537	-1.26984126984127	-0.586080586080586
0.0244200244200244	-0.561660561660562	-2.24664224664225
-1.14774114774115	-1.83150183150183	-3.003663003663
-3.63858363858364	-1.63614163614164	-2.49084249084249
-2.1001221001221	-1.63614163614164	-3.003663003663
-2.71062271062271	-1.56288156288156	-4.32234432234432
-3.56532356532357	-0.586080586080586	-4.27350427350427
-1.29426129426129	-1.34310134310134	-2.75946275946276
-0.512820512820513	0.0244200244200244	-3.17460317460317
-2.51526251526252	-0.732600732600733	-2.49084249084249
1.56288156288156	-0.903540903540904	-2.68620268620269
-0.268620268620269	0.0732600732600733	-3.39438339438339
0.317460317460317	-0.463980463980464	-2.41758241758242
0.415140415140415	0.463980463980464	-1.12332112332112
0.0732600732600733	-0.170940170940171	0.879120879120879
1.001221001221	-0.122100122100122	-0.366300366300366
0.341880341880342	0	-1.0989010989011
3.12576312576313	-1.39194139194139	-1.36752136752137
1.78266178266178	-1.12332112332112	-2.22222222222222
2.56410256410256	-0.366300366300366	-2.27106227106227
2.95482295482295	-0.927960927960928	-2.90598290598291
-0.586080586080586	-0.610500610500611	-1.31868131868132
2.68620268620269	-1.12332112332112	-1.95360195360195
0.952380952380952	-0.805860805860806	-1.26984126984127
1.46520146520147	-1.26984126984127	-0.879120879120879
0.415140415140415	-1.83150183150183	-1.39194139194139
0.293040293040293	-0.366300366300366	-0.0976800976800977
-0.708180708180708	-0.879120879120879	-0.683760683760684
-0.976800976800977	-0.781440781440781	-1.22100122100122
0.0244200244200244	-1.26984126984127	-1.22100122100122
-3.93162393162393	-2.88156288156288	-3.32112332112332
-1.41636141636142	-1.92918192918193	-4.54212454212454
-1.63614163614164	-3.32112332112332	-4.56654456654457
-2.41758241758242	-1.97802197802198	-4.54212454212454
-1.73382173382173	-1.63614163614164	-3.68742368742369
-0.0976800976800977	-1.9047619047619	-2.56410256410256
-1.53846153846154	-1.1965811965812	-1.95360195360195
-0.366300366300366	-0.146520146520147	1.24542124542125
-1.83150183150183	0.146520146520147	-1.58730158730159
-2.12454212454212	0.170940170940171	-1.92918192918193
2.1001221001221	0.903540903540904	0.0976800976800977
0.854700854700855	1.61172161172161	1.92918192918193
2.24664224664225	-0.0976800976800977	1.83150183150183
0.805860805860806	-1.17216117216117	1.24542124542125
1.48962148962149	-1.14774114774115	1.12332112332112
2.27106227106227	-1.14774114774115	-0.43956043956044
-0.708180708180708	-0.83028083028083	-3.05250305250305
0.854700854700855	-0.366300366300366	-1.61172161172161
1.34310134310134	0.561660561660562	-0.512820512820513
-0.0488400488400488	0.854700854700855	-0.317460317460317
1.1965811965812	-0.488400488400488	0.561660561660562
-0.610500610500611	-0.293040293040293	0.757020757020757
-0.537240537240537	-1.83150183150183	-2.1001221001221
-1.75824175824176	-0.781440781440781	0.122100122100122
-3.39438339438339	-1.95360195360195	1.53846153846154
0.757020757020757	-0.952380952380952	0.732600732600733
-0.610500610500611	0.170940170940171	0.83028083028083
1.66056166056166	0	2.002442002442
2.51526251526252	1.51404151404151	2.68620268620269
2.93040293040293	1.80708180708181	2.2954822954823
2.85714285714286	1.46520146520147	2.51526251526252
0.415140415140415	1.24542124542125	1.22100122100122
-0.854700854700855	0.0732600732600733	1.75824175824176
