2.26138704509041	2.36362249179828	0.831616693369955
2.13015945677882	4.27862973983368	1.76089112687877
1.74868390936141	2.53299763485161	0.863660639353018
0.708018616006714	1.14900434882124	0.189211871519036
1.98977645532921	4.85236896314946	0.820935378042267
3.65606164644846	4.18860151064317	1.6235599298085
3.41039139391165	4.58838788433661	0.816357671473259
5.20790417334249	5.58022430762188	3.41954680704967
6.19974059662776	5.54055085069047	4.8401617456321
6.10818646524758	6.4438849469749	4.86610208285649
4.1519798580911	3.30052643625544	4.11841000991836
3.12199588006409	3.27611200122072	2.73289082169833
2.68711375600824	2.31784542610819	1.45876249332418
2.5787747005417	1.66933699549859	1.58693827725643
1.97299153124285	2.72373540856031	1.07270923933776
2.0859082932784	0.233463035019455	2.563515678645
2.61234454871443	1.62050812542916	1.79598687724117
1.64187075608453	1.10170138094148	0.971999694819562
2.33920805676356	-0.242618448157473	0.323491264209964
2.17288471808957	1.05592431525139	-0.630197604333562
2.62302586404211	0.733958953231098	-0.924696726939803
3.18303196765087	3.41344319829099	0.529488059815366
4.45258258945602	5.64278629739834	0.81025406271458
4.58838788433661	4.81727321278706	2.50095368886854
3.65606164644846	7.2129396505684	2.40024414435035
5.02784771496147	6.53696498054475	2.68558785381857
5.16975661860075	6.33401998931868	1.06202792401007
2.90836957351034	5.50698100251774	1.15053025101091
3.85137712672618	5.37727931639582	0.285343709468223
3.39818417639429	6.12039368276493	1.14290074006256
3.46074616617075	5.95559624628061	3.02738994430457
3.33104448004883	7.48302433813993	2.83207446402686
3.247119859617	7.08628976882582	2.91752498664836
2.43228809033341	6.84367132066834	4.06500343327993
1.30464637216754	7.26024261844816	2.38040741588464
0.393682764934768	4.58686198214694	1.08796826123445
-0.0610360875867857	4.40527962157626	0.288395513847562
-0.247196154726482	2.43533989471275	-0.434882124055848
1.10322728313115	1.58693827725643	-1.57778286411841
0.389105058365759	2.26901655603876	-1.36873426413367
1.77615014877546	1.81124589913787	-1.367208361944
2.57267109178302	2.1866178377966	-1.26497291523613
1.51827267872129	2.45670252536812	-2.54673075455863
1.31990539406424	1.2161440451667	-2.43991760128176
0.402838178072786	1.37941557946136	-2.88700694285496
-1.03913939116503	-1.58541237506676	-3.41954680704967
-0.953688868543526	0.120546272983902	-1.69832913710231
-0.292973220416571	1.61440451667048	-0.512703135729
0.63782711528191	0.941481651026169	-0.125123979552911
1.31532768749523	3.01823453116655	-0.209048599984741
1.19935912108034	1.6433966582742	0.582894636453803
0.563057907988098	2.00808728160525	0.389105058365759
-1.08339055466545	0.80872816052491	0.00610360875867857
-2.06149385824369	-1.0955977721828	-0.0305180437933928
-1.91805905241474	0.695811398489357	0.325017166399634
-1.73647669184405	0.494392309452964	2.51163500419623
-1.96078431372549	0.134279392690929	1.20088502327001
-1.25429159990845	-0.440985732814527	0.447089341573205
-1.88143739986267	-0.247196154726482	-0.180056458381018
-1.66933699549859	-0.523384451056687	-1.77767605096513
-0.660715648126955	-1.99130235751888	-3.73235675593194
-1.14442664225223	-1.38551918822004	-4.80964370183871
-0.807202258335241	-1.26497291523613	-5.66872663462272
0.0564583810177768	-0.866712443732357	-3.51873044937819
1.13221942473487	2.41550316624704	-2.94193942168307
1.53200579842832	2.36209658960861	-1.05134660868238
1.15358205539025	3.20897230487526	-0.903334096284428
2.22476539253834	3.94903486686503	-0.549324788281071
2.13931486991684	3.63775082017243	-0.563057907988098
2.45517662317845	3.8452735179675	-0.29755092698558
3.39513237201495	3.03807125963226	0.138857099259937
4.31372549019608	5.42000457770657	0.433356221866178
4.49835965514611	5.58022430762188	0.463874265659571
3.69878690775921	4.91187914854658	1.85244525825895
4.13214312962539	6.07156481269551	1.00556954299229
3.11741817349508	4.42206454566262	1.28938735027085
1.25276569771878	2.94804303044175	1.03303578240635
1.58541237506676	0.854505226215	-0.877393759060044
1.34279392690929	-0.187685969329366	-1.01930266269932
0.880445563439384	-0.38300144960708	-4.10009918364233
2.25528343633173	-0.314335851071946	-3.48210879682612
2.54062714579995	1.23750667582208	-2.89463645380331
2.95109483482109	0.988784618905928	-1.29549095902953
2.20950637064164	-0.447089341573205	-0.21210040436408
1.31380178530556	0.483710994125277	-0.820935378042267
0.164797436484321	-1.02235446707866	0.131227588311589
-0.344853894865339	-0.263981078812848	-0.886549172198062
-1.3015945677882	-0.923170824750134	-2.90684367132067
-1.00862134737163	-0.55390249485008	-2.86564431219959
0.357061112382696	0.134279392690929	-4.80659189745937
2.29648279545281	-0.386053253986419	-2.70695048447395
3.17387655451286	-0.149538414587625	-1.879911497673
4.16876478217746	-0.0381475547417411	-0.903334096284428
2.94804303044175	-2.33768215457389	-0.141908903639277
2.13321126115816	-1.82803082322423	-1.35042343785763
0.402838178072786	-3.57976653696498	-3.23643854428931
-0.68055237659266	-2.67948424505989	-5.38185702296483
-0.451667048142214	-1.83566033417258	-5.42763408865492
-1.41298542763409	-2.09658960860609	-5.39406424048219
-0.794995040817884	-1.56862745098039	-5.31624322880903
-1.52590218966964	-3.33104448004883	-5.68398565651942
-0.0473029678797589	-2.83360036621653	-4.85999847409781
-0.114442664225223	-3.52635996032654	-4.86457618066682
-0.816357671473259	-4.51209277485313	-3.80865186541543
-1.29549095902953	-4.37933928435187	-4.14435034714275
-1.69222552834363	-6.18142977035172	-4.17029068436713
-2.52231631952392	-5.81673914702068	-4.68757152666514
-3.39208056763561	-6.01510643167773	-4.72419317921721
-3.17692835889219	-5.56343938353552	-4.05279621576257
-1.68154421301595	-2.92973220416571	-1.37026016632334
-1.55184252689403	-2.12405584802014	0.740062561989776
-1.40535591668574	-1.13374532692454	0.38452735179675
-0.990310521095598	-1.51827267872129	0.0656137941557946
-1.2115663385977	-2.93125810635538	-0.251773861295491
-1.82650492103456	-2.66269932097353	-0.81177996490425
-2.04013122758831	-4.36255436026551	-1.11696040283818
-2.61234454871443	-4.02227817196918	-1.94247348744945
-3.49431601434348	-3.43175402456703	-2.99992370489052
-3.0411230640116	-3.98413061722744	-3.86816205081254
-4.5487144274052	-4.1870756084535	-5.33607995727474
-3.79949645227741	-5.01411459525444	-6.31265735866331
-5.63820859082933	-6.41641870756085	-6.67277027542535
-5.52529182879377	-6.34927901121538	-5.89913786526284
-5.31013962005035	-5.98306248569467	-4.41138323033494
-5.59090562294957	-4.96986343175402	-5.297932402533
-4.80048828870069	-5.63363088426032	-5.66262302586404
-4.80354009308003	-3.8651102464332	-5.74807354848554
-4.55024032959487	-4.23895628290227	-6.84672312504768
-4.22827496757458	-4.55024032959487	-4.82795452811475
-3.87121385519188	-3.91851682307164	-4.73792629892424
-3.73998626688029	-5.20180056458381	-2.01876859693294
-3.15098802166781	-3.44090943770504	-1.6388189517052
-2.5986114290074	-1.76699473563745	-0.932326237888151
-2.88853284504463	-0.518806744487678	-0.421149004348821
-3.42107270923934	1.61135271229114	-1.1306935225452
-3.62706950484474	2.71000228885328	-0.480659189745937
-5.10414282444495	1.97756923781186	-3.39818417639429
-4.29541466392004	1.28328374151217	-5.47646295872435
-1.46334019989319	1.34737163347829	-4.8905165178912
0.0900282291905089	2.34073395895323	-5.46120393682765
1.4877546349279	0.227359426260777	-5.72976272220951
2.36362249179828	1.42977035172045	-5.04615854123751
2.79850461585412	2.37430380712596	-3.55840390630961
2.96025024795911	3.39360646982528	-2.1866178377966
1.88754100862135	3.84832532234684	-2.85954070344091
1.10170138094148	1.37331197070268	-1.80666819256886
0.0488288700694285	0.784313725490196	-3.14488441290913
-0.627145799954223	-1.10170138094148	-3.99938963912413
-2.51163500419623	-2.85801480125124	-3.90173189898527
-1.90280003051804	-1.27260242618448	-2.60776684214542
-2.49637598229953	-2.06759746700237	-1.69222552834363
-0.910963607232776	0.436408026245518	0.059510185397116
0.0228885328450446	0.715648126955062	0.303654535744259
-0.0869764248111696	0.230411230640116	1.88448920424201
-0.437933928435187	-0.558480201419089	0.473029678797589
-0.0396734569314107	-0.587472343022812	0.918593118181125
0.746166170748455	0.0244144350347143	1.49385824368658
0.590524147402152	0.76600289921416	1.31837949187457
-1.22835126268406	-0.183108262760357	0.253299763485161
-0.309758144502937	2.36514839398795	-0.602731364919509
-0.175478751812009	1.71969176775769	0.34027618829633
0.398260471503777	3.26848249027237	0.103761348897536
0.402838178072786	2.16220340276188	0.0961318379491875
1.25581750209812	-0.192263675898375	-0.0366216525520714
1.96841382467384	1.78072785534447	1.17341878385595
1.94094758525978	-0.0579842832074464	1.58999008163577
1.47096971084154	1.87685969329366	2.34988937209125
-0.0366216525520714	0.875867856870375	0.701915007248035
0.360112916762036	0.695811398489357	-0.108339055466545
-0.0747692072938125	2.37125200274662	-2.46738384069581
0.781261921110857	1.26802471961547	-1.46028839551385
0.845349813076982	1.94705119401846	-1.41145952544442
1.37331197070268	1.82497901884489	-0.497444113832303
0.445563439383536	-0.666819256885634	-0.885023270008392
-0.102235446707866	0.143434805828946	-1.47096971084154
-1.52590218966964	-1.54573891813535	-2.16983291371023
-1.82497901884489	-0.46845197222858	-3.61943999389639
-0.308232242313268	-0.248722056916152	-4.35645075150683
0.952162966353857	1.4724956130312	-3.32646677347982
1.05745021744106	2.89921416037232	-2.54062714579995
1.58999008163577	2.27969787136645	-2.65354390783551
2.29343099107347	3.8651102464332	-1.76394293125811
1.57930876630808	3.73388265812161	-0.447089341573205
0.108339055466545	1.65560387579156	-0.34027618829633
-0.654612039368276	1.10627908751049	-0.906385900663767
-0.508125429159991	-1.00099183642329	-1.19478141451133
-0.837720302128634	-1.71816586556802	-1.51369497215228
-1.55947203784237	-2.54978255893797	-1.94705119401846
-0.343327992675669	-3.23949034866865	-1.02388036926833
0.0381475547417411	-1.47402151522087	-0.711070420386053
0.138857099259937	-1.52437628747997	0.29907682917525
1.81887541008621	-0.567635614557107	1.42061493858244
-0.285343709468223	-2.26901655603876	-0.0900282291905089
-0.849927519645991	-3.52788586251621	-0.305180437933928
-1.3015945677882	-3.29442282749676	-0.956740672922866
-0.421149004348821	-3.7247272449836	-1.36873426413367
0.0701915007248035	-2.11490043488212	-0.735484855420768
-0.685130083161669	-3.37834744792859	-0.886549172198062
-1.87075608453498	-3.1967650873579	-1.61898222323949
-2.31326771953918	-3.04570077058061	-2.23849851224537
-3.24101625085832	-3.87731746395056	-1.99740596627756
-3.75066758220798	-3.18455786984054	-2.41855497062638
-4.17334248874647	-1.17799649042496	-2.5787747005417
-2.62760357061112	-0.704966811627375	-0.476081483176928
-1.54421301594568	0.848401617456321	-0.636301213092241
-1.29091325246052	0.407415884641794	0.621042191195544
-0.166323338673991	1.97756923781186	0.81177996490425
0.346379797055009	1.76546883344778	0.222781719691768
-0.0579842832074464	1.57778286411841	1.49691004806592
-1.27565423056382	1.76241702906844	1.24818799114977
-0.619516289005875	1.40688181887541	1.62966353856718
-1.17036697947662	0.849927519645991	1.17341878385595
-1.38551918822004	-0.636301213092241	0.479133287556268
-0.845349813076982	-1.196307316701	-0.184634164950027
0.238040741588464	0.360112916762036	-0.636301213092241
0.125123979552911	-1.94094758525978	-0.784313725490196
0.357061112382696	0.244144350347143	-0.315861753261616
0.592050049591821	0.881971465629053	0.537117570763714
0.743114366369116	-0.943007553215839	1.0605020218204
0.331120775158312	0.177004654001679	0.354009308003357
0.953688868543526	-1.51674677653162	1.68612191958495
1.06355382619974	-1.55489433127337	1.06507972838941
0.300602731364919	-3.09910734721904	0.369268329900053
-0.588998245212482	-5.19569695582513	0.138857099259937
-0.292973220416571	-4.43732356755932	-0.76752880140383
-0.704966811627375	-4.99885557335775	1.45723659113451
-1.25123979552911	-4.6646829938201	0.325017166399634
-1.8097199969482	-4.55024032959487	-0.227359426260777
-0.775158312352178	-4.97901884489204	-0.9399557488365
-0.549324788281071	-2.70084687571527	-1.56252384222171
0.576791027695125	-3.8101777676051	-1.88754100862135
0.927748531319142	-1.27718013275349	-1.25886930647745
2.54215304798962	0.251773861295491	0.587472343022812
2.91447318226902	1.367208361944	3.53093766689555
2.06912336919203	3.18303196765087	3.7094682230869
1.26344701304646	1.18715190356298	4.17334248874647
0.196841382467384	0.607309071488518	2.03860532539864
0.46845197222858	0.210574502174411	-0.184634164950027
-0.102235446707866	-1.82497901884489	-0.965896086060884
-0.0335698481727321	-1.64187075608453	-3.20592050049592
0.665293354695964	-2.10421911955444	-1.88754100862135
1.73342488746471	-0.192263675898375	-1.44197756923781
1.54268711375601	0.376897840848402	0.125123979552911
2.80918593118181	-0.407415884641794	-0.967421988250553
2.8549629968719	-0.0381475547417411	-0.181582360570687
1.94094758525978	-2.2720683604181	-0.323491264209964
2.69169146257725	-1.5533684290837	-1.79140917067216
1.99740596627756	-0.732433051041428	-0.994888227664607
2.19882505531395	0.428778515297169	0.442511635004196
2.29495689326314	3.87884336614023	0.321965362020295
3.35698481727321	3.92156862745098	0.311284046692607
4.36560616464485	4.37170977340352	1.18867780575265
5.15754940108339	5.8609903105211	2.21713588158999
4.88441290913253	5.08278019378958	2.26291294728008
4.48615243762875	6.48050659952697	1.23598077363241
3.66216525520714	5.40474555580987	3.12962539101244
4.05889982452125	6.59342336156252	2.54520485236896
4.31982909895476	5.23079270618753	1.22682536049439
3.64080262455177	3.03044174868391	1.01167315175097
3.91851682307164	4.00244144350347	1.19478141451133
4.18554970626383	3.18760967421988	2.2720683604181
4.60669871061265	2.69016556038758	1.55642023346304
4.69672693980316	2.04013122758831	0.537117570763714
4.21149004348821	1.47096971084154	0.952162966353857
4.7196154726482	2.2568093385214	0.0869764248111696
4.44647898069734	0.466926070038911	-1.32295719844358
4.21149004348821	0.331120775158312	-1.77157244220645
3.65758754863813	-0.158693827725643	-0.901808194094759
3.45616845960174	-1.60677500572213	-0.859082932784008
1.78072785534447	-1.97299153124285	-1.83260852979324
0.395208667124437	-3.35088120851453	-2.54367895017929
-0.357061112382696	-1.7288471808957	-2.64133669031815
0.357061112382696	0.372320134279393	-1.96231021591516
0.566109712367437	-0.34027618829633	-1.7792019531548
1.56557564660105	2.25986114290074	-0.76752880140383
3.09452964065003	1.78530556191348	0.643930724040589
2.61997405966278	2.24765392538338	0.567635614557107
3.61181048294804	3.57061112382696	0.166323338673991
3.10215915159838	3.03196765087358	-0.120546272983902
3.22117952239261	6.06546120393683	0.164797436484321
2.63981078812848	3.41496910048066	0.917067215991455
2.72831311512932	3.79186694132906	0.271610589761196
3.54772259098192	3.37987335011826	-0.364690623331044
4.46784161135271	2.96177615014878	0.891126878767071
5.49019607843137	4.08026245517662	0.608834973678187
5.80758373388266	4.16723887998779	2.10727092393378
6.22415503166247	6.2378881513695	1.196307316701
5.75112535286488	5.17433432516976	0.289921416037232
4.44953078507668	4.22064545662623	-0.350957503624018
4.53803311207752	4.4281681544213	-1.75478751812009
4.19623102159152	3.16014343480583	-0.714122224765393
3.70031280994888	3.85900663767453	0.244144350347143
3.16472114137484	4.07721065079728	0.392156862745098
2.25528343633173	2.96025024795911	1.30006866559854
1.48165102616922	2.11795223926146	-1.45876249332418
1.1459525444419	-1.538109407187	-2.29037918669413
1.2817578393225	-1.0955977721828	-2.82597085526818
1.68764782177462	-2.22323949034867	-3.00450141145953
1.97909514000153	-1.41145952544442	-1.65102616922255
1.96841382467384	2.65049210345617	-0.373846036469062
1.96688792248417	3.14335851071946	0.160219729915312
2.12558175020981	4.45716029602502	-0.196841382467384
2.19577325093462	3.8651102464332	0.180056458381018
1.11696040283818	2.68711375600824	0.460822461280232
1.51979858091096	2.78629739833677	0.218204013122759
1.29854276340887	0.613412680247196	0.04272526131075
-0.416571297779812	-0.631723506523232	-1.10322728313115
-1.00251773861295	-1.27718013275349	-3.43633173113603
-1.05134660868238	-3.08995193408103	-4.46631570916304
-1.61593041886015	-2.79392690928511	-5.55886167696651
-2.42618448157473	-5.03242542153048	-5.85488670176242
-2.89463645380331	-5.64278629739834	-5.32082093537804
-2.6688029297322	-4.98970016021973	-3.76134889753567
-2.7695124742504	-5.22163729304952	-4.49835965514611
-0.778210116731518	-2.3575188830396	-3.90936140993362
0.0366216525520714	-1.80514229037919	-3.94293125810636
0.81177996490425	0.369268329900053	-4.61890592813001
1.41451132982376	0.750743877317464	-4.28168154421302
0.953688868543526	0.991836423285267	-3.85137712672618
-0.860608834973678	1.02082856488899	-3.66521705958648
-1.24208438239109	-0.473029678797589	-3.10063324940871
-0.967421988250553	1.86160067139696	-0.653086137178607
-0.89570458533608	0.579842832074464	-1.7441062027924
-0.0869764248111696	1.10933089188983	-0.854505226215
1.07118333714809	2.5833524071107	-1.15663385976959
0.7690547035935	0.840772106507973	-0.914015411612116
1.63118944075685	2.26749065384909	-0.691233691920348
1.03913939116503	1.73495078965438	-0.712596322575723
0.309758144502937	0.0442511635004196	-1.52437628747997
-0.592050049591821	0.831616693369955	-1.70748455024033
-0.532539864194705	-0.563057907988098	-2.70695048447395
-0.123598077363241	0.572213321126116	-2.76188296330205
-0.0152590218966964	-0.250247959105821	-2.08438239108873
-0.286869611657893	-1.39620050354772	-1.86312657358663
0.776684214541848	-0.180056458381018	-1.53047989623865
0.793469138628214	-1.3519493400473	0.0259403372243839
-0.875867856870375	-2.16830701152056	-0.498970016021973
-2.00808728160525	-3.28679331654841	-2.13168535896849
-2.37888151369497	-3.99176012817578	-2.29800869764248
-2.18051422903792	-3.95971618219272	-2.9251544975967
-2.20035095750362	-6.10513466086824	-3.86968795300221
-1.93331807431144	-4.66315709163043	-3.8651102464332
-1.05287251087205	-3.82696269169146	-2.84580758373388
-0.72632944228275	-3.72625314717327	-1.89822232394903
-0.517280842298009	-0.700389105058366	-0.0534065766384375
0.135805294880598	-0.00610360875867857	0.434882124055848
0.816357671473259	0.657663843747616	1.01472495613031
2.38345922026398	2.20492866407263	1.85397116044862
2.80155642023346	2.47043564507515	2.89616235599298
2.45212481879912	3.72625314717327	2.89158464942397
4.04669260700389	2.61539635309377	2.99687190051118
3.94598306248569	3.77813382162203	5.26894026092927
3.27306019684138	4.10620279240101	5.08735790035859
2.94804303044175	3.0106050202182	3.23338673990997
2.80766002899214	3.30052643625544	2.75120164797436
2.40939955748836	3.49736781872282	2.28580148012512
2.68711375600824	5.02327000839246	2.2568093385214
2.57572289616236	4.51972228580148	2.66117341878386
2.63828488593881	5.30251010910201	4.37933928435187
1.8448157473106	5.75875486381323	4.93324177920195
0.561532005798428	3.40581368734264	4.6646829938201
1.22835126268406	4.05279621576257	4.32593270771344
0.593575951781491	3.02128633554589	2.76646066987106
0.801098649576562	1.10322728313115	0.492866407263294
0.717174029144732	0.98268101014725	-0.691233691920348
-0.12664988174258	-1.20241092545968	-0.965896086060884
-0.158693827725643	0.0717174029144732	-1.84023804074159
-0.00762951094834821	0.820935378042267	-0.839246204318303
0.788891432059205	2.21560997940032	1.68612191958495
1.5579461356527	3.95513847562371	1.61898222323949
2.36972610055695	4.54718852521553	2.75883115892271
3.42412451361868	6.97032120241093	4.19928282597086
3.36308842603189	7.26634622720684	4.58075837338827
4.53650720988785	8.31769283588922	6.39047837033646
5.99526970321202	9.7108415350576	7.25871671625849
6.55069810025177	7.39452201113909	7.30907148851759
6.51560234988937	6.80704966811627	5.73891813534752
6.49881742580301	5.64888990615702	7.17174029144732
5.48714427405203	3.62096589608606	7.06340123598077
4.70893415732052	3.11284046692607	6.5491721980621
4.19165331502251	1.97756923781186	8.02014190890364
2.57724879835203	1.08796826123445	6.79026474402991
1.20546272983902	0.317387655451286	5.35133897917143
0.207522697795071	-1.00556954299229	3.65300984206912
-2.13321126115816	-1.31074998092622	1.24513618677043
-3.63469901579309	-2.83360036621653	0.828564888990616
-4.51819638361181	-4.16723887998779	0.149538414587625
-4.94392309452964	-5.85641260395209	0.244144350347143
-4.58838788433661	-7.29991607537957	0.633249408712901
-4.00396734569314	-6.70786602578775	-0.137331197070268
-2.8702220187686	-7.55931944762341	0.440985732814527
-2.55130846112764	-5.27199206530861	-0.135805294880598
-1.01777676050965	-3.52178225375753	2.27817196917678
-0.946059357595178	-3.77660791943236	1.34431982909895
-0.151064316777295	-1.91348134584573	2.11642633707179
0.265506981002518	-2.50400549324788	2.42618448157473
2.18204013122759	0.00610360875867857	3.51110093842985
3.47753109025711	1.196307316701	4.21301594567788
4.70588235294118	2.48569466697185	4.67841611352712
4.09704737926299	3.62554360265507	3.98413061722744
4.51667048142214	3.09300373846036	5.48409246967269
3.19218738078889	3.5034714274815	4.27405203326467
2.18814373998627	1.52895399404898	3.45006485084306
0.549324788281071	-2.00961318379492	2.07675288014038
-0.234988937209125	-1.70748455024033	0.72480354009308
-1.19325551232166	-4.52429999237049	-0.628671702143893
-0.959792477302205	-3.89715419241627	-2.10421911955444
-1.39772640573739	-4.42359044785229	-3.25780117494469
-1.92874036774243	-6.16617074845502	-4.53040360112917
-0.949111161974517	-6.09140154116121	-4.41596093690394
-2.17746242465858	-8.2887006942855	-5.60311284046693
-1.36110475318532	-7.93469138628214	-3.63164721141375
-1.69222552834363	-7.76226443884947	-3.31120775158312
-1.83413443198291	-6.6498817425803	-1.93789578088045
-1.10933089188983	-4.14892805371176	-0.715648126955062
0.352483405813687	-2.34988937209125	1.7792019531548
-0.753795681696803	-1.11848630502785	3.35545891508354
-1.0605020218204	-0.72480354009308	3.32036316472114
-0.190737773708705	-1.71969176775769	5.1468680857557
-2.29343099107347	-1.42977035172045	4.08941786831464
-1.52132448310063	-3.27000839246204	2.91905088883803
-2.00350957503624	-4.39459830624857	0.779736018921187
-2.49485008010986	-5.97695887693599	-1.98367284657053
-2.57419699397269	-5.4337376974136	-1.48012512397955
-2.99534599832151	-5.58785381857023	-3.13725490196078
-3.49889372091249	-7.07408255130846	-2.49485008010986
-3.39513237201495	-5.45815213244831	-2.14694438086519
-3.57976653696498	-5.15449759670405	-1.78988326848249
-3.26237888151369	-4.32593270771344	-1.5228503852903
-2.25375753414206	-2.55588616769665	-2.23392080567636
-0.799572747386893	-2.8549629968719	-2.11184863050278
-1.05439841306172	-0.701915007248035	-2.10574502174411
-1.26039520866712	-3.05180437933928	-3.28831921873808
-1.79751277943084	-2.53147173266194	-2.4078736552987
-1.87838559548333	-1.34584573128862	-2.16678110933089
-1.14900434882124	-2.38345922026398	-1.06202792401007
-1.8448157473106	-1.45723659113451	0.306706340123598
-2.28122377355611	-1.88601510643168	-0.370794232089723
-2.72220950637064	-3.51262684061952	-1.17189288166629
-4.22064545662623	-3.49584191653315	-2.3773556115053
-5.75112535286488	-6.04715037766079	-3.61943999389639
-6.14328221560998	-5.78622110322728	-4.56549935149157
-6.23636224917983	-6.85282673380636	-4.99732967116808
-5.11787594415198	-6.72465094987411	-4.29846646829938
-4.43732356755932	-4.6341649500267	-4.17486839093614
-3.86205844205386	-4.07263294422827	-4.88746471351186
-3.10063324940871	-1.37788967727169	-3.83611810482948
-2.56961928740368	-1.60067139696345	-3.6591134508278
-2.23392080567636	-2.0355535210193	-4.11535820553902
-2.52231631952392	-0.271610589761196	-3.77203021286336
-1.60372320134279	0.0350957503624018	-2.74052033264668
-0.389105058365759	1.47402151522087	-2.65354390783551
-0.0869764248111696	2.14541847867552	-1.88906691081102
0.00610360875867857	2.42008087281605	0.241092545967803
-0.222781719691768	3.75066758220798	0.827038986800946
0.381475547417411	1.9501029983978	2.11795223926146
1.80514229037919	3.76592660410468	3.46684977492943
0.816357671473259	1.47707331960021	2.2064545662623
1.08491645685512	0.605783169298848	2.25375753414206
-0.0747692072938125	0.422674906538491	2.14541847867552
0.520332646677348	-2.54520485236896	2.85038529030289
-0.314335851071946	-3.12352178225376	1.70595864805066
-0.76600289921416	-3.8956282902266	1.97451743343252
-0.398260471503777	-4.35492484931716	0.973525597009232
-0.408941786831464	-3.72625314717327	0.137331197070268
-1.61593041886015	-6.42252231631952	-1.56099794003204
-1.32448310063325	-5.6900892652781	-1.8295567254139
-2.24612802319371	-5.75722896162356	-2.68711375600824
-3.07316700999466	-5.92965590905623	-2.54520485236896
-3.35088120851453	-6.0517280842298	-3.82848859388113
-2.5986114290074	-7.1976806286717	-3.39971007858396
-3.03501945525292	-6.56748302433814	-3.92004272526131
-2.60929274433509	-7.18852521553368	-3.68810559243153
-1.79903868162051	-6.59494926375219	-2.7496757457847
-1.13984893568322	-4.00549324788281	-2.11490043488212
-0.97962920576791	-3.91851682307164	-0.943007553215839
-1.0452429999237	-2.05539024948501	-1.3168535896849
-1.27565423056382	-2.08743419546807	-1.18867780575265
-0.491340505073625	-3.38597695887694	-0.865186541542687
0.0671396963454643	0.631723506523232	1.25429159990845
0.476081483176928	0.442511635004196	2.4933241779202
-0.0366216525520714	1.7792019531548	1.94552529182879
-0.549324788281071	1.11848630502785	2.82139314869917
-1.10475318532082	0.537117570763714	2.80766002899214
-2.70237277790494	1.22224765392538	1.64492256046387
-2.93125810635538	-1.57930876630808	2.43076218814374
-2.78019378957809	-0.646982528419928	-0.0137331197070268
-2.11032272831312	-0.514229037918669	-0.367742427710384
-1.24055848020142	-1.22072175173571	-0.733958953231098
-1.08186465247578	-1.2664988174258	-2.47959105821317
-0.779736018921187	-4.11841000991836	-4.35950255588617
-0.785839627679866	-3.72014953841459	-3.46532387273976
-0.701915007248035	-3.78118562600137	-5.54055085069047
-0.498970016021973	-4.72724498359655	-5.13771267261769
-1.02845807583734	-3.77508201724269	-5.22621499961852
-0.138857099259937	-5.17891203173877	-5.49477378500038
1.08339055466545	-3.61181048294804	-4.91645685511559
1.86770428015564	-3.4027618829633	-3.30815594720378
2.51163500419623	-2.39719233997101	-1.93636987869078
1.8142977035172	0.0976577401388571	-1.02235446707866
1.75478751812009	-0.72632944228275	-0.859082932784008
0.535591668574044	1.20546272983902	1.19478141451133
0.51117723353933	2.3071641107805	1.72732127870604
0.885023270008392	2.02334630350195	1.99435416189822
2.81681544213016	3.75371938658732	2.36820019836728
4.31372549019608	3.76745250629435	3.92309452964065
4.36408026245518	5.03700312809949	4.16418707560845
4.63263904783703	5.74654764629587	4.91950865949493
3.59807736324102	3.9505607690547	4.75776302738994
2.92973220416571	5.25978484779126	5.70229648279545
2.97093156328679	2.68558785381857	4.24200808728161
2.19882505531395	3.05485618371862	4.85084306095979
1.98977645532921	0.904859998474098	4.05889982452125
2.27664606698711	-0.308232242313268	3.56450751506828
2.34073395895323	-0.248722056916152	2.83360036621653
1.76089112687877	-1.38094148165103	2.75577935454337
1.92111085679408	-1.13374532692454	1.65560387579156
2.47653925383383	0.349431601434348	2.25223163195239
2.53147173266194	0.588998245212482	3.33409628442817
2.29800869764248	2.30411230640116	3.21965362020295
2.47196154726482	2.79850461585412	4.06195162890059
2.63981078812848	3.95819028000305	3.09758144502937
1.74715800717174	3.86968795300221	2.58487830930037
2.72373540856031	3.08537422751202	1.84634164950027
3.01365682459754	5.40779736018921	3.26848249027237
2.96940566109712	3.70031280994888	3.96429388876173
3.47905699244678	3.61333638513771	5.03242542153048
3.85900663767453	2.83665217059586	5.49172198062104
2.85191119249256	1.65407797360189	6.02273594262608
2.82444495307851	1.57473105973907	5.32387273975738
2.40329594872969	-0.230411230640116	5.79232471198596
2.43533989471275	2.52079041733425	6.4438849469749
3.15251392385748	2.93888761730373	6.08072022583352
4.06042572671092	3.48210879682612	7.11680781261921
5.0415808346685	5.28725108720531	7.39299610894942
4.7699702449073	3.63775082017243	6.57206073090715
3.35545891508354	3.05180437933928	4.5792324711986
3.47447928587778	3.07011520561532	3.70336461432822
3.71252002746624	1.59761959258412	2.95414663920043
2.83054856183719	2.77561608300908	2.48722056916152
2.84885938811322	1.93331807431144	2.35446707866026
3.36308842603189	2.55741206988632	2.41855497062638
2.68253604943923	1.80666819256886	1.48317692835889
2.14999618524453	0.515754940108339	0.941481651026169
-0.0717174029144732	0.935378042267491	-1.55489433127337
-1.01625085831998	-0.00152590218966964	-1.04371709773404
-0.85297932402533	0.743114366369116	-2.45670252536812
-2.03097581445029	-1.14900434882124	-3.37224383916991
-2.39414053559167	-3.79339284351873	-4.272526131075
-3.22728313115129	-4.31067368581674	-6.24246585793851
-2.63065537499046	-5.30861371786068	-5.6244754711223
-2.6337071793698	-5.2475776302739	-6.81162737468528
-1.38094148165103	-4.01312275883116	-5.22926680399786
-0.933852140077821	-3.11589227130541	-2.67795834287022
-0.646982528419928	-1.14137483787289	-1.99588006408789
-1.03608758678569	-1.28786144808118	-0.221255817502098
-1.68307011520562	-0.199893186846723	-0.89570458533608
-1.51522087434195	1.67849240863661	0.540169375143053
-1.47707331960021	3.12046997787442	1.43282215609979
-0.0778210116731518	4.56244754711223	0.903334096284428
0.619516289005875	4.70435645075151	2.26749065384909
1.29396505683986	6.48050659952697	2.21255817502098
2.26138704509041	6.41031509880217	2.6688029297322
2.59098191805905	5.21705958648051	2.75120164797436
1.8295567254139	4.70130464637217	1.07728694590677
1.31532768749523	0.866712443732357	0.544747081712062
0.216678110933089	-0.141908903639277	-0.122072175173571
-2.45365072098878	-1.80056458381018	-0.335698481727321
-2.52384222171359	-3.36156252384222	-0.291447318226902
-2.90379186694133	-3.10978866254673	-0.556954299229419
-2.53910124361028	-4.82642862592508	-1.70290684367132
-2.27664606698711	-4.55024032959487	-1.5228503852903
-1.64492256046387	-6.5293354695964	-2.18051422903792
-1.13374532692454	-7.66613260090028	-2.74052033264668
-1.89364461738003	-7.03593499656672	-2.41702906843671
-1.98367284657053	-6.61173418783856	-0.665293354695964
-2.40482185091936	-5.99526970321202	-1.32600900282292
-1.84786755168994	-5.00801098649577	-1.09102006561379
-1.89211871519036	-4.3579766536965	-0.0686655985351339
-1.54726482032502	-1.83871213855192	-0.262455176623178
0.498970016021973	-0.958266575112535	0.265506981002518
0.218204013122759	1.34889753566796	-0.321965362020295
1.1810482948043	2.6688029297322	-1.16884107728695
0.935378042267491	2.82444495307851	-1.50148775463493
1.97451743343252	4.04821850919356	-1.58693827725643
1.52590218966964	2.5131609063859	-1.71206225680934
1.29854276340887	3.37071793698024	-0.0579842832074464
0.81025406271458	2.36209658960861	-0.199893186846723
1.48165102616922	0.709544518196384	1.30312046997787
1.11848630502785	0.602731364919509	0.9399557488365
0.625619897764553	-1.10017547875181	0.912489509422446
-0.201419089036393	-2.61234454871443	0.12817578393225
-1.37483787289235	-4.27100022888533	-1.01472495613031
-2.42160677500572	-5.40932326237888	-1.49080643930724
-4.05584802014191	-4.95155260547799	-2.13015945677882
-4.67078660257877	-6.93675135423819	-3.40123598077363
-4.65705348287175	-6.44083314259556	-3.77813382162203
-3.99633783474479	-5.94338902876326	-4.21454184786755
-2.75272755016403	-5.88387884336614	-3.28068970778973
-2.31479362172885	-3.66826886396582	-1.6083009079118
-1.15053025101091	-3.68657969024186	-0.428778515297169
-0.787365529869535	-3.60570687418936	-0.0656137941557946
-0.636301213092241	-3.60418097199969	1.71816586556802
-0.0244144350347143	-2.79697871366445	1.88906691081102
0.624093995574884	-1.80056458381018	1.54726482032502
2.72678721293965	-0.962844281681544	2.84733348592355
4.04364080262455	1.56099794003204	2.34073395895323
3.61333638513771	2.00350957503624	1.8448157473106
3.53093766689555	1.24208438239109	1.31990539406424
3.26085297932403	1.93942168307012	1.84786755168994
3.68963149462119	2.16220340276188	3.82085908293278
3.80102235446708	3.89410238803693	3.82391088731212
3.35393301289387	2.52994583047227	3.82543678950179
4.06042572671092	2.28580148012512	3.12962539101244
3.48363469901579	2.50858319981689	1.49843595025559
2.31479362172885	0.2563515678645	0.320439459830625
2.44754711223011	1.21461814297704	-0.349431601434348
2.04165712977798	2.28885328450446	-0.744640268558785
1.78072785534447	1.85244525825895	-0.51117723353933
0.59662775616083	2.12405584802014	-2.5787747005417
-0.280766002899214	-0.245670252536812	-2.27817196917678
0.0473029678797589	0.576791027695125	-1.60677500572213
1.35347524223697	0.486762798504616	-2.64591439688716
1.56557564660105	-0.627145799954223	-1.83871213855192
1.52895399404898	0.654612039368276	-2.27054245822843
1.32295719844358	0.657663843747616	-1.55184252689403
0.781261921110857	0.292973220416571	-3.02433813992523
-0.0198367284657053	0.318913557640955	-1.4679179064622
-0.122072175173571	-0.941481651026169	-2.49942778667887
0.308232242313268	0.691233691920348	-1.56862745098039
-0.0686655985351339	-0.369268329900053	0.839246204318303
0.552376592660411	1.88143739986267	1.84939345387961
1.28023193713283	2.05691615167468	1.51827267872129
1.73952849622339	2.45975432974746	2.54978255893797
2.83665217059586	2.75272755016403	2.9907682917525
3.61028458075837	1.65102616922255	2.9404135194934
3.79644464789807	1.45113298237583	2.16678110933089
3.22575722896162	0.321965362020295	1.1612115663386
1.87380788891432	-2.63981078812848	-0.387579156176089
0.552376592660411	-1.33058670939193	-0.352483405813687
-0.738536659800107	-2.98008697642481	-0.796520943007553
-1.00709544518196	-3.18760967421988	-0.146486610208286
-2.94651712825208	-3.03501945525292	-0.219729915312428
-3.28984512092775	-4.91645685511559	-0.398260471503777
-2.905317769131	-3.52635996032654	-1.94552529182879
-1.66170748455024	-3.54314488441291	-1.86312657358663
-0.622568093385214	-1.70901045243	-2.07217517357137
0.566109712367437	-1.08796826123445	-0.230411230640116
0.0503547722590982	-1.29396505683986	0.631723506523232
-0.840772106507973	-1.23445487144274	1.538109407187
-1.70290684367132	-2.98924238956283	1.59151598382544
-2.52231631952392	-2.34531166552224	2.41550316624704
-2.40939955748836	-2.73136491950866	1.6937514305333
-2.63218127718013	-2.64286259250782	1.48317692835889
-1.98214694438087	-1.06202792401007	1.03913939116503
-1.11696040283818	-2.06454566262303	2.13015945677882
-0.154116121156634	-0.502021820401312	2.34378576333257
0.0961318379491875	0.392156862745098	1.88601510643168
0.81177996490425	0.491340505073625	2.60318913557641
1.77615014877546	3.4882124055848	3.36614023041123
1.5579461356527	2.74052033264668	4.60822461280232
0.862134737163348	3.03654535744259	3.58129243915465
1.52742809185931	4.42053864347295	3.62096589608606
2.85343709468223	4.55634393835355	3.78881513694972
3.03044174868391	6.81162737468528	2.67185473411154
3.01976043335622	5.7801174944686	3.24101625085832
2.70389868009461	7.08781567101549	2.68101014724956
2.60776684214542	6.34470130464637	2.28122377355611
1.20698863202869	4.55329213397421	1.66323338673991
0.482185091935607	4.38849469748989	0.303654535744259
-1.33516441596094	1.22987716487373	-1.10017547875181
-2.11184863050278	-0.823987182421607	-1.59456778820478
-2.81071183337148	-2.5787747005417	-1.76241702906844
-3.72167544060426	-3.62554360265507	-0.944533455405508
-3.59044785229267	-2.32547493705653	-1.72732127870604
-2.00350957503624	-1.73952849622339	-0.241092545967803
-1.47554741741054	0.408941786831464	-0.688181887541009
-2.51010910200656	-0.823987182421607	-2.76340886549172
-2.14999618524453	-1.43587396047913	-2.38498512245365
-3.8101777676051	-1.01167315175097	-2.60013733119707
-2.81834134431983	-2.57419699397269	-3.84374761577783
-2.04318303196765	-0.683604180972	-2.77256427862974
-1.73495078965438	0.219729915312428	-2.82597085526818
0.473029678797589	0.888075074387732	-1.12764171816587
0.733958953231098	1.91348134584573	-0.63935301747158
0.262455176623178	-0.375371938658732	0.694285496299687
-0.21210040436408	0.463874265659571	0.556954299229419
0.448615243762875	-0.183108262760357	0.46997787441825
-0.662241550316625	-0.59510185397116	0.392156862745098
-1.57473105973907	-0.29755092698558	-0.408941786831464
-2.30106050202182	-0.0534065766384375	2.88853284504463
-3.34935530632486	0.798046845197223	2.42313267719539
-3.84985122453651	-0.588998245212482	2.37125200274662
-4.36255436026551	-1.6739147020676	2.80308232242313
-4.43274586099031	-0.845349813076982	0.434882124055848
-3.9505607690547	-2.53147173266194	-0.730907148851759
-3.72777904936294	-1.62203402761883	-2.23849851224537
-3.41496910048066	-1.70138094148165	-3.20744640268559
-3.07316700999466	-2.04623483634699	-2.89768825818265
-3.03807125963226	-0.816357671473259	-3.7796597238117
-2.4780651560235	-1.29091325246052	-3.65453574425879
-2.63675898374914	0.0457770656900893	-2.68253604943923
-2.20340276188296	-0.355535210193027	-1.89211871519036
-2.19424734874495	0.560006103608759	-0.910963607232776
-1.04829480430304	2.67948424505989	0.804150453955901
-1.1810482948043	0.436408026245518	0.830090791180285
-1.86617837796597	0.717174029144732	0.268558785381857
-1.80819409475853	-1.03303578240635	1.25276569771878
-1.95315480277714	-1.37788967727169	1.18867780575265
-1.73037308308537	0.619516289005875	1.99893186846723
-0.288395513847562	0.230411230640116	2.6993209735256
1.28023193713283	4.0665293354696	4.28625925078202
1.37483787289235	3.78271152819104	5.0263218127718
1.75173571374075	3.04570077058061	4.51972228580148
-1.00709544518196	1.27718013275349	2.55283436331731
-1.47096971084154	-0.108339055466545	1.4679179064622
-1.50453955901427	-0.205996795605402	-0.238040741588464
-1.92263675898375	0.81177996490425	0.480659189745937
-2.57114518959335	-0.190737773708705	-1.196307316701
-1.8142977035172	1.9302662699321	-0.836194399938964
-2.51163500419623	-0.144960708018616	-1.60372320134279
-2.45670252536812	0.650034332799268	-1.45876249332418
-1.47859922178988	1.48012512397955	-1.32600900282292
-1.37483787289235	1.32600900282292	0.0152590218966964
-1.60982681010147	1.94705119401846	0.784313725490196
-2.05996795605402	-0.29755092698558	2.3422598611429
-2.81376363775082	-1.21461814297704	1.1306935225452
-2.98008697642481	-2.58030060273137	1.43282215609979
-1.92416266117342	-2.40177004654002	0.64087891966125
-2.18204013122759	-1.59609369039445	0.00915541313801785
-1.8448157473106	-0.772106507972839	1.10780498970016
-1.76394293125811	0.7690547035935	1.44808117799649
-1.6083009079118	2.26138704509041	2.77561608300908
-1.60067139696345	2.81376363775082	5.39864194705119
-0.708018616006714	4.43274586099031	5.80910963607233
0.04272526131075	4.52277409018082	7.1427481498436
-0.259403372243839	5.96932936598764	6.10666056305791
-0.738536659800107	4.56244754711223	4.3427176317998
-1.25123979552911	3.78423743038071	2.08133058670939
-0.354009308003357	4.5990691996643	0.4272526131075
-0.0442511635004196	3.30968184939345	-0.993362325474937
0.204470893415732	4.34882124055848	-1.45418478675517
-0.906385900663767	2.65201800564584	-2.4933241779202
-0.799572747386893	2.87327382314794	-0.700389105058366
-0.521858548867018	3.73235675593194	-1.34737163347829
-1.10933089188983	1.91805905241474	0.0503547722590982
-1.60982681010147	1.97756923781186	0.29907682917525
-1.58083466849775	1.0605020218204	0.729381246662089
-0.325017166399634	-0.42572671091783	1.44655527580682
-1.12153810940719	-0.689707789730678	-0.0274662394140536
-0.755321583886473	-3.73693446250095	-0.228885328450446
-1.37026016632334	-3.34325169756619	-0.964370183871214
-1.34126802471962	-3.08842603189136	-1.91195544365606
-1.38551918822004	-2.74052033264668	-1.27718013275349
-0.576791027695125	-0.617990386816205	-0.55390249485008
0.178530556191348	-1.04219119554437	0.572213321126116
0.0549324788281071	-0.0106813153276875	0.836194399938964
-0.17242694743267	-0.431830319676509	1.24055848020142
-2.48264286259251	-3.07011520561532	0.309758144502937
-3.39360646982528	-3.11589227130541	-1.22224765392538
-2.76646066987106	-4.16418707560845	-1.60372320134279
-3.03349355306325	-3.1464103150988	-1.98825055313954
-2.14236667429618	-2.22018768596933	-2.93278400854505
-2.22629129472801	-3.12962539101244	-2.28122377355611
-0.889600976577401	-2.27969787136645	-2.24307621881437
-2.31479362172885	-4.51209277485313	-2.90989547570001
-2.45517662317845	-4.22522316319524	-1.9302662699321
-1.31990539406424	-5.64736400396735	-2.68253604943923
-1.05134660868238	-5.31929503318837	-0.869764248111696
-0.668345159075303	-4.50446326390478	0.125123979552911
0.134279392690929	-4.07568474860761	0.85297932402533
0.00305180437933928	-2.60776684214542	1.18562600137331
1.43587396047913	-1.12306401159686	2.63828488593881
0.366216525520714	-0.917067215991455	2.44449530785077
0.454718852521553	0.872816052491035	3.00297550926986
0.987258716716259	-0.152590218966964	4.22369726100557
1.78683146410315	2.3224231326772	5.21553368429084
1.32906080720226	2.66575112535286	4.44495307850767
1.50911726558328	3.03044174868391	3.48058289463645
1.538109407187	4.8706797894255	3.14335851071946
0.506599526970321	1.97604333562219	1.17189288166629
1.44045166704814	3.69726100556954	1.15053025101091
0.671396963454643	2.96482795452811	-0.439459830624857
1.74105439841306	3.10673685816739	0.750743877317464
1.37941557946136	4.90119783321889	-0.292973220416571
2.51468680857557	5.0919356069276	2.27969787136645
3.17235065232319	6.86350804913405	2.15915159838254
3.21965362020295	6.26535439078355	2.4933241779202
3.56450751506828	4.28778515297169	1.09712367437247
2.74052033264668	5.84420538643473	1.13374532692454
3.46379797055009	5.31166552224002	1.05439841306172
3.75371938658732	6.6849774929427	1.46181429770352
3.46532387273976	5.67940794995041	0.830090791180285
3.247119859617	4.46936751354238	1.77004654001678
2.80918593118181	5.38033112077516	2.46128023193713
2.93583581292439	3.02891584649424	0.943007553215839
3.23949034866865	3.7796597238117	1.95925841153582
1.81887541008621	3.86205844205386	1.61898222323949
2.07675288014038	3.57518883039597	1.63576714732586
1.04371709773404	3.4882124055848	-0.831616693369955
0.708018616006714	0.517280842298009	-0.64087891966125
1.05745021744106	0.558480201419089	-2.13168535896849
0.694285496299687	-1.2970168612192	-2.88395513847562
1.08949416342412	-3.01670862897688	-3.20439459830625
1.44045166704814	0.834668497749294	-2.75883115892271
0.473029678797589	-0.151064316777295	-3.9810788128481
-1.40993362325475	-0.515754940108339	-4.13366903181506
-2.65812161440452	-1.56710154879072	-5.1621271076524
-2.66117341878386	-1.96078431372549	-4.51056687266346
-2.46433203631647	-1.8097199969482	-4.38239108873121
-1.91195544365606	-2.65201800564584	-2.9251544975967
-1.49843595025559	-0.631723506523232	-2.41550316624704
-0.00152590218966964	1.28480964370184	-1.94247348744945
-0.0701915007248035	0.0762951094834821	-0.395208667124437
-1.58388647287709	0.599679560540169	-1.13221942473487
-2.45822842755779	-2.76798657206073	-2.734416723888
-1.98977645532921	-0.271610589761196	-0.665293354695964
-2.19577325093462	-1.08339055466545	-1.0955977721828
-1.2161440451667	-1.4175631342031	0.700389105058366
0.144960708018616	0.270084687571527	0.76600289921416
1.12916762035554	-0.956740672922866	2.17441062027924
0.816357671473259	0.305180437933928	2.27969787136645
2.09048599984741	-0.373846036469062	1.59456778820478
2.25070572976272	-2.05386434729534	0.683604180972
1.60372320134279	0.267032883192187	0.970473792629892
1.99282825970855	-0.463874265659571	0.0198367284657053
2.60166323338674	0.259403372243839	-0.0503547722590982
1.90737773708705	0.160219729915312	-0.453192950331884
2.2919050888838	0.288395513847562	-0.363164721141375
1.01625085831998	0.399786373693446	-0.787365529869535
0.392156862745098	0.0122072175173571	-0.190737773708705
0.646982528419928	1.92416266117342	0.0579842832074464
1.59151598382544	4.31525139238575	1.3321126115816
1.00251773861295	4.7348744945449	1.57167925535973
1.10170138094148	7.06645304036011	2.36514839398795
1.42061493858244	5.69924467841611	1.45571068894484
1.24818799114977	5.67788204776074	2.26596475165942
1.13221942473487	3.45769436179141	2.56961928740368
0.848401617456321	2.93583581292439	2.221713588159
0.971999694819562	4.5990691996643	2.77256427862974
1.26039520866712	3.39208056763561	3.97039749752041
0.622568093385214	4.57160296025025	3.10215915159838
0.712596322575723	4.67994201571679	2.69016556038758
1.1810482948043	3.22117952239261	2.51163500419623
1.70138094148165	3.42717631799802	1.2466620889601
1.88601510643168	2.72526131074998	2.69321736476692
1.17494468604562	3.54619668879225	1.83413443198291
-0.479133287556268	2.1560997940032	0.518806744487678
-1.65255207141222	0.444037537193866	-0.286869611657893
-1.94705119401846	0.662241550316625	0.115968566414893
-0.735484855420768	-1.62203402761883	0.717174029144732
-0.573739223315785	-2.6642252231632	0.302128633554589
0.764476997024491	-2.5131609063859	0.477607385366598
0.788891432059205	-2.99839780270085	0.444037537193866
0.146486610208286	-2.45517662317845	-1.17341878385595
-1.84023804074159	-4.20080872816053	-1.37331197070268
-2.92362859540703	-3.05333028152895	-1.51522087434195
-4.24963759822995	-3.32341496910048	-0.788891432059205
-3.46074616617075	-3.92614633401999	-0.413519493400473
-1.87838559548333	-1.66628519111925	1.00862134737163
0.0381475547417411	-0.965896086060884	1.61440451667048
0.708018616006714	-0.181582360570687	1.97909514000153
2.29800869764248	0.714122224765393	2.18356603341726
2.81376363775082	1.00556954299229	2.94346532387274
2.20187685969329	0.5981536583505	0.871290150301366
2.01113908598459	-1.91958495460441	0.514229037918669
1.96231021591516	-1.84786755168994	-0.440985732814527
0.184634164950027	-2.09201190203708	0.341802090486
-1.31837949187457	-3.36614023041123	0.63782711528191
-1.08491645685512	-0.68207827878233	1.30617227435721
-1.06202792401007	-0.845349813076982	0.500495918211643
-0.149538414587625	-0.389105058365759	1.80819409475853
0.68207827878233	-1.99435416189822	1.00556954299229
2.51468680857557	-4.01464866102083	1.04219119554437
2.25528343633173	-2.10421911955444	0.634775310902571
2.32547493705653	-4.17639429312581	0.614938582436866
