1.91348134584573	2.47196154726482	1.10170138094148
2.3071641107805	1.59609369039445	2.16983291371023
4.24200808728161	1.64187075608453	2.8351262684062
3.40581368734264	1.94399938963912	2.01724269474327
2.30106050202182	1.84634164950027	1.88296330205234
-0.149538414587625	1.88601510643168	0.408941786831464
1.28480964370184	1.56862745098039	-0.9399557488365
1.97756923781186	1.23292896925307	0.512703135729
0.912489509422446	1.37636377508202	0.619516289005875
2.87174792095827	2.45670252536812	2.81376363775082
4.45868619821469	3.25627527275502	2.8198672465095
3.76897840848402	4.22369726100557	3.36003662165255
2.72831311512932	4.272526131075	3.03044174868391
4.00701915007248	5.41695277332723	4.63569085221637
3.61943999389639	4.30914778362707	2.43533989471275
3.65300984206912	4.58991378652628	4.14129854276341
2.76493476768139	3.6743724727245	4.23895628290227
2.19424734874495	3.39360646982528	3.32646677347982
3.60418097199969	4.03448538948653	4.66620889600977
4.36102845807584	2.6489662012665	4.67841611352712
3.87884336614023	2.57572289616236	3.90630960555428
2.86564431219959	1.73952849622339	1.37026016632334
1.8097199969482	2.00503547722591	2.42923628595407
1.00709544518196	2.1362630655375	1.90432593270771
0.927748531319142	2.57267109178302	2.15457389181353
0.418097199969482	3.77508201724269	3.32951857785916
2.11795223926146	4.0009155413138	3.81780727855344
4.47394522011139	4.25421530479896	3.32951857785916
3.63775082017243	3.82085908293278	2.14541847867552
3.00907911802853	3.85442893110552	0.885023270008392
3.57671473258564	3.86663614862287	1.55031662470436
1.91348134584573	3.00297550926986	1.87380788891432
1.01930266269932	1.79140917067216	2.69169146257725
0.0396734569314107	0.378423743038071	3.7445639734493
1.54726482032502	0.347905699244678	2.82902265964752
-0.875867856870375	1.80361638818952	4.10467689021134
-0.747692072938125	0.512703135729	2.33157854581521
-0.195315480277714	-0.0885023270008393	2.34378576333257
2.54520485236896	1.45571068894484	4.48310063324941
1.26955062180514	1.47096971084154	3.66216525520714
1.74563210498207	2.05386434729534	3.61333638513771
2.56046387426566	1.69985503929198	4.19623102159152
2.58793011367971	3.21049820706493	4.31525139238575
1.75783932249943	4.08026245517662	4.8706797894255
1.67849240863661	2.31937132829786	4.69367513542382
2.24917982757305	2.99687190051118	5.8655680170901
-0.332646677347982	1.67544060425727	6.72922865644312
-0.433356221866178	2.85954070344091	8.0018310826276
0.46997787441825	1.30617227435721	7.177843900206
0.186160067139696	0.753795681696803	4.86457618066682
0.891126878767071	0.393682764934768	5.64278629739834
0.97962920576791	-0.125123979552911	4.51972228580148
-0.7690547035935	-1.24513618677043	1.23292896925307
0.787365529869535	-0.772106507972839	2.3773556115053
-0.985732814526589	-0.714122224765393	3.05180437933928
1.42214084077211	-0.665293354695964	2.16372930495155
2.99382009613184	0.198367284657053	3.58587014572366
3.076218814374	-0.543221179522393	4.09857328145266
3.01213092240787	0.0762951094834821	4.62043183031968
3.10368505378805	-1.61440451667048	4.15960936903944
0.579842832074464	-1.64187075608453	2.28580148012512
2.11490043488212	-1.25734340428779	0.436408026245518
3.21355001144427	-0.973525597009232	0.363164721141375
1.7242694743267	0.0915541313801785	0.534065766384375
0.286869611657893	0.106813153276875	-0.607309071488518
1.58083466849775	-0.399786373693446	0.665293354695964
0.582894636453803	-0.146486610208286	-0.973525597009232
1.66933699549859	0.823987182421607	-0.466926070038911
2.17288471808957	0.799572747386893	-0.830090791180285
4.101625085832	1.16273746852827	-0.0549324788281071
2.61539635309377	0.527962157625696	-0.695811398489357
0.613412680247196	0.451667048142214	0.137331197070268
0.0152590218966964	-1.75173571374075	0.698863202868696
0.46997787441825	-1.40993362325475	0.485236896314946
2.29495689326314	-0.0152590218966964	-0.21362630655375
2.26138704509041	-0.445563439383536	0.064087891966125
3.6743724727245	-0.500495918211643	0.466926070038911
1.42519264515145	-0.350957503624018	-1.98672465094987
1.91348134584573	-0.195315480277714	0.50965133134966
0.588998245212482	-2.14847028305486	-0.253299763485161
3.3173113603418	-1.21766994735637	-0.619516289005875
3.62554360265507	-0.80872816052491	0.741588464179446
1.93179217212177	-1.36110475318532	-0.653086137178607
3.09452964065003	-1.35500114442664	0.274662394140536
0.836194399938964	-1.53505760280766	0.198367284657053
-0.653086137178607	-0.830090791180285	0.167849240863661
0.692759594110018	-1.62661173418784	1.25734340428779
1.08033875028611	-1.85244525825895	3.20744640268559
-0.347905699244678	-1.66018158236057	2.10879682612345
1.26344701304646	-0.823987182421607	2.68253604943923
1.89211871519036	-0.540169375143053	3.38139925230793
2.7191577019913	1.13221942473487	3.24406805523766
2.60624093995575	0.619516289005875	1.03150988021668
3.86663614862287	0.50965133134966	2.04165712977798
2.70389868009461	-0.558480201419089	1.31227588311589
2.05691615167468	0.732433051041428	2.22476539253834
-0.167849240863661	0.366216525520714	1.48622873273823
1.23292896925307	1.83413443198291	3.68963149462119
2.050812542916	1.64797436484321	3.61943999389639
0.521858548867018	1.35500114442664	2.11490043488212
-0.0823987182421607	0.912489509422446	2.25528343633173
2.4933241779202	-0.0488288700694285	3.03349355306325
-1.78835736629282	-1.47096971084154	0.927748531319142
-0.292973220416571	-1.11390859845884	2.54215304798962
2.44449530785077	-0.744640268558785	2.63981078812848
2.95109483482109	-0.131227588311589	2.45059891660945
2.91447318226902	0.997940032043946	3.42717631799802
4.03753719386587	0.241092545967803	2.08743419546807
1.87075608453498	-0.314335851071946	0.311284046692607
2.84428168154421	-0.0946059357595178	-0.112916762035554
2.85038529030289	-0.210574502174411	1.13221942473487
2.22476539253834	0.378423743038071	2.55741206988632
1.3519493400473	1.73342488746471	4.19317921721218
2.76493476768139	2.94499122606241	5.46272983901732
0.543221179522393	1.48928053711757	4.20538643472953
-0.323491264209964	0.375371938658732	1.03150988021668
2.42313267719539	0.253299763485161	0.466926070038911
1.33974212252995	-0.823987182421607	1.28786144808118
1.13527122911421	-0.793469138628214	-0.100709544518196
0.466926070038911	-1.16578927290761	0.793469138628214
2.19729915312428	-0.573739223315785	1.46486610208286
2.01419089036393	-1.37026016632334	1.92568856336309
1.68154421301595	-0.790417334248875	0.949111161974517
4.59296559090562	-2.31631952391852	-1.00709544518196
5.20637827115282	-1.34889753566796	0.592050049591821
3.78423743038071	-2.22476539253834	1.41603723201343
5.74959945067521	-0.292973220416571	2.17288471808957
4.9408712901503	-1.09254596780346	2.24612802319371
5.05683985656519	0.137331197070268	3.02433813992523
4.84626535439078	0.656137941557946	2.59403372243839
3.0914778362707	0.643930724040589	1.64492256046387
2.65812161440452	2.392614633402	1.538109407187
1.81277180132753	2.02639810788128	2.42923628595407
2.38345922026398	2.94193942168307	4.87678339818418
1.87075608453498	2.93278400854505	5.12092774853132
3.43633173113603	1.96841382467384	3.71099412527657
3.21049820706493	1.08033875028611	2.15762569619287
3.76287479972534	0.515754940108339	0.180056458381018
4.87678339818418	0.106813153276875	-0.778210116731518
3.63164721141375	0.207522697795071	-1.05897611963073
4.05889982452125	1.27565423056382	2.12405584802014
4.82490272373541	2.02029449912261	3.81170366979477
3.27153429465171	1.53505760280766	4.36713206683452
2.88395513847562	0.445563439383536	4.33661402304112
0.564583810177768	-1.63271534294652	2.78019378957809
0.338750286106661	-1.01930266269932	1.0406652933547
-2.92057679102769	-2.53910124361028	1.16578927290761
-3.57061112382696	-1.47096971084154	0.7690547035935
-1.63576714732586	-0.762951094834821	-0.46997787441825
-0.280766002899214	0.115968566414893	0.0488288700694285
-1.47402151522087	-0.0488288700694285	0.930800335698482
-1.74563210498207	-2.23392080567636	0.711070420386053
-2.53910124361028	-1.62966353856718	1.24208438239109
-3.39055466544594	-0.784313725490196	1.67544060425727
-1.79751277943084	-0.244144350347143	2.08743419546807
-2.78629739833677	0.106813153276875	1.05287251087205
4.58991378652628	3.21355001144427	3.30815594720378
5.04768444342718	2.60929274433509	3.11284046692607
2.7496757457847	2.08438239108873	3.72625314717327
3.076218814374	0.158693827725643	2.12710765239948
0.833142595559625	0.515754940108339	0.0610360875867857
-0.00305180437933928	0.402838178072786	-0.177004654001679
-1.48317692835889	0.439459830624857	-0.338750286106661
-3.63469901579309	0.781261921110857	-0.543221179522393
-1.47096971084154	0.494392309452964	-0.115968566414893
-2.59098191805905	-1.08949416342412	0.817883573662928
1.98977645532921	-1.24208438239109	1.97146562905318
2.60318913557641	-1.80361638818952	0.268558785381857
0.738536659800107	-2.6642252231632	-0.958266575112535
-0.805676356145571	-2.95719844357977	-1.66933699549859
-1.53505760280766	-3.36614023041123	-1.3824673838407
-2.49637598229953	-2.96635385671778	-1.71816586556802
-2.98771648737316	-1.01319905394064	-1.71206225680934
-0.244144350347143	-0.616464484626535	0.476081483176928
-0.265506981002518	-1.51674677653162	-0.701915007248035
1.30922407873655	-0.863660639353018	1.37636377508202
0.479133287556268	-0.732433051041428	-1.27870603494316
-1.69680323491264	-1.5228503852903	-0.744640268558785
-1.19020370794232	-1.25734340428779	-0.021362630655375
0.515754940108339	-0.451667048142214	-1.49843595025559
-0.183108262760357	-0.839246204318303	-1.17189288166629
0.173952849622339	-1.5228503852903	0.100709544518196
3.71099412527657	0.314335851071946	1.80361638818952
3.03654535744259	-0.408941786831464	1.15663385976959
2.24307621881437	0.308232242313268	0.424200808728161
3.61333638513771	-0.0366216525520714	0.540169375143053
-0.115968566414893	-0.0701915007248035	-1.196307316701
-2.08438239108873	-1.11390859845884	-1.91653315022507
-2.51773861295491	-2.01724269474327	-1.31532768749523
-1.07728694590677	-1.94094758525978	-2.85954070344091
2.08743419546807	-0.991836423285267	-0.491340505073625
4.15655756466011	-1.367208361944	0.0122072175173571
3.61028458075837	-2.37430380712596	2.15762569619287
4.42206454566262	-0.659189745937285	1.48928053711757
1.37636377508202	-2.18814373998627	0.0457770656900893
-1.57167925535973	-1.66323338673991	1.03150988021668
-3.29594872968643	-1.01930266269932	0.381475547417411
-0.814831769283589	-0.476081483176928	1.14747844663157
-0.729381246662089	-1.35805294880598	0.994888227664607
-0.277714198519875	-0.924696726939803	2.04165712977798
0.0457770656900893	-1.94399938963912	1.44350347142748
-2.95719844357977	-2.4078736552987	-0.125123979552911
-0.85145342183566	-2.02334630350195	-1.00099183642329
0.64087891966125	-1.47707331960021	0.189211871519036
0.662241550316625	-1.24513618677043	0.143434805828946
0.836194399938964	1.26955062180514	0.643930724040589
1.90737773708705	1.2115663385977	-0.360112916762036
0.924696726939803	1.49843595025559	-0.711070420386053
-3.11894407568475	0.341802090486	0.714122224765393
-2.64286259250782	-0.854505226215	1.4373998626688
-3.62859540703441	-1.49538414587625	2.26749065384909
-4.97749294270237	-1.70901045243	-0.665293354695964
-5.45052262149996	-1.45876249332418	-0.643930724040589
-5.23994811932555	0.0152590218966964	-0.198367284657053
-4.44037537193866	0.64087891966125	-0.0305180437933928
-4.97138933394369	-0.89723048752575	-1.64187075608453
-1.37026016632334	0.659189745937285	1.19020370794232
0.497444113832303	0.167849240863661	1.93179217212177
-1.05592431525139	-1.15053025101091	1.15663385976959
-0.762951094834821	-1.71511406118868	0.677500572213321
-1.90432593270771	-0.613412680247196	0.677500572213321
-4.03753719386587	-0.466926070038911	0.714122224765393
-3.85137712672618	-2.1210040436408	1.94705119401846
-5.58785381857023	-1.68459601739528	0.466926070038911
-5.85336079957275	-0.711070420386053	0.805676356145571
-3.53398947127489	-0.393682764934768	2.16372930495155
-5.68856336308843	0.253299763485161	-0.411993591210803
-3.95819028000305	1.47707331960021	0.241092545967803
-5.67940794995041	0.164797436484321	-0.531013962005035
-6.3080796520943	-1.01625085831998	-2.70695048447395
-5.39559014267186	-2.34683756771191	-2.18814373998627
-5.29182879377432	-2.60318913557641	-1.12916762035554
-5.2674143587396	-2.45670252536812	-1.07423514152743
-4.80048828870069	-1.40077821011673	0.201419089036393
-4.52277409018082	-1.12306401159686	-0.634775310902571
-3.25017166399634	-1.55642023346304	-0.192263675898375
-3.21049820706493	-2.050812542916	-1.27870603494316
-3.39360646982528	-1.08949416342412	-2.02639810788128
-4.14740215152209	-1.83108262760357	-2.33768215457389
-2.61234454871443	-2.45365072098878	-3.08537422751202
-3.0609597924773	-2.48722056916152	-2.51468680857557
-3.88799877927825	-3.04264896620127	-2.3224231326772
-2.33463035019455	-1.75173571374075	-1.20241092545968
-3.54314488441291	-2.19729915312428	-0.302128633554589
-4.79438467994202	-2.92057679102769	-2.06301976043336
-5.8655680170901	-3.03349355306325	0.143434805828946
-6.27145799954223	-2.00503547722591	2.07827878233005
-6.665140764477	-2.97856107423514	-0.686655985351339
-4.10467689021134	-2.92362859540703	0.643930724040589
-4.61127641718166	-1.97451743343252	1.44655527580682
-4.01007095445182	-0.900282291905089	1.23292896925307
-2.6642252231632	-0.439459830624857	1.45876249332418
-4.30609597924773	0.131227588311589	0.180056458381018
-1.31837949187457	0.115968566414893	2.30411230640116
-1.93789578088045	1.00404364080262	3.36308842603189
-2.03860532539864	0.0488288700694285	3.01518272678721
-3.52788586251621	-0.671396963454643	1.19325551232166
-4.57770656900893	-2.12405584802014	0.439459830624857
-5.99984740978103	-3.57976653696498	-3.01213092240787
-8.81666285191119	-3.09452964065003	-1.71206225680934
-10.3761348897536	-5.31624322880903	-4.22674906538491
-6.52475776302739	-3.63164721141375	-1.44045166704814
-6.0364690623331	-3.04875257495994	1.43129625391012
-6.91844052796216	-2.4078736552987	-0.250247959105821
-5.5237659266041	-2.89921416037232	0.0915541313801785
-4.51667048142214	-2.75272755016403	-0.173952849622339
-3.53398947127489	-2.58793011367971	-1.17494468604562
-5.58480201419089	-2.87174792095827	-1.35805294880598
-1.9653620202945	-0.857557030594339	2.16067750057221
-1.46181429770352	-1.85854886701762	0.4272526131075
-0.381475547417411	-1.51064316777295	-0.634775310902571
-1.09864957656214	-1.54421301594568	0.643930724040589
-1.37331197070268	-0.848401617456321	0.741588464179446
-3.72320134279393	-0.796520943007553	1.14747844663157
-5.27046616311894	-0.326543068589303	0.408941786831464
-4.66926070038911	-1.44655527580682	-0.463874265659571
-4.75776302738994	-1.41603723201343	-0.799572747386893
-5.91744869153887	-2.93278400854505	-0.988784618905928
-3.93987945372702	-2.68558785381857	0.021362630655375
-5.2674143587396	-3.18608377203021	-0.689707789730678
-5.78316929884794	-1.08644235904479	0.354009308003357
-3.29289692530709	0.576791027695125	1.88906691081102
-3.41496910048066	0.827038986800946	0.326543068589303
-3.57061112382696	2.11795223926146	0.820935378042267
-2.01113908598459	2.07522697795071	0.192263675898375
-3.39665827420462	0.720225833524071	-0.616464484626535
-1.81887541008621	2.51773861295491	-0.869764248111696
-0.918593118181125	0.848401617456321	-0.854505226215
-1.19325551232166	0.170901045243	-1.2115663385977
-0.799572747386893	-0.134279392690929	-2.22781719691768
-2.49942778667887	-1.01930266269932	-2.86259250782025
-3.00297550926986	-2.08743419546807	-4.38239108873121
-3.63469901579309	-3.79949645227741	-3.32341496910048
-5.72823682001984	-4.46784161135271	-3.10978866254673
-4.19012741283284	-4.41290913252461	-1.95620660715648
-6.35690852216373	-4.97138933394369	-2.80766002899214
-9.48805981536584	-4.29999237048905	-3.25017166399634
-8.19104295414664	-2.70389868009461	-2.44144350347143
-7.69970244907301	-2.96330205233845	-3.45464255741207
-5.64888990615702	-1.69985503929198	-2.59403372243839
-4.28168154421302	-1.85549706263828	-1.42519264515145
-2.44754711223011	-1.196307316701	-0.146486610208286
-0.381475547417411	-0.659189745937285	-1.82497901884489
-0.89723048752575	-0.473029678797589	-1.76089112687877
-0.476081483176928	0.561532005798428	-2.85343709468223
-1.50148775463493	1.20241092545968	-3.72625314717327
-2.05386434729534	-0.866712443732357	-2.74357213702602
-5.48714427405203	-2.74357213702602	-3.94903486686503
-5.02327000839246	-1.13221942473487	-2.35294117647059
-5.91744869153887	-1.17189288166629	-2.52079041733425
-5.70077058060578	-0.973525597009232	-2.4933241779202
-5.05683985656519	-0.122072175173571	-2.71305409323262
-4.81269550621805	0.823987182421607	-3.3478294041352
-6.28061341268025	-0.750743877317464	-5.03852903028916
-5.23994811932555	-0.958266575112535	-3.14946211947814
-5.76791027695125	-1.1810482948043	-2.36209658960861
-3.21965362020295	-1.34279392690929	-1.23903257801175
-5.07515068284123	-2.70389868009461	-1.69069962615396
-2.36820019836728	-3.24406805523766	-1.28480964370184
-1.53505760280766	-2.54520485236896	-0.424200808728161
-1.85854886701762	-3.12504768444343	-1.15053025101091
-4.03753719386587	-3.81780727855344	-3.35698481727321
-1.47707331960021	-2.1362630655375	-1.44045166704814
0.0366216525520714	-0.610360875867857	0.320439459830625
0.634775310902571	0.140383001449607	0.259403372243839
1.48928053711757	0.68055237659266	-0.463874265659571
1.1810482948043	0.393682764934768	-0.231937132829786
0.820935378042267	-0.585946440833143	-0.793469138628214
0.274662394140536	-0.997940032043946	-0.711070420386053
-0.643930724040589	-0.601205462729839	-1.9806210421912
0.265506981002518	-1.22072175173571	-0.0579842832074464
-0.588998245212482	-1.4679179064622	0.366216525520714
-0.729381246662089	-0.277714198519875	0.329594872968643
-1.64187075608453	-0.286869611657893	0.668345159075303
-1.44960708018616	-0.875867856870375	1.4679179064622
-0.46997787441825	0.253299763485161	-0.219729915312428
-0.717174029144732	-0.354009308003357	-1.55031662470436
0.924696726939803	0.335698481727321	-0.881971465629053
0.616464484626535	-0.161745632104982	-0.97962920576791
0.369268329900053	0.228885328450446	-1.05592431525139
0.827038986800946	0.476081483176928	-0.347905699244678
-0.98268101014725	-0.482185091935607	-1.35500114442664
-1.10475318532082	-0.540169375143053	1.08339055466545
-2.6489662012665	-1.08644235904479	-1.16273746852827
-6.23483634699016	-1.36415655756466	-2.42008087281605
-5.04768444342718	-2.37430380712596	-2.92668039978637
-4.66926070038911	-2.00503547722591	-2.17593652246891
-3.33562218661784	-0.0183108262760357	-1.17494468604562
-3.02738994430457	0.402838178072786	-0.98268101014725
1.22987716487373	1.91653315022507	1.67544060425727
0.369268329900053	2.52994583047227	2.45670252536812
0.570687418936446	2.60624093995575	2.39871824216068
0.2563515678645	2.09658960860609	1.79140917067216
-0.286869611657893	0.997940032043946	-0.482185091935607
-1.98977645532921	0.396734569314107	-0.930800335698482
-2.98161287861448	-0.973525597009232	-2.37430380712596
-1.34279392690929	-0.643930724040589	-1.96231021591516
-2.08743419546807	-0.366216525520714	-1.81277180132753
-1.40688181887541	0.491340505073625	0.558480201419089
2.94804303044175	2.20035095750362	0.674448767833982
0.970473792629892	0.988784618905928	0.750743877317464
2.29800869764248	1.99588006408789	2.51163500419623
1.16273746852827	0.137331197070268	0.0579842832074464
0.488288700694285	-1.22377355611505	-0.494392309452964
1.33058670939193	-1.41603723201343	-1.14442664225223
-0.149538414587625	-0.674448767833982	-2.49637598229953
2.5482566567483	0.228885328450446	-1.0406652933547
-0.00305180437933928	-0.170901045243	-0.997940032043946
1.20241092545968	0.997940032043946	0.177004654001679
2.21866178377966	0.0396734569314107	-0.198367284657053
0.756847486076142	-0.0488288700694285	0.296025024795911
1.46181429770352	0.860608834973678	0.0854505226215
2.45670252536812	1.37636377508202	-1.68459601739528
4.87983520256352	2.72220950637064	-0.762951094834821
3.25017166399634	4.01312275883116	0.89417868314641
3.07927061875334	2.05996795605402	1.73037308308537
2.70695048447395	2.52689402609293	2.01419089036393
2.70695048447395	2.563515678645	3.99176012817578
1.53200579842832	2.76188296330205	3.16777294575418
-0.68055237659266	1.73647669184405	2.3224231326772
-0.326543068589303	1.45876249332418	1.1810482948043
2.52079041733425	0.961318379491875	0.390630960555428
-0.720225833524071	-0.912489509422446	-2.62455176623178
1.51674677653162	-0.985732814526589	-2.99687190051118
0.381475547417411	-1.58693827725643	-1.95315480277714
0.161745632104982	-1.57778286411841	-2.01113908598459
-3.20439459830625	-2.4933241779202	-2.25833524071107
-2.79240100709545	-1.88296330205234	-2.51773861295491
-2.36514839398795	-1.56862745098039	-2.53604943923095
-1.14137483787289	-0.570687418936446	-2.05996795605402
0.717174029144732	0.485236896314946	-0.512703135729
-0.973525597009232	0.308232242313268	-1.73952849622339
3.28374151216907	1.86160067139696	0.585946440833143
-0.375371938658732	-0.198367284657053	-3.32646677347982
1.39162279697871	-0.04272526131075	-2.19729915312428
0.793469138628214	-0.0518806744487678	-4.94697489890898
-0.210574502174411	-0.7690547035935	-3.68657969024186
0.604257267109178	-1.04676890211337	-3.19829098954757
1.26344701304646	-0.527962157625696	-3.46990157930877
-0.50965133134966	-2.51773861295491	-2.87785152971695
0.207522697795071	-0.695811398489357	-2.00198367284657
2.8198672465095	-0.9399557488365	-0.463874265659571
-1.61440451667048	-1.36110475318532	-0.650034332799268
-0.579842832074464	-1.64797436484321	0.46997787441825
-4.00701915007248	-3.32646677347982	-4.08331425955596
-3.076218814374	-2.92973220416571	-4.65094987411307
-1.52895399404898	-2.24917982757305	-4.76691844052796
-0.537117570763714	-1.26039520866712	-4.70588235294118
1.10780498970016	0.0518806744487678	-4.67231250476844
2.2919050888838	0.704966811627375	-3.91851682307164
0.146486610208286	-0.119020370794232	-3.97039749752041
-1.97451743343252	-1.69680323491264	-4.92561226825361
-2.49027237354086	-3.27763790341039	-4.97138933394369
-7.28160524910353	-3.99481193255512	-6.93980315861753
-2.77409018081941	-1.73342488746471	-3.86663614862287
-0.89723048752575	-1.09864957656214	-3.55535210193027
1.17189288166629	-0.646982528419928	-3.08842603189136
1.61440451667048	0.674448767833982	-2.38956282902266
3.80865186541543	0.497444113832303	-2.48722056916152
4.26031891355764	0.442511635004196	-1.96841382467384
2.43839169909209	1.68154421301595	-2.76188296330205
0.89723048752575	1.16273746852827	-2.4078736552987
-1.80666819256886	1.70290684367132	-2.55741206988632
-2.7191577019913	0.234988937209125	-2.52384222171359
-3.30205233844511	-0.329594872968643	-3.09758144502937
-2.6642252231632	-0.668345159075303	-2.51468680857557
-3.86663614862287	-0.540169375143053	-0.784313725490196
-3.96429388876173	-0.0579842832074464	-1.37636377508202
-0.0885023270008393	-0.68055237659266	-1.19935912108034
-1.37026016632334	0.115968566414893	-1.89822232394903
-0.375371938658732	0.161745632104982	-1.98367284657053
-0.222781719691768	0.781261921110857	-2.03860532539864
0.375371938658732	1.48317692835889	-3.50957503624018
1.66323338673991	1.367208361944	-2.71000228885328
2.11490043488212	1.57473105973907	-2.79240100709545
4.12298771648737	1.17189288166629	-0.366216525520714
3.85442893110552	1.51369497215228	-0.714122224765393
4.40070191500725	1.00099183642329	0.247196154726482
2.78934920271611	-0.329594872968643	-0.460822461280232
-1.39467460135805	-0.741588464179446	-1.66933699549859
-3.3173113603418	-1.37636377508202	-3.98870832379644
-2.18204013122759	-0.903334096284428	-2.11184863050278
-2.59098191805905	-1.80056458381018	-3.01518272678721
-2.34988937209125	-2.39871824216068	-1.19325551232166
0.89417868314641	-0.451667048142214	-0.570687418936446
1.45571068894484	-1.59609369039445	-1.44960708018616
1.68154421301595	-0.534065766384375	-4.07721065079728
2.07827878233005	-2.43228809033341	-4.54108491645685
-1.59609369039445	-4.19623102159152	-6.02121004043641
-1.73647669184405	-3.77813382162203	-4.76081483176928
-1.98672465094987	-4.20233463035019	-4.46784161135271
-2.87174792095827	-3.10978866254673	-2.94804303044175
-2.25223163195239	-0.817883573662928	-0.814831769283589
-2.44144350347143	-1.0406652933547	0.781261921110857
-1.32448310063325	-0.0335698481727321	-0.0854505226215
-0.622568093385214	-0.610360875867857	1.89211871519036
1.15053025101091	-0.534065766384375	3.25627527275502
1.60524910353246	-0.674448767833982	1.2664988174258
-0.750743877317464	-2.79545281147478	-1.22072175173571
2.41702906843671	-0.228885328450446	0.238040741588464
1.33974212252995	0.491340505073625	1.16273746852827
0.790417334248875	2.1362630655375	2.4078736552987
0.89723048752575	1.25123979552911	-0.433356221866178
-2.07217517357137	-0.360112916762036	-1.81582360570687
3.36614023041123	0.878919661249714	-0.460822461280232
2.53299763485161	-2.0355535210193	-3.99786373693446
1.29091325246052	-1.5533684290837	-4.46173800259403
1.13221942473487	-1.9653620202945	-5.54818036163882
2.8351262684062	-1.80666819256886	-3.92462043183032
2.91142137788968	-0.537117570763714	-2.09048599984741
-0.38452735179675	-0.106813153276875	-1.9501029983978
0.259403372243839	1.11696040283818	1.15358205539025
-1.25734340428779	-0.0915541313801785	0.573739223315785
-1.13221942473487	0.173952849622339	-0.686655985351339
-1.36110475318532	-0.488288700694285	-0.946059357595178
-0.308232242313268	-0.244144350347143	-1.91958495460441
1.54116121156634	-0.238040741588464	-3.38750286106661
3.3478294041352	-0.115968566414893	-2.40177004654002
4.67231250476844	0.634775310902571	-1.16578927290761
5.49019607843137	0.0549324788281071	-0.839246204318303
5.47798886091402	1.55031662470436	0.347905699244678
5.89913786526284	0.207522697795071	0.421149004348821
4.50141145952544	0.0305180437933928	0.430304417486839
2.58793011367971	0.146486610208286	1.51064316777295
0.146486610208286	-0.952162966353857	0.137331197070268
-1.39162279697871	0.585946440833143	-1.34584573128862
-1.05897611963073	-0.756847486076142	-2.16067750057221
-1.28480964370184	-0.231937132829786	-1.41603723201343
0.381475547417411	1.33363851377127	-0.582894636453803
0.650034332799268	1.07118333714809	0.170901045243
3.3173113603418	2.24002441443503	0.854505226215
2.5482566567483	1.30922407873655	-0.543221179522393
0.943007553215839	0.524910353246357	-0.97962920576791
1.27565423056382	-2.44754711223011	-2.17288471808957
-1.0955977721828	-2.61539635309377	-6.22568093385214
0.753795681696803	-2.47501335164416	-4.38239108873121
-1.90432593270771	-1.08949416342412	-4.614328221561
-0.601205462729839	0.85145342183566	-3.43633173113603
1.44960708018616	1.97756923781186	-2.05691615167468
-0.158693827725643	1.42824444953079	-0.381475547417411
-1.1810482948043	1.70595864805066	-0.326543068589303
-1.6083009079118	1.42824444953079	-1.59304188601511
-2.26443884946975	-0.283817807278553	-3.7445639734493
0.140383001449607	0.0518806744487678	-4.41596093690394
-0.146486610208286	-0.0457770656900893	-5.12703135729
4.23590447852293	1.66628519111925	-3.32646677347982
4.93781948577096	3.41191729610132	-2.4078736552987
7.76379034103914	4.04974441138323	-0.552376592660411
5.39864194705119	4.29999237048905	-1.04676890211337
3.23491264209964	3.82391088731212	-2.55741206988632
2.66727702754253	2.62760357061112	-2.55436026550698
-0.799572747386893	1.33669031815061	-2.77409018081941
-3.82391088731212	-0.244144350347143	-4.18097199969482
-4.24811169604028	-0.912489509422446	-3.64080262455177
-4.16571297779812	-1.01625085831998	-4.05889982452125
-4.37323567559319	-0.558480201419089	-3.81170366979477
-2.85954070344091	-0.524910353246357	-3.15251392385748
-0.250247959105821	0.588998245212482	-3.17998016327153
-0.479133287556268	0.619516289005875	-2.02639810788128
-0.152590218966964	0.506599526970321	-1.3824673838407
-1.01625085831998	0.0152590218966964	-0.885023270008392
-1.88296330205234	0.04272526131075	-3.95513847562371
-0.628671702143893	0.0671396963454643	-2.45059891660945
-2.49027237354086	1.46486610208286	-2.08133058670939
1.21461814297704	1.86770428015564	-1.74868390936141
1.64187075608453	1.79751277943084	-1.2817578393225
-1.62966353856718	1.04371709773404	-3.04570077058061
0.0244144350347143	0.967421988250553	-2.41092545967803
-2.6642252231632	-1.0955977721828	-5.45052262149996
-1.80666819256886	-1.06507972838941	-5.81979095140002
-1.20546272983902	-1.33058670939193	-4.82185091935607
-1.37636377508202	-0.976577401388571	-4.12298771648737
-1.08339055466545	-1.17189288166629	-4.47394522011139
-0.772106507972839	-0.933852140077821	-3.66216525520714
0.735484855420768	-0.55542839703975	-2.99382009613184
-0.170901045243	-0.405889982452125	-3.68657969024186
-0.0305180437933928	-0.466926070038911	-2.96635385671778
0.50965133134966	-0.338750286106661	-3.26237888151369
0.958266575112535	-1.78530556191348	-3.14946211947814
-1.37941557946136	-2.08133058670939	-3.39360646982528
-2.0660715648127	-1.76394293125811	-2.2064545662623
-1.56862745098039	-2.32547493705653	-1.4679179064622
-1.04982070649271	-1.4373998626688	-2.34073395895323
2.15457389181353	1.27260242618448	-1.9501029983978
3.1464103150988	2.12405584802014	-1.50453955901427
4.95307850766766	1.69680323491264	-0.662241550316625
5.468833447776	1.57167925535973	-0.189211871519036
6.17380025940337	-0.482185091935607	-2.29800869764248
4.48310063324941	0.244144350347143	-1.91958495460441
2.3071641107805	-1.88906691081102	-3.00297550926986
-0.137331197070268	-1.75478751812009	-4.78217746242466
0.689707789730678	-0.216678110933089	-2.68863965819791
-1.59304188601511	-0.115968566414893	-2.95719844357977
2.66117341878386	1.62661173418784	-1.90127412832837
4.02227817196918	2.53910124361028	-0.244144350347143
4.43121995880064	2.53299763485161	-0.964370183871214
5.92660410467689	2.48722056916152	-1.01625085831998
2.3773556115053	1.23598077363241	-1.28786144808118
1.60524910353246	0.402838178072786	-1.98367284657053
-0.512703135729	-0.0183108262760357	-6.01510643167773
-0.12817578393225	-0.930800335698482	-3.97650110627909
-0.448615243762875	0.985732814526589	-3.52178225375753
-2.16983291371023	1.05897611963073	-4.55329213397421
-0.512703135729	0.848401617456321	-3.32036316472114
-2.47501335164416	1.40077821011673	-2.42313267719539
-1.71511406118868	0.506599526970321	-2.3224231326772
-2.82291905088884	-0.180056458381018	-0.820935378042267
-3.53398947127489	-1.2817578393225	-0.567635614557107
-1.58999008163577	0.122072175173571	0.125123979552911
0.793469138628214	-0.366216525520714	-1.62050812542916
2.77714198519875	-1.31532768749523	-1.30617227435721
2.80766002899214	-1.23598077363241	-4.48615243762875
4.61127641718166	-0.546272983901732	-4.98970016021973
4.93476768139162	-1.18715190356298	-5.85641260395209
1.6235599298085	-2.98466468299382	-7.53795681696803
2.58793011367971	-0.277714198519875	-5.7953765163653
2.2369726100557	-2.21255817502098	-7.00083924620432
2.03860532539864	-1.64797436484321	-6.5491721980621
3.06401159685664	-0.515754940108339	-4.65705348287175
0.0701915007248035	0.112916762035554	-4.15045395590143
1.03456168459602	0.628671702143893	-3.27153429465171
-0.21362630655375	-0.524910353246357	-5.72823682001984
1.1261158159762	-0.219729915312428	-6.39963378347448
1.84328984512093	0.677500572213321	-6.152437628748
0.588998245212482	-0.631723506523232	-5.04768444342718
0.952162966353857	0.192263675898375	-4.19317921721218
0.756847486076142	1.31532768749523	-3.06401159685664
-0.531013962005035	0.347905699244678	-2.92973220416571
-1.03761348897536	0.888075074387732	-3.50957503624018
-2.6489662012665	0.436408026245518	-4.44647898069734
-1.4526588845655	0.885023270008392	-3.09452964065003
-4.50751506828412	0.854505226215	-1.54726482032502
-2.60929274433509	1.50759136339361	-0.341802090486
0.283817807278553	1.69680323491264	2.18814373998627
0.72632944228275	2.49637598229953	1.83108262760357
3.44548714427405	1.54116121156634	1.18410009918364
3.53398947127489	1.64797436484321	-0.619516289005875
4.956130312047	-0.683604180972	-1.69680323491264
4.42511635004196	-0.170901045243	-3.02433813992523
4.52277409018082	-2.34683756771191	-2.79240100709545
1.76089112687877	-2.52384222171359	-4.49835965514611
1.96841382467384	-1.88296330205234	-4.02532997634852
2.04165712977798	-2.23086900129702	-2.31937132829786
-0.885023270008392	-2.58487830930037	-4.76691844052796
0.0762951094834821	-2.69779507133593	-5.03242542153048
1.9806210421912	-2.48111696040284	-4.58075837338827
0.271610589761196	-2.24002441443503	-4.21759365224689
4.95002670328832	0.579842832074464	-3.07927061875334
3.70489051651789	0.433356221866178	-1.94399938963912
1.19325551232166	1.99588006408789	-0.378423743038071
2.16678110933089	1.63271534294652	-0.253299763485161
1.87380788891432	2.04776073853666	-1.66933699549859
0.616464484626535	0.518806744487678	-2.52689402609293
0.592050049591821	0.430304417486839	-2.94499122606241
1.66018158236057	0.552376592660411	-4.45258258945602
2.19119554436561	1.12001220721752	-4.14129854276341
0.610360875867857	-0.222781719691768	-7.62035553521019
-0.0518806744487678	-0.311284046692607	-7.06797894254978
-1.52590218966964	-1.93179217212177	-7.22972457465476
-1.19935912108034	-1.40077821011673	-6.85740444037537
-1.65712977798123	-2.58487830930037	-6.25009536888685
0.744640268558785	-0.796520943007553	-4.2572671091783
-0.00610360875867857	-1.25734340428779	-4.5838101777676
-0.357061112382696	-1.20851453421836	-5.7801174944686
0.604257267109178	-0.89723048752575	-5.35896849011978
0.924696726939803	-1.27565423056382	-4.74555580987259
1.12306401159686	0.219729915312428	-4.87373159380484
2.33463035019455	1.76699473563745	-1.92263675898375
3.29289692530709	2.01724269474327	-1.4526588845655
2.80766002899214	2.25223163195239	-1.3824673838407
1.61135271229114	1.06813153276875	-1.36110475318532
3.62249179827573	0.238040741588464	-1.52895399404898
1.06507972838941	-0.704966811627375	-3.53398947127489
2.69169146257725	-0.122072175173571	-3.58587014572366
1.3519493400473	-1.26344701304646	-3.89410238803693
0.198367284657053	-1.31837949187457	-5.51766231784543
-0.119020370794232	-1.73342488746471	-6.67429617761502
-1.92568856336309	-2.14847028305486	-7.2632944228275
1.89822232394903	-0.119020370794232	-6.39963378347448
-0.207522697795071	0.381475547417411	-7.58373388265812
-1.41603723201343	-0.561532005798428	-8.203250171664
-1.43434805828946	0.112916762035554	-7.34264133669032
-1.01319905394064	0.772106507972839	-6.26230258640421
-2.09353780422675	0.216678110933089	-5.30098420691234
-3.09452964065003	-0.793469138628214	-5.97543297474632
-1.61135271229114	-0.579842832074464	-5.42915999084459
-1.91348134584573	-0.280766002899214	-4.42206454566262
-2.59403372243839	-0.570687418936446	-6.39963378347448
0.0457770656900893	-1.03150988021668	-4.5288776989395
0.588998245212482	0.137331197070268	-6.48203250171664
2.38345922026398	-0.164797436484321	-5.07209887846189
3.94598306248569	0.631723506523232	-3.247119859617
5.32845044632639	0.549324788281071	-4.96528572518502
3.05485618371862	-0.531013962005035	-4.72114137483787
1.57167925535973	-0.0244144350347143	-4.36102845807584
3.56755931944762	0.860608834973678	-3.36308842603189
4.39765011062791	1.70901045243	-3.36919203479057
5.34065766384375	2.26749065384909	-2.10879682612345
8.91432059205005	3.23491264209964	-1.49843595025559
9.09437705043107	3.42412451361868	-0.796520943007553
7.88586251621271	3.13725490196078	-2.14236667429618
6.2378881513695	1.26955062180514	-2.27664606698711
5.83504997329671	1.29091325246052	-1.20546272983902
4.03448538948653	-1.196307316701	-1.91653315022507
2.51468680857557	-1.09864957656214	-0.390630960555428
2.38651102464332	-1.90127412832837	-1.74563210498207
3.19218738078889	-2.85038529030289	-4.00701915007248
3.54924849317159	-2.23086900129702	-5.92050049591821
1.43129625391012	-4.26642252231632	-8.67322804608225
1.67849240863661	-4.16571297779812	-8.12390325780117
-0.143434805828946	-2.60318913557641	-8.79530022125582
-0.866712443732357	-2.85648889906157	-7.43724727244984
-2.52079041733425	-0.994888227664607	-6.34470130464637
0.186160067139696	1.59304188601511	-5.68245975432975
-0.848401617456321	2.10269321736477	-6.35080491340505
0.933852140077821	1.71816586556802	-7.01304646372168
1.879911497673	2.34073395895323	-7.13206683451591
0.210574502174411	2.28580148012512	-6.70176241702907
-0.238040741588464	2.93583581292439	-5.58785381857023
-1.58083466849775	1.74563210498207	-5.40169375143053
-0.997940032043946	2.52689402609293	-4.33356221866178
-0.759899290455482	2.71610589761196	-3.18303196765087
0.381475547417411	2.46890974288548	-2.35599298084993
2.25528343633173	2.5482566567483	-2.40482185091936
4.92866407263294	3.98870832379644	-1.22072175173571
6.74753948271916	4.95002670328832	-1.55031662470436
6.32639047837034	5.13313496604868	-0.341802090486
4.51972228580148	3.98260471503777	-1.47096971084154
4.35492484931716	3.46074616617075	-1.20851453421836
5.06599526970321	2.38040741588464	-2.050812542916
5.11482413977264	1.03150988021668	-4.12298771648737
4.59296559090562	-0.0885023270008393	-4.88899061570153
5.84725719081407	0.701915007248035	-3.15556572823682
4.34576943617914	-0.289921416037232	-3.03349355306325
5.57259479667353	0.741588464179446	-0.524910353246357
6.83604180972	2.00808728160525	0.103761348897536
6.79026474402991	1.45571068894484	-1.13221942473487
2.8900587472343	0.421149004348821	-2.81681544213016
4.40070191500725	0.704966811627375	-3.20439459830625
4.41596093690394	1.77309834439612	-3.76592660410468
1.26039520866712	2.66727702754253	-4.55329213397421
2.70084687571527	4.26031891355764	-3.87884336614023
3.60418097199969	4.08026245517662	-4.34882124055848
4.49835965514611	4.97444113832303	-3.76287479972534
5.43221179522393	4.272526131075	-3.61638818951705
5.11482413977264	3.13420309758144	-2.98466468299382
6.66208896009766	4.24200808728161	-2.53299763485161
6.38437476157778	3.86358434424353	-3.41802090486
5.86861982146944	3.61333638513771	-2.60013733119707
6.81162737468528	3.38750286106661	-1.50453955901427
5.24605172808423	3.42412451361868	-2.36514839398795
4.50446326390478	2.8900587472343	-3.00907911802853
5.13618677042802	1.13527122911421	-2.92973220416571
4.83405813687343	0.277714198519875	-2.33768215457389
4.65094987411307	-1.23598077363241	-3.81475547417411
3.70183871213855	-1.025406271458	-3.44243533989471
2.00503547722591	-1.50759136339361	-4.4281681544213
2.72526131074998	-2.58487830930037	-5.13313496604868
1.45571068894484	-0.454718852521553	-4.01312275883116
1.42214084077211	-0.216678110933089	-3.79949645227741
2.41092545967803	-0.170901045243	-3.33562218661784
1.95925841153582	0.567635614557107	-2.20950637064164
0.277714198519875	1.48928053711757	-3.61943999389639
0.00915541313801785	1.59914549477379	-4.40070191500725
0.0579842832074464	2.04165712977798	-3.74151216906996
-3.01823453116655	2.21560997940032	-3.75371938658732
-3.67742427710384	2.13015945677882	-3.65300984206912
-3.08842603189136	1.73952849622339	-6.31113145647364
-3.35393301289387	1.33363851377127	-5.09040970473793
-2.67643244068055	2.20950637064164	-5.62142366674296
-2.48416876478218	2.92057679102769	-4.87678339818418
1.00709544518196	3.80865186541543	-4.36713206683452
1.3824673838407	5.38643472953384	-3.74761577782864
1.14137483787289	5.2826733806363	-2.78629739833677
-0.915541313801785	3.55840390630961	-3.26237888151369
0.622568093385214	4.21454184786755	-4.39765011062791
1.69069962615396	4.03143358510719	-5.27656977187762
2.10879682612345	3.43022812237736	-3.61638818951705
0.949111161974517	4.64179446097505	-2.87785152971695
1.67849240863661	4.47699702449073	-3.46990157930877
-0.848401617456321	2.74662394140536	-4.54413672083619
-1.05592431525139	1.22377355611505	-3.64385442893111
-0.943007553215839	0.521858548867018	-4.03753719386587
-3.72625314717327	-0.515754940108339	-5.58785381857023
-0.189211871519036	-0.625619897764553	-5.67025253681239
0.360112916762036	-1.49843595025559	-5.10872053101396
-0.04272526131075	-0.207522697795071	-3.81170366979477
1.03150988021668	-0.567635614557107	-2.99687190051118
3.17082475013352	-0.842298008697642	-0.98268101014725
1.03456168459602	-0.369268329900053	0
0.329594872968643	-0.100709544518196	-1.12306401159686
1.85244525825895	0.115968566414893	-0.759899290455482
-1.70290684367132	-0.582894636453803	-2.18509193560693
2.22781719691768	1.13221942473487	-1.76699473563745
2.01419089036393	1.20546272983902	-1.5533684290837
1.62050812542916	0.961318379491875	-0.863660639353018
0.488288700694285	0.344853894865339	-0.610360875867857
3.71099412527657	2.19119554436561	0.521858548867018
3.54924849317159	0.448615243762875	-1.73037308308537
3.4027618829633	2.34378576333257	-1.89211871519036
3.8300144960708	0.396734569314107	-3.64690623331044
5.65499351491569	1.16578927290761	-3.69268329900053
6.64682993820096	1.94399938963912	-2.45059891660945
5.4535744258793	2.02639810788128	-1.97451743343252
4.12298771648737	1.67544060425727	-2.44144350347143
5.91439688715953	1.20241092545968	-2.34988937209125
2.61539635309377	0.241092545967803	-3.58587014572366
2.02639810788128	0.177004654001679	-2.42008087281605
1.8951705195697	-0.732433051041428	-2.75883115892271
0.952162966353857	-1.80056458381018	-4.41901274128328
-0.271610589761196	-2.82902265964752	-6.15854123750668
-1.14137483787289	-1.82803082322423	-5.45967803463798
-1.34279392690929	-1.98672465094987	-7.51049057755398
-3.28679331654841	-4.67536430914778	-9.35988403143359
-2.67643244068055	-2.42618448157473	-7.85839627679866
-2.78934920271611	-4.44953078507668	-7.96826123445487
-2.42618448157473	-3.10673685816739	-7.64171816586557
-4.6845197222858	-3.79339284351873	-9.22560463874266
-1.85244525825895	-3.29900053406577	-8.59693293659876
-0.393682764934768	-2.88090333409628	-8.08422980086976
-0.576791027695125	-0.720225833524071	-7.94384679942016
-1.84023804074159	-2.392614633402	-8.96314946211948
-0.131227588311589	-1.87075608453498	-7.91943236438544
-3.20439459830625	-2.95719844357977	-7.80956740672923
-2.53299763485161	-2.67032883192187	-7.17479209582666
0.0610360875867857	-1.47096971084154	-6.25619897764553
0.552376592660411	-1.05287251087205	-5.68856336308843
-0.253299763485161	-2.4078736552987	-6.43015182726787
1.59914549477379	0.0122072175173571	-5.00495918211643
0.0976577401388571	-0.396734569314107	-5.77096208133059
1.5533684290837	-2.43839169909209	-5.94491493095293
-1.85854886701762	-2.76798657206073	-5.75265125505455
3.7445639734493	-1.20851453421836	-3.64385442893111
2.5482566567483	-3.64995803768978	-5.23079270618753
3.40581368734264	-2.5482566567483	-4.40680552376593
3.45159075303273	-4.40375371938659	-3.13115129320211
3.39055466544594	-4.35187304493782	-2.78019378957809
3.88494697489891	-1.03150988021668	-1.01930266269932
5.18501564049744	-1.68154421301595	-2.34988937209125
3.80254825665675	-0.72632944228275	-1.97756923781186
3.38139925230793	0.76600289921416	-3.32646677347982
4.98054474708171	0.402838178072786	-4.75776302738994
2.83207446402686	-0.750743877317464	-6.00900282291905
3.23796444647898	-0.89723048752575	-4.76081483176928
1.8097199969482	0.119020370794232	-3.9154650186923
4.33661402304112	0.604257267109178	-3.90630960555428
5.14839398794537	1.16273746852827	-3.20744640268559
4.46173800259403	-0.0610360875867857	-4.26031891355764
5.27962157625696	0.00610360875867857	-5.09040970473793
6.76890211337453	0.189211871519036	-5.17280842298009
4.92256046387427	1.70290684367132	-4.76081483176928
4.04058899824521	2.11184863050278	-4.85236896314946
2.74357213702602	1.81277180132753	-4.59296559090562
3.68963149462119	2.21560997940032	-3.20134279392691
3.82696269169146	0.848401617456321	-2.74357213702602
3.36003662165255	-0.280766002899214	-3.18913557640955
3.44243533989471	-1.70290684367132	-3.60112916762036
5.23689631494621	0.915541313801785	-2.73746852826734
5.27046616311894	-0.878919661249714	-4.55939574273289
6.71702143892576	0.845349813076982	-3.3325703822385
3.83306630045014	0.366216525520714	-2.77409018081941
2.44754711223011	0.46997787441825	-3.31425955596246
0.579842832074464	-0.0518806744487678	-3.32646677347982
1.25734340428779	0.0549324788281071	-3.35393301289387
-0.909437705043107	-0.320439459830625	-4.51972228580148
0.833142595559625	0.241092545967803	-3.98870832379644
1.538109407187	1.24513618677043	-0.933852140077821
0.836194399938964	1.42214084077211	-0.134279392690929
0.0671396963454643	0.549324788281071	-1.05592431525139
-2.26749065384909	0.0915541313801785	-1.25429159990845
-3.20134279392691	-0.210574502174411	-3.25627527275502
-1.81582360570687	-2.42008087281605	-8.43213550011444
-0.222781719691768	-1.33058670939193	-6.75974670023651
0.918593118181125	-1.7242694743267	-5.74654764629587
3.05790798809796	2.78629739833677	-2.40177004654002
1.69069962615396	1.25429159990845	-2.38956282902266
4.40375371938659	2.17288471808957	-1.39467460135805
0.949111161974517	0.930800335698482	-0.170901045243
-1.61135271229114	-1.65102616922255	-4.62958724345769
0.787365529869535	0.204470893415732	-4.5136186770428
1.62966353856718	-1.51674677653162	-3.70794232089723
-1.47096971084154	-1.63271534294652	-3.05485618371862
0.839246204318303	0.265506981002518	-2.33157854581521
4.48920424200809	-1.00099183642329	0.683604180972
0.775158312352178	-1.68154421301595	-2.67338063630121
2.31326771953918	-0.482185091935607	-0.799572747386893
6.81162737468528	-0.372320134279393	-0.0732433051041428
5.22774090180819	-0.0732433051041428	-1.62050812542916
4.31830319676509	-0.0396734569314107	0.250247959105821
6.28366521705959	0.0457770656900893	0.573739223315785
5.16670481422141	-1.14137483787289	1.94399938963912
0.668345159075303	-1.99893186846723	-3.16472114137484
-1.37026016632334	-2.59403372243839	-1.70290684367132
0.750743877317464	-1.879911497673	-2.0355535210193
2.54215304798962	-0.0762951094834821	-3.32341496910048
3.43022812237736	0.195315480277714	-0.93690394445716
2.52384222171359	0.781261921110857	-0.772106507972839
1.22377355611505	0.698863202868696	-2.48416876478218
0.744640268558785	0.506599526970321	-1.25734340428779
2.90836957351034	0.607309071488518	-3.42107270923934
1.24818799114977	-1.22072175173571	-4.02838178072786
3.2318608377203	2.29495689326314	-0.473029678797589
1.12916762035554	1.33974212252995	-0.540169375143053
4.60517280842298	1.80056458381018	1.60524910353246
3.09758144502937	1.55947203784237	1.49233234149691
5.42610818646525	2.19424734874495	0.619516289005875
6.24704356450752	0.946059357595178	4.56244754711223
5.58785381857023	0.781261921110857	1.31532768749523
5.51766231784543	1.33974212252995	3.36614023041123
2.25833524071107	-1.97146562905318	0.970473792629892
3.64995803768978	2.1210040436408	5.43526359960327
9.82986190585184	1.50453955901427	5.51155870908675
8.78309300373846	2.10574502174411	6.33859769588769
11.0566872663462	1.52895399404898	8.48706797894255
17.5417715724422	4.8706797894255	15.0514991989014
10.5531395437552	1.19935912108034	11.1390859845884
