0.549324788281071	4.98970016021973	0.0671396963454643
0.903334096284428	2.89921416037232	0.326543068589303
2.82597085526818	4.85847257190814	1.50453955901427
4.73029678797589	5.41390096894789	4.24200808728161
3.1464103150988	6.61020828564889	6.24399176012818
2.85343709468223	6.52780956740673	6.15854123750668
3.2318608377203	8.13000686655985	6.44541084916457
4.07415884641794	7.91027695124743	5.77401388570993
6.14328221560998	6.83604180972	5.52986953536278
8.7708857862211	8.4443427176318	8.38635843442435
8.27954528114748	7.66308079652094	9.25307087815671
8.59693293659876	7.64476997024491	11.3099870298314
10.8918898298619	6.39047837033646	12.6161593041886
10.0251773861295	4.26031891355764	10.8888380254826
7.53185320820935	2.28274967574578	8.45349813076982
7.9468986037995	1.61440451667048	6.99473563744564
9.89394979781796	2.24612802319371	7.28160524910353
8.02929732204166	1.53505760280766	4.23590447852293
11.261158159762	4.68146791790646	8.04760814831769
8.58777752346075	4.99580376897841	9.71389333943694
8.90516517891203	3.70489051651789	9.68032349126421
9.13710231174182	3.05485618371862	9.24696726939803
6.93369954985885	1.79751277943084	9.15541313801785
5.33760585946441	2.31326771953918	7.58068207827878
3.63775082017243	-0.390630960555428	7.08018616006714
4.04669260700389	0.393682764934768	7.3182269016556
2.76798657206073	-0.793469138628214	7.87670710307469
4.20843823910887	1.48928053711757	11.261158159762
1.40688181887541	-0.259403372243839	8.46265354390784
3.35698481727321	0.228885328450446	8.68238345922026
4.73334859235523	1.30617227435721	9.02113374532692
3.50957503624018	0.164797436484321	4.68757152666514
5.15144579232471	1.70901045243	4.86152437628748
6.34164950026703	0.805676356145571	4.62653543907836
4.56244754711223	-0.463874265659571	4.74250400549325
1.54116121156634	-0.973525597009232	2.87174792095827
1.59914549477379	-2.55741206988632	1.58693827725643
0.122072175173571	-3.65300984206912	0.506599526970321
0.97962920576791	-2.43839169909209	2.3071641107805
-1.69069962615396	-0.482185091935607	1.39772640573739
-0.0671396963454643	0.350957503624018	2.20340276188296
0.848401617456321	0.122072175173571	0.0915541313801785
0.0671396963454643	-1.34584573128862	0.756847486076142
0.436408026245518	-1.04676890211337	1.42824444953079
-0.241092545967803	-3.68657969024186	0.112916762035554
-1.64797436484321	-4.66620889600977	-2.04470893415732
3.27153429465171	-1.91653315022507	1.27870603494316
-2.00808728160525	-3.30510414282444	-1.30312046997787
-3.27153429465171	-1.31532768749523	-3.15556572823682
-1.49233234149691	-0.930800335698482	-2.64591439688716
-3.18913557640955	-2.69169146257725	-3.21355001144427
-6.46677347981994	-2.93888761730373	-4.26031891355764
-6.25314717326619	-2.45975432974746	-1.2817578393225
-6.47287708857862	-4.60212100404364	-1.76699473563745
-6.7353322652018	-5.0965133134966	-1.96841382467384
-3.85137712672618	-4.14129854276341	-2.07217517357137
-4.75471122301061	-5.61532005798428	-3.89105058365759
-2.24917982757305	-2.4628061341268	-3.92767223620966
-3.15251392385748	-3.32646677347982	-6.14023041123064
-2.94193942168307	-2.41092545967803	-7.46471351186389
-4.03448538948653	-3.54924849317159	-7.71496147096971
-4.9408712901503	-5.57869840543221	-6.48508430609598
-6.77805752651255	-5.14534218356603	-7.12291142137789
-8.09643701838712	-5.86861982146944	-7.81261921110857
-5.91439688715953	-4.64179446097505	-6.31723506523232
-7.75158312352178	-3.96429388876173	-6.46982528419928
-7.15648126955062	-1.66933699549859	-6.3782711528191
-5.65194171053635	-1.24513618677043	-6.91538872358282
-3.45464255741207	-0.903334096284428	-4.36713206683452
-3.25322346837568	-0.503547722590982	-4.58991378652628
0.170901045243	1.33058670939193	-1.77615014877546
1.58083466849775	1.90127412832837	-2.11490043488212
2.3071641107805	0.784313725490196	-2.0355535210193
0.671396963454643	0.29907682917525	-2.55130846112764
-1.41908903639277	-0.460822461280232	-4.51056687266346
-1.11390859845884	-0.366216525520714	-2.92668039978637
-3.01518272678721	-3.87884336614023	-3.45769436179141
-0.885023270008392	-0.341802090486	0.567635614557107
-0.848401617456321	-1.025406271458	1.50759136339361
3.13725490196078	1.06202792401007	3.0060273136492
6.03341725795377	3.77508201724269	4.95918211642634
10.8247501335164	7.28160524910353	6.36911573968109
13.5957885099565	8.9417868314641	7.78210116731517
13.2326237888151	9.057755397879	8.52674143587396
13.0586709391928	8.17883573662928	9.60402838178073
12.8145265888457	6.93980315861753	10.3273060196841
12.8389410238804	6.53696498054475	9.84512092774853
10.4890516517891	5.33455405508507	10.7789730678264
12.7290760662242	7.64476997024491	11.0933089188983
14.7310597390707	9.86037994964523	12.5490196078431
12.466620889601	8.48401617456321	10.8216983291371
13.0769817654688	8.05676356145571	10.1716639963378
15.9273670557717	8.82276646066987	8.59693293659876
16.0952162966354	8.54505226215	7.64782177462425
14.4167238879988	6.33554589150835	6.97337300679026
17.7706569008927	9.64675364309148	9.09132524605173
17.8255893797208	11.8928816662852	7.80651560234989
16.7025253681239	12.466620889601	8.0170901045243
15.70458533608	11.0322728313115	7.15342946517128
14.212252994583	8.4596017395285	5.4535744258793
12.65583276112	7.69665064469368	3.8452735179675
9.85732814526589	2.5787747005417	0.63782711528191
8.32837415121691	-0.131227588311589	-1.45571068894484
6.37521934843977	-0.38452735179675	-2.65201800564584
8.77393759060044	1.32753490501259	-0.442511635004196
6.17074845502403	1.16578927290761	-0.424200808728161
7.00083924620432	1.88601510643168	-0.433356221866178
7.51659418631266	2.72526131074998	0.140383001449607
4.71808957045853	1.68154421301595	-1.19325551232166
2.91142137788968	0.506599526970321	-3.31425955596246
-2.54215304798962	-1.84023804074159	-5.7251850156405
-3.35393301289387	-1.93789578088045	-8.88380254825666
-4.0863660639353	-1.94705119401846	-8.14221408407721
-8.89295796139467	-3.59502555886168	-9.15846494239719
-9.09742885481041	-2.7496757457847	-9.10658426794842
-11.0353246356909	-4.89814602883955	-10.7728694590677
-7.42809185931182	-4.8554207675288	-8.57862211032273
-7.42809185931182	-4.98359655146105	-8.29175249866484
-6.23178454261082	-3.61638818951705	-8.88990615701534
-4.01312275883116	-2.20035095750362	-8.67322804608225
-2.60013733119707	-1.06507972838941	-8.51148241397726
-4.45258258945602	-0.415045395590143	-9.5399404898146
-5.26436255436027	0.698863202868696	-9.17677576867323
-6.78721293965057	-0.411993591210803	-7.47692072938125
-8.63965819790951	-0.222781719691768	-7.96520943007553
-9.65285725185016	-1.47402151522087	-9.56130312046998
-8.04760814831769	-2.87479972533761	-9.58876935988403
-11.1940184634165	-0.476081483176928	-9.66201266498817
-12.0149538414588	-1.15358205539025	-11.8806744487678
-12.3079270618753	-4.15655756466011	-13.3089188982986
-7.07408255130846	-3.12809948882277	-10.7515068284123
-11.5419241626612	-6.37216754406043	-12.0454718852522
-11.4229037918669	-7.5043869687953	-11.0933089188983
-11.4259555962463	-7.46166170748455	-11.9264515144579
-12.637521934844	-8.02929732204166	-12.4361028458076
-16.4797436484321	-5.30403601129168	-11.8440527962158
-13.1563286793317	-2.07217517357137	-9.45754177157244
-11.6365300984207	0.222781719691768	-7.81261921110857
-9.75051499198901	2.49942778667887	-6.86350804913405
-7.16563668268864	1.88296330205234	-4.53498130769818
-5.06599526970321	4.73334859235523	-2.37430380712596
-5.21858548867018	2.96940566109712	-3.30815594720378
-2.07522697795071	2.91752498664836	-4.27557793545434
-2.7191577019913	1.94705119401846	-6.81773098344396
-5.52681773098344	0.0244144350347143	-10.101472495613
-5.65194171053635	-1.39772640573739	-10.8491645685512
-6.00289921416037	-1.88906691081102	-10.6904707408255
-6.85130083161669	-3.73235675593194	-8.85328450446326
-9.5551995117113	-4.93781948577096	-7.01304646372168
-5.27656977187762	-2.60624093995575	-1.67238879987793
-10.9742885481041	-4.443427176318	-2.94499122606241
-10.3456168459602	-5.52071412222477	-5.2124818799115
-7.32433051041428	-3.79034103913939	-6.50034332799268
-7.39757381551843	-3.01213092240787	-7.15648126955062
-10.8766308079652	-4.23895628290227	-9.7962920576791
-8.96314946211948	-2.46585793850614	-8.79530022125582
-9.46059357595178	-3.66521705958648	-9.40566109712367
-8.66407263294423	-1.68154421301595	-8.26428625925078
-9.02113374532692	-3.78423743038071	-10.57755397879
-6.19516289005875	-1.46181429770352	-8.91126878767071
-6.51865415426871	-2.3071641107805	-7.49523155565728
-9.74441138323033	-2.71000228885328	-7.88586251621271
-8.81971465629053	-1.49233234149691	-5.06599526970321
-9.80544747081712	-3.44853894865339	-2.99382009613184
-10.4921034561685	-2.42618448157473	-2.6489662012665
-7.85229266803998	-1.83718623636225	-1.93789578088045
-5.65194171053635	-0.622568093385214	-1.48928053711757
-3.21049820706493	-1.67849240863661	-3.1464103150988
-0.793469138628214	0.872816052491035	-1.33974212252995
0.173952849622339	1.01625085831998	1.24208438239109
0.527962157625696	0.503547722590982	1.68459601739528
-0.305180437933928	-1.63271534294652	0.970473792629892
-4.01312275883116	-3.58281834134432	-1.46181429770352
-4.37323567559319	-3.00297550926986	-2.77714198519875
-6.49118791485466	-6.53696498054475	-3.8300144960708
-10.1197833218891	-5.85030899519341	-6.65903715571832
-6.43320363164721	-3.83611810482948	-6.53391317616541
-3.00907911802853	-2.99687190051118	-4.93476768139162
-7.04051270313573	-3.18303196765087	-6.76890211337453
-7.84924086366064	-3.4027618829633	-6.323338673991
-3.44243533989471	-1.4526588845655	-5.33150225070573
-2.66727702754253	-3.65300984206912	-4.785229266804
0.460822461280232	-0.0457770656900893	-2.27054245822843
0.787365529869535	1.25429159990845	-3.39055466544594
2.69169146257725	1.82192721446555	-1.37026016632334
3.25627527275502	3.12809948882277	-1.7792019531548
4.19928282597086	4.75165941863127	-1.84023804074159
4.35187304493782	6.81773098344396	0.506599526970321
2.58182650492103	6.62851911192493	0.585946440833143
0.976577401388571	7.08934157320516	1.9806210421912
2.77103837644007	9.25001907377737	5.54818036163882
0.85145342183566	8.04760814831769	4.15655756466011
-2.12405584802014	6.1219195849546	1.05897611963073
-0.741588464179446	3.72320134279393	-0.125123979552911
0.262455176623178	2.5787747005417	-2.50247959105821
-1.48928053711757	2.16372930495155	-4.02532997634852
-2.42923628595407	-0.308232242313268	-3.25627527275502
-4.46173800259403	1.49538414587625	-2.18509193560693
-1.20851453421836	1.64187075608453	-0.521858548867018
-4.09857328145266	-0.274662394140536	0.686655985351339
-3.81170366979477	-3.46074616617075	-1.94705119401846
-0.241092545967803	-1.14442664225223	-1.03456168459602
-0.0122072175173571	-1.90127412832837	-1.5228503852903
-3.45769436179141	-1.49538414587625	-3.87579156176089
-0.280766002899214	0.460822461280232	-4.75471122301061
4.80354009308003	1.97146562905318	-1.43129625391012
5.52986953536278	5.55733577477684	-0.415045395590143
6.01205462729839	4.5838101777676	3.66521705958648
3.03044174868391	3.0609597924773	0.9399557488365
6.87266346227207	6.15854123750668	5.29488059815366
1.93789578088045	3.72625314717327	3.32646677347982
-3.80254825665675	0.363164721141375	-2.55436026550698
-1.66933699549859	0.671396963454643	-0.9399557488365
-0.466926070038911	-0.582894636453803	-1.91653315022507
-10.6111238269627	-4.22369726100557	-2.35904478522927
-6.01815823605707	-4.29388876173037	-4.20233463035019
3.33867399099718	-2.98161287861448	0.521858548867018
-4.69672693980316	-6.87266346227207	-6.77195391775387
-5.10566872663462	-6.18905928130007	-6.57053482871748
0.860608834973678	-3.83916990920882	-5.85946440833143
1.52895399404898	-2.92668039978637	-4.956130312047
0.820935378042267	-1.17494468604562	-2.76798657206073
0.717174029144732	-0.988784618905928	1.06507972838941
0.64087891966125	-1.22072175173571	-0.503547722590982
1.66018158236057	-0.527962157625696	-3.54924849317159
2.15457389181353	-1.16884107728695	-0.311284046692607
1.5533684290837	-0.634775310902571	-1.89211871519036
1.80361638818952	1.24513618677043	0.146486610208286
5.92965590905623	2.32547493705653	2.44449530785077
4.18402380407416	2.45059891660945	3.92767223620966
5.70687418936446	4.29694056610971	6.52780956740673
2.81376363775082	4.55329213397421	5.13008316166934
7.25413900968948	5.03547722590982	6.50644693675135
7.73632410162509	4.75471122301061	6.59800106813153
12.5093461509117	6.57663843747616	10.263218127718
9.04859998474098	7.18089570458534	10.9224078736553
12.7138170443275	4.66926070038911	7.46471351186389
13.4126802471962	5.76485847257191	8.71900511177233
9.94888227664607	6.50034332799268	8.33142595559625
14.2854962996872	7.45555809872587	8.78004119935912
6.44846265354391	7.11070420386053	9.00892652780957
12.304875257496	9.18593118181125	8.13000686655985
17.8835736629282	8.54505226215	9.66811627374685
13.5713740749218	5.92050049591821	10.4219119554437
12.5246051728084	4.29083695735103	11.7708094911116
11.0292210269322	2.41092545967803	10.4859998474098
12.7443350881209	3.45464255741207	12.2285801480125
10.8216983291371	2.17288471808957	11.3008316166934
13.9803158617533	2.98161287861448	13.3150225070573
9.28053711757076	4.5136186770428	16.6262302586404
11.3496604867628	3.17998016327153	14.8531319142443
11.0597390707256	4.03448538948653	18.3077744716564
17.9171435111009	8.27649347676814	19.0798809796292
19.4277866788739	10.9834439612421	25.2903028915846
15.7778286411841	12.3567559319448	23.3157854581521
19.9282825970855	11.2581063553826	23.0380712596323
14.4960708018616	11.6426337071794	19.5925841153582
6.6498817425803	6.76585030899519	15.561150530251
5.84725719081407	6.88487067978943	10.0099183642329
5.60006103608759	6.38742656595712	6.30502784771496
5.34981307698177	6.59189745937285	7.14427405203327
8.77698939497978	6.64072632944228	7.66613260090028
4.56549935149157	5.84725719081407	5.20332646677348
6.93369954985885	6.41184100099184	3.96429388876173
3.16472114137484	5.62752727550164	-1.16273746852827
2.48722056916152	7.44029907682918	1.57778286411841
0.665293354695964	5.468833447776	-2.50247959105821
2.94193942168307	4.70893415732052	0.80872816052491
3.69878690775921	4.92561226825361	1.64492256046387
-0.814831769283589	3.92156862745098	2.85648889906157
0.997940032043946	3.43633173113603	0.253299763485161
-0.216678110933089	2.98161287861448	-2.05386434729534
-6.46982528419928	4.13519493400473	2.50553139543755
-1.47707331960021	2.94499122606241	1.25123979552911
-5.53292133974212	2.09353780422675	1.78530556191348
-0.448615243762875	5.21858548867018	5.27962157625696
-4.63263904783703	0.701915007248035	2.43228809033341
-5.98764019226368	3.01213092240787	4.47699702449073
-1.7242694743267	4.38849469748989	4.43732356755932
-4.59601739528496	4.49530785076677	3.41802090486
-5.64278629739834	4.11688410772869	2.96940566109712
-10.6660563057908	-3.04570077058061	-8.89295796139467
-8.05371175707637	1.7792019531548	-4.13824673838407
-6.08529793240253	-1.0955977721828	-8.09338521400778
-6.41489280537118	-2.91447318226902	-10.2021820401312
-11.8562600137331	-2.35599298084993	-9.79934386205844
-11.972228580148	-1.94705119401846	-7.73327229724575
-5.2674143587396	0.170901045243	-6.80857557030594
-13.6293583581292	-1.13221942473487	-10.1594567788205
-13.0739299610895	-2.07827878233005	-8.52063782711528
-5.8808270389868	0.335698481727321	-5.78316929884794
-5.90524147402152	0.497444113832303	-5.09956511787594
-8.94789044022278	-1.57778286411841	-4.48004882887007
-7.91943236438544	0.918593118181125	-1.58999008163577
-6.14328221560998	0.772106507972839	-2.58793011367971
-2.87785152971695	2.56046387426566	-1.65102616922255
-3.20134279392691	2.70695048447395	-2.73136491950866
-2.78934920271611	3.40581368734264	-2.81071183337148
-3.54924849317159	2.05691615167468	-0.463874265659571
-11.0475318532082	-3.98260471503777	-1.90737773708705
-1.71206225680934	1.11390859845884	3.44853894865339
-9.42702372777905	0.0274662394140536	2.42618448157473
-7.6050965133135	0.460822461280232	3.50957503624018
-8.06591897459373	0.500495918211643	-0.100709544518196
-4.51667048142214	3.31425955596246	-3.26237888151369
-3.25017166399634	4.43121995880064	-4.02838178072786
-2.63675898374914	3.85748073548486	-6.00289921416037
-8.39246204318303	3.61943999389639	-7.14427405203327
-6.69565880827039	6.21652552071412	-3.65606164644846
-1.196307316701	6.88792248416877	-5.25825894560159
-5.76485847257191	3.36003662165255	-1.79751277943084
-2.16372930495155	1.95315480277714	-5.56649118791485
-8.17578393224994	-0.238040741588464	-7.40672922865644
-2.19119554436561	-0.241092545967803	-7.51354238193332
-8.65491721980621	-2.07522697795071	-11.3740749217975
-10.0556954299229	-2.00503547722591	-8.13611047531853
-12.4208438239109	-1.73647669184405	-7.52880140383001
-8.8563363088426	0.0610360875867857	-0.988784618905928
-2.80766002899214	-1.13527122911421	-2.563515678645
-6.13412680247196	-1.26344701304646	-1.17494468604562
-4.92256046387427	1.68459601739528	2.13321126115816
0.302128633554589	4.25421530479896	3.09452964065003
-1.36415655756466	1.32143129625391	0.415045395590143
-1.1108567940795	3.39360646982528	0.158693827725643
1.42214084077211	1.24513618677043	-2.87785152971695
-7.1625848783093	-3.74761577782864	-0.854505226215
-5.73739223315785	-1.04676890211337	-5.5390249485008
-1.69985503929198	-0.228885328450446	-2.87174792095827
-1.40383001449607	-0.711070420386053	-2.68558785381857
3.70489051651789	2.76493476768139	-3.37834744792859
-2.25223163195239	-0.234988937209125	-4.23285267414359
-0.964370183871214	0.604257267109178	-3.96734569314107
-1.95925841153582	-1.17189288166629	-5.53597314412146
-6.35385671778439	-1.02845807583734	-5.0110627908751
-4.06500343327993	1.25123979552911	-2.50858319981689
-0.259403372243839	3.15861753261616	-1.2115663385977
2.08438239108873	0.89417868314641	-3.32951857785916
-5.88998245212482	-2.67032883192187	-1.3824673838407
-5.21858548867018	0.439459830624857	-1.03456168459602
-1.92568856336309	0.0488288700694285	-2.49027237354086
-5.7099259937438	-2.36209658960861	-3.80254825665675
-4.24811169604028	-0.80872816052491	-6.16159304188602
-1.879911497673	1.54421301594568	2.50247959105821
-9.93667505912871	-2.2369726100557	-1.51369497215228
-9.01808194094759	-3.17082475013352	-1.03150988021668
-0.479133287556268	0.646982528419928	3.29900053406577
-8.27954528114748	-2.96330205233845	-1.13832303349355
-3.54924849317159	-2.96025024795911	-5.38643472953384
-4.32135500114443	-3.59807736324102	-8.45654993514916
-7.00389105058366	-2.76188296330205	-7.24498359655146
-7.95300221255818	-2.563515678645	-8.9570458533608
-5.38033112077516	-1.95620660715648	-8.77698939497978
-6.06088349736782	0.0854505226215	-6.8207827878233
-4.46784161135271	-0.592050049591821	-6.59494926375219
-6.72922865644312	-2.21560997940032	-8.40466926070039
-4.58991378652628	-2.00808728160525	-6.91538872358282
-6.74753948271916	-2.92668039978637	-9.87563897154192
-8.56336308842603	-4.03448538948653	-11.2062256809339
-5.6244754711223	-1.55642023346304	-9.14625772487983
-9.570458533608	-1.64187075608453	-10.092317082475
-5.89913786526284	-0.650034332799268	-5.40474555580987
-7.83703364614328	-2.77103837644007	-3.97650110627909
-7.31212329289693	-2.05386434729534	-1.8097199969482
-4.84626535439078	-1.45571068894484	-1.37331197070268
-8.45044632639048	-3.50041962310216	-5.09346150911727
-8.39856565194171	-1.09254596780346	-5.41390096894789
-7.90722514686809	-0.106813153276875	-4.50141145952544
-8.29480430304418	0.885023270008392	-1.50453955901427
-4.53498130769818	0.93690394445716	-1.32143129625391
-7.38231479362173	-0.695811398489357	-2.19729915312428
-8.1177996490425	-2.99382009613184	-4.45563439383536
-8.05981536583505	-5.48409246967269	-6.51255054551003
-13.1563286793317	-8.41382467383841	-10.6538490882734
-6.83299000534066	-1.56862745098039	-5.44747081712062
-8.53284504463264	-2.78629739833677	-6.90318150606546
-10.6385900663767	-3.39665827420462	-7.95910582131685
-1.92263675898375	2.14236667429618	-5.53292133974212
-6.10055695429923	0.476081483176928	-6.73228046082246
-5.99679560540169	1.03761348897536	-7.70580605783169
-2.29800869764248	3.28068970778973	-4.98970016021973
-2.41092545967803	1.75478751812009	-3.06706340123598
-3.17082475013352	3.43022812237736	-1.99282825970855
-1.29091325246052	4.40985732814527	0.247196154726482
-1.76089112687877	5.27656977187762	-0.576791027695125
-1.91653315022507	4.36408026245518	-0.964370183871214
-0.994888227664607	4.94697489890898	-1.80056458381018
-3.28374151216907	3.54314488441291	-4.67536430914778
-1.51369497215228	7.48607614251926	-2.2064545662623
-1.879911497673	4.41596093690394	-2.81376363775082
-0.399786373693446	4.50141145952544	-2.72526131074998
-2.39871824216068	3.90325780117494	-3.37224383916991
-1.7242694743267	4.29388876173037	-2.59098191805905
-3.52483405813687	0.55542839703975	-5.87167162584878
-1.80666819256886	3.03044174868391	-4.95918211642634
0.527962157625696	2.93583581292439	-6.00289921416037
-1.1261158159762	3.27458609903105	-6.57053482871748
-0.0122072175173571	4.43732356755932	-5.51766231784543
0.659189745937285	2.45670252536812	-4.62043183031968
-4.12603952086671	-0.793469138628214	-7.33958953231098
-1.05897611963073	1.69680323491264	-4.60212100404364
-1.81582360570687	1.26039520866712	-4.80964370183871
-4.614328221561	0.973525597009232	-6.94590676737621
-2.86869611657893	4.12909132524605	-4.10467689021134
-6.12497138933394	1.03761348897536	-7.00389105058366
-5.61837186236362	0.360112916762036	-7.44640268558785
-1.16578927290761	2.82597085526818	-4.60822461280232
-0.411993591210803	2.60929274433509	-3.45769436179141
-1.21766994735637	1.05287251087205	-4.0863660639353
0.198367284657053	4.41596093690394	-3.28679331654841
0.860608834973678	1.82192721446555	-3.33867399099718
-3.40581368734264	-0.860608834973678	-5.26436255436027
-3.61638818951705	1.70290684367132	-4.60517280842298
-3.6591134508278	0.170901045243	-5.9662775616083
-5.68551155870909	-3.17692835889219	-7.861448081178
-6.78416113527123	-1.22987716487373	-6.7200732433051
-8.44739452201114	-1.91042954146639	-6.9764248111696
-3.86358434424353	-1.22377355611505	-7.22056916151675
-3.25017166399634	-2.34073395895323	-4.87678339818418
-2.75272755016403	1.58999008163577	-2.97245746547646
-1.44045166704814	2.77103837644007	-1.76089112687877
0.332646677347982	4.24200808728161	-2.0660715648127
-3.54314488441291	1.82192721446555	-6.19821469443809
-3.97039749752041	-0.900282291905089	-7.13511863889525
-0.933852140077821	1.43434805828946	-6.78110933089189
0.0305180437933928	-1.23292896925307	-9.66506446936751
0.830090791180285	-0.4272526131075	-6.83909361409934
0.0244144350347143	-0.247196154726482	-5.42915999084459
-3.41191729610132	-4.76081483176928	-10.1136797131304
-1.81887541008621	-1.01319905394064	-4.68757152666514
-3.36614023041123	1.05592431525139	-4.05279621576257
0.405889982452125	1.94705119401846	-1.65407797360189
-0.521858548867018	0.9399557488365	-2.34378576333257
2.050812542916	4.56244754711223	-0.735484855420768
1.63271534294652	3.15556572823682	-1.62050812542916
1.29396505683986	2.86259250782025	-0.164797436484321
0.369268329900053	2.30411230640116	-0.259403372243839
-0.524910353246357	2.68558785381857	-0.0335698481727321
-3.3173113603418	-0.863660639353018	-0.653086137178607
0.332646677347982	1.74258030060273	1.77004654001678
-5.41695277332723	-3.10368505378805	-2.93583581292439
-5.47188525215534	-1.02845807583734	-4.49225604638743
-2.68558785381857	1.4679179064622	-2.45365072098878
-3.759822995346	-1.89822232394903	-5.30098420691234
-3.28984512092775	-1.4373998626688	-5.04463263904784
-3.98565651941711	-1.96231021591516	-4.39459830624857
-3.86358434424353	-2.31326771953918	-4.55329213397421
-2.34988937209125	-2.98771648737316	-5.73128862439918
-2.70389868009461	-2.09353780422675	-5.35591668574044
-0.354009308003357	-1.23903257801175	-4.84626535439078
0.515754940108339	0.988784618905928	-3.38139925230793
-2.01113908598459	2.41092545967803	-3.61333638513771
-1.88296330205234	3.68352788586252	-1.20546272983902
-2.91142137788968	2.88700694285496	-0.756847486076142
-4.77607385366598	1.15053025101091	-0.149538414587625
-4.97138933394369	-0.38452735179675	-1.41603723201343
-4.44647898069734	-1.54726482032502	-1.52590218966964
-2.32547493705653	1.8097199969482	1.24513618677043
0.112916762035554	3.78728923476005	4.54413672083619
-0.0732433051041428	5.13618677042802	7.58678568703746
1.33058670939193	6.42710002288853	6.77805752651255
6.55527580682078	6.15548943312734	6.75364309147784
7.50133516441596	4.98664835584039	8.18188754100862
3.78423743038071	1.70595864805066	5.45662623025864
1.56862745098039	-0.7690547035935	0.918593118181125
5.59090562294957	0.479133287556268	2.221713588159
1.83108262760357	-0.50965133134966	0.0885023270008393
-0.531013962005035	-0.59510185397116	-2.29495689326314
2.69474326695659	2.02944991226062	-0.04272526131075
3.64995803768978	4.38849469748989	2.69169146257725
1.49538414587625	3.89105058365759	3.09452964065003
3.65300984206912	4.93171587701228	3.96429388876173
5.56038757915618	4.35187304493782	3.44548714427405
2.64591439688716	3.63164721141375	1.64492256046387
4.5990691996643	3.26848249027237	3.247119859617
3.27763790341039	3.54924849317159	2.91447318226902
2.01419089036393	5.31929503318837	4.98054474708171
2.05386434729534	4.79743648432135	5.50545510032807
2.14847028305486	5.24910353246357	4.47699702449073
-0.451667048142214	1.67544060425727	4.35187304493782
-1.40077821011673	0.997940032043946	1.80361638818952
0.0366216525520714	-1.00709544518196	0.0457770656900893
-0.357061112382696	-1.41603723201343	-0.375371938658732
0.793469138628214	0.674448767833982	3.26848249027237
1.13221942473487	2.02334630350195	1.75173571374075
-1.74868390936141	0.512703135729	-0.97962920576791
1.05897611963073	0.833142595559625	-0.109864957656214
0.720225833524071	2.67032883192187	0.311284046692607
1.21766994735637	2.4628061341268	-0.857557030594339
0.708018616006714	-0.100709544518196	-1.88906691081102
1.73952849622339	-0.0366216525520714	-1.06202792401007
1.08033875028611	-2.01419089036393	-1.40688181887541
-2.49942778667887	-4.86152437628748	-1.90737773708705
-2.17288471808957	-3.23491264209964	-2.38956282902266
0.134279392690929	-1.97146562905318	-0.744640268558785
-0.265506981002518	-1.84328984512093	-0.613412680247196
5.14534218356603	2.20035095750362	1.65407797360189
5.41695277332723	2.42923628595407	2.86869611657893
3.23491264209964	3.14946211947814	4.80354009308003
3.72625314717327	4.64484626535439	6.56137941557946
3.62554360265507	6.00900282291905	8.886854352636
5.93881132219425	7.97436484321355	9.77798123140307
