11.7952239261463	-0.433356221866178	5.03242542153048
13.5225452048524	1.57167925535973	7.19920653086137
17.7248798352026	2.99687190051118	6.90012970168612
16.5621423666743	3.11589227130541	4.8554207675288
16.0006103608759	2.03250171663996	8.5297932402533
16.6598001068132	2.05386434729534	5.51155870908675
15.1277943083848	1.74258030060273	6.0669871061265
12.3262378881514	-1.23598077363241	4.32440680552377
13.7911039902342	0.00305180437933928	1.66628519111925
9.75051499198901	-2.51163500419623	-0.112916762035554
14.1512169069963	0.512703135729	2.8351262684062
12.3811703669795	1.32753490501259	3.30205233844511
11.7952239261463	0.85145342183566	2.65506981002518
12.7473868925002	5.29182879377432	9.68032349126421
8.00793469138628	3.99481193255512	9.228656443122
16.7788204776074	7.49828336003662	9.71389333943694
21.5579461356527	11.288624399176	15.9609369039445
22.7786678873884	9.86343175402457	12.0943007553216
22.4307621881437	10.4676890211337	10.9407186999313
25.4612039368276	10.8186465247578	13.8368810559243
21.7471580071717	11.8348973830777	12.8572518501564
21.8966964217594	12.9243915465019	13.4279392690929
22.1408407721065	15.4970626382849	16.946669718471
24.3533989471275	18.9059281300069	17.1663996337835
20.697337300679	17.1511406118868	18.2131685358968
24.9179827573053	16.595712214847	13.9833676661326
17.0534828717479	14.9416342412451	17.4074921797513
20.8194094758526	13.4950789654383	14.4319829098955
20.8896009765774	10.3517204547189	10.9102006561379
19.5895323109789	7.87670710307469	9.24696726939803
20.013733119707	9.69253070878157	9.68032349126421
23.5263599603265	9.65896086060883	8.39551384756237
16.6689555199512	9.20424200808728	9.02418554970626
20.2365148393988	12.1828030823224	12.2255283436332
20.9018081940948	8.98146028839551	8.0872816052491
19.3514915693904	10.3334096284428	10.748455024033
20.1388570992599	7.88281071183337	11.7494468604562
14.6120393682765	6.25925078202487	7.13511863889525
15.1949340047303	6.73228046082246	8.3436331731136
14.9965667200732	5.00190737773709	8.16968032349126
13.2265201800565	4.55939574273289	6.0364690623331
9.22560463874266	2.87479972533761	2.11490043488212
14.0962844281682	2.3224231326772	1.92874036774243
7.34569314106966	2.71000228885328	4.07110704203861
5.85030899519341	3.22880903334096	4.42206454566262
10.7606622415503	5.45662623025864	6.76890211337453
13.0891889829862	3.60112916762036	6.41794460975052
10.8949416342412	3.16472114137484	5.8808270389868
12.2072175173571	4.25421530479896	9.1432059205005
15.902952620737	4.91645685511559	6.90928511482414
17.6241702906844	7.13511863889525	9.35683222705425
15.6649118791485	7.42504005493248	6.5491721980621
17.422751201648	8.22461280231937	8.05676356145571
18.2284275577935	9.57351033798733	11.468680857557
15.7198443579767	8.90516517891203	10.5531395437552
17.3861295490959	9.5399404898146	12.4269474326696
22.1744106202792	12.4605172808423	14.6517128252079
25.0064850843061	16.055542839704	16.910048065919
28.4977492942702	16.1989776455329	16.4919508659495
23.6331731136034	14.4838635843442	16.4126039520867
24.4052796215763	15.2620737010758	18.9364461738003
23.1387808041505	13.0739299610895	17.251850156405
24.3533989471275	14.2793926909285	18.9364461738003
21.0696574349584	13.528648813611	18.6831464103151
22.8244449530785	12.5154497596704	14.9202716105898
21.9821469443809	12.0027466239414	16.0219729915312
19.330128938735	11.773861295491	15.5306324864576
22.226291294728	12.5886930647745	17.3250934615091
19.2507820248722	9.77492942702373	13.4065766384375
22.4673838406958	10.6904707408255	14.8470283054856
20.2822919050889	9.78713664454109	17.8805218585489
19.6261539635309	8.05676356145571	15.7259479667353
15.6649118791485	6.96116578927291	16.5072098878462
13.8643472953384	6.21652552071412	13.2692454413672
16.5133134966049	7.73937590600443	16.0769054703593
16.263065537499	7.6600289921416	17.5295643549249
20.2456702525368	8.16662851911192	18.0422674906538
19.662775616083	5.3833829251545	17.4593728542
24.2801556420233	7.67833981841764	20.3524834058137
23.3737697413596	7.41588464179446	18.7319752803845
18.7258716716258	5.91744869153887	17.2915236133364
21.4877546349279	9.85122453650721	19.5345998321508
20.0808728160525	9.27138170443275	19.293507286183
23.5873960479133	11.4198519874876	18.6831464103151
21.5213244831006	11.1696040283818	19.0157930876631
20.5233844510567	8.83497367818723	16.3607232776379
19.4491493095293	6.97032120241093	14.0474555580987
13.681239032578	3.70183871213855	11.7250324254215
13.6049439230945	3.42412451361868	13.67208361944
12.5429159990845	-0.772106507972839	9.06996261539635
7.49828336003662	-2.392614633402	10.2174410620279
7.24498359655146	-3.51873044937819	4.95918211642634
6.59189745937285	-3.91851682307164	3.52788586251621
3.68657969024186	-5.01716639963378	-0.711070420386053
4.24505989166094	-5.98764019226368	0.100709544518196
5.84420538643473	-4.48310063324941	-1.54726482032502
6.18295567254139	-3.95513847562371	3.25932707713436
4.26947432669566	-5.89303425650416	1.86770428015564
3.10673685816739	-4.63874265659571	1.43434805828946
8.1177996490425	-4.77912565804532	3.87884336614023
9.31105516136416	-3.37834744792859	5.7251850156405
10.9925993743801	0.308232242313268	9.09742885481041
11.4229037918669	1.15053025101091	8.86549172198062
14.1786831464103	4.86457618066682	12.3414969100481
10.6477454795148	4.72724498359655	10.9864957656214
9.97329671168078	6.79331654840925	10.9956511787594
11.1848630502785	5.72823682001984	10.6019684138247
9.47280079346914	3.51262684061952	7.95605401693751
9.4697489890898	2.72220950637064	8.48096437018387
10.6446936751354	-0.494392309452964	6.00900282291905
8.1177996490425	-1.14442664225223	4.38544289311055
5.08125429159991	-2.87479972533761	3.61638818951705
5.17891203173877	-4.10772869459068	4.40680552376593
7.91943236438544	-1.68764782177462	5.33455405508507
4.47089341573205	-1.33363851377127	7.38841840238041
8.23682001983673	1.74868390936141	9.07606622415503
6.95201037613489	1.48622873273823	8.64576180666819
6.0364690623331	1.02845807583734	3.66826886396582
6.12497138933394	2.44754711223011	9.72304875257496
4.14129854276341	1.59914549477379	8.65796902418555
8.62439917601282	3.26543068589303	8.33752956435493
7.35484855420767	0.943007553215839	9.74746318760967
7.70275425345235	1.5533684290837	7.78820477607385
6.43320363164721	1.74868390936141	5.04463263904784
2.49637598229953	-0.729381246662089	5.53597314412146
5.44136720836194	-0.289921416037232	5.47493705653468
3.33867399099718	-0.64087891966125	3.96124208438239
1.50453955901427	-1.56862745098039	1.24208438239109
3.25932707713436	-1.65712977798123	0.900282291905089
2.77409018081941	-3.13420309758144	-0.527962157625696
3.38445105668727	-2.52384222171359	-0.109864957656214
4.99885557335775	-2.98466468299382	0.491340505073625
7.08628976882582	-0.881971465629053	1.07118333714809
5.04463263904784	0.0976577401388571	3.64995803768978
5.15449759670405	2.26749065384909	4.12298771648737
4.41290913252461	2.81376363775082	1.45876249332418
-1.09254596780346	1.44960708018616	2.43533989471275
0.534065766384375	4.88288700694286	5.07209887846189
-0.00610360875867857	4.43732356755932	4.0161745632105
-0.0610360875867857	4.12909132524605	1.75173571374075
5.97848477912566	7.64171816586557	6.95811398489357
4.25116350041962	7.45250629434653	4.75471122301061
5.91134508278019	8.92347600518807	5.27046616311894
3.26848249027237	9.66201266498817	7.92553597314412
7.19005111772335	10.8644235904479	10.4829480430304
3.42107270923934	13.3180743114366	11.4229037918669
4.12603952086671	13.141069657435	10.4310673685817
6.25314717326619	15.2712291142138	11.8562600137331
6.58579385061418	13.7514305333028	10.7209887846189
4.76081483176928	12.7626459143969	6.76279850461585
6.64377813382162	14.6334019989319	9.8970016021973
3.53093766689555	11.4564736400397	6.60715648126955
5.29182879377432	10.6965743495842	5.94796673533227
-0.7690547035935	8.27038986800946	3.29289692530709
-0.631723506523232	7.4891279468986	0.457770656900893
-2.00503547722591	6.08224612802319	1.84634164950027
0.473029678797589	6.45761806668193	-1.69069962615396
-0.164797436484321	5.33760585946441	-3.51567864499886
0.650034332799268	6.82993820096132	0.619516289005875
1.90127412832837	8.04760814831769	-2.20950637064164
3.00297550926986	9.64675364309148	0.0457770656900893
1.38857099259937	9.20729381246662	-0.949111161974517
-1.07423514152743	10.2265964751659	3.53398947127489
2.24917982757305	9.59487296864271	0.683604180972
5.07820248722057	10.7728694590677	5.10566872663462
-2.22781719691768	7.47081712062257	6.01510643167773
4.64179446097505	9.92141603723201	5.49935149156939
3.32341496910048	10.2082856488899	3.35393301289387
3.1464103150988	9.79934386205844	5.80148012512398
-0.479133287556268	8.1879911497673	1.61135271229114
-1.62050812542916	6.19821469443809	1.98367284657053
1.36415655756466	6.57663843747616	0.607309071488518
-0.354009308003357	7.32738231479362	-0.0946059357595178
-0.665293354695964	6.54001678492409	3.74151216906996
-1.07118333714809	5.26131074998093	-1.48928053711757
-0.909437705043107	7.18699931334401	1.68764782177462
-0.38452735179675	6.6346227206836	0.7690547035935
-0.76600289921416	6.58579385061418	1.6937514305333
-0.503547722590982	6.50339513237201	0.717174029144732
3.03349355306325	9.40260929274434	3.22575722896162
2.4078736552987	8.60914015411612	1.93789578088045
5.68245975432975	10.3059433890288	3.14946211947814
1.30617227435721	7.7607385366598	2.54215304798962
2.81071183337148	7.34264133669032	1.60219729915312
4.36408026245518	6.31418326085298	1.32753490501259
0.0701915007248035	2.88090333409628	-0.231937132829786
1.31837949187457	1.88296330205234	-1.04676890211337
3.26848249027237	1.76394293125811	-0.582894636453803
-0.790417334248875	3.03654535744259	-0.833142595559625
2.04470893415732	5.34981307698177	0.131227588311589
3.86053253986419	7.35790035858701	3.17387655451286
1.64187075608453	7.58068207827878	0.00915541313801785
3.19829098954757	8.31311512932021	1.74563210498207
6.00289921416037	10.2845807583734	5.14229037918669
7.19615472648203	11.3557640955215	5.42305638208591
6.71091783016709	10.5195696955825	5.85946440833143
6.86655985351339	12.4055848020142	8.02624551766232
2.10269321736477	9.3141069657435	5.37727931639582
1.75478751812009	7.5043869687953	3.07927061875334
0.955214770733196	8.13611047531853	2.13931486991684
-1.12306401159686	6.8909742885481	2.75883115892271
1.50148775463493	8.49622339208057	3.59502555886168
1.77309834439612	9.47280079346914	4.78828107118334
1.93179217212177	8.0018310826276	1.97756923781186
3.80865186541543	7.91943236438544	4.52277409018082
3.96429388876173	6.27756160830091	2.31326771953918
8.86243991760128	7.51354238193332	-1.34889753566796
1.82803082322423	3.63469901579309	0.518806744487678
6.09445334554055	3.48516060120546	-2.221713588159
2.96330205233845	1.46486610208286	-2.91447318226902
4.23895628290227	0.494392309452964	-0.662241550316625
0.408941786831464	-0.76600289921416	-2.85343709468223
0.823987182421607	-1.33669031815061	-1.55031662470436
1.538109407187	-0.631723506523232	-2.85038529030289
2.905317769131	1.65712977798123	-0.430304417486839
2.10879682612345	1.89822232394903	-1.43129625391012
7.18699931334401	3.95513847562371	2.85038529030289
4.55024032959487	4.02532997634852	4.48004882887007
6.8055237659266	5.40474555580987	5.84725719081407
1.56862745098039	2.6642252231632	1.83718623636225
4.99580376897841	4.20233463035019	2.87785152971695
5.56038757915618	4.52582589456016	2.88395513847562
4.62043183031968	2.85038529030289	-1.33669031815061
9.36598764019226	4.24811169604028	-1.08339055466545
4.93171587701228	2.5482566567483	-2.52079041733425
6.96421759365225	3.26848249027237	-4.40680552376593
10.9529259174487	4.37933928435187	-1.50453955901427
12.8236820019837	3.39055466544594	-3.77813382162203
10.0679026474403	6.04562447547112	-0.671396963454643
10.281528953994	2.92668039978637	-0.479133287556268
5.15754940108339	-0.106813153276875	-2.36209658960861
7.11375600823987	1.88906691081102	0.711070420386053
3.25627527275502	0.540169375143053	0.531013962005035
4.26031891355764	0.915541313801785	0.677500572213321
3.80560006103609	-0.0122072175173571	3.72625314717327
4.67231250476844	2.79850461585412	2.36514839398795
3.14335851071946	1.22072175173571	2.55130846112764
5.80758373388266	2.7496757457847	3.39055466544594
3.09758144502937	1.55031662470436	1.03456168459602
5.38643472953384	3.50957503624018	2.93583581292439
4.30609597924773	3.94903486686503	2.40177004654002
2.68863965819791	1.41298542763409	0.186160067139696
0.512703135729	1.59609369039445	-0.430304417486839
3.37529564354925	2.63065537499046	1.70901045243
3.73235675593194	2.52079041733425	2.96330205233845
7.33958953231098	6.39658197909514	5.15449759670405
8.19714656290532	7.26939803158618	7.88586251621271
8.30701152056153	8.04760814831769	8.52063782711528
5.64583810177768	6.42710002288853	9.56435492484932
8.19409475852598	5.0415808346685	5.67330434119173
7.96826123445487	5.13008316166934	4.76081483176928
6.41794460975052	1.25123979552911	1.1108567940795
5.11787594415198	0.967421988250553	-2.05386434729534
8.9723048752575	1.9653620202945	-0.0457770656900893
6.12497138933394	0.137331197070268	-3.6591134508278
4.94392309452964	-0.201419089036393	-5.23994811932555
5.00495918211643	-0.241092545967803	-3.98565651941711
8.66407263294423	2.55130846112764	-2.8198672465095
6.59494926375219	2.93888761730373	-2.04776073853666
7.20225833524071	2.02944991226062	-1.26955062180514
8.21545738918135	1.35805294880598	2.4628061341268
7.12596322575723	-0.283817807278553	-1.51674677653162
2.74357213702602	-1.79751277943084	-0.372320134279393
5.15144579232471	-6.31723506523232	-3.32646677347982
3.62554360265507	-7.20531013962005	-1.23598077363241
0.585946440833143	-8.81055924315251	-0.9399557488365
3.87579156176089	-7.47386892500191	0.4272526131075
3.2318608377203	-6.84519722285801	1.65407797360189
5.34065766384375	-4.71503776607919	0.866712443732357
5.09040970473793	-2.19729915312428	3.01518272678721
3.48516060120546	-4.1870756084535	0.448615243762875
5.56649118791485	-2.04165712977798	4.95002670328832
3.09452964065003	-2.24917982757305	6.2928206301976
4.92256046387427	0.625619897764553	7.5898374914168
5.49629968719005	2.16678110933089	8.27954528114748
6.32028686961166	3.61028458075837	7.72106507972839
9.44228274967575	6.90012970168612	9.11879148546578
8.5999847409781	6.11276417181659	8.10864423590448
9.41176470588235	4.42511635004196	6.3935301747158
5.6092164492256	1.57473105973907	2.92362859540703
3.23491264209964	-2.34073395895323	0.570687418936446
0.189211871519036	-6.48813611047532	-2.87479972533761
-0.210574502174411	-9.09132524605173	-4.97444113832303
-1.42519264515145	-9.94277866788739	-7.00083924620432
0.442511635004196	-10.0770580605783	-5.67940794995041
2.85343709468223	-9.71389333943694	-7.9163805600061
4.785229266804	-5.99069199664302	-3.32951857785916
0.72632944228275	-5.07209887846189	-5.20027466239414
3.79949645227741	-1.32143129625391	-1.64492256046387
0.161745632104982	-3.72930495155261	-1.96841382467384
1.44655527580682	-3.98870832379644	-2.75883115892271
2.61539635309377	-5.24910353246357	-3.65606164644846
1.02845807583734	-8.72205691615167	-3.86968795300221
2.51773861295491	-9.39040207522698	-5.38643472953384
5.37422751201648	-7.77294575417716	-3.6743724727245
2.392614633402	-5.96017395284962	-0.820935378042267
5.38033112077516	-4.3274586099031	1.73952849622339
0.845349813076982	-2.79240100709545	1.27870603494316
-0.845349813076982	-0.878919661249714	4.06805523765927
-0.250247959105821	-3.59197375448234	2.2064545662623
-3.46379797055009	-5.61532005798428	-1.48622873273823
-1.92568856336309	-6.75669489585718	-1.2817578393225
-0.241092545967803	-8.34668497749294	-4.40375371938659
-3.45464255741207	-9.88784618905928	-4.40680552376593
-5.28877698939498	-10.0099183642329	-5.06294346532387
-0.158693827725643	-4.08941786831464	1.05592431525139
-0.0885023270008393	-3.7445639734493	2.42618448157473
0.137331197070268	-2.27359426260777	1.08644235904479
2.06912336919203	-3.08842603189136	-0.775158312352178
-0.0549324788281071	-3.74761577782864	-0.659189745937285
-4.66926070038911	-6.12497138933394	-1.92263675898375
-5.11482413977264	-7.49828336003662	-2.65812161440452
-3.25932707713436	-5.20637827115282	0.100709544518196
-4.45868619821469	-4.93781948577096	2.94804303044175
-1.65712977798123	-6.19211108567941	-0.381475547417411
-0.701915007248035	-4.89204242008087	1.80056458381018
1.56557564660105	-2.6642252231632	2.59708552681773
2.53910124361028	-2.78629739833677	1.47402151522087
0.125123979552911	-4.11383230334935	0.466926070038911
3.72320134279393	-1.23292896925307	2.86259250782025
-3.25627527275502	-3.930724040589	0.854505226215
2.07827878233005	-0.918593118181125	1.68154421301595
1.10170138094148	0.63782711528191	5.2826733806363
2.25223163195239	2.08743419546807	5.40779736018921
4.60822461280232	5.3833829251545	8.31006332494087
4.37933928435187	3.36614023041123	5.42305638208591
2.10269321736477	2.78934920271611	2.51468680857557
0.134279392690929	3.66521705958648	4.65094987411307
-2.93888761730373	-0.622568093385214	-1.10475318532082
-1.37026016632334	0.656137941557946	0.534065766384375
-2.23392080567636	-2.20950637064164	-2.7496757457847
-6.22873273823148	-5.51461051346609	-8.22461280231937
-9.17982757305257	-9.25612268253605	-7.7759975585565
-7.76379034103914	-10.272373540856	-10.9010452429999
-8.81666285191119	-9.44533455405509	-9.79934386205844
-9.4697489890898	-11.3588158999008	-8.5297932402533
-7.02220187685969	-10.4951552605478	-8.11169604028382
-2.00503547722591	-9.51552605477989	-5.56649118791485
-2.04165712977798	-8.32837415121691	-3.99481193255512
-4.24200808728161	-9.08827344167239	-2.92362859540703
-2.29495689326314	-8.99977111467155	-2.02944991226062
-4.73640039673457	-9.20729381246662	-4.07721065079728
-4.20233463035019	-8.05981536583505	-2.02029449912261
-3.59502555886168	-7.861448081178	-3.44853894865339
-1.41908903639277	-7.69665064469368	0.442511635004196
-3.32341496910048	-5.6092164492256	-1.35805294880598
0.225833524071107	-1.08644235904479	1.41603723201343
3.43938353551537	0.515754940108339	3.25322346837568
8.76478217746243	8.24902723735408	5.79842832074464
8.69764248111696	9.82070649271382	9.61928740367742
7.03746089875639	10.3822384985122	10.0312809948882
11.3221942473487	12.4635690852216	9.27443350881209
8.33447775997559	11.090257114519	10.415808346685
6.90318150606546	8.99671931029221	4.78828107118334
3.34172579537652	7.22667277027543	7.97131303883421
2.02944991226062	3.21965362020295	2.42618448157473
2.74357213702602	2.71305409323262	1.367208361944
-2.93583581292439	-1.57473105973907	1.75783932249943
-3.92156862745098	-4.33661402304112	-0.625619897764553
-3.90936140993362	-5.94186312657359	-2.05996795605402
-2.17288471808957	-6.08529793240253	-0.155642023346304
-4.15045395590143	-6.02426184481575	2.01724269474327
-4.88899061570153	-10.3486686503395	-1.84328984512093
-7.88586251621271	-12.4696726939803	-4.90119783321889
-8.27649347676814	-15.2956435492485	-7.49217975127794
-6.97947661554894	-13.8033112077516	-9.50331883726253
-3.81475547417411	-11.6609445334554	-6.66208896009766
-6.35996032654307	-12.1797512779431	-9.15846494239719
-6.59494926375219	-11.6975661860075	-11.1848630502785
-1.97756923781186	-8.886854352636	-5.66414892805371
-4.05279621576257	-10.0679026474403	-11.3099870298314
-5.13923857480736	-8.38025482566568	-9.89394979781796
-2.65506981002518	-6.22873273823148	-6.85740444037537
2.43533989471275	-0.479133287556268	-4.11688410772869
5.70687418936446	3.69573510337987	-0.381475547417411
13.7758449683375	8.16968032349126	1.50148775463493
13.330281528954	9.55214770733196	5.61532005798428
10.272373540856	7.43114366369116	3.80254825665675
12.3384451056687	7.39147020675975	2.76188296330205
8.39246204318303	5.01716639963378	2.4780651560235
6.43015182726787	3.69878690775921	1.83413443198291
6.78110933089189	4.3579766536965	4.90730144197757
-0.549324788281071	0.195315480277714	0.881971465629053
1.33974212252995	0.463874265659571	2.89311055161364
-5.80148012512398	-5.22468909742885	-0.527962157625696
-9.81460288395514	-10.2784771496147	-6.18295567254139
-12.9121843289845	-13.0647745479515	-9.51857785915923
-15.3566796368353	-16.9161516746777	-11.4839398794537
-13.9436942092012	-16.6842145418479	-13.1136034180209
-16.1470969710842	-17.0016021972992	-12.143129625391
-13.5927367055772	-16.8001831082628	-13.9345387960632
-6.94895857175555	-13.6598764019226	-9.7108415350576
-8.69764248111696	-15.4482337682155	-13.6751354238193
-3.46074616617075	-10.4768444342718	-8.18493934538796
-4.23895628290227	-11.3710231174182	-9.33241779201953
-1.52590218966964	-10.1258869306477	-10.5531395437552
-1.70290684367132	-10.7911802853437	-10.4188601510643
1.83108262760357	-10.2601663233387	-6.77500572213321
2.66727702754253	-8.75562676432441	-8.02624551766232
3.56145571068894	-6.79636835278859	-4.3274586099031
2.21866178377966	1.06813153276875	2.7496757457847
8.49011978332189	6.93675135423819	5.13313496604868
11.2184328984512	11.2275883115892	5.99069199664302
13.7392233157855	14.346532387274	5.69771877622644
14.1298542763409	13.8979171435111	5.3528648813611
15.5214770733196	13.1136034180209	6.43930724040589
9.63759822995346	8.40772106507973	6.28061341268025
4.33966582742046	4.28778515297169	6.39047837033646
-1.66323338673991	0.38452735179675	5.48714427405203
-7.65392538338293	-3.82696269169146	3.47295338368811
-5.73434042877852	-2.44754711223011	3.82085908293278
-11.7067215991455	-6.28061341268025	0.9399557488365
-9.13710231174182	-5.71908140688182	0.521858548867018
-10.8003356984817	-7.43724727244984	-0.46997787441825
-8.51148241397726	-11.4747844663157	-4.11993591210803
-11.0749980926223	-13.8948653391318	-5.95712214847028
-14.7432669565881	-15.8236057068742	-8.83802548256657
-13.5530632486458	-14.7280079346914	-9.12184328984512
-12.0027466239414	-11.6334782940414	-7.80651560234989
-7.46166170748455	-10.3303578240635	-6.78721293965057
-3.08537422751202	-4.94392309452964	0.830090791180285
-0.585946440833143	-3.25932707713436	1.75478751812009
3.21355001144427	0.308232242313268	1.95315480277714
5.66720073243305	4.89814602883955	7.41588464179446
4.93781948577096	6.49118791485466	7.47692072938125
7.73632410162509	11.1940184634165	9.95498588540475
13.5530632486458	14.9996185244526	11.0749980926223
12.4086366063935	18.9120317387655	15.6160830090791
12.9579613946746	22.1042191195544	18.5824368657969
16.7025253681239	25.3299763485161	21.182574196994
18.7289234760052	28.7449454489967	22.9159990844587
19.7177080949111	27.4540321965362	19.3575951781491
21.210040436408	26.993209735256	20.4715037766079
17.0168612191958	22.5528343633173	14.1451132982376
18.1368734264134	20.9872587167163	16.1989776455329
11.0627908751049	13.6446173800259	8.91737239642939
8.31921873807889	8.3588921950103	6.68650339513237
9.81460288395514	6.00289921416037	5.87167162584878
2.15762569619287	-0.561532005798428	1.79751277943084
0.656137941557946	-6.55832761120012	-1.80056458381018
-3.66521705958648	-9.36598764019226	-3.15251392385748
-8.99366750591287	-14.4472419317922	-4.50446326390478
-6.10971236743725	-15.3322652018006	-5.72823682001984
-9.08827344167239	-18.960860608835	-8.92957961394675
-7.76684214541848	-20.0839246204318	-8.81361104753185
-10.2754253452354	-20.2914473182269	-8.73426413366903
-10.8979934386206	-19.8306248569467	-5.26131074998093
-12.3598077363241	-18.4298466468299	-5.86861982146944
-13.6751354238193	-15.4390783550774	-4.35187304493782
-6.97337300679026	-10.955977721828	-1.16884107728695
-3.61638818951705	-5.2826733806363	0.72632944228275
1.15053025101091	-3.18303196765087	0.247196154726482
4.74250400549325	2.33157854581521	1.05592431525139
7.96215762569619	5.5237659266041	3.68047608148318
11.6060120546273	8.3588921950103	4.37323567559319
9.65896086060883	11.8532082093538	9.25917448691539
11.0505836575875	13.9894712748913	11.3801785305562
10.6263828488594	16.1593041886015	13.4523537041276
11.1146715495537	18.7380788891432	16.1867704280156
8.16052491035325	16.4126039520867	13.5957885099565
11.8684672312505	17.288471808957	14.4808117799649
6.82383459220264	10.3242542153048	6.35996032654307
6.2928206301976	9.61623559929808	5.14839398794537
3.57061112382696	2.59098191805905	2.21866178377966
1.08644235904479	-1.85244525825895	-1.96231021591516
-1.40993362325475	-1.81887541008621	-0.772106507972839
-4.58075837338827	-5.30403601129168	-3.72625314717327
-4.59601739528496	-6.12497138933394	-4.85236896314946
-6.14633401998932	-7.34569314106966	-6.38132295719844
-3.0609597924773	-4.3274586099031	-6.55527580682078
-7.861448081178	-6.94590676737621	-10.614175631342
0.201419089036393	-6.62851911192493	-9.89394979781796
0.445563439383536	-7.15953307392996	-11.801327534905
-1.4373998626688	-8.89600976577401	-10.2693217364767
-2.20340276188296	-8.4596017395285	-12.646677347982
0.350957503624018	-7.05882352941176	-4.19928282597086
-3.19218738078889	-8.7861448081178	-8.032349126421
-6.25314717326619	-7.42809185931182	-4.47699702449073
-2.68558785381857	-4.56244754711223	-2.79850461585412
-2.392614633402	-3.3173113603418	-4.19928282597086
-3.07011520561532	-1.48622873273823	-2.61539635309377
0.906385900663767	1.80361638818952	-1.90432593270771
-1.55031662470436	2.90836957351034	0.686655985351339
-2.83817807278553	2.19424734874495	-4.27557793545434
-4.29083695735103	0.656137941557946	-1.57473105973907
-8.38635843442435	-1.69069962615396	-2.87479972533761
-8.032349126421	-2.23392080567636	-3.75066758220798
-8.83802548256657	-1.55947203784237	-2.47196154726482
-11.5053025101091	-4.66315709163043	-4.67536430914778
-11.3313496604868	-3.47295338368811	-3.7445639734493
-11.5144579232471	-5.50545510032807	-5.2826733806363
-7.33958953231098	-4.46478980697337	-5.45052262149996
-14.1451132982376	-7.44335088120851	-5.26131074998093
-7.39757381551843	-5.97543297474632	-1.00404364080262
-9.77187762264439	-8.11474784466316	-2.60929274433509
-12.1766994735637	-8.38635843442435	-1.08339055466545
-5.47493705653468	-4.86152437628748	1.70290684367132
-10.3822384985122	-6.70786602578775	-1.13527122911421
-4.23285267414359	-2.68558785381857	-1.73037308308537
-3.10978866254673	-2.04776073853666	-1.66628519111925
0.247196154726482	-0.201419089036393	-0.610360875867857
