-1.75631342030976	3.13878080415045	-1.48470283054856
-1.59304188601511	2.22323949034867	-0.958266575112535
-2.13778896772717	1.6388189517052	-2.11795223926146
-2.80613412680247	-1.64492256046387	-2.88853284504463
-1.38094148165103	-0.984206912336919	-3.33714808880751
1.1108567940795	0.372320134279393	-0.602731364919509
1.37483787289235	0.755321583886473	-0.352483405813687
2.31784542610819	2.85038529030289	0.0137331197070268
2.34531166552224	2.98924238956283	1.88754100862135
2.17288471808957	3.01670862897688	1.9806210421912
2.64591439688716	2.24460212100404	1.06660563057908
2.58793011367971	1.93331807431144	0.592050049591821
2.6337071793698	1.43892576485847	1.6388189517052
3.16319523918517	1.42824444953079	2.52536812390326
2.392614633402	3.39665827420462	2.68558785381857
2.47348744945449	4.31525139238575	3.65148393987945
4.49530785076677	6.74296177615015	3.91088731212329
4.46936751354238	7.81872281986725	3.71709773403525
4.72877088578622	7.14579995422293	5.3330281528954
4.94544899671931	7.67376211184863	3.02738994430457
3.84985122453651	5.87624933241779	2.90379186694133
3.23796444647898	3.72777904936294	-0.0747692072938125
2.392614633402	5.18196383611811	-1.17494468604562
3.99176012817578	3.74914168001831	-1.1261158159762
4.07415884641794	4.01922636758984	-1.35805294880598
4.55939574273289	3.83611810482948	1.03913939116503
4.61738002594034	3.15709163042649	0.762951094834821
4.37323567559319	2.38040741588464	0.152590218966964
3.41039139391165	1.5228503852903	0.00762951094834821
3.56908522163729	3.07927061875334	0.431830319676509
3.35698481727321	3.52483405813687	0.695811398489357
3.4683756771191	4.59296559090562	1.58083466849775
3.99786373693446	5.12245365072099	0.791943236438544
3.98870832379644	3.82238498512245	2.39719233997101
5.05836575875486	5.25062943465324	3.10215915159838
4.29388876173037	3.61028458075837	2.45517662317845
4.21301594567788	4.28473334859236	3.57824063477531
2.45365072098878	3.63469901579309	3.17692835889219
1.56252384222171	2.30106050202182	2.77561608300908
0.260929274433509	2.56504158083467	1.6433966582742
0.25787747005417	2.04318303196765	3.07927061875334
0.872816052491035	1.39620050354772	3.44243533989471
-1.26039520866712	1.26039520866712	2.90989547570001
0.321965362020295	1.22835126268406	4.57618066681926
-0.289921416037232	2.73594262607767	4.7348744945449
0.0991836423285267	1.80819409475853	2.94956893263142
0.265506981002518	1.92263675898375	3.62096589608606
-0.836194399938964	0.831616693369955	1.66018158236057
0.245670252536812	-0.0228885328450446	2.00503547722591
0.485236896314946	1.21309224078737	2.11337453269245
-0.843823910887312	0.819409475852598	2.64744029907683
-0.204470893415732	1.14900434882124	2.01113908598459
0.695811398489357	2.14694438086519	2.65354390783551
1.03761348897536	1.77615014877546	2.48111696040284
1.48165102616922	0.798046845197223	1.98672465094987
0.869764248111696	-1.04371709773404	1.09712367437247
1.538109407187	-1.25581750209812	2.18051422903792
1.13832303349355	-0.0274662394140536	1.76241702906844
0.666819256885634	-1.61287861448081	2.26596475165942
1.17494468604562	0.947585259784848	3.34172579537652
2.4628061341268	1.98367284657053	4.51972228580148
2.5833524071107	3.90020599679561	4.80964370183871
2.85801480125124	5.72671091783017	7.64629587243458
2.45212481879912	4.13366903181506	7.65697718776226
1.54116121156634	4.38239108873121	7.63256275272755
1.84786755168994	2.20340276188296	7.44029907682918
0.759899290455482	2.14541847867552	6.13107499809262
0.619516289005875	1.95773250934615	4.99885557335775
0.561532005798428	2.81681544213016	5.13618677042802
2.44144350347143	4.29999237048905	5.639734493019
2.04165712977798	4.94850080109865	5.27504386968795
3.52635996032654	5.56649118791485	5.82436865796902
3.75829709315633	6.12497138933394	5.49629968719005
3.83459220263981	5.22621499961852	5.01716639963378
3.9810788128481	7.16563668268864	6.55832761120012
4.67383840695811	5.64278629739834	5.83504997329671
4.01770046540017	5.62905317769131	5.67330434119173
3.58281834134432	4.30609597924773	5.34523537041276
1.80209048599985	-0.63935301747158	2.63675898374914
0.389105058365759	-2.51010910200656	1.80666819256886
-0.122072175173571	-4.02227817196918	1.17494468604562
-0.495918211642634	-7.80804150453956	0.109864957656214
-1.68612191958495	-8.44892042420081	-0.994888227664607
-0.825513084611276	-9.70626382848859	0.161745632104982
-1.20851453421836	-7.98352025635157	0.0991836423285267
-0.549324788281071	-8.12085145342184	0.422674906538491
-1.96993972686351	-6.73990997177081	0.955214770733196
-2.07522697795071	-4.15808346684978	1.76089112687877
-0.590524147402152	-0.659189745937285	5.50545510032807
-1.25886930647745	0.125123979552911	5.55580987258717
-2.93278400854505	-0.477607385366598	6.55374990463111
-4.02838178072786	0.021362630655375	7.27244983596551
-5.04005493247883	0.534065766384375	6.72922865644312
-5.14534218356603	-0.941481651026169	5.06904707408255
-7.56694895857176	-1.19478141451133	2.23392080567636
-6.94895857175555	-2.03097581445029	0.123598077363241
-5.13466086823835	-1.94399938963912	-2.69474326695659
-3.28374151216907	-0.984206912336919	-3.19829098954757
-4.08331425955596	-2.81681544213016	-4.28320744640269
-1.65255207141222	-0.793469138628214	-3.97802700846876
0.410467689021134	0.421149004348821	-2.32852674143587
0.401312275883116	0.697337300679026	-2.10421911955444
-0.579842832074464	2.24765392538338	0.379949645227741
-0.059510185397116	1.10475318532082	0.134279392690929
-0.0274662394140536	1.57473105973907	0.860608834973678
0.134279392690929	1.49080643930724	1.37178606851301
1.1810482948043	1.29396505683986	1.64797436484321
-0.4272526131075	-0.952162966353857	0.971999694819562
-0.12817578393225	-3.10368505378805	0.98268101014725
-0.173952849622339	-3.64690623331044	1.67544060425727
-0.103761348897536	-3.95819028000305	3.45922026398108
-0.761425192645151	-3.41496910048066	4.55786984054322
0.0289921416037232	-2.17746242465858	4.82185091935607
0.529488059815366	-2.24002441443503	6.87266346227207
-0.0183108262760357	-0.407415884641794	7.57763027389944
-0.791943236438544	-3.17998016327153	6.49271381704433
-2.50095368886854	-3.99786373693446	5.81673914702068
-0.859082932784008	-2.54520485236896	5.61226825360494
-1.09864957656214	-2.58030060273137	5.29030289158465
0.222781719691768	-0.192263675898375	6.5445944914931
0.0762951094834821	0.0152590218966964	7.97436484321355
0.120546272983902	0.733958953231098	9.37209124895094
-0.4272526131075	1.92263675898375	8.28717479209583
-2.05386434729534	0.282291905088884	7.66613260090028
-3.87426565957122	0.328068970778973	5.99069199664302
-5.45204852368963	0.146486610208286	4.43884946974899
-6.46066987106127	-1.0757610437171	2.92362859540703
-6.9062333104448	-1.01777676050965	1.35042343785763
-7.0618753337911	-2.12252994583047	0.584420538643473
-5.72365911345083	-1.84786755168994	-0.805676356145571
-6.31570916304265	-4.42664225223163	-1.50453955901427
-6.43167772945754	-7.08018616006714	-3.27611200122072
-5.67330434119173	-7.98046845197223	-4.9759670405127
-7.57152666514076	-10.096894789044	-5.49782558937972
-7.00389105058366	-9.27901121538109	-5.95407034409094
-7.49217975127794	-10.3471427481498	-5.84878309300374
-7.28618295567254	-9.05622949568933	-5.58632791638056
-6.88792248416877	-8.07965209430076	-4.69214923323415
-6.38284885938811	-8.83039597161822	-4.46631570916304
-5.59243152513924	-9.36751354238193	-5.37575341420615
-5.56954299229419	-9.26070038910506	-5.21705958648051
-4.31372549019608	-8.04303044174868	-4.51819638361181
-3.74608987563897	-6.0364690623331	-3.03044174868391
-3.23643854428931	-6.63767452506294	-1.35042343785763
-2.52384222171359	-2.1866178377966	-0.108339055466545
-1.78225375753414	-1.13374532692454	1.75783932249943
-1.22529945830472	-1.49233234149691	1.94094758525978
-0.694285496299687	-0.386053253986419	2.98466468299382
0.0823987182421607	-0.872816052491035	3.97650110627909
1.93331807431144	1.01472495613031	4.36560616464485
4.65857938506142	2.42923628595407	5.29335469596399
6.60257877470054	3.50804913405051	4.76691844052796
7.67223620965896	4.10009918364233	3.62096589608606
6.50492103456168	1.52437628747997	2.53910124361028
6.30960555428397	1.93484397650111	2.48111696040284
4.7348744945449	-0.89570458533608	1.48165102616922
3.61181048294804	-1.28633554589151	0.941481651026169
3.39513237201495	-0.459296559090562	0.566109712367437
4.85694666971847	-0.0656137941557946	0.866712443732357
4.61585412375067	0.315861753261616	0.196841382467384
3.37987335011826	-0.466926070038911	-0.317387655451286
3.16777294575418	-0.0717174029144732	-0.657663843747616
3.46532387273976	1.94094758525978	1.08644235904479
3.06401159685664	1.36415655756466	0.85297932402533
3.51567864499886	4.09094377050431	2.89616235599298
3.13878080415045	5.16975661860075	3.80712596322576
2.90226596475166	5.00495918211643	4.57770656900893
1.88296330205234	4.54718852521553	4.19775692378119
0.534065766384375	2.55436026550698	2.67032883192187
-0.579842832074464	2.48416876478218	3.95361257343404
-1.80819409475853	1.07118333714809	3.19829098954757
-2.67185473411154	0.805676356145571	3.97955291065843
-3.9505607690547	1.52742809185931	4.23285267414359
-4.04211490043488	0.825513084611276	5.45662623025864
-4.43274586099031	1.94094758525978	4.92408636606394
-5.33150225070573	0.920119020370794	5.38185702296483
-3.55840390630961	2.90379186694133	5.62294956893263
-2.80155642023346	3.82085908293278	4.97901884489204
-3.50194552529183	3.93377584496834	6.93675135423819
-5.06294346532387	3.03807125963226	4.17334248874647
-5.13313496604868	0.978103303578241	4.04974441138323
-5.14381628137636	1.26802471961547	4.55024032959487
-6.77500572213321	0.300602731364919	3.18455786984054
-3.94903486686503	-0.0885023270008393	3.4027618829633
-4.74860761425193	0.840772106507973	1.71053635461967
-3.41954680704967	-0.311284046692607	1.26955062180514
-1.87838559548333	0.234988937209125	2.71152819104295
-1.24208438239109	1.08186465247578	1.84328984512093
-0.679026474402991	-0.473029678797589	2.13778896772717
1.80666819256886	2.93125810635538	3.12199588006409
2.87785152971695	2.83665217059586	3.70183871213855
2.64591439688716	2.14236667429618	3.86358434424353
3.1265735866331	2.0660715648127	3.68657969024186
2.78629739833677	0.506599526970321	4.65247577630274
2.46738384069581	1.27260242618448	4.98970016021973
1.37636377508202	0.582894636453803	4.71351186388952
0.5981536583505	0.495918211642634	4.52735179674983
0.376897840848402	2.05539024948501	4.00549324788281
-0.477607385366598	0.434882124055848	3.77813382162203
-0.55542839703975	0.990310521095598	3.85748073548486
-1.27718013275349	1.44045166704814	3.34172579537652
-0.363164721141375	2.1011673151751	3.76897840848402
-1.14442664225223	2.0157167925536	2.78171969176776
-1.08949416342412	1.53353170061799	3.66979476615549
-0.123598077363241	4.24048218509194	3.70031280994888
-0.473029678797589	3.02891584649424	3.79186694132906
-0.0366216525520714	2.69626916914626	3.37224383916991
0.779736018921187	2.43991760128176	2.99687190051118
0.314335851071946	2.19424734874495	3.38750286106661
-0.0991836423285267	4.74402990768292	5.04463263904784
-0.115968566414893	2.67643244068055	5.23994811932555
-0.271610589761196	3.21812771801328	3.45464255741207
-0.72327763790341	2.8351262684062	3.56298161287861
-0.839246204318303	1.49385824368658	3.84374761577783
-1.10322728313115	1.95773250934615	2.7191577019913
-1.33516441596094	2.04165712977798	3.43480582894636
-2.2720683604181	1.98977645532921	5.40169375143053
-3.01976043335622	1.45113298237583	5.52834363317311
-2.65354390783551	-0.0152590218966964	4.09857328145266
-2.3773556115053	-1.6083009079118	2.67948424505989
-2.41702906843671	-3.45616845960174	1.43892576485847
-2.14847028305486	-2.41702906843671	1.07881284809644
-1.68001831082628	-0.566109712367437	1.87075608453498
-0.325017166399634	-0.7690547035935	3.04264896620127
-0.567635614557107	-0.199893186846723	2.94651712825208
0.0259403372243839	-0.76752880140383	3.13115129320211
1.24055848020142	0.196841382467384	3.54314488441291
1.4023041123064	2.31479362172885	3.94140535591669
2.0355535210193	2.34073395895323	3.26543068589303
1.39162279697871	3.80865186541543	2.27054245822843
0.906385900663767	3.46074616617075	3.43175402456703
0.984206912336919	4.10467689021134	3.24406805523766
0.547798886091402	3.56603341725795	3.46532387273976
0.46845197222858	2.74662394140536	4.17792019531548
0.831616693369955	3.31578545815213	4.15808346684978
1.62813763637751	3.4378576333257	4.22674906538491
1.91042954146639	4.04058899824521	3.21507591363394
1.44808117799649	3.27153429465171	1.38857099259937
1.8646524757763	2.06912336919203	1.93942168307012
1.21309224078737	3.25017166399634	2.66727702754253
1.25276569771878	1.08644235904479	2.60929274433509
1.57778286411841	1.40077821011673	1.05134660868238
1.5884641794461	0.653086137178607	1.22377355611505
0.628671702143893	-1.51522087434195	0.927748531319142
1.23903257801175	-0.869764248111696	1.00709544518196
0.424200808728161	-1.17647058823529	0.775158312352178
1.42366674296178	-0.300602731364919	1.538109407187
1.75173571374075	0.973525597009232	1.2817578393225
3.09300373846036	0.730907148851759	1.61593041886015
4.68604562447547	4.49988555733577	2.09964141298543
3.61943999389639	4.0863660639353	3.24101625085832
3.74151216906996	3.72777904936294	2.4933241779202
2.19729915312428	5.52986953536278	3.66521705958648
2.42008087281605	5.70534828717479	4.89204242008087
3.71404592965591	7.35637445639734	5.3681239032578
2.68558785381857	6.7002365148394	6.6300450141146
2.54215304798962	6.18295567254139	6.99473563744564
1.3321126115816	3.98870832379644	5.94491493095293
1.46486610208286	1.63118944075685	4.65400167849241
1.2161440451667	1.69832913710231	4.17792019531548
-0.271610589761196	-0.775158312352178	3.03196765087358
0.326543068589303	-0.209048599984741	2.83207446402686
0.500495918211643	0.793469138628214	2.90684367132067
-0.154116121156634	-1.10627908751049	2.00198367284657
-0.804150453955901	-0.0579842832074464	2.82139314869917
-1.81124589913787	-2.5131609063859	1.9501029983978
-0.523384451056687	-2.10574502174411	1.31227588311589
-0.987258716716259	-1.66170748455024	0.00610360875867857
-1.53047989623865	-0.440985732814527	1.879911497673
-1.77767605096513	2.39566643778134	0.390630960555428
-0.988784618905928	2.78019378957809	1.85244525825895
-1.25734340428779	1.9150072480354	2.13015945677882
-2.02029449912261	1.06355382619974	1.25734340428779
-1.93942168307012	-0.395208667124437	2.55130846112764
-0.323491264209964	0.677500572213321	2.16525520714122
-1.27565423056382	0.694285496299687	1.68307011520562
0.709544518196384	2.81223773556115	3.46379797055009
0.456244754711223	4.61127641718166	3.75677119096666
2.0355535210193	3.79186694132906	3.68047608148318
2.6138704509041	4.34424353398947	3.80254825665675
4.00549324788281	4.69367513542382	4.79896238651102
4.57465476462959	4.56244754711223	4.33813992523079
3.75524528877699	3.82696269169146	3.10673685816739
2.73289082169833	2.08285648889906	2.73746852826734
1.30464637216754	1.45418478675517	1.61593041886015
-1.28023193713283	-2.08743419546807	0.0198367284657053
-1.95620660715648	0.190737773708705	1.17494468604562
-2.08438239108873	0.361638818951705	0.761425192645151
-1.60982681010147	0.523384451056687	1.04982070649271
-2.99992370489052	0.665293354695964	0.581368734264134
-4.23437857633326	-0.933852140077821	-0.746166170748455
-2.8046082246128	-0.508125429159991	0.421149004348821
-3.90173189898527	-0.556954299229419	0.579842832074464
-3.48363469901579	-1.39925230792706	1.69222552834363
-3.14030670634012	0.375371938658732	1.44045166704814
-2.42465857938506	-0.64087891966125	0.968947890440223
-1.47859922178988	0.0686655985351339	0.408941786831464
-1.12916762035554	-0.334172579537652	-0.372320134279393
-1.08949416342412	-1.42214084077211	0.202944991226062
0.695811398489357	-0.251773861295491	0.363164721141375
1.53963530937667	-0.590524147402152	2.00808728160525
0.328068970778973	-0.662241550316625	1.57015335317006
1.34431982909895	0.881971465629053	2.42313267719539
1.95162890058747	2.4277103837644	3.65606164644846
3.23796444647898	4.65400167849241	4.88441290913253
3.02891584649424	4.97291523613336	5.25825894560159
1.10780498970016	2.84428168154421	3.22117952239261
1.8951705195697	2.79392690928511	3.70183871213855
1.54573891813535	0.189211871519036	2.91752498664836
-0.0488288700694285	-0.578316929884794	1.16884107728695
-0.25787747005417	-1.44197756923781	1.00099183642329
1.20851453421836	-0.4272526131075	1.36415655756466
0.286869611657893	0.55542839703975	0.489814602883955
0.170901045243	0.881971465629053	1.01777676050965
0.428778515297169	0.750743877317464	-0.0549324788281071
-0.283817807278553	-1.17952239261463	-0.854505226215
-0.186160067139696	-1.45571068894484	0.0320439459830625
-0.106813153276875	-1.87075608453498	-0.698863202868696
-0.311284046692607	-2.1362630655375	1.69985503929198
0.0961318379491875	0.151064316777295	1.97451743343252
-0.408941786831464	-0.814831769283589	1.42671854734112
-0.311284046692607	1.05592431525139	1.08033875028611
-0.727855344472419	0.529488059815366	0.305180437933928
-1.57015335317006	-0.483710994125277	-0.781261921110857
-3.93530174715801	-1.88906691081102	-1.10475318532082
0.225833524071107	-1.2161440451667	0.787365529869535
-0.0823987182421607	-1.34889753566796	0.402838178072786
-0.857557030594339	-0.89723048752575	0.947585259784848
-0.927748531319142	-1.66628519111925	0.781261921110857
-1.15358205539025	-0.485236896314946	2.01876859693294
-1.58999008163577	-2.11947814145113	1.18715190356298
-2.06301976043336	-2.63828488593881	0.675974670023652
-0.190737773708705	-2.03097581445029	0.387579156176089
2.10727092393378	-2.40024414435035	0.170901045243
0.967421988250553	-2.39871824216068	-0.793469138628214
0.144960708018616	-2.24460212100404	0.268558785381857
-0.526436255436027	-2.3270008392462	1.45876249332418
-1.00709544518196	-1.22072175173571	1.65102616922255
-1.66475928892958	-3.10521095597772	2.01876859693294
-1.39772640573739	-1.70138094148165	2.07980468451972
-1.13527122911421	-2.28580148012512	1.879911497673
-0.500495918211643	-0.744640268558785	2.80766002899214
0.361638818951705	0.355535210193027	2.03860532539864
0.134279392690929	0.288395513847562	0.645456626230259
0.080872816052491	1.29854276340887	1.39162279697871
-1.16273746852827	-0.582894636453803	0.727855344472419
-1.44960708018616	-1.99282825970855	0.331120775158312
-2.22323949034867	-2.36820019836728	0.198367284657053
-0.68055237659266	-2.93278400854505	0.787365529869535
-1.07118333714809	-1.69222552834363	0.856031128404669
0.796520943007553	0.0579842832074464	0.379949645227741
1.42671854734112	0.953688868543526	1.58999008163577
1.4526588845655	2.3422598611429	2.30411230640116
1.26344701304646	1.23292896925307	2.40329594872969
0.700389105058366	1.14747844663157	2.1713588158999
0.00762951094834821	-0.335698481727321	0.901808194094759
0.190737773708705	-0.773632410162509	-0.398260471503777
0.0854505226215	-1.49080643930724	-2.4979018844892
0.424200808728161	-1.81887541008621	-0.531013962005035
0.161745632104982	-0.677500572213321	-1.42366674296178
1.33516441596094	-0.332646677347982	-0.831616693369955
2.24002441443503	1.62508583199817	0.827038986800946
0.772106507972839	0.627145799954223	1.0605020218204
-0.889600976577401	-0.677500572213321	1.46944380865187
-0.479133287556268	1.16731517509728	0.845349813076982
0.282291905088884	0.732433051041428	2.05691615167468
-0.42572671091783	0.369268329900053	0.660715648126955
-1.0406652933547	0.453192950331884	0.291447318226902
-0.0961318379491875	0.447089341573205	1.03761348897536
-1.02693217364767	0.0732433051041428	0.302128633554589
-2.02487220569162	-1.64492256046387	1.12764171816587
-2.09964141298543	-1.09102006561379	1.24818799114977
-1.74563210498207	0.337224383916991	1.04371709773404
-0.175478751812009	1.58999008163577	1.97604333562219
1.47554741741054	5.48256656748302	2.87785152971695
1.40383001449607	4.56244754711223	2.40177004654002
2.36057068741894	7.30754558632792	4.02075226977951
3.67132066834516	8.63355458915083	4.46784161135271
3.63317311360342	6.66056305790799	4.96681162737469
1.89211871519036	6.1875333791104	3.95208667124437
2.14541847867552	4.61890592813001	4.03143358510719
0.59510185397116	5.04310673685817	3.65300984206912
1.68764782177462	5.53749904631113	3.09910734721904
1.99435416189822	3.72777904936294	0.758373388265812
1.35805294880598	5.38185702296483	0.799572747386893
1.39467460135805	4.00549324788281	0.0228885328450446
0.209048599984741	2.42923628595407	-0.588998245212482
-0.576791027695125	2.23849851224537	-0.901808194094759
-1.88143739986267	0.787365529869535	-0.369268329900053
-1.55489433127337	1.86160067139696	0.187685969329366
0.16937514305333	2.6993209735256	1.02845807583734
0.827038986800946	4.39154650186923	0.608834973678187
0.410467689021134	5.4032196536202	1.58083466849775
0.633249408712901	3.82696269169146	1.17647058823529
0.260929274433509	4.96223392080568	1.31380178530556
-0.526436255436027	3.01213092240787	1.9653620202945
-1.39925230792706	1.85397116044862	1.75326161593042
-0.476081483176928	3.10368505378805	2.29037918669413
0.361638818951705	2.92668039978637	3.10063324940871
1.33516441596094	4.75928892957961	3.28526741435874
1.29854276340887	5.08278019378958	4.00549324788281
2.63828488593881	6.39810788128481	4.76691844052796
1.55184252689403	6.32944228274968	4.9759670405127
1.35805294880598	5.0110627908751	5.40932326237888
0.547798886091402	5.29335469596399	5.10109102006561
1.00862134737163	4.21149004348821	4.79591058213169
0.711070420386053	3.9154650186923	3.43175402456703
0.189211871519036	2.92057679102769	1.95468070496681
-0.921644922560464	1.56710154879072	1.28786144808118
-1.4373998626688	2.10421911955444	0.431830319676509
-2.09506370641642	0.0946059357595178	0.302128633554589
-1.93789578088045	-0.0381475547417411	0.573739223315785
-2.72220950637064	0.120546272983902	-0.454718852521553
-1.87838559548333	-0.390630960555428	0.846875715266651
-3.06706340123598	-0.645456626230259	0.413519493400473
-2.27054245822843	-1.5533684290837	0.686655985351339
-1.15205615320058	-0.283817807278553	0.268558785381857
-1.51827267872129	-0.00762951094834821	0.692759594110018
-1.35042343785763	0.648508430609598	0.843823910887312
-1.6739147020676	0.854505226215	-1.00251773861295
-2.62302586404211	0.152590218966964	-0.764476997024491
-3.99633783474479	-0.500495918211643	-1.12458991378653
-3.65453574425879	-0.00305180437933928	-0.439459830624857
-3.51720454718853	-0.648508430609598	1.5228503852903
-2.29343099107347	1.5533684290837	2.51468680857557
-0.698863202868696	2.69321736476692	4.66926070038911
-0.38452735179675	3.92767223620966	4.33356221866178
-0.38452735179675	4.85694666971847	4.06347753109026
-1.00251773861295	4.25268940260929	4.92866407263294
-1.44655527580682	4.24048218509194	4.11688410772869
-0.631723506523232	4.87678339818418	5.94949263752194
-0.451667048142214	4.48767833981842	5.65194171053635
0.117494468604562	3.67742427710384	5.37575341420615
0.89570458533608	3.19066147859922	5.54055085069047
0.903334096284428	4.22369726100557	3.16014343480583
3.27763790341039	4.14892805371176	3.07316700999466
3.84679942015717	3.83459220263981	1.69985503929198
3.42717631799802	4.01770046540017	2.13931486991684
3.25322346837568	2.43839169909209	2.45212481879912
3.71862363622492	2.44754711223011	1.9851987487602
2.79545281147478	1.99893186846723	1.87228198672465
1.90127412832837	1.84328984512093	1.00099183642329
1.40688181887541	2.04776073853666	-0.329594872968643
0.531013962005035	-0.0503547722590982	-0.259403372243839
-0.535591668574044	-0.935378042267491	-2.28732738231479
-2.41550316624704	-3.76592660410468	-2.42618448157473
-1.62966353856718	-3.33409628442817	-1.72121766994736
-1.87533379110399	-3.15098802166781	-2.24307621881437
-1.47096971084154	-2.45670252536812	-0.730907148851759
-0.737010757610437	-0.253299763485161	-1.36873426413367
-0.474555580987259	-0.309758144502937	-0.549324788281071
-0.773632410162509	-0.205996795605402	0.166323338673991
0.570687418936446	1.40383001449607	2.14389257648585
1.28480964370184	0.480659189745937	2.33920805676356
1.73189898527504	2.42618448157473	2.8351262684062
1.73647669184405	2.72678721293965	3.79644464789807
2.31631952391852	5.297932402533	4.0512703135729
3.4683756771191	5.45052262149996	3.97802700846876
2.54520485236896	4.35492484931716	6.23941405355917
2.04013122758831	4.89356832227054	6.63614862287327
1.9150072480354	3.14946211947814	6.20126649881743
1.14442664225223	1.88754100862135	4.77607385366598
0.137331197070268	0.473029678797589	3.62859540703441
1.33058670939193	-0.219729915312428	4.59601739528496
1.23292896925307	-0.89417868314641	2.68101014724956
-0.267032883192187	-3.30968184939345	1.12153810940719
-0.903334096284428	-4.53345540550851	0.410467689021134
-1.27870603494316	-4.44495307850767	-0.793469138628214
-3.82543678950179	-5.50698100251774	-2.221713588159
-3.18455786984054	-4.28473334859236	-2.16678110933089
-2.18814373998627	-4.95155260547799	-2.11490043488212
-1.97909514000153	-3.50652323186084	-1.00862134737163
-2.43381399252308	-3.44090943770504	-1.78988326848249
-1.46181429770352	-4.31372549019608	-2.1560997940032
-1.15663385976959	-2.46433203631647	-1.89669642175937
-0.711070420386053	-2.56961928740368	-2.14541847867552
-0.634775310902571	-2.49942778667887	-3.12809948882277
-1.10933089188983	0.21362630655375	-3.20592050049592
-1.41145952544442	-0.471503776607919	-2.81223773556115
-1.20546272983902	1.59304188601511	-0.63782711528191
-0.958266575112535	0.498970016021973	1.02082856488899
-0.524910353246357	1.17189288166629	2.09048599984741
0.274662394140536	1.64797436484321	2.89463645380331
1.25734340428779	2.74357213702602	4.85999847409781
1.06660563057908	2.92668039978637	2.82139314869917
0.943007553215839	1.48012512397955	3.07469291218433
0.89417868314641	2.15762569619287	4.31982909895476
1.27107652399481	3.0258640421149	4.81727321278706
3.12199588006409	2.92820630197604	4.62348363469902
2.33005264362554	2.79087510490578	3.44090943770504
2.57419699397269	3.76440070191501	4.31982909895476
2.02792401007095	4.63569085221637	2.70695048447395
1.67849240863661	3.98718242160678	1.01319905394064
1.10017547875181	0.793469138628214	-0.202944991226062
0.270084687571527	0.930800335698482	-1.07881284809644
-1.1612115663386	-2.67490653849088	-3.9154650186923
-0.531013962005035	-2.35446707866026	-2.57114518959335
-0.805676356145571	-2.4780651560235	-2.74814984359503
-1.61745632104982	-2.99992370489052	-3.34630350194553
-1.2115663385977	-0.927748531319142	-2.19577325093462
-1.66323338673991	-1.75173571374075	-1.85549706263828
-2.44144350347143	-2.11642633707179	-2.0660715648127
-2.75730525673304	-3.87731746395056	-3.78271152819104
-2.66117341878386	-3.8101777676051	-2.99687190051118
-3.52941176470588	-3.97192339971008	-2.92668039978637
-2.33463035019455	-5.08583199816892	-2.02487220569162
-2.14847028305486	-3.58434424353399	-0.621042191195544
-2.22323949034867	-2.13778896772717	0.396734569314107
-1.47554741741054	-2.64286259250782	0.445563439383536
-1.81124589913787	-0.889600976577401	0.68055237659266
-0.370794232089723	-0.396734569314107	0.866712443732357
0.440985732814527	1.20241092545968	0.997940032043946
0.312809948882277	1.17036697947662	1.39314869916838
0.328068970778973	0.550850690470741	1.28023193713283
0.843823910887312	3.31120775158312	1.8951705195697
0.55542839703975	1.8951705195697	2.16983291371023
1.16884107728695	1.93331807431144	1.71969176775769
2.80918593118181	2.94499122606241	2.60318913557641
3.15861753261616	2.68253604943923	2.70695048447395
3.21507591363394	3.13725490196078	2.40482185091936
4.02227817196918	2.35446707866026	0.788891432059205
5.12397955291066	4.21911955443656	1.09102006561379
4.01922636758984	2.34073395895323	0.177004654001679
2.19882505531395	-2.18356603341726	-0.975051499198901
0.952162966353857	-1.47707331960021	-1.56252384222171
-0.379949645227741	-3.12046997787442	-0.622568093385214
-2.41092545967803	-3.38139925230793	-1.01930266269932
-3.78423743038071	-4.272526131075	-1.11696040283818
-4.22064545662623	-4.95155260547799	-2.38193331807431
-3.62249179827573	-3.83154039826047	-1.86770428015564
-4.12756542305638	-6.61173418783856	-2.80155642023346
-5.54360265506981	-6.67582207980468	-3.28068970778973
-4.95918211642634	-6.11886778057526	-3.52635996032654
-5.57717250324254	-6.3782711528191	-2.87785152971695
-6.8207827878233	-4.44647898069734	-2.46890974288548
-5.72365911345083	-4.05737392233158	-1.65102616922255
-6.5491721980621	-4.40222781719692	-2.6337071793698
-6.54306858930343	-2.64591439688716	-1.51674677653162
-5.71755550469215	-2.11642633707179	-1.03150988021668
-5.28419928282597	-1.2466620889601	-2.40482185091936
-4.94544899671931	-2.08133058670939	-2.09811551079576
-2.86869611657893	1.06355382619974	0.326543068589303
-2.4780651560235	1.81887541008621	1.1612115663386
-2.70542458228428	0.526436255436027	1.19478141451133
-1.93484397650111	2.32547493705653	2.15915159838254
-0.590524147402152	1.86312657358663	2.61997405966278
-0.518806744487678	3.17845426108186	3.50957503624018
-0.0686655985351339	4.43732356755932	4.46021210040436
-0.782787823300526	1.45418478675517	4.68909742885481
-1.76852063782712	0.964370183871214	4.67689021133745
-3.63317311360342	-1.98367284657053	4.16876478217746
-5.7755397878996	-4.01159685664149	1.97604333562219
-6.26688029297322	-5.34218356603342	0.344853894865339
-6.16159304188602	-5.63515678644999	0.770580605783169
-6.77958342870222	-5.24452582589456	0.479133287556268
-6.7856870374609	-5.55123216601816	1.01930266269932
-6.7002365148394	-6.31876096742199	-0.227359426260777
-7.95452811474784	-5.27504386968795	-1.09254596780346
-8.30548561837186	-4.81116960402838	-0.100709544518196
-8.88380254825666	-3.50804913405051	-0.747692072938125
-8.81208514534218	-2.89921416037232	-0.250247959105821
-8.41535057602808	-2.51926451514458	-0.335698481727321
-6.74296177615015	-1.81277180132753	-1.9653620202945
-5.51766231784543	-1.55947203784237	-1.09712367437247
-6.09445334554055	-1.08949416342412	-2.58945601586938
-5.73891813534752	-0.860608834973678	-2.71457999542229
-5.78774700541695	-1.70595864805066	-1.73800259403372
-7.22514686808576	-2.78171969176776	-3.55992980849927
-8.60608834973678	-4.01770046540017	-3.35088120851453
-7.51354238193332	-2.08285648889906	-2.95414663920043
-5.82436865796902	-1.879911497673	-2.06149385824369
-6.42557412069886	-1.62050812542916	-1.20698863202869
-5.20332646677348	-1.67696650644694	-0.0991836423285267
-4.13366903181506	-2.48874647135119	-0.0198367284657053
-5.38185702296483	-2.88242923628595	0.506599526970321
-5.0263218127718	-3.70183871213855	1.15053025101091
-4.88441290913253	-2.85038529030289	1.5533684290837
-5.08735790035859	-1.88143739986267	1.3168535896849
-5.5741206988632	-2.98771648737316	1.97146562905318
-3.51873044937819	-0.999465934233616	3.10521095597772
-3.49126420996414	-1.23903257801175	3.38139925230793
-2.63828488593881	-1.48928053711757	2.22781719691768
-3.68047608148318	-1.41145952544442	1.84328984512093
-4.52429999237049	-3.56145571068894	-0.381475547417411
-5.24605172808423	-3.00450141145953	-0.315861753261616
-6.89250019073777	-3.71404592965591	-1.37483787289235
-8.52063782711528	-5.20790417334249	-2.050812542916
-9.03334096284428	-5.8609903105211	-2.16067750057221
-9.15693904020752	-6.25467307545586	-1.50911726558328
-7.46318760967422	-4.11383230334935	-1.66475928892958
-7.43724727244984	-7.11833371480888	-2.72526131074998
-6.62546730754559	-5.70229648279545	-2.99534599832151
-5.12550545510033	-4.68757152666514	-3.49279011215381
-5.20637827115282	-6.01815823605707	-1.99282825970855
-6.90165560387579	-5.89761196307317	-2.55588616769665
-5.83657587548638	-6.07614251926451	-0.999465934233616
-5.40169375143053	-3.9154650186923	0.869764248111696
-4.98207064927138	-2.8046082246128	1.15053025101091
-3.09300373846036	-1.86923018234531	3.53551537346456
-2.563515678645	0.201419089036393	2.87479972533761
-2.32852674143587	-0.601205462729839	2.27664606698711
-1.94399938963912	-0.0762951094834821	2.81528953994049
-1.85549706263828	0.350957503624018	2.37888151369497
-2.35294117647059	-0.76752880140383	3.36156252384222
-3.05333028152895	-0.103761348897536	3.64385442893111
-0.98115510795758	-0.845349813076982	4.62195773250935
-2.89311055161364	-2.07675288014038	2.8198672465095
-2.10727092393378	-2.44449530785077	2.52384222171359
-1.67544060425727	-3.85290302891585	0.962844281681544
-2.44907301441978	-2.88853284504463	1.23598077363241
-2.43839169909209	-5.05226214999619	1.54573891813535
-2.06301976043336	-5.30403601129168	0.686655985351339
-2.29343099107347	-4.93629358358129	0.778210116731518
-1.05439841306172	-5.06752117189288	1.62203402761883
-0.784313725490196	-4.77759975585565	1.03456168459602
0.152590218966964	-4.69214923323415	1.22987716487373
-0.871290150301366	-4.04821850919356	0.534065766384375
-0.668345159075303	-2.65049210345617	1.3015945677882
1.28938735027085	-1.81887541008621	2.10727092393378
0.791943236438544	-0.239566643778134	2.18509193560693
0.993362325474937	-0.703440909437705	2.3422598611429
3.16014343480583	2.50705729762722	4.17486839093614
4.73182269016556	3.14488441290913	3.0060273136492
5.86861982146944	2.32394903486687	2.96940566109712
7.07255664911879	4.12298771648737	2.50095368886854
7.6600289921416	4.08789196612497	2.26901655603876
9.64522774090181	4.04516670481422	2.38193331807431
9.28053711757076	4.75776302738994	1.63424124513619
9.57198443579767	3.28526741435874	1.58236057068742
9.52468146791791	4.62500953688868	2.18204013122759
9.2988479438468	1.98977645532921	2.92973220416571
8.12542915999084	2.27969787136645	1.95468070496681
8.05676356145571	1.78377965972381	2.33005264362554
8.20630197604333	1.27870603494316	3.63622491798276
8.11474784466316	2.83054856183719	3.68657969024186
9.05165178912032	2.69321736476692	2.81834134431983
11.4900434882124	5.55123216601816	4.65400167849241
9.61318379491875	4.3930724040589	3.73540856031128
10.1426718547341	4.70588235294118	4.11688410772869
9.41329060807202	5.58327611200122	2.66727702754253
8.63965819790951	3.39513237201495	4.09094377050431
7.92553597314412	2.97398336766613	4.31525139238575
6.92301823453117	1.62050812542916	3.11741817349508
5.5191882200351	-0.63935301747158	2.3575188830396
4.26184481574731	0.701915007248035	1.06202792401007
2.15304798962387	-0.503547722590982	0.51117723353933
-0.242618448157473	-0.76600289921416	-1.55489433127337
-1.65102616922255	-0.572213321126116	-1.96078431372549
-0.822461280231937	-0.761425192645151	-1.99282825970855
-2.5787747005417	-1.69527733272297	-1.75478751812009
-1.79598687724117	-1.25123979552911	-1.18257419699397
-0.111390859845884	-0.517280842298009	-2.14694438086519
0.0778210116731518	1.2115663385977	-1.52590218966964
1.3519493400473	1.7593652246891	-1.46334019989319
3.16319523918517	4.77302204928664	-1.15663385976959
3.71862363622492	4.80048828870069	-0.0137331197070268
2.70542458228428	5.76180666819257	0.679026474402991
3.0609597924773	6.05325398641947	1.33363851377127
2.60929274433509	4.5639734493019	1.39009689478904
0.909437705043107	3.66826886396582	1.08339055466545
1.4023041123064	1.57778286411841	0.859082932784008
1.85854886701762	0.364690623331044	0.845349813076982
1.73800259403372	-1.57473105973907	-0.566109712367437
1.08033875028611	-3.04264896620127	-1.37331197070268
1.8295567254139	-1.07118333714809	-1.97146562905318
2.59098191805905	-2.20798046845197	-1.5228503852903
3.18303196765087	-0.0244144350347143	-0.439459830624857
2.93583581292439	1.09102006561379	-0.411993591210803
3.18303196765087	1.32448310063325	-0.636301213092241
4.07873655298695	3.56755931944762	0.422674906538491
3.73083085374228	3.69573510337987	-0.512703135729
3.34630350194553	4.85236896314946	-0.784313725490196
4.64179446097505	5.55886167696651	-0.741588464179446
4.86305027847715	5.06904707408255	-0.392156862745098
4.16266117341878	6.12497138933394	-0.122072175173571
4.38849469748989	5.94338902876326	-0.259403372243839
4.48310063324941	5.70840009155413	-0.584420538643473
3.39055466544594	5.62600137331197	-1.57473105973907
2.28885328450446	3.05180437933928	-2.31937132829786
1.03761348897536	1.74563210498207	-3.91393911650263
1.52895399404898	0.434882124055848	-3.96887159533074
0.761425192645151	0.0244144350347143	-4.19775692378119
1.22377355611505	0.643930724040589	-3.49126420996414
1.10780498970016	0.424200808728161	-2.80003051804379
1.65102616922255	2.04165712977798	-1.49538414587625
2.07370107576104	0.952162966353857	-1.77462424658579
2.22781719691768	2.43686579690242	0.224307621881437
1.73647669184405	1.85091935606928	0.346379797055009
0.585946440833143	0.604257267109178	-0.831616693369955
1.60067139696345	2.49942778667887	0.416571297779812
0.405889982452125	1.12306401159686	1.20851453421836
0.743114366369116	3.12046997787442	1.57473105973907
1.44045166704814	4.49988555733577	1.33821622034028
2.91599908445869	3.51720454718853	1.90890363927672
3.30968184939345	4.08789196612497	1.40535591668574
3.12504768444343	2.15915159838254	1.11390859845884
3.45006485084306	1.89822232394903	0.569161516746777
2.97856107423514	0.337224383916991	-0.173952849622339
1.78225375753414	0.00915541313801785	0.822461280231937
1.29091325246052	2.06454566262303	0.495918211642634
-0.926222629129473	0.81025406271458	0.68055237659266
-1.72579537651637	-0.308232242313268	0.814831769283589
-0.686655985351339	-1.50759136339361	0.587472343022812
0.787365529869535	-2.33615625238422	-0.360112916762036
2.6840619516289	-2.11337453269245	-1.5732051575494
2.82139314869917	-2.30106050202182	-0.81025406271458
4.47394522011139	-1.97451743343252	-1.50453955901427
3.30205233844511	-1.26955062180514	-1.32906080720226
2.36057068741894	-1.538109407187	-0.317387655451286
0.308232242313268	-1.67086289768826	-0.248722056916152
-0.160219729915312	-4.43732356755932	-0.875867856870375
-1.2466620889601	-5.0415808346685	-2.04623483634699
-1.67544060425727	-3.32646677347982	-2.1560997940032
-0.276188296330205	-2.77561608300908	-1.54726482032502
-1.22987716487373	-2.46585793850614	-2.76798657206073
-0.527962157625696	-2.84428168154421	-3.13267719539178
2.10574502174411	-0.349431601434348	-2.15762569619287
2.47043564507515	-1.84328984512093	-1.98367284657053
1.11543450064851	-3.49736781872282	-2.71305409323262
0.958266575112535	-2.27664606698711	-3.08079652094301
-0.21210040436408	-3.23033493553063	-3.51110093842985
-1.53505760280766	-2.82597085526818	-4.14435034714275
-1.43434805828946	-1.13679713130388	-4.70893415732052
-1.69069962615396	-2.06149385824369	-3.3676661326009
-1.02693217364767	-1.24818799114977	-2.99382009613184
1.27412832837415	-0.46997787441825	-1.51216906996262
2.95414663920043	1.80361638818952	1.19172961013199
2.8397039749752	0.471503776607919	1.74715800717174
2.90989547570001	-0.764476997024491	2.40939955748836
1.74715800717174	0.267032883192187	2.75730525673304
1.79751277943084	-0.0198367284657053	3.10063324940871
1.62508583199817	0.984206912336919	2.00808728160525
2.16830701152056	1.6433966582742	2.07370107576104
3.31273365377279	2.62455176623178	2.71152819104295
6.51102464332036	4.98664835584039	3.90936140993362
7.09391927977417	4.47699702449073	4.60212100404364
7.59288929579614	5.62905317769131	5.44899671931029
8.2581826504921	6.00289921416037	4.956130312047
7.70733196002136	6.13107499809262	6.0166323338674
7.06797894254978	6.45609216449226	4.67078660257877
5.04463263904784	4.42359044785229	1.96841382467384
4.39459830624857	4.0009155413138	2.8351262684062
2.43381399252308	3.07164110780499	0.283817807278553
3.38445105668727	3.30052643625544	-0.0488288700694285
2.81528953994049	3.67589837491417	0.671396963454643
1.94399938963912	1.39772640573739	-0.814831769283589
1.47096971084154	2.21255817502098	-0.393682764934768
0.0869764248111696	1.71816586556802	-1.51979858091096
-0.836194399938964	0.621042191195544	-2.20798046845197
-1.70595864805066	1.21919584954604	-2.71152819104295
-2.35599298084993	-0.500495918211643	-2.96940566109712
-1.55489433127337	0.338750286106661	-2.23086900129702
-0.360112916762036	-0.120546272983902	-1.10017547875181
-0.132753490501259	-0.483710994125277	-0.560006103608759
1.26497291523613	1.98825055313954	0.375371938658732
1.2970168612192	1.9653620202945	0.718699931334401
0.389105058365759	3.30357824063478	0.946059357595178
1.48317692835889	2.98924238956283	0.50965133134966
1.08339055466545	1.31532768749523	-0.395208667124437
0.914015411612116	2.41855497062638	-1.48012512397955
3.13725490196078	2.88853284504463	-0.659189745937285
2.14541847867552	2.24612802319371	-1.60524910353246
3.45006485084306	3.00144960708019	-1.59304188601511
4.3228809033341	3.45769436179141	0.98268101014725
2.10574502174411	1.05745021744106	-0.845349813076982
2.31784542610819	0.485236896314946	-0.72632944228275
1.54726482032502	0.332646677347982	-0.788891432059205
-0.668345159075303	-0.967421988250553	-1.85854886701762
-1.10933089188983	-1.29854276340887	-2.16067750057221
0.421149004348821	1.37636377508202	-1.3519493400473
1.49385824368658	1.65712977798123	-0.0717174029144732
4.06805523765927	2.63065537499046	0.131227588311589
4.36408026245518	1.31532768749523	-1.06965743495842
3.77660791943236	0.590524147402152	-0.666819256885634
2.80918593118181	1.25123979552911	0.663767452506294
0.332646677347982	-1.03608758678569	0.0381475547417411
-0.546272983901732	-0.735484855420768	0.195315480277714
-0.436408026245518	-0.302128633554589	-0.532539864194705
1.46639200427253	-1.0955977721828	-0.93690394445716
1.5579461356527	-0.270084687571527	-2.43686579690242
-0.0503547722590982	-3.27763790341039	-3.27916380560006
-0.00305180437933928	-2.86259250782025	-3.63317311360342
-1.15053025101091	-2.51926451514458	-3.27458609903105
-3.08384832532235	-2.9907682917525	-3.14488441290913
-3.41802090486	-2.10879682612345	-4.20080872816053
-5.16365300984207	-4.01770046540017	-4.63721675440604
-5.56191348134585	-3.22270542458228	-5.42763408865492
-5.6244754711223	-1.25123979552911	-5.6900892652781
-4.01007095445182	-0.305180437933928	-4.14892805371176
-2.72831311512932	0.903334096284428	-4.85847257190814
-0.463874265659571	0.747692072938125	-3.36614023041123
0.260929274433509	1.06660563057908	-3.12352178225376
-0.695811398489357	-0.837720302128634	-3.60265506981003
-4.73792629892424	-3.17540245670253	-3.16472114137484
-6.95506218051423	-3.9658197909514	-4.07263294422827
-9.05928130006867	-6.24093995574884	-5.05836575875486
-9.33089188982986	-5.40779736018921	-6.48508430609598
-6.28213931486992	-5.92660410467689	-7.52574959945068
-3.25322346837568	-6.60410467689021	-7.31975280384527
0.59510185397116	-2.31479362172885	-6.68802929732204
3.61791409170672	-1.53353170061799	-4.07415884641794
1.33669031815061	-1.9302662699321	-2.80766002899214
-0.840772106507973	-1.6937514305333	-1.5732051575494
-3.94293125810636	-2.65659571221485	-0.805676356145571
-5.75417715724422	-1.37331197070268	-0.463874265659571
-7.9468986037995	-3.3829251544976	-0.791943236438544
-5.24605172808423	-1.74105439841306	-1.91805905241474
-3.19981689173724	-1.70595864805066	-2.95109483482109
-0.796520943007553	-2.25070572976272	-2.30411230640116
0.0534065766384375	-3.02738994430457	-3.93377584496834
0.952162966353857	-3.90173189898527	-4.40985732814527
0.279240100709545	-3.46684977492943	-4.85236896314946
-1.1612115663386	-3.42565041580835	-3.81475547417411
-2.62302586404211	-3.83459220263981	-3.41039139391165
-2.16525520714122	-2.14999618524453	-3.37682154573892
-3.62706950484474	-4.14435034714275	-1.93636987869078
-4.79896238651102	-4.80964370183871	-2.54520485236896
-4.45563439383536	-5.90829327840085	-3.00297550926986
-2.13168535896849	-5.80453192950332	-2.10269321736477
-1.61287861448081	-4.28931105516136	-1.97756923781186
-0.866712443732357	-4.45105668726635	-1.50453955901427
-1.18562600137331	-3.31273365377279	-0.657663843747616
0.141908903639277	-2.52079041733425	-0.886549172198062
1.0101472495613	-1.50759136339361	0.209048599984741
-1.10017547875181	-1.9653620202945	-1.46028839551385
0.616464484626535	-2.22781719691768	-0.740062561989776
2.43381399252308	-0.221255817502098	-1.13221942473487
2.11795223926146	-0.227359426260777	-1.02235446707866
1.26039520866712	-1.1459525444419	-1.2115663385977
0.910963607232776	-0.732433051041428	-1.80361638818952
-0.781261921110857	-2.29495689326314	-2.24612802319371
-1.39772640573739	0.102235446707866	-0.839246204318303
-1.4023041123064	0.123598077363241	-1.13374532692454
-1.51064316777295	0.842298008697642	-1.79751277943084
-1.39009689478904	1.99588006408789	-2.20340276188296
-0.370794232089723	0.285343709468223	-1.06813153276875
-0.561532005798428	0.744640268558785	-0.910963607232776
-1.36873426413367	0.080872816052491	-0.654612039368276
-2.14541847867552	-1.13374532692454	0.991836423285267
-2.94651712825208	0.260929274433509	1.538109407187
-1.34431982909895	-0.579842832074464	1.82497901884489
-0.326543068589303	-0.390630960555428	1.55184252689403
1.4175631342031	1.09254596780346	1.82803082322423
1.41603723201343	-0.376897840848402	1.94552529182879
0.910963607232776	0.648508430609598	0.885023270008392
1.32143129625391	0.143434805828946	1.73037308308537
-0.921644922560464	0.0274662394140536	-0.447089341573205
-1.24513618677043	-0.157167925535973	0.659189745937285
0.421149004348821	0.349431601434348	1.15815976195926
0.538643472953384	2.88090333409628	0.720225833524071
1.21919584954604	2.78171969176776	2.03097581445029
1.0101472495613	3.2822156099794	2.90074006256199
1.03150988021668	2.7542534523537	1.6586556801709
0.00457770656900893	1.02845807583734	1.4679179064622
-0.987258716716259	0.508125429159991	0.259403372243839
-0.311284046692607	0.695811398489357	-0.277714198519875
-0.105287251087205	1.0955977721828	0.350957503624018
-0.503547722590982	1.42977035172045	-0.0259403372243839
-0.253299763485161	-0.205996795605402	1.12458991378653
-0.25787747005417	-1.27718013275349	-0.669871061264973
-1.10170138094148	-3.77508201724269	-0.962844281681544
-1.35347524223697	-4.05737392233158	-0.860608834973678
-2.21255817502098	-4.73945220111391	-2.42008087281605
-3.14793621728847	-5.16670481422141	-2.61844815747311
-2.4429694056611	-3.47753109025711	-2.56809338521401
-2.13473716334783	-3.94903486686503	-0.807202258335241
-0.105287251087205	-2.04776073853666	-0.259403372243839
0.276188296330205	-0.93842984664683	0.0671396963454643
1.33363851377127	-1.60219729915312	0.575265125505455
0.918593118181125	0.0747692072938125	0.0839246204318303
0.482185091935607	0.335698481727321	0.715648126955062
1.70138094148165	1.45418478675517	1.01930266269932
1.50606546120394	2.18051422903792	0.633249408712901
1.31227588311589	0.820935378042267	0.978103303578241
1.05287251087205	0.274662394140536	-0.202944991226062
1.55947203784237	-2.87785152971695	-1.20851453421836
