1.07728694590677	-0.253299763485161	-0.656137941557946
1.44960708018616	0.485236896314946	-1.05897611963073
1.95315480277714	0.323491264209964	-3.13420309758144
2.11184863050278	0.527962157625696	-3.39971007858396
3.49431601434348	1.54116121156634	-4.11383230334935
4.614328221561	2.42008087281605	-3.85137712672618
1.7792019531548	2.03860532539864	-2.72831311512932
0.714122224765393	2.2369726100557	-2.32852674143587
0.375371938658732	1.48317692835889	-0.787365529869535
-1.14747844663157	0.38452735179675	-2.34378576333257
0.759899290455482	0.228885328450446	-1.53200579842832
1.48317692835889	-0.973525597009232	-0.408941786831464
0.985732814526589	0.265506981002518	1.18715190356298
0.131227588311589	0.00915541313801785	0.839246204318303
0.195315480277714	-0.234988937209125	0.512703135729
0.231937132829786	-0.289921416037232	-0.195315480277714
-0.692759594110018	0.0732433051041428	-0.457770656900893
0.524910353246357	0.888075074387732	-2.11490043488212
2.734416723888	0.823987182421607	-1.9501029983978
2.42923628595407	0.46997787441825	-1.33058670939193
2.99687190051118	-0.0671396963454643	-1.59304188601511
2.76798657206073	0.00305180437933928	-1.76699473563745
1.23903257801175	-1.33669031815061	-3.73235675593194
2.13015945677882	-1.20851453421836	-3.24406805523766
1.08949416342412	0.708018616006714	-2.26443884946975
0.253299763485161	-0.326543068589303	-3.42107270923934
-0.778210116731518	-0.89417868314641	-5.00495918211643
-1.16578927290761	-2.22781719691768	-4.44953078507668
-1.12916762035554	-2.14236667429618	-5.28877698939498
-1.64187075608453	-1.48928053711757	-4.90119783321889
-0.753795681696803	0.244144350347143	-2.95719844357977
-0.354009308003357	-0.0671396963454643	-1.77615014877546
0.918593118181125	-0.585946440833143	-1.7792019531548
1.00404364080262	-0.518806744487678	0.430304417486839
0.85145342183566	0.827038986800946	2.10879682612345
1.71511406118868	0.604257267109178	2.98466468299382
2.04165712977798	1.52590218966964	4.18097199969482
0.451667048142214	1.37026016632334	3.38750286106661
1.63271534294652	-0.439459830624857	2.16983291371023
-0.646982528419928	-0.549324788281071	0.891126878767071
-0.29907682917525	-3.29289692530709	-1.00099183642329
0.698863202868696	-4.04669260700389	-1.85854886701762
1.51674677653162	-3.0609597924773	-0.823987182421607
2.55130846112764	-3.26543068589303	-3.21965362020295
2.89616235599298	-3.11589227130541	-2.63981078812848
1.14442664225223	-4.3427176317998	-4.68757152666514
1.40383001449607	-2.62149996185245	-3.77813382162203
0.552376592660411	-2.70695048447395	-4.45868619821469
-0.625619897764553	-2.31326771953918	-3.22575722896162
-0.198367284657053	-1.00404364080262	-2.32852674143587
1.00404364080262	-0.485236896314946	-0.433356221866178
1.56557564660105	0.0885023270008393	1.84023804074159
0.12817578393225	1.1108567940795	3.05180437933928
2.26138704509041	1.78225375753414	2.68558785381857
2.4628061341268	0.0335698481727321	1.43129625391012
0.762951094834821	-0.0976577401388571	0.0549324788281071
1.15358205539025	-0.21362630655375	-0.833142595559625
1.48928053711757	0.177004654001679	-1.45876249332418
-0.0335698481727321	-1.62050812542916	-0.842298008697642
-0.234988937209125	-0.04272526131075	-0.338750286106661
0.772106507972839	-1.21461814297704	-0.396734569314107
-0.784313725490196	-1.08339055466545	-0.747692072938125
-1.11390859845884	-0.0274662394140536	-1.30922407873655
-0.561532005798428	-0.674448767833982	0.372320134279393
-0.0335698481727321	0.506599526970321	-0.93690394445716
1.15053025101091	0.411993591210803	-0.317387655451286
1.49233234149691	0.662241550316625	-0.585946440833143
2.62760357061112	0.445563439383536	-0.326543068589303
2.8900587472343	-0.338750286106661	-2.05386434729534
1.57473105973907	0.372320134279393	-2.08438239108873
0.158693827725643	0.564583810177768	-0.885023270008392
-1.40077821011673	0.524910353246357	-0.338750286106661
-2.24002441443503	0.827038986800946	-0.207522697795071
-2.20340276188296	2.50247959105821	0.958266575112535
-1.71206225680934	2.34683756771191	1.07728694590677
-2.43533989471275	1.63576714732586	2.17593652246891
-1.9653620202945	1.82803082322423	2.39566643778134
-1.76394293125811	0.357061112382696	1.99282825970855
-1.99893186846723	2.13015945677882	4.60517280842298
-0.46997787441825	2.42923628595407	6.21957732509346
0.021362630655375	3.61638818951705	5.17891203173877
-0.891126878767071	3.68047608148318	3.95208667124437
-0.363164721141375	2.58182650492103	1.84023804074159
-0.567635614557107	2.24307621881437	-0.0854505226215
-2.86564431219959	0.424200808728161	-2.65812161440452
-2.36820019836728	0.338750286106661	-3.23796444647898
-1.64492256046387	0.622568093385214	-3.01518272678721
-1.44350347142748	1.96841382467384	-3.02128633554589
0.714122224765393	1.37331197070268	-2.7496757457847
3.61638818951705	2.54520485236896	0.119020370794232
3.58587014572366	2.4078736552987	0.198367284657053
5.13313496604868	2.75883115892271	0.231937132829786
3.52788586251621	2.47196154726482	-0.0854505226215
1.66628519111925	2.33463035019455	-1.60219729915312
0.0854505226215	1.45571068894484	-0.500495918211643
-1.83413443198291	1.46486610208286	-0.0518806744487678
-0.686655985351339	1.71206225680934	3.07011520561532
-1.9806210421912	1.50453955901427	1.95925841153582
-0.567635614557107	2.28580148012512	1.56862745098039
1.78225375753414	2.50553139543755	1.63576714732586
0.372320134279393	0.778210116731518	0.219729915312428
0.5981536583505	-0.390630960555428	-0.518806744487678
0.170901045243	-2.27664606698711	-0.781261921110857
-0.570687418936446	-3.12199588006409	0.503547722590982
-1.27870603494316	-3.49736781872282	1.48317692835889
-2.51773861295491	-4.21454184786755	-0.228885328450446
-2.67948424505989	-2.88090333409628	1.18410009918364
-1.12916762035554	-2.18509193560693	1.20851453421836
0.674448767833982	-1.71206225680934	1.16273746852827
2.52079041733425	0.814831769283589	1.19935912108034
3.45159075303273	1.53200579842832	-0.0671396963454643
3.37834744792859	2.29495689326314	-0.283817807278553
2.68863965819791	2.43228809033341	-0.668345159075303
0.952162966353857	2.08133058670939	-2.39566643778134
0.369268329900053	1.3519493400473	0.155642023346304
0.0946059357595178	0.354009308003357	0.146486610208286
-0.616464484626535	-0.369268329900053	0.350957503624018
-1.8097199969482	1.09864957656214	1.82803082322423
-2.48111696040284	0.958266575112535	2.01724269474327
-3.5034714274815	1.45876249332418	2.4078736552987
-0.823987182421607	1.59609369039445	1.77615014877546
-0.631723506523232	2.55436026550698	2.10269321736477
0.701915007248035	1.78225375753414	1.2817578393225
-0.906385900663767	0.271610589761196	0.332646677347982
-2.6489662012665	-1.28786144808118	-0.506599526970321
-2.67643244068055	-2.09658960860609	-2.02944991226062
-3.04264896620127	-3.68352788586252	-3.930724040589
-3.8300144960708	-5.83810177767605	-6.3935301747158
-1.91958495460441	-4.91645685511559	-7.45250629434653
-0.878919661249714	-3.85442893110552	-7.98962386511025
-2.13931486991684	-2.62455176623178	-6.65598535133898
-0.286869611657893	-1.42519264515145	-4.48004882887007
-0.579842832074464	1.02845807583734	-3.80865186541543
-0.0946059357595178	1.93179217212177	-0.289921416037232
0.234988937209125	2.8046082246128	-0.167849240863661
0.448615243762875	3.17998016327153	-0.778210116731518
-2.27359426260777	1.7944609750515	-0.912489509422446
-3.15861753261616	1.24513618677043	-0.21362630655375
-3.02433813992523	-0.857557030594339	-2.57267109178302
-2.69779507133593	-1.71511406118868	-1.19325551232166
-3.28679331654841	-1.44350347142748	-0.405889982452125
-2.78324559395743	-1.30006866559854	-0.289921416037232
-2.11490043488212	-1.73952849622339	0.970473792629892
-0.717174029144732	-1.78530556191348	2.40482185091936
-2.52079041733425	-2.40177004654002	2.04470893415732
-2.93888761730373	-2.06301976043336	2.28885328450446
-2.82291905088884	-1.93789578088045	4.07721065079728
-1.93789578088045	-1.23292896925307	5.0110627908751
-1.63576714732586	-0.643930724040589	5.26131074998093
0.0610360875867857	0.790417334248875	8.09033340962844
1.76394293125811	1.20546272983902	6.38132295719844
1.2664988174258	-0.250247959105821	2.63675898374914
0.177004654001679	-1.76089112687877	0.863660639353018
-0.689707789730678	-2.69169146257725	-0.7690547035935
-2.06301976043336	-2.61539635309377	-3.45159075303273
-2.54215304798962	-3.73846036469062	-4.54718852521553
-3.54314488441291	-2.47501335164416	-3.87884336614023
-4.01312275883116	-1.42519264515145	-3.92156862745098
-3.4882124055848	-0.155642023346304	-3.35088120851453
-3.3325703822385	0.0579842832074464	-2.01113908598459
-2.31021591515984	0.0244144350347143	-0.650034332799268
-2.89311055161364	0.204470893415732	0.772106507972839
-3.86663614862287	-0.793469138628214	0.335698481727321
-3.79034103913939	-1.67238879987793	-0.12817578393225
-4.87983520256352	-1.95620660715648	-0.0885023270008393
-4.32135500114443	-3.37529564354925	-1.05897611963073
-3.62554360265507	-2.86869611657893	-0.210574502174411
-2.68253604943923	-2.72831311512932	0.619516289005875
-1.54726482032502	-3.17692835889219	1.62966353856718
-0.628671702143893	-4.19928282597086	1.95925841153582
-0.650034332799268	-3.86053253986419	2.53910124361028
1.14137483787289	-2.60318913557641	3.37224383916991
1.24208438239109	-1.45876249332418	2.4628061341268
-0.671396963454643	-2.25528343633173	1.23903257801175
0.85145342183566	1.14137483787289	0.909437705043107
-0.140383001449607	0.59510185397116	0.692759594110018
-2.33463035019455	-0.177004654001679	-0.820935378042267
-4.23590447852293	-1.00709544518196	-1.58999008163577
-4.42206454566262	0.152590218966964	-2.63981078812848
-4.79743648432135	0.524910353246357	-1.59304188601511
-5.07820248722057	0.753795681696803	-1.68154421301595
-4.6997787441825	1.88906691081102	-2.2919050888838
-2.42923628595407	2.38345922026398	-0.500495918211643
-1.58083466849775	1.1810482948043	-1.2115663385977
-0.967421988250553	0.55542839703975	-0.177004654001679
-1.48012512397955	-1.53505760280766	-1.24818799114977
-0.80872816052491	-1.95925841153582	0.408941786831464
-2.74357213702602	-2.76798657206073	0.543221179522393
-1.09254596780346	-3.4882124055848	1.25734340428779
-2.85648889906157	-4.17486839093614	1.30922407873655
-2.66727702754253	-4.39459830624857	1.66323338673991
-1.22682536049439	-2.4780651560235	3.41802090486
-2.1362630655375	-2.4078736552987	4.25421530479896
-2.43228809033341	-2.83207446402686	3.12809948882277
-1.09254596780346	-2.73746852826734	2.46890974288548
-0.793469138628214	-2.22476539253834	1.2817578393225
-1.28786144808118	-3.11284046692607	0.0793469138628214
-1.71511406118868	-3.17998016327153	-0.958266575112535
-1.78530556191348	-4.30914778362707	-1.89211871519036
-4.31830319676509	-3.79949645227741	-2.40177004654002
-2.80155642023346	-3.52178225375753	-3.00907911802853
-4.71198596169986	-5.13923857480736	-3.93987945372702
-4.84931715877012	-4.47089341573205	-4.16876478217746
-4.24505989166094	-4.97749294270237	-4.10772869459068
-4.41596093690394	-5.92660410467689	-4.40985732814527
-4.21759365224689	-5.12397955291066	-3.10673685816739
-3.7445639734493	-4.28778515297169	-3.28374151216907
-1.10475318532082	-3.45464255741207	-2.392614633402
0.552376592660411	-1.00709544518196	-2.24917982757305
0.552376592660411	0.0579842832074464	-1.0406652933547
1.62966353856718	1.09864957656214	-0.747692072938125
2.58487830930037	2.51163500419623	0.799572747386893
2.21866178377966	2.92057679102769	3.38445105668727
3.37834744792859	3.10673685816739	5.36507209887846
4.71198596169986	4.56244754711223	9.35378042267491
3.41191729610132	5.95712214847028	11.944762340734
2.39566643778134	6.0669871061265	12.5368123903258
0.796520943007553	5.99679560540169	11.7219806210422
-0.823987182421607	4.21149004348821	9.48805981536584
-2.6489662012665	3.13420309758144	5.81673914702068
-4.80354009308003	-0.4272526131075	1.51064316777295
-5.8655680170901	-1.94705119401846	-2.01113908598459
-5.17891203173877	-2.37125200274662	-4.02227817196918
-5.93270771343557	-3.43327992675669	-5.05378805218585
-4.24200808728161	-2.92973220416571	-5.67940794995041
-2.17898832684825	-3.20134279392691	-5.59090562294957
-1.51979858091096	-2.21560997940032	-5.47188525215534
-3.36919203479057	-1.13832303349355	-4.6845197222858
-1.48317692835889	-0.686655985351339	-4.03753719386587
-2.29800869764248	0.662241550316625	-4.26642252231632
-1.92568856336309	1.879911497673	-3.2318608377203
-2.07827878233005	3.17998016327153	-1.17494468604562
-0.762951094834821	3.11894407568475	-1.11390859845884
-1.16578927290761	2.5787747005417	-0.698863202868696
0.802624551766232	1.66323338673991	0.72327763790341
1.0406652933547	0.488288700694285	0.411993591210803
2.86869611657893	0.573739223315785	-0.0762951094834821
4.2572671091783	0.29907682917525	1.22377355611505
3.3173113603418	3.15251392385748	2.22781719691768
2.44144350347143	4.73029678797589	5.38948653391318
3.71709773403525	7.33653772793164	10.3150988021668
4.22064545662623	9.77798123140307	14.6639200427253
4.00701915007248	10.2204928664073	15.8205539024949
3.28984512092775	8.25513084611277	14.6486610208286
2.00198367284657	6.27756160830091	11.432059205005
1.6083009079118	5.39864194705119	9.48805981536584
-0.29907682917525	2.50247959105821	3.79034103913939
-1.57473105973907	0.473029678797589	-0.268558785381857
-2.75577935454337	-1.20546272983902	-2.95109483482109
-4.14740215152209	-1.58999008163577	-4.31830319676509
-6.37521934843977	-2.63065537499046	-7.08628976882582
-6.75364309147784	-1.75783932249943	-6.29587243457694
-6.10055695429923	-0.704966811627375	-4.49835965514611
-3.62554360265507	0.234988937209125	-2.91142137788968
-2.392614633402	-0.296025024795911	-1.74563210498207
1.05287251087205	-0.72327763790341	-1.73647669184405
-0.100709544518196	-1.89822232394903	-2.96025024795911
1.12916762035554	-2.72526131074998	-4.65705348287175
0.918593118181125	-3.80254825665675	-5.67025253681239
-0.650034332799268	-4.11993591210803	-5.50545510032807
-2.16983291371023	-3.51262684061952	-4.85847257190814
-3.23491264209964	-4.57770656900893	-3.25932707713436
-2.91447318226902	-2.58182650492103	-1.80666819256886
-2.02944991226062	0.628671702143893	1.16273746852827
-3.06401159685664	2.70084687571527	4.48004882887007
-1.28786144808118	3.76287479972534	6.94590676737621
-1.45876249332418	5.24299992370489	9.98550392919814
-1.33669031815061	6.35996032654307	10.586709391928
-1.04982070649271	5.74044403753719	10.9437705043107
-1.31227588311589	4.98664835584039	9.25612268253605
-1.53200579842832	3.64385442893111	7.18394750896468
-0.778210116731518	2.22476539253834	7.35179674982834
-0.628671702143893	3.28679331654841	3.33867399099718
0.540169375143053	2.31326771953918	2.86564431219959
0.21362630655375	1.62661173418784	0.775158312352178
-0.411993591210803	1.15663385976959	-2.45975432974746
-1.53200579842832	-0.064087891966125	-2.21866178377966
-3.22270542458228	-1.367208361944	-3.94293125810636
-6.55222400244144	-3.25627527275502	-3.44243533989471
-5.91439688715953	-5.12092774853132	-4.26642252231632
-3.74151216906996	-4.04058899824521	-3.79949645227741
-1.1810482948043	-2.58793011367971	-2.14541847867552
-0.4272526131075	-2.52079041733425	-1.27870603494316
0.756847486076142	0.918593118181125	-1.67849240863661
1.56252384222171	2.45975432974746	0.195315480277714
2.07827878233005	4.13824673838407	0.89417868314641
2.25528343633173	4.47394522011139	0.372320134279393
2.67948424505989	4.64789806973373	1.08644235904479
1.6083009079118	3.10368505378805	0.903334096284428
0.21362630655375	1.89822232394903	1.38551918822004
-2.77409018081941	2.23392080567636	-0.167849240863661
-4.41596093690394	-0.177004654001679	-0.59510185397116
-4.75165941863127	-1.63271534294652	-0.952162966353857
-5.13923857480736	-1.87075608453498	-1.46486610208286
-4.26642252231632	-2.09964141298543	-0.970473792629892
-3.84832532234684	-2.4078736552987	-0.708018616006714
-4.09857328145266	-1.32753490501259	-1.45876249332418
-3.50041962310216	-1.71816586556802	-1.02235446707866
-2.76493476768139	-1.4679179064622	-1.92874036774243
0.564583810177768	-0.0915541313801785	-1.69680323491264
0.396734569314107	0.12817578393225	-1.52895399404898
1.64797436484321	1.04371709773404	-2.32852674143587
4.8554207675288	0.750743877317464	-2.73746852826734
5.15144579232471	2.82291905088884	-0.793469138628214
4.50446326390478	1.69680323491264	-0.00305180437933928
4.58991378652628	2.4628061341268	3.03959716182193
3.59197375448234	1.22072175173571	3.15251392385748
1.85549706263828	2.38345922026398	5.92660410467689
-0.204470893415732	2.4628061341268	5.51461051346609
-1.92263675898375	1.15358205539025	2.44449530785077
-2.8198672465095	-0.439459830624857	1.48622873273823
-5.00801098649577	-2.17898832684825	-0.930800335698482
-4.30304417486839	-2.08438239108873	-1.5533684290837
-3.30205233844511	-3.28068970778973	-2.02334630350195
-3.75371938658732	-4.0863660639353	-2.67643244068055
-3.65606164644846	-5.6244754711223	-3.94903486686503
-4.74250400549325	-5.71297779812314	-1.74868390936141
-5.81673914702068	-7.04966811627375	-4.16266117341878
-6.2226291294728	-6.25314717326619	-4.11383230334935
-7.03746089875639	-6.17990386816205	-2.61234454871443
-6.41794460975052	-4.87373159380484	-1.94094758525978
-4.59601739528496	-4.20538643472953	-1.26344701304646
-3.13725490196078	-3.5034714274815	-0.332646677347982
-0.738536659800107	-4.87373159380484	-0.549324788281071
0.561532005798428	-4.11993591210803	-0.0335698481727321
1.43434805828946	-2.94499122606241	-0.607309071488518
3.79339284351873	-2.35904478522927	0.466926070038911
5.90829327840085	-0.524910353246357	0.46997787441825
5.41695277332723	0.262455176623178	1.20851453421836
5.09346150911727	1.2817578393225	1.59914549477379
5.63057907988098	1.52590218966964	1.56557564660105
3.78423743038071	1.70901045243	-0.329594872968643
2.28885328450446	0.140383001449607	-1.0101472495613
-1.85549706263828	-1.20241092545968	-2.82902265964752
-2.56046387426566	-1.69069962615396	-4.24200808728161
-3.93987945372702	-3.12199588006409	-4.51972228580148
-7.33653772793164	-4.69367513542382	-4.54413672083619
-7.348744945449	-4.43427176317998	-4.36408026245518
-10.0556954299229	-4.91950865949493	-5.82894636453803
-8.97535667963684	-4.83405813687343	-3.36003662165255
-7.42198825055314	-5.04463263904784	-3.61333638513771
-6.2928206301976	-4.80964370183871	-4.56244754711223
-6.44541084916457	-5.7099259937438	-4.36102845807584
-3.98260471503777	-5.54207675288014	-6.152437628748
-4.36408026245518	-5.3681239032578	-5.67330434119173
-5.08735790035859	-4.27557793545434	-6.17685206378271
-4.84626535439078	-4.81269550621805	-4.67841611352712
-3.40886549172198	-2.00808728160525	-0.0946059357595178
-2.84733348592355	-1.35500114442664	0.292973220416571
-1.9653620202945	0.567635614557107	1.44655527580682
-1.4679179064622	-1.0406652933547	2.2064545662623
-1.45571068894484	-1.13527122911421	0.225833524071107
-1.90127412832837	-1.66018158236057	-1.23292896925307
-4.63569085221637	-4.22369726100557	-2.45670252536812
-3.50041962310216	-4.76691844052796	-3.35698481727321
-3.63469901579309	-5.00495918211643	-3.77203021286336
-6.87876707103075	-6.5491721980621	-3.88189517051957
-6.39047837033646	-7.22056916151675	-4.98054474708171
-5.68245975432975	-8.24902723735408	-6.10360875867857
-6.62546730754559	-8.97840848401617	-5.297932402533
-9.59792477302205	-9.17982757305257	-5.98458838788434
-8.27038986800946	-8.70984969863432	-5.42915999084459
-7.63561455710689	-9.03028915846494	-5.80453192950332
-6.68039978637369	-7.54406042572671	-4.21759365224689
-5.68245975432975	-5.91439688715953	-3.04570077058061
-2.16983291371023	-5.39864194705119	-2.95719844357977
-2.89311055161364	-5.19111924925612	-3.21965362020295
-2.03250171663996	-4.94697489890898	-4.01922636758984
-0.650034332799268	-4.57770656900893	-2.9755092698558
0.436408026245518	-4.48920424200809	-1.95620660715648
0.323491264209964	-2.00808728160525	-1.42824444953079
0.0518806744487678	-1.00099183642329	-0.332646677347982
-2.17898832684825	-1.37331197070268	-0.872816052491035
-3.30205233844511	-1.73952849622339	-2.72526131074998
-5.06599526970321	-0.543221179522393	-2.41702906843671
-4.88899061570153	-2.71610589761196	-3.90020599679561
-7.38231479362173	-4.29083695735103	-4.55939574273289
-6.61631189440757	-3.72014953841459	-3.26848249027237
-6.41794460975052	-5.55733577477684	-4.78217746242466
-7.16563668268864	-6.19211108567941	-5.80758373388266
-7.0771343556878	-7.33043411917296	-6.21042191195544
-6.04562447547112	-6.17074845502403	-4.89509422446021
-6.86045624475471	-7.04356450751507	-5.06599526970321
-6.46066987106127	-6.9214923323415	-3.97039749752041
-5.0415808346685	-6.21957732509346	-3.03654535744259
-6.14023041123064	-5.12703135729	-1.70901045243
-3.50957503624018	-3.13115129320211	-0.72632944228275
-3.38139925230793	-2.70695048447395	-0.796520943007553
-2.33157854581521	-2.18814373998627	0.170901045243
-2.5482566567483	-0.656137941557946	0.250247959105821
-3.17998016327153	-2.1362630655375	0.476081483176928
0.0793469138628214	-1.51369497215228	-0.836194399938964
1.07728694590677	0.836194399938964	-0.204470893415732
2.35599298084993	0.833142595559625	-1.54726482032502
3.98260471503777	2.82902265964752	-2.95719844357977
3.32646677347982	3.83916990920882	-3.02128633554589
3.0609597924773	4.83100633249409	-1.73647669184405
2.74662394140536	4.46784161135271	-0.921644922560464
0.604257267109178	3.72625314717327	-1.7242694743267
-0.683604180972	1.32143129625391	-1.49233234149691
-2.63981078812848	-0.659189745937285	-1.40077821011673
-4.80354009308003	-3.0609597924773	-3.38139925230793
-4.19012741283284	-4.26337071793698	-4.72724498359655
-7.71801327534905	-6.665140764477	-4.65400167849241
-7.82482642862592	-6.18600747692073	-3.1464103150988
-7.14122224765393	-5.95407034409094	-2.23392080567636
-6.34775310902571	-6.24399176012818	-1.85549706263828
-5.77401388570993	-5.52986953536278	-0.283817807278553
-3.95208667124437	-6.02731364919509	0.158693827725643
-4.19928282597086	-4.05279621576257	1.85549706263828
-2.2064545662623	-3.85748073548486	1.27870603494316
-1.31532768749523	-4.13214312962539	2.93278400854505
0.610360875867857	-2.22476539253834	4.74860761425193
2.13321126115816	-1.69069962615396	3.70794232089723
2.99382009613184	-0.592050049591821	4.21759365224689
1.79140917067216	-0.839246204318303	2.16067750057221
0.421149004348821	-0.720225833524071	1.05287251087205
-2.85954070344091	-1.04676890211337	-1.04371709773404
-2.45975432974746	-0.546272983901732	-1.68764782177462
-2.25833524071107	-0.552376592660411	-1.27260242618448
-3.02128633554589	-2.221713588159	-0.561532005798428
-2.02639810788128	-2.51468680857557	-0.717174029144732
-2.30411230640116	-2.05691615167468	-1.58999008163577
-2.68558785381857	-2.07522697795071	-1.0101472495613
-4.21759365224689	-3.00907911802853	-0.479133287556268
-5.87777523460746	-2.67948424505989	-0.0122072175173571
-6.12802319371328	-2.19424734874495	0.158693827725643
-4.69367513542382	-2.35599298084993	1.11390859845884
-4.60517280842298	-2.3773556115053	0.500495918211643
-2.95719844357977	-2.14847028305486	-1.15968566414893
-3.46684977492943	-2.16067750057221	-2.74052033264668
-2.19729915312428	-3.94903486686503	-2.4780651560235
-0.38452735179675	-4.55939574273289	-1.79751277943084
-0.372320134279393	-3.13115129320211	0.625619897764553
1.83108262760357	-2.27664606698711	4.39765011062791
2.15457389181353	-1.6083009079118	4.75471122301061
1.51369497215228	-0.393682764934768	6.02426184481575
3.12199588006409	1.78835736629282	7.15648126955062
3.38750286106661	2.46890974288548	6.83299000534066
1.61440451667048	0.445563439383536	5.0110627908751
1.19935912108034	1.19325551232166	2.27054245822843
1.08949416342412	1.02845807583734	1.00404364080262
-1.73647669184405	0.363164721141375	-1.09254596780346
-2.20340276188296	-0.619516289005875	-1.35805294880598
-2.85648889906157	-1.2664988174258	-2.39566643778134
-1.69069962615396	-1.47096971084154	-2.65201800564584
-2.11795223926146	-2.62760357061112	-2.55741206988632
-1.46181429770352	-4.67231250476844	-4.33966582742046
-2.28274967574578	-5.32845044632639	-1.90737773708705
-1.07728694590677	-3.99481193255512	-0.302128633554589
0.863660639353018	-3.68047608148318	0.506599526970321
1.47096971084154	-1.15663385976959	1.98672465094987
2.45365072098878	0.527962157625696	3.14030670634012
1.77004654001678	1.59914549477379	3.72625314717327
0.790417334248875	1.97451743343252	4.92561226825361
1.06507972838941	1.15358205539025	7.08018616006714
-0.155642023346304	0.0579842832074464	6.97947661554894
2.51468680857557	-0.0122072175173571	5.06294346532387
5.90829327840085	1.60524910353246	3.46074616617075
11.0780498970016	3.26543068589303	3.15861753261616
13.4767681391623	5.71908140688182	2.99687190051118
14.2580300602731	7.03135728999771	3.0060273136492
12.5978484779126	7.35179674982834	4.04364080262455
10.6630045014115	6.43625543602655	4.60517280842298
6.46982528419928	4.44647898069734	4.11078049897002
4.26337071793698	3.82696269169146	4.12298771648737
1.22072175173571	1.9653620202945	4.43732356755932
-0.314335851071946	0.827038986800946	5.7099259937438
-2.01724269474327	-0.021362630655375	4.12298771648737
-1.55947203784237	0.665293354695964	1.40688181887541
-4.26642252231632	-1.27565423056382	-0.564583810177768
-0.970473792629892	-0.421149004348821	-3.70489051651789
-0.0701915007248035	-0.305180437933928	-4.06805523765927
-1.84634164950027	1.05287251087205	-4.15045395590143
-0.122072175173571	1.86160067139696	-1.7242694743267
0.720225833524071	2.75577935454337	-0.442511635004196
0.958266575112535	3.28679331654841	0.244144350347143
0.460822461280232	5.07515068284123	2.95414663920043
1.82803082322423	6.17380025940337	4.47699702449073
1.32143129625391	7.47386892500191	4.60212100404364
1.41603723201343	8.83802548256657	5.91439688715953
3.13420309758144	9.399557488365	7.11375600823987
4.10772869459068	9.09742885481041	6.22568093385214
7.63866636148623	9.21644922560464	5.7953765163653
7.23582818341344	8.96314946211948	4.09857328145266
10.6599526970321	9.27443350881209	3.68657969024186
7.7607385366598	7.98962386511025	2.35599298084993
7.01609826810101	7.21141374837873	1.22987716487373
4.62043183031968	5.99984740978103	0.839246204318303
1.07118333714809	4.46784161135271	0.466926070038911
-2.65812161440452	2.20340276188296	-0.784313725490196
-3.76897840848402	0.918593118181125	-0.0579842832074464
-5.7251850156405	-0.100709544518196	-1.25734340428779
-5.89913786526284	-1.17494468604562	-1.22987716487373
-4.20538643472953	-1.57473105973907	-1.36110475318532
-2.10574502174411	-1.0101472495613	-0.72632944228275
-1.61440451667048	0.0396734569314107	-0.381475547417411
-0.76600289921416	0.540169375143053	-1.57778286411841
0.500495918211643	0.4272526131075	-1.1261158159762
0.0183108262760357	0.750743877317464	-0.454718852521553
0.241092545967803	2.17898832684825	-1.40688181887541
1.05592431525139	1.54116121156634	-0.64087891966125
2.76798657206073	1.81887541008621	0.119020370794232
3.64385442893111	1.39467460135805	-0.0122072175173571
5.98458838788434	2.05386434729534	-0.00915541313801785
4.89204242008087	1.23903257801175	0.659189745937285
5.81673914702068	2.10574502174411	0.909437705043107
7.4036774242771	4.68757152666514	2.24307621881437
6.92759594110018	5.44136720836194	2.36514839398795
5.46272983901732	6.65293354695964	3.00907911802853
4.00396734569314	6.89707789730678	1.81277180132753
3.41802090486	6.99778744182498	1.63576714732586
3.10063324940871	6.32944228274968	2.69169146257725
1.27260242618448	4.5288776989395	0.155642023346304
1.31227588311589	3.79034103913939	1.05897611963073
1.73952849622339	2.96635385671778	0.576791027695125
1.5533684290837	3.04264896620127	1.05897611963073
-0.131227588311589	2.98771648737316	0.314335851071946
-0.878919661249714	3.49431601434348	2.49637598229953
-0.579842832074464	4.32135500114443	5.39559014267186
-0.885023270008392	5.63057907988098	6.38742656595712
-1.07423514152743	5.64888990615702	8.54505226215
0.274662394140536	6.05783169298848	9.0272373540856
0.576791027695125	5.66414892805371	7.98657206073091
1.01930266269932	6.23178454261082	6.3782711528191
3.61638818951705	6.43320363164721	5.12703135729
3.17387655451286	7.6050965133135	5.45967803463798
7.36400396734569	8.09338521400778	5.34065766384375
9.21950102998398	8.04455634393835	4.74860761425193
10.5317769130999	8.77698939497978	3.70489051651789
8.67017624170291	7.53490501258869	2.24917982757305
7.94995040817884	6.42710002288853	1.96231021591516
4.956130312047	4.55939574273289	0.701915007248035
2.12710765239948	2.99382009613184	1.28786144808118
-1.22072175173571	2.00503547722591	2.89921416037232
-2.1362630655375	0.744640268558785	2.15762569619287
-2.58182650492103	-0.198367284657053	2.88700694285496
-2.65506981002518	0.909437705043107	3.39055466544594
-2.62149996185245	0.903334096284428	2.5787747005417
-1.14747844663157	1.47096971084154	2.99992370489052
-0.277714198519875	0.494392309452964	4.91645685511559
-2.35904478522927	0.119020370794232	5.44136720836194
-2.16067750057221	-1.08339055466545	7.04661631189441
-2.80766002899214	-0.436408026245518	8.54200045777066
-1.08644235904479	0.286869611657893	9.87869077592126
-1.38857099259937	-0.0885023270008393	8.65491721980621
-0.0518806744487678	0.29907682917525	7.85229266803998
-0.115968566414893	1.44350347142748	4.43121995880064
1.17799649042496	0.708018616006714	1.59304188601511
0.558480201419089	1.03150988021668	0.170901045243
4.76691844052796	1.2970168612192	-2.38345922026398
4.96528572518502	2.36514839398795	-2.91142137788968
7.3182269016556	3.31425955596246	-0.991836423285267
9.78713664454109	5.08735790035859	-0.930800335698482
9.93972686350805	5.981536583505	-0.405889982452125
7.80346379797055	4.90730144197757	-0.225833524071107
5.85030899519341	4.91645685511559	-0.283817807278553
2.29495689326314	4.40680552376593	-0.021362630655375
0.671396963454643	3.19829098954757	-0.830090791180285
-1.23598077363241	1.67849240863661	-2.48111696040284
-1.81582360570687	0.964370183871214	-2.43533989471275
-2.99382009613184	1.8646524757763	-1.196307316701
-2.13015945677882	1.02235446707866	-0.9399557488365
-2.5787747005417	-0.732433051041428	-1.37941557946136
-2.42618448157473	0.491340505073625	0.988784618905928
-2.70695048447395	1.09254596780346	1.62966353856718
-0.354009308003357	3.10978866254673	3.14335851071946
0.308232242313268	3.76287479972534	6.16769665064469
2.5787747005417	4.64484626535439	8.90211337453269
1.98672465094987	7.11070420386053	9.26527809567407
4.51667048142214	8.09338521400778	9.32326237888151
5.59395742732891	7.45250629434653	8.31921873807889
8.00793469138628	7.48302433813993	4.62958724345769
6.39047837033646	6.03952086671244	1.25123979552911
9.17067215991455	4.52582589456016	-1.13221942473487
8.53589684901198	3.60723277637903	-2.2064545662623
6.79942015716793	2.85648889906157	-3.38750286106661
5.8655680170901	1.19935912108034	-4.99885557335775
4.3274586099031	2.58487830930037	-3.09758144502937
2.52994583047227	2.89616235599298	-0.994888227664607
-0.329594872968643	0.442511635004196	-2.52689402609293
-2.90836957351034	0.210574502174411	-1.00709544518196
-8.09338521400778	-1.80666819256886	-1.76699473563745
-5.58175020981155	-2.49027237354086	-1.43434805828946
-6.08224612802319	-2.9907682917525	-3.54619668879225
-3.94903486686503	-3.19218738078889	-2.72526131074998
-3.55230029755093	-2.10879682612345	-1.80056458381018
-1.83108262760357	-1.14747844663157	-0.195315480277714
-2.09964141298543	-1.74868390936141	1.13527122911421
-2.18509193560693	-0.115968566414893	1.58999008163577
-1.80056458381018	-0.2563515678645	3.17998016327153
-0.772106507972839	0.949111161974517	2.85648889906157
0.271610589761196	2.58487830930037	2.905317769131
2.42313267719539	2.52994583047227	2.11490043488212
4.80354009308003	3.46990157930877	1.37941557946136
7.21751735713741	3.57671473258564	-0.0122072175173571
9.40260929274434	2.88700694285496	-0.976577401388571
10.9681849393454	2.93888761730373	-2.60318913557641
11.1970702677958	3.20744640268559	-2.70695048447395
6.665140764477	2.71305409323262	-3.1616693369955
5.88693064774548	2.54520485236896	-4.71198596169986
4.57465476462959	1.20241092545968	-3.93377584496834
0.881971465629053	0.167849240863661	-4.0161745632105
-0.329594872968643	-1.92568856336309	-4.93476768139162
-0.0579842832074464	-2.85038529030289	-4.90424963759823
0.195315480277714	-1.41603723201343	-2.32852674143587
0.698863202868696	-1.54726482032502	-2.38040741588464
-0.149538414587625	-2.27969787136645	-1.879911497673
0.63782711528191	-1.92874036774243	-1.06507972838941
-1.00404364080262	-0.805676356145571	-2.11490043488212
-0.323491264209964	-0.823987182421607	-0.845349813076982
1.34889753566796	-0.55542839703975	-0.149538414587625
2.33768215457389	0.238040741588464	0.80872816052491
3.14335851071946	1.89211871519036	3.51873044937819
4.08331425955596	1.99282825970855	7.84008545052262
4.79438467994202	2.99382009613184	10.8339055466545
5.17586022735943	4.56855115587091	12.4727244983597
6.81467917906462	7.97436484321355	13.9284351873045
7.7759975585565	7.75463492790112	13.4370946822309
9.29274433508812	8.36804760814832	8.72816052491035
10.8339055466545	7.64171816586557	4.63874265659571
9.31105516136416	6.33554589150835	0.234988937209125
7.9316395819028	4.81879911497673	-1.97146562905318
2.69779507133593	2.61234454871443	-4.70588235294118
0.0396734569314107	1.07118333714809	-5.68856336308843
-2.98161287861448	-2.51163500419623	-6.9214923323415
-6.05783169298848	-4.41290913252461	-7.54406042572671
-7.84008545052262	-5.67635614557107	-7.00083924620432
-6.82383459220264	-5.48714427405203	-7.56237125200275
-5.42000457770657	-4.16266117341878	-7.87060349431601
-5.74959945067521	-3.12504768444343	-8.42298008697643
-4.58686198214694	-2.74662394140536	-7.52269779507134
-5.08430609597925	-2.54215304798962	-7.7759975585565
-1.94094758525978	-1.84939345387961	-5.52986953536278
-1.62050812542916	-0.933852140077821	-4.24200808728161
-1.67544060425727	0.0183108262760357	-1.58693827725643
-0.717174029144732	-0.234988937209125	-0.158693827725643
-0.732433051041428	0.0976577401388571	1.59609369039445
0.698863202868696	1.7792019531548	2.93278400854505
3.24101625085832	2.35294117647059	3.49736781872282
5.16060120546273	3.60418097199969	5.57869840543221
4.19012741283284	4.90119783321889	4.54718852521553
7.18699931334401	5.73128862439918	3.77203021286336
7.38841840238041	5.14229037918669	3.82696269169146
8.56031128404669	5.50240329594873	1.79140917067216
7.41283283741512	5.30098420691234	0.292973220416571
6.26840619516289	4.5838101777676	0.247196154726482
4.16266117341878	2.5482566567483	-1.08644235904479
1.56557564660105	1.44960708018616	-2.29495689326314
-1.1108567940795	0.744640268558785	-3.93987945372702
-2.45670252536812	-2.09658960860609	-6.54306858930343
-2.76188296330205	-2.96025024795911	-7.08934157320516
-4.06805523765927	-2.89311055161364	-6.48203250171664
-3.81170366979477	-4.39459830624857	-6.89707789730678
-2.8046082246128	-3.75677119096666	-4.65705348287175
-2.88395513847562	-3.47295338368811	-3.72320134279393
-2.27359426260777	-2.90226596475166	-3.43327992675669
0.125123979552911	-2.905317769131	-3.38139925230793
0.704966811627375	-2.93278400854505	-4.03448538948653
2.08743419546807	-2.75577935454337	-3.72320134279393
1.66933699549859	-2.42923628595407	-4.67231250476844
1.95925841153582	-0.683604180972	-2.3773556115053
1.85549706263828	-0.347905699244678	-2.46890974288548
2.65812161440452	0.12817578393225	-1.73342488746471
0.607309071488518	0.305180437933928	-0.457770656900893
2.16372930495155	1.67544060425727	-0.601205462729839
3.97344930189975	2.92973220416571	1.06813153276875
4.3427176317998	3.30205233844511	0.708018616006714
3.03349355306325	3.23491264209964	-1.83413443198291
3.88799877927825	3.59197375448234	-0.38452735179675
3.65300984206912	4.16876478217746	0.738536659800107
0.372320134279393	2.65506981002518	-0.988784618905928
2.02944991226062	2.70084687571527	-1.56862745098039
1.5228503852903	1.74868390936141	-1.44350347142748
1.14442664225223	1.04982070649271	-1.15358205539025
1.88296330205234	0.918593118181125	-1.10780498970016
1.22377355611505	0.363164721141375	-0.286869611657893
2.28885328450446	-1.09254596780346	-2.02334630350195
2.22476539253834	-0.210574502174411	-2.04470893415732
1.61745632104982	-0.50965133134966	-1.30617227435721
1.24818799114977	-1.18715190356298	-3.07316700999466
1.88906691081102	-0.543221179522393	-2.39566643778134
1.20546272983902	-0.564583810177768	-1.07423514152743
0.173952849622339	-1.55642023346304	-1.54421301594568
1.37941557946136	-2.95719844357977	-2.42618448157473
-0.180056458381018	-2.99992370489052	-4.57770656900893
-0.515754940108339	-2.70389868009461	-5.81673914702068
0.63782711528191	-2.10879682612345	-6.38742656595712
0.100709544518196	-1.97451743343252	-6.16769665064469
-0.0610360875867857	0.161745632104982	-4.95307850766766
-1.06507972838941	-0.286869611657893	-6.06088349736782
-1.50453955901427	-0.0457770656900893	-4.55939574273289
-1.62050812542916	0.262455176623178	-2.85343709468223
-0.793469138628214	-0.0518806744487678	-5.00190737773709
-1.44655527580682	0.650034332799268	-4.03448538948653
-1.39772640573739	0.308232242313268	-4.9408712901503
-0.80872816052491	-0.500495918211643	-3.70183871213855
-1.91958495460441	-1.367208361944	-2.77409018081941
-3.66826886396582	-0.869764248111696	-1.35805294880598
-2.95414663920043	0.314335851071946	0.89723048752575
-1.6388189517052	-0.466926070038911	2.61234454871443
-0.964370183871214	0.582894636453803	2.92668039978637
-2.12405584802014	0.0183108262760357	2.89311055161364
0.341802090486	-1.27870603494316	0.701915007248035
0.585946440833143	-1.35500114442664	0.317387655451286
0.85145342183566	-0.976577401388571	0.259403372243839
2.59708552681773	0.177004654001679	-0.674448767833982
2.62760357061112	-0.848401617456321	-1.69680323491264
2.49027237354086	0.402838178072786	-1.97146562905318
1.12916762035554	-1.1108567940795	-2.86869611657893
0.103761348897536	-2.905317769131	-3.67132066834516
-0.952162966353857	-2.73746852826734	-3.25322346837568
-3.83306630045014	-2.94804303044175	-1.87380788891432
-4.5288776989395	-2.00808728160525	-1.03456168459602
-3.3325703822385	-0.961318379491875	0.305180437933928
-5.32845044632639	0.354009308003357	0.601205462729839
-5.41084916456855	-0.329594872968643	1.20546272983902
-4.1870756084535	0.958266575112535	1.16884107728695
-4.9408712901503	-0.265506981002518	1.46181429770352
-4.05279621576257	0.448615243762875	-0.195315480277714
-4.01922636758984	-1.57167925535973	-0.448615243762875
-3.98565651941711	-1.45876249332418	-1.83718623636225
-3.33867399099718	-0.933852140077821	-3.50957503624018
-3.90630960555428	-3.63775082017243	-3.57976653696498
-2.30411230640116	-3.06706340123598	-2.34683756771191
0.262455176623178	-2.80155642023346	-0.677500572213321
2.31326771953918	-2.5787747005417	-0.354009308003357
4.97444113832303	-0.659189745937285	-0.622568093385214
7.4341954680705	1.48012512397955	0.7690547035935
10.2784771496147	2.80155642023346	0.988784618905928
9.03334096284428	3.44243533989471	-0.143434805828946
7.22362096589609	2.23392080567636	-2.09048599984741
2.82291905088884	0.708018616006714	-3.78118562600137
1.05287251087205	-0.21362630655375	-3.43022812237736
-2.10269321736477	-0.0518806744487678	-4.76081483176928
-2.95414663920043	-0.500495918211643	-5.83504997329671
-5.84725719081407	-1.3824673838407	-4.71503776607919
-4.73334859235523	-0.848401617456321	-3.66521705958648
-4.82185091935607	-1.9501029983978	-2.76188296330205
-2.89921416037232	-1.025406271458	-2.32852674143587
-1.51674677653162	0.0579842832074464	0.29907682917525
0.399786373693446	2.39566643778134	2.59098191805905
1.2970168612192	3.20439459830625	3.19218738078889
1.96231021591516	2.36209658960861	3.41802090486
-3.3478294041352	2.23392080567636	2.18509193560693
-4.19012741283284	0.415045395590143	-0.653086137178607
-3.4882124055848	-0.653086137178607	-0.906385900663767
-2.10574502174411	-1.32753490501259	-1.51064316777295
0.543221179522393	-0.689707789730678	-3.54314488441291
4.98664835584039	0.601205462729839	-2.76493476768139
5.42000457770657	0.369268329900053	-3.44548714427405
6.66819256885634	0.997940032043946	-3.49431601434348
5.75570305943389	0.576791027695125	-2.47196154726482
3.42412451361868	-0.378423743038071	-2.81681544213016
0.5981536583505	-0.820935378042267	-2.31021591515984
1.04371709773404	-0.881971465629053	-1.1261158159762
-0.405889982452125	-1.82803082322423	-1.66628519111925
-3.0060273136492	-2.8900587472343	-2.60929274433509
-4.67841611352712	-4.05279621576257	-3.28374151216907
-5.73739223315785	-2.9755092698558	-2.61844815747311
-4.63874265659571	-3.67742427710384	-3.97039749752041
-5.56649118791485	-3.05180437933928	-4.90424963759823
-6.19516289005875	-0.827038986800946	-4.67841611352712
-6.31723506523232	-0.357061112382696	-3.73235675593194
-4.80964370183871	0.790417334248875	-2.78324559395743
-4.16571297779812	1.72121766994736	-1.33974212252995
-4.03143358510719	-0.210574502174411	-1.56252384222171
-3.5736629282063	-0.473029678797589	-1.76089112687877
-3.57976653696498	-3.01213092240787	-3.70183871213855
-4.19317921721218	-4.76386663614862	-5.57869840543221
-3.50041962310216	-5.23384451056687	-6.39047837033646
-3.930724040589	-4.70283054856184	-4.73029678797589
-0.933852140077821	-1.52590218966964	-3.64080262455177
1.58388647287709	-1.0955977721828	-3.8452735179675
3.63164721141375	1.2115663385977	-1.31227588311589
6.01815823605707	3.13420309758144	-0.411993591210803
5.56038757915618	1.98672465094987	-0.219729915312428
4.73029678797589	2.563515678645	-1.01319905394064
4.79133287556268	0.952162966353857	0.0122072175173571
2.3071641107805	1.27565423056382	-0.0579842832074464
0.650034332799268	0.506599526970321	-0.607309071488518
0.347905699244678	0.436408026245518	-1.10780498970016
0.68055237659266	1.71206225680934	-1.15663385976959
0.753795681696803	2.88090333409628	0.863660639353018
0.650034332799268	4.36408026245518	2.66117341878386
1.03761348897536	6.68039978637369	4.05889982452125
-0.424200808728161	5.9510185397116	3.77203021286336
0.711070420386053	5.44136720836194	3.34477759975586
0.988784618905928	3.95513847562371	2.33463035019455
0.958266575112535	3.54924849317159	0.836194399938964
1.79140917067216	1.16273746852827	0.234988937209125
1.93179217212177	0.277714198519875	-0.122072175173571
3.3478294041352	-1.65407797360189	-2.08743419546807
2.29495689326314	-4.74555580987259	-3.77813382162203
2.16372930495155	-5.25215533684291	-3.99176012817578
2.62149996185245	-5.49935149156939	-4.03753719386587
2.48722056916152	-5.50240329594873	-2.62149996185245
3.50041962310216	-4.56549935149157	-1.32448310063325
3.77203021286336	-3.60418097199969	-0.228885328450446
3.19523918516823	-3.31120775158312	-0.219729915312428
2.41397726405737	-3.39665827420462	0.970473792629892
1.1810482948043	-3.78423743038071	0.958266575112535
-0.418097199969482	-3.32036316472114	0.064087891966125
-0.787365529869535	-2.65201800564584	-0.686655985351339
-1.80361638818952	-3.32036316472114	-1.40688181887541
-2.05386434729534	-2.95109483482109	-1.88296330205234
-1.22682536049439	-1.13527122911421	-1.15358205539025
-1.95925841153582	-1.2817578393225	1.55031662470436
-1.43434805828946	0.289921416037232	2.07217517357137
-0.140383001449607	1.88906691081102	4.785229266804
1.85854886701762	1.89211871519036	5.97848477912566
1.64492256046387	1.38551918822004	5.9510185397116
3.39971007858396	1.17189288166629	7.19920653086137
3.35088120851453	0.827038986800946	7.37621118486305
5.39864194705119	1.46486610208286	7.48607614251926
5.30708781567102	1.37636377508202	6.58884565499351
6.42099641412985	1.19020370794232	4.50751506828412
5.10872053101396	0.192263675898375	2.71305409323262
7.57152666514076	0.155642023346304	2.81681544213016
8.20630197604333	-1.45571068894484	3.16472114137484
6.03952086671244	-3.50957503624018	1.75478751812009
6.25009536888685	-3.42412451361868	1.2115663385977
7.85229266803998	-2.49942778667887	3.247119859617
6.87876707103075	-2.62760357061112	2.91142137788968
5.66720073243305	-0.189211871519036	3.5736629282063
6.90318150606546	0.63782711528191	4.77912565804532
6.10055695429923	2.21866178377966	7.0771343556878
6.91844052796216	2.09658960860609	7.87975890745403
8.33142595559625	2.66727702754253	10.7454032196536
7.55931944762341	1.30617227435721	9.76882581826505
7.73327229724575	2.68863965819791	11.2336919203479
8.52674143587396	1.0101472495613	10.9224078736553
9.52162966353857	0.775158312352178	10.3608758678569
8.20935378042267	-0.00610360875867857	8.60914015411612
8.07812619211109	0.372320134279393	8.38025482566568
10.235751888304	0.839246204318303	10.110627908751
9.58571755550469	0.241092545967803	9.60402838178073
10.7087815671015	1.61440451667048	10.8583199816892
10.2937361715114	1.879911497673	9.0424963759823
11.3893339436942	2.23392080567636	9.86343175402457
10.0770580605783	2.21560997940032	8.81055924315251
9.49111161974517	2.21255817502098	9.52468146791791
9.96414129854276	2.38651102464332	10.1472495613031
9.63454642557412	3.17082475013352	9.94888227664607
10.2418554970626	3.14335851071946	9.28053711757076
9.79324025329976	3.75066758220798	9.23476005188067
9.67421988250553	5.6092164492256	9.29579613946746
9.14625772487983	4.87373159380484	8.87769893949798
9.66811627374685	5.0110627908751	9.81765468833448
10.6111238269627	5.51461051346609	12.0759899290455
8.96314946211948	5.31013962005035	9.77187762264439
9.10048065918975	5.61837186236362	9.55825131609064
9.9977111467155	6.14938582436866	8.5297932402533
7.46776531624323	5.12397955291066	7.02830548561837
6.17074845502403	3.759822995346	6.21042191195544
7.4036774242771	3.11284046692607	5.58785381857023
6.79636835278859	2.45975432974746	4.66926070038911
7.88586251621271	2.81376363775082	5.65499351491569
6.9062333104448	3.6743724727245	5.52681773098344
5.05378805218585	0.732433051041428	3.48210879682612
3.74761577782864	0.424200808728161	3.00297550926986
0.949111161974517	-1.02235446707866	0.369268329900053
0.0671396963454643	-3.49126420996414	-1.25429159990845
0.259403372243839	-4.71198596169986	-2.9755092698558
-0.820935378042267	-3.43327992675669	-2.18814373998627
-1.44350347142748	-4.13824673838407	-2.66117341878386
-2.392614633402	-2.5482566567483	-2.24307621881437
-2.67948424505989	-3.32036316472114	-1.47402151522087
-3.25932707713436	-3.02128633554589	-1.64492256046387
-2.37430380712596	-2.07217517357137	-2.4628061341268
-3.59502555886168	-3.73846036469062	-2.03860532539864
-3.57061112382696	-3.47295338368811	-3.24101625085832
-3.97344930189975	-2.09658960860609	-2.08438239108873
-4.35492484931716	-2.62149996185245	-1.70595864805066
-3.08537422751202	-2.11795223926146	-1.55031662470436
-3.28374151216907	-2.88090333409628	-3.17082475013352
