6.32639047837034	2.85954070344091	7.42198825055314
6.12802319371328	2.79850461585412	6.07003891050584
5.2826733806363	3.11589227130541	7.60814831769284
4.05889982452125	1.96841382467384	8.76478217746243
4.67231250476844	1.46486610208286	8.40772106507973
5.35896849011978	1.48622873273823	8.52674143587396
8.51758602273594	2.10269321736477	9.33852140077821
10.110627908751	2.60318913557641	9.45143816281376
10.074006256199	2.73746852826734	10.3059433890288
13.4035248340581	5.07820248722057	12.6924544136721
12.7260242618448	6.81162737468528	12.3872739757382
13.528648813611	6.29892423895628	13.9070725566491
13.5225452048524	7.88586251621271	14.36484321355
14.0596627756161	9.06996261539635	15.8236057068742
16.064698252842	9.70473792629892	14.9752040894179
17.5722896162356	11.1116197451743	16.2203402761883
18.8570992599374	11.7158770122835	16.433966582742
18.7594415197986	12.6192111085679	15.0606546120394
18.5946440833143	11.8776226443885	13.681239032578
16.8001831082628	11.8715190356298	13.3669031815061
15.5397878995956	11.4869916838331	12.6070038910506
13.5072861829557	11.8745708400092	10.406652933547
12.3445487144274	9.96414129854276	10.5561913481346
13.0312046997787	9.12489509422446	8.62745098039216
11.2123292896925	6.25314717326619	6.7200732433051
12.0454718852522	4.56549935149157	7.28160524910353
11.0872053101396	3.57976653696498	6.67124437323568
12.5459678034638	3.89410238803693	7.52880140383001
12.3720149538415	4.06805523765927	8.35278858625162
11.602960250248	4.16266117341878	8.68848706797894
10.2052338445106	4.17486839093614	7.44029907682918
11.3771267261769	4.46173800259403	8.8563363088426
9.16762035553521	5.80453192950332	7.75768673228046
9.43617914091707	6.46066987106127	8.13916227969787
11.9295033188373	8.48706797894255	9.4697489890898
10.9803921568627	7.55931944762341	8.1177996490425
11.8928816662852	8.75562676432441	8.36194399938964
11.1909666590372	9.28969253070878	8.45654993514916
10.6904707408255	8.9723048752575	8.32837415121691
7.36705577172503	9.18898298619058	6.50949874113069
7.63866636148623	8.74036774242771	5.24910353246357
5.86861982146944	9.32326237888151	4.45868619821469
5.74349584191653	8.39246204318303	3.88189517051957
2.67948424505989	6.61326009002823	2.94499122606241
1.21461814297704	4.48004882887007	2.02944991226062
-2.04470893415732	2.58182650492103	-0.0610360875867857
-2.39871824216068	-0.991836423285267	-0.390630960555428
-4.12909132524605	-2.80766002899214	-0.689707789730678
-5.96932936598764	-3.52483405813687	-0.656137941557946
-5.62752727550164	-2.3071641107805	1.24513618677043
-4.26947432669566	-1.39772640573739	1.91348134584573
-4.73334859235523	0.323491264209964	3.01213092240787
-4.71198596169986	1.83413443198291	1.91042954146639
-2.94804303044175	2.74357213702602	2.42923628595407
-1.68764782177462	4.50446326390478	2.6337071793698
-0.860608834973678	3.67742427710384	2.78934920271611
0.775158312352178	5.94491493095293	3.76897840848402
1.94705119401846	5.81673914702068	1.91958495460441
-0.305180437933928	4.43427176317998	2.43839169909209
-1.00099183642329	6.24704356450752	2.00808728160525
-1.40383001449607	5.6244754711223	-0.317387655451286
-2.1210040436408	5.09040970473793	-1.0406652933547
-2.75577935454337	3.61333638513771	-1.73952849622339
-2.42008087281605	5.20637827115282	-0.244144350347143
-2.54215304798962	4.11688410772869	-2.16067750057221
-5.65499351491569	2.02944991226062	-1.54726482032502
-6.19516289005875	1.00099183642329	-3.64995803768978
-7.19920653086137	-0.985732814526589	-4.96223392080568
-8.41992828259709	-2.95414663920043	-7.88891432059205
-8.98451209277485	-5.78316929884794	-9.20119020370794
-9.47890440222782	-7.36095216296635	-8.91432059205005
-10.0465400167849	-8.13916227969787	-8.20630197604333
-9.13099870298314	-7.73937590600443	-8.32532234683757
-9.03334096284428	-7.29991607537957	-8.42603189135576
-8.4596017395285	-4.66620889600977	-7.63256275272755
-6.75974670023651	-3.90936140993362	-7.4341954680705
-7.50133516441596	-2.73136491950866	-7.58068207827878
-8.04455634393835	-1.91958495460441	-7.7454795147631
-9.35072861829557	-0.888075074387732	-7.8461890592813
-8.72205691615167	-2.0355535210193	-8.41382467383841
-9.76272220950637	-1.43129625391012	-7.43114366369116
-8.85938811322194	-1.8951705195697	-7.13206683451591
-9.30189974822614	-0.793469138628214	-5.37422751201648
-8.29785610742351	-1.27870603494316	-4.89204242008087
-6.5491721980621	1.27870603494316	-3.17082475013352
-7.38841840238041	1.81277180132753	-5.41695277332723
-7.97436484321355	0.292973220416571	-7.11985961699855
-7.56542305638209	1.90432593270771	-6.48203250171664
-7.39452201113909	0.222781719691768	-7.1473258564126
-7.44029907682918	0.393682764934768	-5.11787594415198
-6.58579385061418	1.05592431525139	-3.24101625085832
-6.96726939803159	0.192263675898375	-1.85854886701762
-7.53185320820935	0.921644922560464	-3.42107270923934
-7.47386892500191	1.20851453421836	-3.02433813992523
-7.04966811627375	0.674448767833982	-4.48004882887007
-7.90112153810941	0.497444113832303	-4.80354009308003
-7.05577172503243	0.909437705043107	-3.78118562600137
-5.51155870908675	1.34279392690929	-4.09246967269398
-5.41390096894789	2.44754711223011	-2.43228809033341
-4.81879911497673	1.33974212252995	-2.79240100709545
-4.46784161135271	2.55130846112764	-3.61638818951705
-3.91851682307164	2.93278400854505	-0.4272526131075
-5.59395742732891	3.17387655451286	0.573739223315785
-5.20332646677348	2.25528343633173	0.109864957656214
-6.34164950026703	3.80560006103609	-0.219729915312428
-5.83504997329671	4.95002670328832	-1.68154421301595
-4.37933928435187	6.0364690623331	-3.25017166399634
-3.33867399099718	6.28061341268025	-2.4078736552987
-3.55840390630961	6.69565880827039	-3.8300144960708
-2.31021591515984	8.40161745632105	-2.91752498664836
-2.24612802319371	7.96215762569619	-2.27359426260777
-4.09246967269398	9.36293583581292	-0.390630960555428
-3.36308842603189	8.34973678187228	-1.24513618677043
-4.41596093690394	8.05981536583505	-2.41702906843671
-6.14633401998932	7.57152666514076	-3.076218814374
-5.98764019226368	6.91538872358282	-3.61333638513771
-6.00289921416037	5.72213321126116	-6.00595101853971
-4.43732356755932	6.90318150606546	-8.54200045777066
-2.89616235599298	6.22568093385214	-6.42404821850919
-2.90226596475166	6.88181887541009	-5.00495918211643
-1.9653620202945	6.81467917906462	-5.93270771343557
-2.36209658960861	7.20531013962005	-4.272526131075
-3.39055466544594	6.5491721980621	-4.55634393835355
-2.42313267719539	8.00488288700694	-3.67132066834516
-3.56450751506828	9.25001907377737	-4.15045395590143
-1.93789578088045	10.595864805066	-3.70794232089723
-2.42008087281605	10.5989166094453	-1.5228503852903
-1.7792019531548	12.5429159990845	-1.65102616922255
-1.89822232394903	11.7524986648356	-0.04272526131075
-2.44144350347143	10.6935225452049	0.189211871519036
-2.97856107423514	10.4127565423056	0.222781719691768
-3.75371938658732	9.14625772487983	-1.12001220721752
-4.30609597924773	8.86854352635996	-1.15968566414893
-3.13725490196078	9.70473792629892	-2.4628061341268
-2.68558785381857	9.10963607232776	-3.26543068589303
-1.41908903639277	9.42702372777905	-2.8198672465095
-1.05287251087205	8.08117799649042	-0.888075074387732
-2.27969787136645	6.81467917906462	-0.973525597009232
-0.497444113832303	6.93980315861753	-3.43327992675669
-1.28786144808118	6.55527580682078	-0.781261921110857
-0.549324788281071	6.15854123750668	-1.70595864805066
-2.19119554436561	5.83199816891737	-2.36514839398795
-0.2563515678645	5.72213321126116	-0.787365529869535
-2.30411230640116	5.79842832074464	-1.91958495460441
-2.04165712977798	6.38132295719844	-0.357061112382696
-3.54924849317159	6.63157091630427	0.250247959105821
-2.49027237354086	8.18188754100862	0.0122072175173571
-2.09048599984741	8.04455634393835	0.915541313801785
-2.45975432974746	8.28259708552682	1.45876249332418
-2.69779507133593	8.1879911497673	-0.399786373693446
-1.95925841153582	7.25719081406882	-2.5482566567483
-1.58388647287709	8.45349813076982	-1.46181429770352
-2.49942778667887	9.2988479438468	-2.14541847867552
-2.75883115892271	9.36598764019226	-0.97962920576791
-3.76592660410468	8.84107728694591	-0.12817578393225
-3.44853894865339	8.56031128404669	0.531013962005035
-3.03349355306325	8.81666285191119	2.53910124361028
-1.40077821011673	8.7861448081178	-0.64087891966125
-1.71511406118868	7.78210116731517	-0.915541313801785
-0.146486610208286	10.0007629510948	-0.164797436484321
-1.35500114442664	7.62035553521019	-2.24002441443503
-1.70901045243	7.49523155565728	-0.796520943007553
-3.29289692530709	7.59288929579614	-0.491340505073625
-1.70290684367132	7.70885786221103	0.820935378042267
-1.38857099259937	7.00999465934234	-0.445563439383536
-1.08644235904479	5.49324788281071	-0.262455176623178
-0.524910353246357	5.26436255436027	-2.81376363775082
-1.17799649042496	4.07110704203861	-2.7191577019913
-2.59708552681773	4.68146791790646	-5.17586022735943
-2.86869611657893	4.33356221866178	-4.13214312962539
-1.2115663385977	4.41596093690394	-4.09857328145266
-1.04371709773404	5.49935149156939	-3.37224383916991
-0.302128633554589	4.9408712901503	-0.488288700694285
1.25123979552911	6.27756160830091	0.363164721141375
1.196307316701	8.35584039063096	1.84939345387961
1.51369497215228	8.51758602273594	3.67742427710384
0.787365529869535	9.93362325474937	3.45769436179141
1.09864957656214	8.23376821545739	1.52895399404898
0.0183108262760357	8.77393759060044	1.23903257801175
-1.44350347142748	9.36293583581292	3.19523918516823
-1.01625085831998	7.22362096589609	1.85854886701762
-0.442511635004196	7.04356450751507	2.16678110933089
0.408941786831464	8.68238345922026	3.66216525520714
0.228885328450446	7.56237125200275	3.54924849317159
0.405889982452125	7.28465705348287	2.84428168154421
1.57167925535973	8.99671931029221	3.72320134279393
0.338750286106661	7.87975890745403	2.69169146257725
-1.46486610208286	7.45250629434653	1.26039520866712
-2.4933241779202	4.35187304493782	-0.305180437933928
-4.36408026245518	3.20134279392691	-0.885023270008392
-5.60616464484626	3.15251392385748	-0.72327763790341
-3.95819028000305	2.47501335164416	-0.00305180437933928
-2.4078736552987	4.46173800259403	-0.329594872968643
0.64087891966125	5.68245975432975	3.76897840848402
2.98161287861448	7.00083924620432	3.09758144502937
3.95513847562371	7.69665064469368	3.01213092240787
3.54314488441291	6.51865415426871	1.54726482032502
2.70389868009461	6.17990386816205	-0.436408026245518
1.62966353856718	8.20019836728466	0.106813153276875
1.60524910353246	7.19310292210269	-0.625619897764553
2.92973220416571	8.45654993514916	1.06507972838941
2.95719844357977	8.14221408407721	1.60524910353246
4.49225604638743	8.31311512932021	2.8198672465095
4.74860761425193	7.24498359655146	2.27054245822843
3.39055466544594	8.22156099794003	0.143434805828946
1.51979858091096	6.95811398489357	-1.0955977721828
-0.326543068589303	6.59494926375219	-2.67948424505989
-0.9399557488365	5.88693064774548	-3.81170366979477
-1.68459601739528	5.2674143587396	-2.77103837644007
-2.11795223926146	4.26947432669566	-3.22270542458228
-0.466926070038911	3.66216525520714	-0.228885328450446
0.0732433051041428	5.06904707408255	-0.399786373693446
1.1108567940795	5.09346150911727	0.778210116731518
1.00404364080262	5.76180666819257	1.61440451667048
2.80155642023346	4.51972228580148	0.0823987182421607
1.88906691081102	4.37323567559319	0.735484855420768
1.49843595025559	4.83100633249409	1.57778286411841
2.00503547722591	5.68856336308843	3.14030670634012
1.01930266269932	6.9214923323415	1.81277180132753
3.14335851071946	8.81971465629053	2.01724269474327
3.17998016327153	9.63454642557412	2.4628061341268
4.72724498359655	10.7148851758602	1.54726482032502
6.04562447547112	11.4229037918669	1.41298542763409
5.00495918211643	8.81361104753185	0.888075074387732
5.35896849011978	8.63965819790951	1.5228503852903
3.90020599679561	7.78210116731517	0.0549324788281071
0.787365529869535	6.53696498054475	-0.305180437933928
1.78225375753414	5.78927290760662	0.119020370794232
0.326543068589303	5.72213321126116	1.80361638818952
-0.561532005798428	4.16876478217746	0.119020370794232
0.21362630655375	3.15556572823682	-0.418097199969482
0.741588464179446	3.03959716182193	-0.387579156176089
0.448615243762875	1.06813153276875	-1.95620660715648
-0.231937132829786	0.817883573662928	-4.35187304493782
0.549324788281071	2.51163500419623	-2.07217517357137
0.448615243762875	1.90737773708705	-1.32448310063325
-1.51369497215228	2.24002441443503	-0.115968566414893
-0.863660639353018	3.18608377203021	1.12306401159686
0.906385900663767	5.55733577477684	2.16067750057221
1.31837949187457	6.83604180972	1.32448310063325
2.29800869764248	6.28366521705959	-0.805676356145571
3.81475547417411	8.20630197604333	0.863660639353018
5.67330434119173	7.8461890592813	-0.585946440833143
6.36606393530175	5.56038757915618	0.0732433051041428
3.53093766689555	5.78927290760662	1.34279392690929
3.25017166399634	4.73640039673457	1.85244525825895
0.958266575112535	2.44144350347143	-0.756847486076142
0.393682764934768	1.39162279697871	-1.7944609750515
-0.180056458381018	1.95620660715648	-1.51369497215228
1.99588006408789	0.903334096284428	-4.22980086976425
2.69474326695659	-1.06202792401007	-4.11688410772869
2.42618448157473	-1.65102616922255	-3.62554360265507
3.00907911802853	-1.71206225680934	-4.15350576028077
1.35500114442664	-2.71000228885328	-2.42618448157473
-0.582894636453803	-2.42008087281605	-1.37026016632334
0.173952849622339	-0.546272983901732	-0.390630960555428
1.538109407187	1.22377355611505	1.84634164950027
1.45876249332418	2.92057679102769	2.29800869764248
3.13115129320211	3.42107270923934	2.56656748302434
4.101625085832	2.1210040436408	1.79751277943084
5.10261692225528	2.96330205233845	1.367208361944
5.51155870908675	3.16472114137484	1.73342488746471
2.96940566109712	2.42313267719539	0.720225833524071
3.05790798809796	3.07927061875334	-0.112916762035554
2.02029449912261	4.71808957045853	0.659189745937285
2.58182650492103	3.54924849317159	0.00305180437933928
2.11795223926146	4.83100633249409	-1.02845807583734
1.8646524757763	4.14129854276341	-2.12710765239948
3.12199588006409	3.32646677347982	-1.56557564660105
2.33768215457389	3.25017166399634	-1.73952849622339
1.20851453421836	3.11589227130541	-2.57267109178302
0.537117570763714	1.29396505683986	-2.39871824216068
-0.0183108262760357	1.367208361944	-1.51674677653162
-0.183108262760357	1.58999008163577	-2.70389868009461
-0.872816052491035	0.515754940108339	-0.784313725490196
-1.36415655756466	-0.0976577401388571	-0.9399557488365
-2.40177004654002	0.164797436484321	-2.51773861295491
-1.51369497215228	-1.07728694590677	-2.75883115892271
-1.18715190356298	-1.2970168612192	-1.02235446707866
-0.717174029144732	-1.56252384222171	-0.143434805828946
1.44655527580682	0.125123979552911	2.31021591515984
2.07827878233005	-0.906385900663767	2.58793011367971
1.36110475318532	0.277714198519875	3.59502555886168
1.13221942473487	-0.12817578393225	0.531013962005035
1.16273746852827	-0.805676356145571	-0.839246204318303
1.00099183642329	-1.68764782177462	-2.44144350347143
1.67849240863661	-1.2115663385977	-2.54520485236896
0.122072175173571	-2.39566643778134	-1.04982070649271
0.00305180437933928	-1.55642023346304	0.55542839703975
0.228885328450446	0.0183108262760357	0.0305180437933928
0.619516289005875	0.170901045243	0.289921416037232
-0.0244144350347143	0.89417868314641	0.360112916762036
-0.109864957656214	1.98672465094987	-0.0579842832074464
0.0549324788281071	2.29495689326314	0.704966811627375
-2.25833524071107	0.686655985351339	-0.0305180437933928
-0.616464484626535	0.158693827725643	1.34889753566796
0.738536659800107	-0.842298008697642	-0.72632944228275
-1.26955062180514	-1.90737773708705	0.161745632104982
0.579842832074464	-2.02334630350195	-1.06813153276875
-0.393682764934768	-2.87479972533761	-1.61745632104982
-0.970473792629892	-3.4027618829633	-0.827038986800946
-0.357061112382696	-4.49835965514611	-0.0610360875867857
0.445563439383536	-3.33562218661784	2.40482185091936
0.387579156176089	-2.8046082246128	2.75577935454337
-0.543221179522393	-1.69680323491264	2.44144350347143
0.762951094834821	-0.457770656900893	1.64797436484321
0.357061112382696	-0.0793469138628214	2.392614633402
2.03860532539864	-1.47707331960021	0.576791027695125
1.87685969329366	-1.51979858091096	0.488288700694285
1.73037308308537	-1.77004654001678	0.311284046692607
1.97146562905318	-2.00503547722591	-0.308232242313268
1.96841382467384	-1.88601510643168	-1.31532768749523
0.997940032043946	-2.83207446402686	-1.91348134584573
2.66117341878386	-2.85648889906157	-1.5533684290837
4.05279621576257	-2.42008087281605	-0.29907682917525
3.88799877927825	-2.8351262684062	-0.424200808728161
4.01007095445182	-2.13321126115816	-1.2817578393225
4.37933928435187	-2.34988937209125	0.131227588311589
3.69268329900053	-3.31120775158312	-0.439459830624857
2.73746852826734	-4.10772869459068	-4.23590447852293
2.64286259250782	-4.46478980697337	-3.9154650186923
2.38040741588464	-4.02838178072786	-1.32143129625391
1.78225375753414	-3.21049820706493	-2.10574502174411
1.1261158159762	-3.75677119096666	0.177004654001679
1.85549706263828	-3.34172579537652	2.392614633402
3.57976653696498	-2.34683756771191	2.54520485236896
3.48516060120546	-3.02128633554589	1.43434805828946
3.99481193255512	-2.70695048447395	-0.180056458381018
6.35690852216373	-1.49233234149691	0.561532005798428
5.63668268863966	-1.21461814297704	-0.152590218966964
3.20744640268559	-3.04570077058061	-1.43129625391012
3.95208667124437	-2.66727702754253	-1.98977645532921
3.85137712672618	-2.2369726100557	-0.143434805828946
4.64179446097505	-1.74868390936141	-0.0701915007248035
4.72724498359655	-0.9399557488365	0.479133287556268
4.39154650186923	-0.125123979552911	0.717174029144732
3.97650110627909	-0.674448767833982	0.836194399938964
1.80056458381018	-1.64492256046387	-0.854505226215
0.521858548867018	-4.59296559090562	-0.988784618905928
-1.25123979552911	-6.51865415426871	-1.31837949187457
0.463874265659571	-6.42099641412985	-1.8951705195697
1.46486610208286	-6.11581597619593	-0.924696726939803
0.619516289005875	-5.74349584191653	0.369268329900053
2.6642252231632	-4.58075837338827	-0.119020370794232
2.61539635309377	-4.19012741283284	-0.0854505226215
3.0609597924773	-5.32845044632639	-0.891126878767071
3.53398947127489	-5.33150225070573	-1.30006866559854
2.31937132829786	-4.67231250476844	-3.20744640268559
3.28374151216907	-6.01815823605707	-2.09048599984741
1.88296330205234	-5.14534218356603	-2.64286259250782
2.734416723888	-4.83710994125277	-1.02845807583734
5.13923857480736	-3.46074616617075	1.68764782177462
5.65499351491569	-2.91142137788968	1.59304188601511
7.53185320820935	-1.93484397650111	1.2115663385977
6.14633401998932	-0.137331197070268	1.37941557946136
6.10666056305791	0.744640268558785	0.0122072175173571
4.38849469748989	1.22072175173571	-1.99282825970855
3.15556572823682	1.40077821011673	-1.32143129625391
1.05592431525139	0.0854505226215	-1.28786144808118
1.37026016632334	-2.15762569619287	-1.46486610208286
0.613412680247196	-2.1515220874342	-0.0915541313801785
0.714122224765393	-3.43022812237736	0.881971465629053
-0.665293354695964	-3.45464255741207	0.0335698481727321
0	-3.89105058365759	-1.32448310063325
1.00709544518196	-3.25322346837568	-2.86869611657893
1.98367284657053	-4.26642252231632	-6.46982528419928
2.2064545662623	-5.97238117036698	-5.27046616311894
1.70595864805066	-5.84725719081407	-3.94293125810636
3.80254825665675	-4.58686198214694	-1.71206225680934
4.39459830624857	-5.02021820401312	0.408941786831464
4.2572671091783	-5.20027466239414	0.570687418936446
4.82490272373541	-5.49019607843137	0.302128633554589
4.11688410772869	-5.93881132219425	-1.6937514305333
3.37224383916991	-6.67429617761502	-3.19829098954757
3.46990157930877	-5.8808270389868	-4.30914778362707
4.14129854276341	-5.5237659266041	-4.57160296025025
5.56954299229419	-4.03753719386587	-2.56961928740368
8.16052491035325	-1.50759136339361	-1.5533684290837
9.41176470588235	-0.347905699244678	2.71000228885328
8.96620126649882	0.820935378042267	5.99374380102235
6.62546730754559	0.567635614557107	4.6997787441825
3.03349355306325	-0.0366216525520714	4.04364080262455
1.14137483787289	-2.98161287861448	1.56557564660105
-2.05386434729534	-6.28671702143893	-2.73746852826734
-3.60723277637903	-7.05271992065309	-6.34470130464637
-4.32135500114443	-7.87670710307469	-7.76989394979782
-4.62043183031968	-8.02624551766232	-5.78316929884794
-3.54009308003357	-6.39658197909514	-4.08026245517662
-1.89211871519036	-5.20637827115282	-0.195315480277714
-1.64797436484321	-3.45159075303273	2.64286259250782
0.833142595559625	-3.90936140993362	3.63469901579309
2.44449530785077	-4.5136186770428	3.08537422751202
0.848401617456321	-5.4383154039826	2.08438239108873
-0.286869611657893	-6.97032120241093	-1.03150988021668
-0.762951094834821	-8.46875715266651	-3.88799877927825
-1.60524910353246	-9.57961394674601	-7.27550164034485
-1.84939345387961	-12.0668345159075	-9.58571755550469
-2.29495689326314	-11.9142442969406	-11.2031738765545
1.95925841153582	-9.5551995117113	-6.89402609292744
3.43022812237736	-6.3935301747158	-1.1108567940795
4.93171587701228	-4.20538643472953	2.64591439688716
5.33455405508507	-0.152590218966964	5.25520714122225
6.91844052796216	2.15762569619287	7.1625848783093
5.27046616311894	1.70901045243	5.91439688715953
3.22880903334096	0.619516289005875	2.55741206988632
-0.72632944228275	-1.80056458381018	0.146486610208286
-0.943007553215839	-2.92668039978637	-1.48622873273823
-2.05691615167468	-6.11581597619593	-5.08125429159991
-3.03349355306325	-7.73022049286641	-8.00793469138628
-3.77813382162203	-9.14625772487983	-9.88479438467994
-4.21454184786755	-9.08827344167239	-10.2876325627527
-2.90226596475166	-9.52162966353857	-7.45860990310521
-2.16678110933089	-9.05470359349966	-2.38956282902266
0.259403372243839	-5.39253833829252	3.62554360265507
1.1810482948043	-1.85244525825895	9.63149462119478
5.12092774853132	0.512703135729	11.8287937743191
7.55321583886473	2.88090333409628	11.7555504692149
7.58068207827878	3.80254825665675	6.85740444037537
7.46471351186389	-0.0701915007248035	1.07728694590677
4.06500343327993	-3.1464103150988	-3.29289692530709
2.42923628595407	-4.15045395590143	-7.5745784695201
-0.476081483176928	-6.82688639658198	-9.76882581826505
-2.85038529030289	-5.67330434119173	-9.9824521248188
-2.13931486991684	-6.41794460975052	-8.59693293659876
-3.92767223620966	-5.78316929884794	-6.64072632944228
-3.588921950103	-4.56855115587091	-2.00198367284657
-1.49843595025559	-2.74357213702602	2.53299763485161
-0.244144350347143	-2.92973220416571	6.36301213092241
-0.0762951094834821	-2.33157854581521	8.05676356145571
0.421149004348821	-2.34683756771191	6.45456626230259
0.433356221866178	-3.75677119096666	5.64278629739834
-0.5981536583505	-3.80865186541543	0.424200808728161
-2.30411230640116	-4.52277409018082	-2.82597085526818
-1.3824673838407	-5.02021820401312	-5.73739223315785
-2.96635385671778	-4.90119783321889	-8.15136949721523
-2.02944991226062	-5.44136720836194	-7.1625848783093
-1.63576714732586	-4.94697489890898	-5.85030899519341
-0.436408026245518	-4.72419317921721	-3.32951857785916
0.378423743038071	-4.29694056610971	-1.0101472495613
-0.00305180437933928	-5.00190737773709	1.33058670939193
-0.753795681696803	-5.66720073243305	3.14946211947814
-1.22987716487373	-6.15854123750668	3.87273975738155
-4.88899061570153	-7.85534447241932	0.689707789730678
-4.80048828870069	-8.4596017395285	1.03456168459602
-5.18196383611811	-7.21446555275807	-0.704966811627375
-6.28061341268025	-7.46776531624323	-2.71305409323262
-6.73228046082246	-7.69665064469368	-4.39765011062791
-6.78416113527123	-6.50034332799268	-3.759822995346
-6.35690852216373	-4.75165941863127	-2.9755092698558
-3.47905699244678	-2.82597085526818	-2.88700694285496
-1.06202792401007	-1.04371709773404	-0.375371938658732
0.711070420386053	1.10780498970016	2.41092545967803
1.78225375753414	3.12809948882277	4.1870756084535
1.7242694743267	2.35294117647059	5.39864194705119
-0.0122072175173571	2.37125200274662	5.18196383611811
0.125123979552911	0.396734569314107	5.86251621271076
-1.95925841153582	-0.592050049591821	6.26840619516289
-3.32341496910048	-2.72220950637064	4.92561226825361
-5.03547722590982	-3.98565651941711	2.71610589761196
-8.95399404898146	-5.7099259937438	0.820935378042267
-9.37819485770962	-6.85130083161669	-2.60013733119707
-8.36194399938964	-7.90722514686809	-5.60311284046693
-6.28976882581826	-7.43114366369116	-4.77912565804532
-4.92256046387427	-6.86655985351339	-3.6743724727245
-2.74357213702602	-5.28572518501564	-2.09964141298543
-0.442511635004196	-3.11589227130541	1.14747844663157
-0.436408026245518	-2.8046082246128	2.19729915312428
-1.80056458381018	-2.02334630350195	3.31120775158312
-0.241092545967803	0.613412680247196	3.52483405813687
-1.48317692835889	-0.674448767833982	2.90226596475166
-1.20546272983902	-0.585946440833143	0.970473792629892
-3.1616693369955	-1.4373998626688	0.772106507972839
-2.60013733119707	-1.73037308308537	-0.781261921110857
-2.73136491950866	-1.58388647287709	-1.35805294880598
-2.81376363775082	-1.48317692835889	-2.27969787136645
6.28976882581826	-1.51369497215228	-1.79140917067216
9.15541313801785	-1.18410009918364	-0.967421988250553
11.2275883115892	-2.57572289616236	-1.0101472495613
11.9783321889067	-3.21660181582361	-1.95315480277714
10.4951552605478	-4.40375371938659	-1.91042954146639
9.41176470588235	-5.23689631494621	-2.15457389181353
7.51354238193332	-4.82795452811475	-3.45159075303273
5.56038757915618	-3.86968795300221	-1.57473105973907
6.17074845502403	-2.98161287861448	-1.85244525825895
4.1718165865568	-2.20035095750362	-0.0122072175173571
3.61943999389639	-0.662241550316625	2.81376363775082
4.81269550621805	0.527962157625696	4.97444113832303
6.08224612802319	1.24513618677043	4.45258258945602
10.5165178912032	3.13420309758144	6.70176241702907
11.3832303349355	2.72831311512932	4.13519493400473
10.7881284809644	3.35088120851453	2.84428168154421
11.6884107728695	2.88090333409628	2.36820019836728
10.7118333714809	1.92263675898375	2.02029449912261
9.69253070878157	1.51979858091096	2.85954070344091
9.62233920805676	0.659189745937285	1.75783932249943
8.45044632639048	0.112916762035554	1.75478751812009
9.32326237888151	0.900282291905089	1.879911497673
9.228656443122	-0.234988937209125	1.89822232394903
11.1604486152438	0.0183108262760357	2.79545281147478
11.7341878385595	-0.411993591210803	2.31021591515984
10.8430609597925	-1.9653620202945	2.905317769131
