1.32143129625391	0.891126878767071	1.39467460135805
2.75577935454337	1.46486610208286	4.00396734569314
4.97138933394369	4.26031891355764	4.68757152666514
1.31837949187457	3.27153429465171	3.38139925230793
3.17692835889219	3.99481193255512	2.65812161440452
0.961318379491875	1.66933699549859	-1.51979858091096
-0.973525597009232	-0.616464484626535	-2.69779507133593
-2.84428168154421	-3.91851682307164	-5.12703135729
-3.8300144960708	-3.96124208438239	-5.52681773098344
-3.49126420996414	-4.0161745632105	-4.54718852521553
-2.80155642023346	-2.18204013122759	-4.12603952086671
-2.91447318226902	-1.19020370794232	-3.64995803768978
-0.643930724040589	-1.33363851377127	-3.28984512092775
0.778210116731518	-1.68764782177462	-3.076218814374
1.41298542763409	-1.70290684367132	-2.13931486991684
0.842298008697642	-0.195315480277714	-0.134279392690929
0.109864957656214	0.686655985351339	1.80361638818952
-1.38551918822004	0.112916762035554	2.31631952391852
-3.4882124055848	-0.747692072938125	1.23598077363241
-3.79949645227741	-1.70901045243	1.50453955901427
-5.54818036163882	-4.77912565804532	-0.85145342183566
-5.31624322880903	-5.62142366674296	-1.98977645532921
-3.35088120851453	-5.09040970473793	-1.87685969329366
-3.50652323186084	-3.71709773403525	-2.37430380712596
-1.24513618677043	-1.14137483787289	-2.65201800564584
1.77615014877546	2.09658960860609	-1.65102616922255
5.03242542153048	7.21751735713741	-0.662241550316625
6.64682993820096	11.0475318532082	-0.512703135729
8.27954528114748	15.4695963988708	1.31837949187457
9.57656214236667	16.7238879987793	2.73136491950866
8.06286717021439	16.0860608834974	2.90226596475166
5.69161516746777	13.4431982909895	2.32547493705653
2.52994583047227	8.49622339208057	1.39772640573739
-0.534065766384375	4.80048828870069	0.93690394445716
-1.59914549477379	2.97245746547646	1.15968566414893
-1.0406652933547	3.41191729610132	1.57167925535973
1.59304188601511	5.85030899519341	2.67643244068055
5.39864194705119	10.1564049744411	4.67231250476844
6.38132295719844	13.6568245975433	5.47493705653468
7.37010757610437	17.4044403753719	6.69565880827039
7.7454795147631	19.5773250934615	6.78416113527123
5.07820248722057	18.4969863431754	6.70481422140841
4.71808957045853	19.1470206759747	5.6946669718471
3.83916990920882	16.6018158236057	3.55230029755093
1.69680323491264	12.28656443122	0.72632944228275
-1.24818799114977	6.44541084916457	-1.64797436484321
-2.54215304798962	-0.332646677347982	-3.25627527275502
-2.96635385671778	-7.54100862134737	-4.28778515297169
-0.878919661249714	-11.3984893568322	-4.01922636758984
1.44045166704814	-13.3943694209201	-3.45159075303273
3.38139925230793	-13.2021057450217	-1.90432593270771
3.66521705958648	-10.2235446707866	-1.79751277943084
1.29396505683986	-9.26527809567407	-2.31021591515984
-1.81887541008621	-9.35072861829557	-4.20843823910887
-4.50141145952544	-9.76272220950637	-4.46478980697337
-10.0984206912337	-10.7301441977569	-6.17990386816205
-9.83901731898985	-8.72510872053101	-6.10971236743725
-8.8715953307393	-6.3935301747158	-5.30098420691234
-6.94285496299687	-3.18913557640955	-3.36614023041123
-3.70183871213855	1.83108262760357	-0.967421988250553
-0.210574502174411	4.70588235294118	1.2115663385977
1.91348134584573	4.22064545662623	2.64591439688716
3.28068970778973	2.8198672465095	2.2064545662623
4.84321355001144	0.781261921110857	0.308232242313268
3.34477759975586	-4.46784161135271	-2.57267109178302
0.122072175173571	-6.28366521705959	-5.13923857480736
-2.99687190051118	-7.9316395819028	-6.01510643167773
-6.51255054551003	-9.6253910124361	-7.60814831769284
-9.82375829709316	-9.10048065918975	-7.3182269016556
-11.2764171816587	-7.99267566948959	-6.28061341268025
-10.9956511787594	-7.02220187685969	-7.6050965133135
-8.33752956435493	-5.67635614557107	-7.37621118486305
-4.45868619821469	-5.5390249485008	-7.22667277027543
-0.762951094834821	-3.04264896620127	-5.19417105363546
3.38445105668727	-0.714122224765393	-2.77714198519875
8.24292362859541	1.92568856336309	0.204470893415732
5.00801098649577	2.88700694285496	1.03456168459602
5.6946669718471	3.04264896620127	0.747692072938125
4.20233463035019	4.21454184786755	0.881971465629053
2.20950637064164	3.89715419241627	-0.820935378042267
-0.430304417486839	1.58083466849775	-1.7242694743267
-3.20439459830625	0.04272526131075	-2.15457389181353
-6.25925078202487	-1.72121766994736	-0.585946440833143
-7.51354238193332	-2.94804303044175	1.05897611963073
-8.92652780956741	-4.87678339818418	1.39467460135805
-8.19104295414664	-4.51667048142214	2.38956282902266
-5.92660410467689	-2.87174792095827	3.38750286106661
-2.07522697795071	0.491340505073625	2.50858319981689
0.933852140077821	3.75371938658732	0.369268329900053
2.21866178377966	7.18089570458534	-1.08644235904479
3.19523918516823	8.58472571908141	-2.22476539253834
3.86053253986419	9.84817273212787	-2.88395513847562
2.21560997940032	6.19516289005875	-4.85847257190814
-0.756847486076142	2.5787747005417	-3.82085908293278
-2.23086900129702	0.292973220416571	-2.56961928740368
-3.52483405813687	-2.07827878233005	-0.695811398489357
-4.80354009308003	-3.08842603189136	1.32143129625391
-3.64995803768978	-3.15251392385748	2.36209658960861
-2.61234454871443	-1.92263675898375	2.61539635309377
-1.94094758525978	-2.16678110933089	1.47707331960021
-0.125123979552911	-1.76089112687877	0.585946440833143
-0.891126878767071	-2.25528343633173	-1.06813153276875
0.0549324788281071	0.280766002899214	-0.701915007248035
-0.228885328450446	3.6591134508278	0.561532005798428
0.686655985351339	8.48706797894255	2.43839169909209
1.86160067139696	13.3089188982986	4.60822461280232
0.976577401388571	15.9884031433585	5.06904707408255
2.392614633402	17.6913099870298	5.49935149156939
4.18402380407416	18.6617837796597	6.11886778057526
4.66926070038911	14.5601586938277	5.76791027695125
3.68047608148318	9.64980544747082	5.24299992370489
3.97650110627909	6.77195391775387	4.69062333104448
3.98260471503777	2.65201800564584	1.85549706263828
1.84023804074159	-2.30106050202182	-0.997940032043946
0.634775310902571	-5.32539864194705	-3.15556572823682
-2.6642252231632	-8.13916227969787	-5.0415808346685
-2.7191577019913	-8.8715953307393	-6.16159304188602
-3.65300984206912	-10.8339055466545	-5.11787594415198
-3.93682764934768	-11.6609445334554	-4.65094987411307
-3.39665827420462	-13.6385137712673	-4.27862973983368
-2.8198672465095	-12.0057984283207	-3.69878690775921
-1.62050812542916	-9.6406500343328	-1.99893186846723
-2.06912336919203	-8.18493934538796	-0.579842832074464
-3.10673685816739	-5.69771877622644	0.537117570763714
-3.64080262455177	-5.42000457770657	2.35599298084993
-4.11383230334935	-7.56847486076142	2.68253604943923
-3.01823453116655	-8.62745098039216	3.04264896620127
-5.27046616311894	-10.0099183642329	2.37430380712596
-3.05180437933928	-7.89501792935073	1.75173571374075
-3.81475547417411	-3.72625314717327	2.20340276188296
-3.26237888151369	-0.119020370794232	2.43533989471275
-2.78629739833677	2.55130846112764	1.36415655756466
-2.34073395895323	3.14946211947814	-1.11696040283818
-0.399786373693446	2.42008087281605	-3.1464103150988
1.00099183642329	1.47707331960021	-5.12703135729
2.36514839398795	-0.576791027695125	-5.99069199664302
3.1616693369955	-2.27664606698711	-5.91134508278019
3.32646677347982	-5.79232471198596	-6.31418326085298
2.53299763485161	-7.29076066224155	-4.3274586099031
1.89211871519036	-7.59594110017548	-2.60624093995575
0.872816052491035	-8.55115587090867	-2.44449530785077
1.10780498970016	-8.58167391470207	-1.40993362325475
1.11390859845884	-5.86251621271076	-0.775158312352178
0.408941786831464	-3.05180437933928	-1.50148775463493
0.741588464179446	-1.78835736629282	-0.585946440833143
1.4526588845655	1.79751277943084	1.55642023346304
1.91348134584573	6.4087891966125	3.28679331654841
4.22980086976425	12.3781185626001	6.27756160830091
4.83100633249409	14.2946517128252	7.82787823300526
4.37933928435187	14.0657663843748	8.50232700083925
5.25215533684291	14.2275120164797	7.4189364461738
3.22270542458228	10.5073624780652	4.6997787441825
2.34378576333257	10.1197833218891	3.8452735179675
2.40177004654002	9.85732814526589	3.84832532234684
0.564583810177768	7.46776531624323	2.14236667429618
-0.653086137178607	5.34981307698177	0.772106507972839
-1.22682536049439	5.23994811932555	0.762951094834821
-2.00808728160525	3.57671473258564	-0.0915541313801785
-2.17898832684825	1.025406271458	-2.53910124361028
-0.634775310902571	2.96025024795911	-2.13015945677882
1.17799649042496	4.22369726100557	-1.63576714732586
3.60418097199969	5.3681239032578	-0.860608834973678
2.68253604943923	2.19729915312428	-0.973525597009232
1.4679179064622	-0.85145342183566	-1.10475318532082
1.6388189517052	-2.07827878233005	-1.00709544518196
0.46997787441825	-3.89715419241627	-1.49843595025559
-0.198367284657053	-4.95307850766766	-0.836194399938964
-1.06813153276875	-5.810635538262	-0.5981536583505
-1.51369497215228	-4.11383230334935	0.524910353246357
-1.15968566414893	-3.53704127565423	1.85244525825895
-2.10269321736477	-3.31425955596246	2.52079041733425
-1.27565423056382	-3.36003662165255	2.81071183337148
-1.97451743343252	-2.48722056916152	2.11490043488212
-1.37026016632334	-2.83817807278553	1.58693827725643
-0.943007553215839	-0.201419089036393	1.64797436484321
0.338750286106661	2.93583581292439	2.43533989471275
1.48012512397955	5.42915999084459	2.76798657206073
3.11589227130541	5.75875486381323	2.97856107423514
4.66315709163043	7.94079499504082	3.588921950103
4.55634393835355	7.67223620965896	3.59197375448234
2.77103837644007	4.75776302738994	2.70695048447395
1.68154421301595	2.39871824216068	1.88601510643168
2.0660715648127	2.16067750057221	0.631723506523232
2.12405584802014	2.20035095750362	0.830090791180285
2.2919050888838	0.00915541313801785	0.695811398489357
-0.76600289921416	-2.02029449912261	-0.613412680247196
-1.5228503852903	-1.99893186846723	1.76394293125811
-1.66628519111925	-3.58587014572366	3.16472114137484
-1.58999008163577	-2.94499122606241	3.47600518806744
-0.933852140077821	-4.52277409018082	4.11993591210803
0.958266575112535	-2.31326771953918	4.40070191500725
1.01930266269932	-0.378423743038071	3.21660181582361
2.34988937209125	1.57473105973907	2.36820019836728
0.930800335698482	0.387579156176089	0.891126878767071
-2.33768215457389	-2.70084687571527	-0.973525597009232
-3.80560006103609	-6.73838406958114	-2.18509193560693
-5.0263218127718	-9.39345387960632	-4.40070191500725
-6.15548943312734	-13.4370946822309	-6.44541084916457
-7.44335088120851	-13.5469596398871	-6.15854123750668
-6.9764248111696	-11.0719462882429	-4.21454184786755
-5.54512855725948	-8.47180895704585	-1.73952849622339
-4.76691844052796	-7.0923933775845	-0.216678110933089
-3.93682764934768	-7.12596322575723	0.720225833524071
-2.19119554436561	-6.66208896009766	1.63576714732586
2.31631952391852	-3.97344930189975	1.47707331960021
1.03456168459602	-5.48104066529335	-0.241092545967803
1.94399938963912	-3.66521705958648	-1.21461814297704
2.08438239108873	-2.57572289616236	-2.13931486991684
1.57473105973907	-4.33966582742046	-5.65499351491569
-0.518806744487678	-7.70885786221103	-7.690547035935
0.0335698481727321	-8.61219195849546	-7.70580605783169
-1.50453955901427	-9.90005340657664	-7.82482642862592
-3.49126420996414	-10.4676890211337	-5.47188525215534
-5.6946669718471	-9.36293583581292	-4.17792019531548
-8.032349126421	-10.6019684138247	-3.08842603189136
-9.00282291905089	-10.4890516517891	-1.45571068894484
-8.91737239642939	-9.31715877012284	0.314335851071946
-9.46669718471046	-9.47280079346914	-0.149538414587625
-7.09544518196384	-8.04760814831769	0.817883573662928
-3.80865186541543	-4.12298771648737	1.30312046997787
-1.93789578088045	-0.363164721141375	1.68764782177462
0.643930724040589	2.050812542916	1.44960708018616
1.07728694590677	3.11589227130541	1.15968566414893
0.140383001449607	4.66926070038911	2.05691615167468
-1.30617227435721	3.12809948882277	2.76493476768139
-1.81277180132753	4.20538643472953	3.02433813992523
-1.98672465094987	6.50339513237201	3.79644464789807
0.402838178072786	7.68444342717632	3.98260471503777
-0.399786373693446	8.40466926070039	2.6642252231632
2.62760357061112	10.7911802853437	2.14847028305486
1.72732127870604	9.42702372777905	2.04165712977798
2.2369726100557	6.89402609292744	0.433356221866178
2.44754711223011	3.79034103913939	0.9399557488365
3.16472114137484	1.63271534294652	0.927748531319142
4.69367513542382	3.59502555886168	1.69985503929198
6.37216754406043	6.37216754406043	2.56656748302434
7.50133516441596	10.4554818036164	2.86869611657893
8.92042420080873	12.4055848020142	2.82291905088884
7.76379034103914	11.5815976195926	2.51163500419623
4.38544289311055	6.75364309147784	0.793469138628214
2.26443884946975	1.92263675898375	-1.93484397650111
-1.36110475318532	-4.32440680552377	-4.37628747997253
-4.06500343327993	-9.73830777447166	-7.6050965133135
-5.97848477912566	-13.2234683756771	-8.37109941252766
-6.5644312199588	-16.244754711223	-7.45860990310521
-9.60402838178073	-18.7167162584878	-6.66819256885634
-10.4646372167544	-19.0829327840085	-2.8900587472343
-11.3740749217975	-17.5295643549249	0.0244144350347143
-10.3578240634775	-14.3343251697566	1.72121766994736
-9.8970016021973	-14.5815213244831	1.81277180132753
-7.89196612497139	-11.9691767757687	1.12306401159686
-6.18295567254139	-10.2052338445106	1.7242694743267
-4.33966582742046	-8.33447775997559	0.698863202868696
-3.33867399099718	-5.02327000839246	1.60524910353246
-1.90432593270771	-0.89723048752575	1.95315480277714
-0.842298008697642	3.82696269169146	3.04264896620127
3.03959716182193	9.16762035553521	4.5838101777676
1.15053025101091	8.34973678187228	2.09658960860609
2.77409018081941	9.64675364309148	1.50148775463493
3.59807736324102	8.90211337453269	-0.308232242313268
2.76493476768139	5.85946440833143	-2.68253604943923
0.210574502174411	2.16678110933089	-5.30098420691234
0.189211871519036	-0.314335851071946	-5.14839398794537
-0.216678110933089	-3.36614023041123	-5.31624322880903
-0.262455176623178	-4.56855115587091	-3.30815594720378
-1.49538414587625	-7.32433051041428	-2.24307621881437
-0.59510185397116	-5.26436255436027	-1.83108262760357
-1.0955977721828	-6.58884565499351	-1.44045166704814
-0.283817807278553	-5.65194171053635	-1.74563210498207
-3.1464103150988	-9.03334096284428	-2.56046387426566
-5.13313496604868	-10.8735790035859	-3.70183871213855
-7.15953307392996	-14.3007553215839	-4.87373159380484
-8.25207904173343	-16.6170748455024	-5.89303425650416
-10.4890516517891	-16.9802395666438	-5.39559014267186
-10.6782635233082	-16.433966582742	-4.56244754711223
-9.94583047226673	-15.7961394674601	-4.62653543907836
-7.97436484321355	-14.175631342031	-3.8452735179675
-7.83398184176394	-12.3933775844968	-3.49736781872282
-5.46272983901732	-11.5205615320058	-3.32951857785916
-4.84321355001144	-12.8145265888457	-2.78019378957809
-2.56656748302434	-11.8532082093538	-0.29907682917525
-1.45876249332418	-9.83291371023117	3.21660181582361
0.912489509422446	-6.59800106813153	7.15648126955062
1.97146562905318	-0.689707789730678	10.5897611963073
2.90836957351034	4.99885557335775	11.6548409246967
2.5482566567483	10.4402227817197	11.5907530327306
1.66323338673991	13.1136034180209	9.41176470588235
0.0274662394140536	11.7616540779736	5.86861982146944
0.625619897764553	9.9977111467155	3.25322346837568
1.92568856336309	9.98855573357748	0.607309071488518
1.88601510643168	7.36400396734569	-1.44045166704814
1.49843595025559	4.12603952086671	-2.221713588159
0.317387655451286	1.14137483787289	-4.24505989166094
-1.8097199969482	-3.33867399099718	-6.26840619516289
-3.02128633554589	-5.72823682001984	-7.51049057755398
-2.11795223926146	-6.24399176012818	-7.0771343556878
-3.48210879682612	-6.1371786068513	-7.80956740672923
-2.31021591515984	-5.66414892805371	-7.90112153810941
-0.0854505226215	-1.70901045243	-5.83810177767605
0.518806744487678	-1.41603723201343	-4.48615243762875
-0.418097199969482	-0.881971465629053	-3.53704127565423
-1.09864957656214	-0.720225833524071	-3.46684977492943
0.29907682917525	0.271610589761196	-2.56656748302434
-0.915541313801785	-0.5981536583505	-4.23590447852293
0.195315480277714	2.63065537499046	-2.92973220416571
1.72732127870604	5.85030899519341	-1.1810482948043
4.93171587701228	9.73220416571298	1.52895399404898
5.91134508278019	11.6975661860075	4.23285267414359
7.27855344472419	13.4767681391623	7.861448081178
7.5043869687953	15.9609369039445	10.5806057831693
7.177843900206	16.9893949797818	12.817578393225
3.66216525520714	15.3749904631113	13.6263065537499
4.02532997634852	15.8785381857023	13.9742122529946
-0.323491264209964	12.4696726939803	11.4808880750744
-1.96841382467384	8.09033340962844	8.34973678187228
-3.49736781872282	3.49126420996414	4.72724498359655
-5.35591668574044	-0.537117570763714	0.634775310902571
-6.46677347981994	-4.37628747997253	-2.46585793850614
-7.29686427100023	-8.74952315556573	-6.13107499809262
-7.690547035935	-11.7463950560769	-7.40978103303578
-7.58068207827878	-13.1532768749523	-7.88891432059205
-6.71396963454643	-11.0688944838636	-7.29686427100023
-5.37117570763714	-7.96215762569619	-5.31624322880903
-2.8198672465095	-4.81269550621805	-2.99382009613184
-2.23086900129702	-2.39871824216068	-3.03959716182193
-0.872816052491035	-0.674448767833982	-4.39765011062791
-0.463874265659571	-2.01724269474327	-5.81673914702068
0.839246204318303	-1.51979858091096	-6.65598535133898
1.57778286411841	-2.14236667429618	-7.94079499504082
0.570687418936446	-2.67032883192187	-7.0618753337911
-0.708018616006714	-2.63675898374914	-4.97444113832303
-1.4526588845655	-0.543221179522393	-2.52384222171359
-2.10574502174411	1.23598077363241	-0.109864957656214
-2.83817807278553	4.65094987411307	3.588921950103
-2.21866178377966	10.2937361715114	9.07911802853437
-1.08644235904479	15.9151598382544	11.2825207904173
0.973525597009232	21.4450293736171	13.7148088807507
2.88395513847562	23.062485694667	13.7758449683375
2.25223163195239	18.3779659723812	9.42092011902037
2.67032883192187	13.7788967727169	6.62546730754559
-0.186160067139696	4.78828107118334	1.59609369039445
-3.51567864499886	-3.68352788586252	-1.78530556191348
-4.73945220111391	-9.43617914091707	-5.42915999084459
-6.47287708857862	-13.3638513771267	-6.49118791485466
-6.82688639658198	-14.2549782558938	-6.93675135423819
-5.95712214847028	-14.7585259784848	-7.16563668268864
-3.79644464789807	-14.6639200427253	-7.5898374914168
-2.55130846112764	-14.9446860456245	-7.87975890745403
-1.90737773708705	-14.36484321355	-8.56336308842603
-0.119020370794232	-12.9091325246052	-8.94789044022278
-0.433356221866178	-12.6894026092927	-7.89806973373007
-0.561532005798428	-11.7860685130083	-5.99374380102235
-0.613412680247196	-9.71389333943694	-4.62653543907836
-1.54726482032502	-9.33852140077821	-2.85648889906157
-2.10269321736477	-8.44129091325246	-1.93484397650111
-3.33867399099718	-6.8055237659266	-1.81277180132753
-2.42618448157473	-4.52277409018082	-2.33463035019455
-1.59304188601511	-3.45769436179141	-1.4373998626688
-0.729381246662089	-0.616464484626535	0.0671396963454643
0.305180437933928	0.534065766384375	1.66933699549859
-0.134279392690929	-1.20546272983902	3.09452964065003
-0.479133287556268	-0.857557030594339	4.86152437628748
-0.445563439383536	-0.778210116731518	6.21347371633478
-1.85549706263828	-0.744640268558785	6.14328221560998
0.64087891966125	1.51979858091096	7.1473258564126
-1.74258030060273	1.98367284657053	6.21042191195544
-1.62661173418784	2.34988937209125	6.41184100099184
-0.711070420386053	2.75883115892271	4.66010528725109
-0.875867856870375	3.58587014572366	4.91035324635691
-0.0244144350347143	3.65300984206912	5.29488059815366
-1.13221942473487	1.15358205539025	3.67132066834516
-2.24612802319371	-3.43327992675669	1.94094758525978
-3.05790798809796	-7.29381246662089	0.277714198519875
-4.21454184786755	-10.9132524605173	-2.91752498664836
-2.81681544213016	-13.1837949187457	-4.22064545662623
-2.04470893415732	-11.4442664225223	-4.64179446097505
0.973525597009232	-8.04150453955901	-3.87273975738155
1.01319905394064	-3.54924849317159	-3.05485618371862
3.05180437933928	-0.210574502174411	-2.12405584802014
2.87785152971695	2.57572289616236	-0.445563439383536
1.91653315022507	2.94804303044175	0.415045395590143
0.747692072938125	2.4078736552987	0.311284046692607
-0.463874265659571	2.20340276188296	0.750743877317464
-1.20241092545968	1.77004654001678	1.10780498970016
-0.64087891966125	0.274662394140536	-0.241092545967803
-2.1362630655375	0.778210116731518	-0.354009308003357
-0.89723048752575	1.52590218966964	0.100709544518196
-0.280766002899214	1.62661173418784	-0.323491264209964
0.350957503624018	3.07011520561532	0.573739223315785
1.75478751812009	5.1117723353933	0.161745632104982
2.8900587472343	7.30907148851759	0.4272526131075
3.92462043183032	8.48401617456321	-0.0122072175173571
4.272526131075	8.94789044022278	-0.265506981002518
3.86358434424353	6.10666056305791	-0.473029678797589
1.75173571374075	4.56549935149157	-0.189211871519036
1.56862745098039	1.29091325246052	0.0823987182421607
-1.19325551232166	-3.69268329900053	-0.183108262760357
-2.70389868009461	-6.93675135423819	-2.23392080567636
-3.45159075303273	-9.7261005569543	-3.88799877927825
-3.51567864499886	-12.2072175173571	-6.45761806668193
-2.69779507133593	-14.6089875638972	-8.07507438773175
-2.77103837644007	-15.0118257419699	-8.30090791180285
-1.37331197070268	-13.9528496223392	-7.20531013962005
-1.22377355611505	-11.1543450064851	-5.64278629739834
-0.549324788281071	-8.30090791180285	-2.88395513847562
-0.305180437933928	-4.88593881132219	-1.22682536049439
-1.05287251087205	-0.497444113832303	-0.442511635004196
-0.863660639353018	1.47402151522087	1.24208438239109
-2.7191577019913	-0.390630960555428	0.708018616006714
-3.97650110627909	-3.69573510337987	0.900282291905089
-2.30411230640116	-4.32135500114443	0.473029678797589
-3.10063324940871	-4.956130312047	0.234988937209125
-1.79751277943084	-5.34370946822309	-0.466926070038911
-0.686655985351339	-5.18196383611811	-2.31631952391852
0.616464484626535	-4.22980086976425	-4.06805523765927
0.81177996490425	-4.36408026245518	-4.69367513542382
-0.0701915007248035	-3.78423743038071	-4.3427176317998
-0.375371938658732	-4.48004882887007	-3.89410238803693
-1.70595864805066	-6.36606393530175	-2.35904478522927
-3.46379797055009	-7.79430838483253	-1.9806210421912
-3.9154650186923	-7.89196612497139	-0.0793469138628214
-5.66414892805371	-9.64980544747082	-0.503547722590982
-4.48310063324941	-9.54299229419394	-2.23086900129702
-4.11688410772869	-10.6385900663767	-4.99885557335775
-4.28168154421302	-12.3292896925307	-5.57259479667353
-3.84832532234684	-14.1298542763409	-6.64072632944228
-3.17387655451286	-15.2925917448692	-7.16868848706798
-2.84428168154421	-16.5316243228809	-6.94590676737621
-2.61234454871443	-15.9273670557717	-5.72823682001984
-5.22774090180819	-15.1613641565576	-4.956130312047
-7.50743877317464	-14.3404287785153	-5.94796673533227
-7.861448081178	-13.1227588311589	-5.00495918211643
-8.38330663004501	-10.3608758678569	-3.86663614862287
-6.87266346227207	-5.38643472953384	-2.27054245822843
-3.6591134508278	0.21362630655375	0.247196154726482
-0.207522697795071	5.02327000839246	1.83413443198291
4.2572671091783	8.84412909132525	3.80865186541543
6.53086137178607	11.2855725947967	4.54108491645685
10.1289387350271	10.452429999237	5.74044403753719
8.50843060959792	7.09544518196384	5.45662623025864
8.3588921950103	3.32036316472114	4.45563439383536
4.88593881132219	-0.531013962005035	2.8198672465095
0.72632944228275	-5.33760585946441	0.521858548867018
-3.70183871213855	-10.5714503700313	-2.60624093995575
-8.08117799649042	-15.9822995345998	-6.39963378347448
-10.8216983291371	-20.3097581445029	-8.50232700083925
-14.0840772106508	-24.097047379263	-10.8400091554131
-17.621118486305	-25.7022964827955	-12.3964293888762
-19.473563744564	-25.4886701762417	-13.1624322880903
-21.7837796597238	-25.824368657969	-12.9243915465019
-23.6423285267414	-24.8355840390631	-13.2356755931945
-23.1815060654612	-24.1397726405737	-11.8867780575265
-23.3218890669108	-21.8509193560693	-9.92751964599069
-20.4684519722286	-19.7604333562219	-9.47585259784848
-17.1450370031281	-15.8297093156329	-7.177843900206
-16.9802395666438	-11.0963607232776	-5.14839398794537
-13.6568245975433	-7.95300221255818	-4.65705348287175
-10.57755397879	-5.83810177767605	-4.40375371938659
-8.13611047531853	-3.87579156176089	-3.37529564354925
-4.13824673838407	-0.601205462729839	-2.42313267719539
0.646982528419928	1.6235599298085	-0.732433051041428
3.21049820706493	3.54009308003357	0.628671702143893
3.18303196765087	4.99275196459907	1.41298542763409
2.9907682917525	3.71099412527657	2.27664606698711
-1.42214084077211	-1.08644235904479	1.2664988174258
-4.69062333104448	-6.52475776302739	-0.323491264209964
-7.006942854963	-12.8725108720531	-2.09658960860609
-9.7962920576791	-17.7706569008927	-3.96734569314107
-11.7769130998703	-18.8845654993515	-6.03952086671244
-12.133974212253	-19.5407034409094	-7.21446555275807
-11.1390859845884	-17.0840009155413	-6.86961165789273
-10.8522163729305	-14.6608682383459	-6.85435263599603
-11.3435568780041	-14.0779736018921	-5.82589456015869
-11.5754940108339	-15.3261615930419	-6.16769665064469
-12.2255283436332	-16.3088426031891	-3.90020599679561
-11.1482413977264	-17.3311970702678	-2.29800869764248
-10.6874189364462	-16.6811627374685	-2.09964141298543
-9.19203479056992	-13.3089188982986	-0.0671396963454643
-5.73434042877852	-9.58571755550469	0.534065766384375
-4.54718852521553	-8.02929732204166	0.588998245212482
-5.13923857480736	-6.86961165789273	-0.201419089036393
-5.40779736018921	-7.23887998779278	-0.89417868314641
-5.18501564049744	-6.60410467689021	-2.90226596475166
-3.40886549172198	-5.41695277332723	-3.63469901579309
-0.546272983901732	-3.75371938658732	-4.55634393835355
2.30411230640116	-1.38551918822004	-4.02532997634852
4.00396734569314	-0.558480201419089	-2.75272755016403
7.99572747386893	0.399786373693446	-1.97756923781186
9.72304875257496	0.845349813076982	-0.753795681696803
10.7209887846189	2.41092545967803	0.347905699244678
12.8664072632944	5.0415808346685	1.9501029983978
10.9315632867933	5.6244754711223	2.84122987716487
9.58876935988403	3.99176012817578	2.21866178377966
8.18188754100862	4.34882124055848	2.6642252231632
4.11688410772869	2.38345922026398	2.14541847867552
2.66727702754253	1.2817578393225	1.49843595025559
0.814831769283589	-0.137331197070268	0.738536659800107
2.16983291371023	-0.643930724040589	0.695811398489357
0.817883573662928	-3.10368505378805	-1.1108567940795
0.592050049591821	-3.69573510337987	-2.07827878233005
0.0885023270008393	-4.77302204928664	-2.96330205233845
0.89417868314641	-4.28168154421302	-3.32951857785916
1.78530556191348	-4.53803311207752	-4.07415884641794
2.10269321736477	-5.64278629739834	-4.18097199969482
2.73136491950866	-7.81872281986725	-3.47600518806744
2.16678110933089	-9.56130312046998	-3.06401159685664
1.89822232394903	-10.7240405889982	-3.14946211947814
0.271610589761196	-11.8593118181125	-2.1362630655375
-0.592050049591821	-11.1482413977264	-1.24513618677043
-0.921644922560464	-10.9681849393454	-0.55542839703975
-1.50453955901427	-11.2489509422446	-0.393682764934768
-2.89921416037232	-10.6874189364462	-0.552376592660411
-1.95315480277714	-8.1727321278706	-0.424200808728161
0	-5.13008316166934	0.671396963454643
1.71816586556802	-1.76394293125811	0.341802090486
2.2064545662623	1.84023804074159	1.8646524757763
4.55329213397421	4.02227817196918	2.68558785381857
4.79438467994202	5.58480201419089	2.05996795605402
4.80048828870069	5.21858548867018	2.8046082246128
3.83611810482948	3.16472114137484	1.95315480277714
2.86564431219959	-1.42519264515145	0.323491264209964
3.08537422751202	-4.78828107118334	-0.97962920576791
1.98672465094987	-7.55626764324407	-2.85954070344091
2.25223163195239	-8.54505226215	-2.69169146257725
1.83108262760357	-8.15442130159457	-2.1210040436408
1.90127412832837	-6.50949874113069	-0.689707789730678
2.15762569619287	-5.05378805218585	0.225833524071107
3.00907911802853	-4.74555580987259	0.231937132829786
2.734416723888	-4.97138933394369	-1.29396505683986
4.05584802014191	-3.04570077058061	-2.81681544213016
4.29083695735103	-1.56862745098039	-4.73029678797589
4.37628747997253	-1.70901045243	-7.60814831769284
5.09040970473793	-0.195315480277714	-8.31921873807889
5.00495918211643	2.24002441443503	-6.41184100099184
6.75974670023651	4.35492484931716	-4.956130312047
7.53795681696803	8.18188754100862	-2.28580148012512
9.85427634088655	9.79018844892042	-0.180056458381018
8.04455634393835	11.6853589684901	-0.408941786831464
7.87365529869535	14.3678950179294	0.643930724040589
8.1177996490425	15.3200579842832	0.259403372243839
7.64782177462425	16.8154421301595	1.44045166704814
6.77195391775387	20.0442511635004	3.77813382162203
6.98252841992828	21.1612115663386	5.02021820401312
6.16159304188602	20.0442511635004	4.51056687266346
3.3478294041352	16.9802395666438	3.52788586251621
1.82497901884489	14.1023880369268	4.21759365224689
0.659189745937285	11.0780498970016	2.85648889906157
0.616464484626535	8.73426413366903	3.75677119096666
-0.0762951094834821	6.51560234988937	3.28679331654841
1.04982070649271	6.39047837033646	4.90424963759823
2.2919050888838	7.07408255130846	5.12397955291066
3.20744640268559	8.1025406271458	5.81979095140002
3.85748073548486	8.8563363088426	4.614328221561
3.34172579537652	6.74448767833982	2.50858319981689
4.11383230334935	6.40268558785382	0.543221179522393
4.56855115587091	5.92050049591821	-0.912489509422446
4.51667048142214	4.08941786831464	-2.53604943923095
5.65194171053635	5.03852903028916	-1.7792019531548
6.38132295719844	5.89303425650416	-2.05691615167468
7.25719081406882	6.13107499809262	-2.19119554436561
7.49217975127794	4.90424963759823	-1.67544060425727
6.26840619516289	4.55634393835355	-4.01007095445182
7.93774319066148	5.35896849011978	-5.29182879377432
9.86648355840391	8.374151216907	-4.09857328145266
9.75967040512703	8.70984969863432	-3.66216525520714
10.0038147554742	11.5754940108339	-2.75577935454337
9.84206912336919	12.808422980087	-1.06202792401007
10.3486686503395	13.9589532310979	1.25734340428779
9.46669718471046	13.7697413595789	1.56557564660105
8.65186541542687	13.0128938735027	2.94804303044175
7.59899290455482	14.2092011902037	3.3173113603418
9.41176470588235	17.2579537651637	4.47699702449073
9.69253070878157	18.988326848249	4.86152437628748
11.4747844663157	19.1134508278019	5.44136720836194
11.2916762035554	18.6892500190738	4.63263904783703
11.0353246356909	16.388189517052	3.80254825665675
9.56740672922866	12.7809567406729	4.24200808728161
7.01609826810101	10.244907301442	3.78118562600137
5.58785381857023	9.17982757305257	4.04058899824521
4.20538643472953	8.22461280231937	4.09857328145266
5.29182879377432	9.27443350881209	4.29999237048905
4.73029678797589	9.42702372777905	1.77309834439612
3.57671473258564	7.9316395819028	0.143434805828946
3.58281834134432	7.24193179217212	-0.790417334248875
2.34988937209125	6.05477988860914	-1.25734340428779
1.75173571374075	4.64484626535439	-1.52895399404898
0.662241550316625	0.463874265659571	-2.09048599984741
1.03456168459602	-1.69680323491264	-2.2064545662623
-0.527962157625696	-4.79438467994202	-2.31021591515984
-0.402838178072786	-6.70176241702907	-3.247119859617
-2.04470893415732	-5.99984740978103	-3.12199588006409
-1.89822232394903	-4.80048828870069	-2.94804303044175
-0.906385900663767	-2.20035095750362	-2.15762569619287
0.588998245212482	0.241092545967803	-2.392614633402
0.860608834973678	0.289921416037232	-1.87685969329366
2.33768215457389	0.439459830624857	-1.92568856336309
2.99687190051118	0.064087891966125	-2.82291905088884
2.33768215457389	-0.9399557488365	-2.63981078812848
4.06805523765927	2.61844815747311	-0.543221179522393
1.71816586556802	5.04463263904784	0.29907682917525
2.47501335164416	8.49927519645991	3.0914778362707
3.93682764934768	14.5021744106203	5.67330434119173
4.81574731059739	15.1155870908675	7.16563668268864
5.70077058060578	16.7177843900206	8.27038986800946
7.38536659800107	18.6404211490044	7.53185320820935
9.32631418326085	19.1897459372854	6.19516289005875
9.06080720225834	17.5600823987182	4.06500343327993
8.70984969863432	16.2722209506371	2.10879682612345
8.82887006942855	14.6608682383459	1.30006866559854
9.84817273212787	13.8979171435111	1.91348134584573
9.93362325474937	14.7981994354162	4.58686198214694
9.17372396429389	16.0585946440833	6.95201037613489
9.22255283436332	17.3800259403372	8.36804760814832
10.083161669337	19.1989013504234	9.17677576867323
9.95193408102541	20.3402761882963	8.13000686655985
9.07301441977569	18.3932249942779	6.77500572213321
9.10658426794842	18.0941481651026	5.73739223315785
7.59594110017548	17.4441138323033	4.08026245517662
6.96116578927291	16.739147020676	4.84931715877012
6.24093995574884	16.0952162966354	4.70893415732052
4.73945220111391	14.4899671931029	4.91035324635691
4.12298771648737	11.459525444419	3.96124208438239
3.02128633554589	10.748455024033	5.32234683756771
3.04875257495994	11.5236133363851	4.82490272373541
3.17387655451286	12.5703822384985	6.30197604333562
3.20439459830625	13.0891889829862	6.20126649881743
4.03448538948653	15.5855649652857	6.08224612802319
4.11993591210803	14.4411383230335	6.32944228274968
2.95414663920043	11.9935912108034	4.62043183031968
2.58793011367971	8.91126878767071	2.8198672465095
0.329594872968643	5.51461051346609	1.79751277943084
-0.759899290455482	3.24406805523766	1.88601510643168
-0.817883573662928	2.79545281147478	0.921644922560464
-0.772106507972839	1.52895399404898	1.06507972838941
-0.72632944228275	-1.92263675898375	0.524910353246357
-1.61440451667048	-3.69268329900053	0.866712443732357
0.231937132829786	-5.2826733806363	0.387579156176089
0.668345159075303	-5.39864194705119	-0.64087891966125
1.91348134584573	-5.27656977187762	-0.466926070038911
2.44144350347143	-4.37628747997253	-1.57778286411841
3.40886549172198	-3.82391088731212	-1.06202792401007
2.94193942168307	-3.94293125810636	-1.68154421301595
2.96940566109712	-1.76699473563745	-0.390630960555428
1.71206225680934	0.72632944228275	0.579842832074464
3.01213092240787	3.02433813992523	1.18410009918364
3.11589227130541	5.02327000839246	1.86160067139696
2.35599298084993	4.45868619821469	1.17189288166629
3.21355001144427	4.956130312047	0.842298008697642
0.854505226215	3.13115129320211	0.650034332799268
1.74868390936141	4.0009155413138	1.69680323491264
-0.265506981002518	3.55230029755093	2.19424734874495
-0.738536659800107	2.98771648737316	2.79850461585412
-1.56862745098039	0.863660639353018	1.68764782177462
-1.37026016632334	-0.335698481727321	1.44045166704814
-2.07522697795071	-1.7792019531548	-0.219729915312428
-1.91958495460441	-0.0366216525520714	0.0152590218966964
-1.95315480277714	0.454718852521553	-0.369268329900053
-0.00305180437933928	3.20134279392691	0.350957503624018
0.146486610208286	3.83611810482948	0.994888227664607
0.0579842832074464	3.69573510337987	1.57167925535973
1.32448310063325	4.58686198214694	2.01419089036393
1.5533684290837	3.84832532234684	3.17082475013352
1.00404364080262	1.00099183642329	2.77409018081941
-0.576791027695125	-1.43129625391012	1.8646524757763
-3.30815594720378	-5.5237659266041	0.552376592660411
-4.76691844052796	-8.28259708552682	0.488288700694285
-5.92660410467689	-7.99877927824826	-0.134279392690929
-5.35591668574044	-6.82993820096132	-0.320439459830625
-4.54108491645685	-4.7699702449073	-1.196307316701
-2.95109483482109	-3.0914778362707	-0.137331197070268
-1.37331197070268	-1.15358205539025	0.814831769283589
-1.9806210421912	-1.40993362325475	0.906385900663767
-2.45365072098878	-2.46890974288548	0.784313725490196
-3.38139925230793	-4.28473334859236	0.582894636453803
-2.52689402609293	-5.37727931639582	-0.485236896314946
-3.64690623331044	-5.25825894560159	-0.064087891966125
-2.96025024795911	-5.85030899519341	-1.00709544518196
-2.45365072098878	-5.57564660105287	-1.33058670939193
-2.905317769131	-6.9062333104448	-0.881971465629053
-2.23392080567636	-6.33859769588769	-0.0854505226215
-2.25223163195239	-7.12901503013657	-0.0671396963454643
-1.93179217212177	-5.17891203173877	0.952162966353857
0.418097199969482	-3.05790798809796	1.08033875028611
0.378423743038071	-1.98672465094987	1.23598077363241
0.228885328450446	-2.61234454871443	-0.473029678797589
-0.817883573662928	-3.14335851071946	-1.9501029983978
-1.42519264515145	-4.04669260700389	-4.53803311207752
-1.18715190356298	-4.55939574273289	-4.76081483176928
-0.64087891966125	-2.68863965819791	-4.62653543907836
-0.173952849622339	-1.49843595025559	-3.25932707713436
-0.521858548867018	-0.488288700694285	-1.71206225680934
-0.393682764934768	0.866712443732357	0.0946059357595178
-2.09658960860609	3.09758144502937	2.36514839398795
-1.35500114442664	4.65705348287175	2.02944991226062
-1.55031662470436	4.6845197222858	1.33058670939193
-2.30106050202182	4.30914778362707	1.21766994735637
-1.26039520866712	3.19523918516823	-0.21362630655375
-0.790417334248875	1.45876249332418	-1.16273746852827
-0.143434805828946	2.14541847867552	-1.19020370794232
1.48928053711757	0.122072175173571	-1.16578927290761
1.02845807583734	0.570687418936446	0.653086137178607
2.21560997940032	2.30106050202182	1.75478751812009
0.85145342183566	1.51064316777295	2.16372930495155
1.15053025101091	3.78423743038071	3.04264896620127
0.762951094834821	2.65506981002518	3.05180437933928
0.561532005798428	3.29289692530709	2.75883115892271
-0.103761348897536	0.784313725490196	2.38651102464332
-0.488288700694285	-1.44350347142748	1.34584573128862
-1.4679179064622	-5.24299992370489	0.762951094834821
-2.50553139543755	-5.7251850156405	-0.0488288700694285
-3.76287479972534	-6.13107499809262	-1.09864957656214
-3.50957503624018	-5.20637827115282	-1.39467460135805
-3.08842603189136	-3.74151216906996	-1.17494468604562
-1.96841382467384	-0.72327763790341	-0.537117570763714
0.955214770733196	2.56046387426566	0.491340505073625
0.628671702143893	5.27046616311894	1.25123979552911
2.11184863050278	6.82383459220264	2.36514839398795
3.8300144960708	9.80849927519646	2.39566643778134
4.40070191500725	11.6823071641108	2.78629739833677
4.64789806973373	10.9925993743801	3.26543068589303
4.95307850766766	10.8278019378958	1.48928053711757
4.44037537193866	9.48805981536584	1.07118333714809
2.31021591515984	5.43221179522393	0.650034332799268
2.71610589761196	3.5736629282063	0.387579156176089
1.78835736629282	1.95925841153582	-0.125123979552911
2.42313267719539	1.54116121156634	-0.134279392690929
2.31631952391852	1.40993362325475	-0.402838178072786
3.03349355306325	1.51369497215228	-0.857557030594339
1.55947203784237	2.92057679102769	0.411993591210803
0.918593118181125	1.30922407873655	-0.00305180437933928
1.64797436484321	2.14541847867552	1.35500114442664
1.15053025101091	0.344853894865339	1.50148775463493
0.292973220416571	-2.47501335164416	0.311284046692607
0.0946059357595178	-3.98870832379644	-0.140383001449607
-0.146486610208286	-6.31723506523232	-1.07423514152743
0.225833524071107	-7.15953307392996	-1.28480964370184
0.659189745937285	-7.25413900968948	-1.01319905394064
2.32547493705653	-4.62653543907836	0.692759594110018
2.19424734874495	-3.46684977492943	0.463874265659571
2.94804303044175	-2.050812542916	0.0915541313801785
2.10269321736477	-3.13725490196078	-0.344853894865339
1.32143129625391	-1.80361638818952	-1.57473105973907
0.0488288700694285	-0.85145342183566	-2.4780651560235
0.592050049591821	2.42008087281605	-1.0101472495613
-0.372320134279393	3.26848249027237	-0.460822461280232
-0.201419089036393	6.64072632944228	1.92874036774243
-0.207522697795071	7.33958953231098	2.67948424505989
1.84023804074159	8.32837415121691	3.16472114137484
2.36820019836728	6.67429617761502	3.63775082017243
2.57572289616236	3.29289692530709	2.25223163195239
0.943007553215839	1.39162279697871	1.77615014877546
-0.344853894865339	-0.378423743038071	2.33768215457389
-0.38452735179675	-0.799572747386893	2.98771648737316
-0.778210116731518	-0.848401617456321	2.4628061341268
-0.833142595559625	0.927748531319142	1.32143129625391
-0.863660639353018	2.96635385671778	1.7792019531548
0.650034332799268	4.73334859235523	0.451667048142214
0.592050049591821	3.59807736324102	-1.46181429770352
0.0366216525520714	1.08339055466545	-1.32448310063325
1.71511406118868	-0.924696726939803	-0.503547722590982
2.20950637064164	-2.19119554436561	1.87075608453498
2.05996795605402	-3.84222171358816	2.05691615167468
0.787365529869535	-5.38948653391318	2.89616235599298
-0.869764248111696	-6.61020828564889	1.98672465094987
-1.68764782177462	-6.87266346227207	1.50453955901427
-2.61539635309377	-5.72823682001984	0.00305180437933928
-2.23392080567636	-3.54314488441291	-0.198367284657053
-1.29091325246052	0.76600289921416	1.196307316701
0.0732433051041428	4.99275196459907	2.28274967574578
0.0793469138628214	7.82482642862592	3.76897840848402
0.543221179522393	7.03746089875639	5.52986953536278
2.05691615167468	6.96116578927291	6.21652552071412
3.47295338368811	6.01205462729839	6.99473563744564
4.66315709163043	5.94186312657359	4.57770656900893
5.02937361715114	5.20027466239414	3.87273975738155
3.19218738078889	4.14740215152209	1.76699473563745
2.4628061341268	3.65606164644846	0.00610360875867857
2.54215304798962	1.3824673838407	-0.482185091935607
-0.689707789730678	-1.80666819256886	-0.500495918211643
0.448615243762875	-1.1810482948043	-0.192263675898375
-2.95109483482109	-1.15358205539025	0.143434805828946
-4.30304417486839	-3.08842603189136	-1.19020370794232
-5.23689631494621	-3.57061112382696	-0.549324788281071
-4.97444113832303	-2.45670252536812	-0.872816052491035
-3.71404592965591	-3.38750286106661	0.521858548867018
-0.863660639353018	-1.94399938963912	0.616464484626535
0.363164721141375	-0.317387655451286	1.79140917067216
2.221713588159	1.44045166704814	1.66628519111925
1.66323338673991	3.52178225375753	1.56252384222171
2.56656748302434	4.21149004348821	0.775158312352178
1.6937514305333	4.77302204928664	0.759899290455482
0.848401617456321	4.3274586099031	-0.946059357595178
-0.512703135729	1.91348134584573	-0.534065766384375
-2.20035095750362	-0.210574502174411	0.0671396963454643
-3.47600518806744	-2.58487830930037	0.955214770733196
-5.40779736018921	-3.87884336614023	2.34073395895323
-5.94491493095293	-4.26947432669566	2.85038529030289
-7.60814831769284	-5.81979095140002	1.77615014877546
-6.40573739223316	-6.55222400244144	-0.561532005798428
-5.56343938353552	-5.87777523460746	-3.09452964065003
-3.76287479972534	-4.69367513542382	-3.88189517051957
-2.55741206988632	-3.52483405813687	-4.40680552376593
-3.37834744792859	-2.82597085526818	-2.28580148012512
-1.48012512397955	1.6083009079118	-0.292973220416571
-1.47707331960021	0.76600289921416	1.35500114442664
-2.6489662012665	-2.30411230640116	2.42618448157473
-1.39772640573739	-4.40375371938659	2.66117341878386
0.021362630655375	-5.41084916456855	2.6642252231632
1.03456168459602	-4.86762798504616	3.89105058365759
1.6235599298085	-3.19829098954757	4.62958724345769
2.36514839398795	-0.399786373693446	5.15144579232471
2.65812161440452	3.29289692530709	4.56244754711223
2.45059891660945	5.05683985656519	3.076218814374
2.28580148012512	6.6498817425803	2.17898832684825
1.45876249332418	5.44441901274128	0.317387655451286
-0.860608834973678	1.97451743343252	-1.03150988021668
-2.55436026550698	-2.02334630350195	-2.07827878233005
-4.67841611352712	-7.78820477607385	-2.89616235599298
-8.05981536583505	-13.3760585946441	-2.91752498664836
-7.04966811627375	-14.6944380865187	-2.68253604943923
-8.92652780956741	-14.3587396047913	-2.28885328450446
-5.52681773098344	-8.90211337453269	-0.466926070038911
-0.958266575112535	0.170901045243	1.62966353856718
2.13015945677882	7.99267566948959	3.10673685816739
4.61738002594034	12.7473868925002	4.23285267414359
6.85740444037537	16.7086289768826	5.16365300984207
6.74753948271916	15.5916685740444	5.20637827115282
5.09040970473793	14.2641336690318	5.05989166094453
2.96025024795911	9.7962920576791	3.65606164644846
1.42824444953079	8.96925307087816	2.91752498664836
0.781261921110857	7.18089570458534	2.20950637064164
-0.930800335698482	5.72213321126116	1.74258030060273
-2.563515678645	4.10772869459068	0.717174029144732
-2.81681544213016	3.17692835889219	0.997940032043946
-2.48416876478218	2.05691615167468	2.00808728160525
-4.77302204928664	-0.302128633554589	2.70695048447395
-5.2826733806363	-0.5981536583505	3.54009308003357
-5.00801098649577	-2.02944991226062	5.03852903028916
-3.92462043183032	-3.3173113603418	4.63874265659571
-3.02433813992523	-1.09254596780346	5.65499351491569
-2.88395513847562	-0.585946440833143	4.57160296025025
-0.329594872968643	0.610360875867857	2.18814373998627
1.70595864805066	1.85549706263828	1.17494468604562
0.463874265659571	1.52895399404898	-1.41603723201343
-1.19935912108034	-0.912489509422446	-4.11383230334935
-1.50759136339361	-1.03456168459602	-5.10872053101396
-3.46074616617075	-1.88601510643168	-5.37117570763714
-2.96940566109712	0.964370183871214	-5.97848477912566
-1.48622873273823	3.55840390630961	-5.91744869153887
-0.0396734569314107	5.68856336308843	-3.84222171358816
1.08949416342412	7.51049057755398	-3.18303196765087
1.44350347142748	8.22766460669871	-0.839246204318303
1.879911497673	8.21240558480201	0.0610360875867857
1.19935912108034	8.32837415121691	0.411993591210803
1.10475318532082	7.66918440527962	0.784313725490196
0.582894636453803	5.81673914702068	0.0976577401388571
-0.228885328450446	5.29182879377432	-1.37636377508202
0.80872816052491	4.17486839093614	-1.34889753566796
0.143434805828946	1.85549706263828	-1.85244525825895
-1.80361638818952	-0.790417334248875	-1.92263675898375
-2.16678110933089	-3.64080262455177	-2.40482185091936
-1.13832303349355	-5.16975661860075	-2.16067750057221
-1.3519493400473	-6.22873273823148	-1.4526588845655
0.656137941557946	-3.88494697489891	-0.552376592660411
4.07415884641794	-1.93484397650111	-0.0946059357595178
3.52788586251621	-2.16067750057221	-0.561532005798428
4.70893415732052	-3.43022812237736	-1.08644235904479
3.97650110627909	-5.21553368429084	-2.33463035019455
1.2115663385977	-8.90821698329137	-3.49736781872282
-1.55947203784237	-12.2590981918059	-4.32440680552377
-4.52277409018082	-14.0932326237888	-4.49835965514611
-7.44945448996719	-14.5632104982071	-4.49835965514611
-7.58373388265812	-13.0891889829862	-4.21759365224689
-7.06492713817044	-11.7616540779736	-3.53093766689555
-5.7251850156405	-8.07507438773175	-2.8198672465095
-3.90936140993362	-5.33150225070573	-2.22781719691768
