3.36996336996337	3.22344322344322	1.48962148962149
3.05250305250305	4.95726495726496	2.71062271062271
4.1025641025641	4.90842490842491	3.27228327228327
1.17216117216117	2.95482295482295	3.32112332112332
1.36752136752137	3.41880341880342	3.61416361416361
-0.0732600732600733	1.97802197802198	-1.07448107448107
-2.58852258852259	1.34310134310134	2.002442002442
-3.36996336996337	0.0732600732600733	-3.1013431013431
-2.27106227106227	-0.21978021978022	-4.24908424908425
-2.31990231990232	1.73382173382173	-0.976800976800977
-2.14896214896215	0.43956043956044	-3.07692307692308
-1.56288156288156	3.003663003663	0.122100122100122
-0.805860805860806	2.56410256410256	-0.293040293040293
-0.610500610500611	2.27106227106227	-0.537240537240537
-0.561660561660562	2.97924297924298	-0.21978021978022
0.659340659340659	1.83150183150183	-0.268620268620269
1.66056166056166	1.75824175824176	-2.44200244200244
2.31990231990232	1.07448107448107	-1.001221001221
2.36874236874237	2.36874236874237	0.0976800976800977
3.61416361416361	4.27350427350427	1.001221001221
3.1013431013431	3.66300366300366	0.976800976800977
2.2954822954823	5.00610500610501	0.927960927960928
2.02686202686203	4.15140415140415	1.73382173382173
1.12332112332112	4.1025641025641	-1.0989010989011
2.34432234432234	3.93162393162393	-2.41758241758242
2.53968253968254	2.73504273504274	2.1001221001221
2.1978021978022	3.88278388278388	3.17460317460317
2.1978021978022	1.70940170940171	1.1965811965812
2.22222222222222	1.29426129426129	7.03296703296703
3.27228327228327	2.1978021978022	4.98168498168498
3.1013431013431	1.29426129426129	1.58730158730159
3.34554334554335	2.75946275946276	0.488400488400488
3.46764346764347	3.22344322344322	0.610500610500611
1.70940170940171	1.95360195360195	0.805860805860806
1.39194139194139	2.31990231990232	-0.488400488400488
1.12332112332112	1.34310134310134	0.170940170940171
1.46520146520147	2.05128205128205	1.05006105006105
4.63980463980464	2.93040293040293	1.88034188034188
4.3956043956044	2.56410256410256	1.22100122100122
2.68620268620269	2.61294261294261	1.24542124542125
0.659340659340659	0.0732600732600733	1.34310134310134
-1.97802197802198	0.586080586080586	-1.14774114774115
-2.14896214896215	-0.415140415140415	-0.708180708180708
-2.78388278388278	-1.07448107448107	-1.001221001221
-3.24786324786325	-0.488400488400488	-2.34432234432234
-3.17460317460317	-0.659340659340659	0.366300366300366
-2.75946275946276	0.708180708180708	-1.78266178266178
-0.21978021978022	1.29426129426129	2.51526251526252
-0.317460317460317	2.73504273504274	4.12698412698413
0.879120879120879	3.39438339438339	3.66300366300366
1.92918192918193	3.46764346764347	5.17704517704518
0.903540903540904	3.17460317460317	4.81074481074481
0.83028083028083	2.39316239316239	3.85836385836386
0.170940170940171	2.71062271062271	3.44322344322344
1.78266178266178	4.2002442002442	4.98168498168498
2.44200244200244	5.15262515262515	4.05372405372405
3.1013431013431	5.59218559218559	4.22466422466422
3.80952380952381	4.83516483516483	2.58852258852259
3.71184371184371	3.83394383394383	5.05494505494505
4.24908424908425	3.05250305250305	3.003663003663
4.54212454212454	-0.122100122100122	0.805860805860806
4.004884004884	0.0244200244200244	1.48962148962149
2.97924297924298	-0.170940170940171	1.85592185592186
0.879120879120879	-1.0989010989011	-0.390720390720391
-0.708180708180708	-0.341880341880342	2.12454212454212
-1.39194139194139	-1.1965811965812	1.29426129426129
-2.02686202686203	-0.170940170940171	-0.195360195360195
-1.61172161172161	-0.781440781440781	1.12332112332112
-0.366300366300366	0.43956043956044	-0.0488400488400488
2.51526251526252	2.58852258852259	0.854700854700855
3.61416361416361	2.51526251526252	1.70940170940171
2.73504273504274	3.56532356532357	1.83150183150183
2.73504273504274	3.1990231990232	3.34554334554335
2.36874236874237	1.41636141636142	2.14896214896215
1.41636141636142	1.12332112332112	-0.170940170940171
1.58730158730159	2.1978021978022	3.63858363858364
3.05250305250305	3.61416361416361	1.68498168498168
2.14896214896215	3.32112332112332	5.1037851037851
2.66178266178266	2.58852258852259	4.90842490842491
1.001221001221	2.27106227106227	0.195360195360195
0.683760683760684	-0.390720390720391	0.659340659340659
-0.317460317460317	0.244200244200244	0.83028083028083
-1.66056166056166	-0.537240537240537	0.634920634920635
-1.17216117216117	0.610500610500611	-0.512820512820513
-2.24664224664225	1.53846153846154	0.976800976800977
-2.34432234432234	1.26984126984127	3.15018315018315
-2.41758241758242	0.512820512820513	-0.659340659340659
-1.41636141636142	0.0244200244200244	-2.17338217338217
-0.610500610500611	-0.293040293040293	-0.366300366300366
-0.0244200244200244	-0.610500610500611	-1.58730158730159
1.48962148962149	-0.268620268620269	-2.2954822954823
3.02808302808303	2.07570207570208	-2.66178266178266
2.34432234432234	2.61294261294261	0.122100122100122
1.92918192918193	3.85836385836386	0.757020757020757
-0.268620268620269	5.00610500610501	-0.0488400488400488
2.002442002442	4.32234432234432	0.586080586080586
1.88034188034188	5.2014652014652	1.97802197802198
3.54090354090354	4.83516483516483	2.56410256410256
2.51526251526252	2.90598290598291	1.73382173382173
3.2967032967033	2.31990231990232	-0.0976800976800977
1.53846153846154	0.488400488400488	2.85714285714286
-0.341880341880342	1.26984126984127	0.415140415140415
-0.0732600732600733	1.36752136752137	0.122100122100122
-0.537240537240537	2.24664224664225	2.58852258852259
0.537240537240537	3.61416361416361	1.46520146520147
0.610500610500611	2.97924297924298	0.537240537240537
1.56288156288156	3.003663003663	2.27106227106227
2.24664224664225	1.88034188034188	0.561660561660562
1.75824175824176	2.24664224664225	2.27106227106227
0.195360195360195	2.02686202686203	-0.537240537240537
0.610500610500611	1.80708180708181	1.46520146520147
0	3.22344322344322	1.1965811965812
-1.001221001221	1.61172161172161	1.05006105006105
-0.903540903540904	1.95360195360195	1.53846153846154
-0.341880341880342	1.70940170940171	0.586080586080586
-1.70940170940171	0.0976800976800977	0.708180708180708
-2.27106227106227	-0.317460317460317	-1.97802197802198
-2.34432234432234	-0.83028083028083	0.43956043956044
-2.31990231990232	-0.415140415140415	-1.92918192918193
-0.43956043956044	0.610500610500611	0.83028083028083
0.43956043956044	0.512820512820513	0.976800976800977
-0.415140415140415	0.927960927960928	-1.22100122100122
-0.463980463980464	0.293040293040293	-1.85592185592186
-1.75824175824176	-1.31868131868132	0.634920634920635
-2.39316239316239	-0.708180708180708	-1.22100122100122
-0.83028083028083	-1.17216117216117	0.146520146520147
-0.488400488400488	2.002442002442	-0.561660561660562
1.73382173382173	4.56654456654457	3.51648351648352
4.15140415140415	4.85958485958486	3.12576312576313
4.37118437118437	7.3992673992674	5.25030525030525
3.68742368742369	6.00732600732601	4.78632478632479
2.83272283272283	5.59218559218559	4.07814407814408
1.73382173382173	3.12576312576313	3.17460317460317
0.415140415140415	0.879120879120879	1.12332112332112
-0.83028083028083	-0.0244200244200244	0.0732600732600733
-0.586080586080586	-1.1965811965812	-0.415140415140415
-1.05006105006105	0.463980463980464	1.66056166056166
3.17460317460317	1.66056166056166	-0.195360195360195
4.1025641025641	4.24908424908425	3.68742368742369
4.71306471306471	5.76312576312576	1.41636141636142
5.2991452991453	4.54212454212454	1.61172161172161
4.004884004884	6.00732600732601	0.708180708180708
3.63858363858364	4.81074481074481	0.0732600732600733
2.39316239316239	4.32234432234432	2.27106227106227
2.07570207570208	5.68986568986569	1.73382173382173
1.85592185592186	4.34676434676435	0.195360195360195
0.415140415140415	3.66300366300366	-0.0976800976800977
2.02686202686203	3.1990231990232	3.46764346764347
1.83150183150183	2.05128205128205	0.610500610500611
1.63614163614164	1.70940170940171	-2.61294261294261
2.22222222222222	1.9047619047619	3.88278388278388
-0.43956043956044	1.95360195360195	-1.63614163614164
0.390720390720391	2.17338217338217	0.879120879120879
-0.415140415140415	2.68620268620269	1.83150183150183
-0.170940170940171	3.66300366300366	0.561660561660562
0.561660561660562	3.17460317460317	-3.61416361416361
0.463980463980464	3.63858363858364	0.952380952380952
1.12332112332112	4.56654456654457	-1.07448107448107
1.51404151404151	2.2954822954823	0.0244200244200244
1.29426129426129	2.53968253968254	3.63858363858364
1.53846153846154	0.781440781440781	2.73504273504274
1.48962148962149	2.39316239316239	2.85714285714286
1.88034188034188	2.97924297924298	2.39316239316239
1.73382173382173	3.46764346764347	4.73748473748474
1.80708180708181	3.88278388278388	3.1013431013431
3.15018315018315	3.15018315018315	2.17338217338217
3.58974358974359	2.66178266178266	1.12332112332112
2.95482295482295	1.53846153846154	-0.317460317460317
2.53968253968254	2.31990231990232	1.83150183150183
1.97802197802198	4.15140415140415	0.683760683760684
1.0989010989011	2.61294261294261	4.22466422466422
0.488400488400488	3.68742368742369	4.37118437118437
0.488400488400488	2.53968253968254	5.51892551892552
1.73382173382173	2.78388278388278	5.68986568986569
3.44322344322344	4.17582417582418	1.66056166056166
4.34676434676435	4.1025641025641	6.86202686202686
2.75946275946276	5.15262515262515	3.27228327228327
2.31990231990232	2.78388278388278	0.170940170940171
-0.366300366300366	0.927960927960928	1.51404151404151
-2.17338217338217	-0.781440781440781	-1.22100122100122
-1.36752136752137	-0.683760683760684	-1.001221001221
-0.122100122100122	0.805860805860806	-0.903540903540904
1.14774114774115	-0.634920634920635	0.43956043956044
1.46520146520147	-0.43956043956044	2.02686202686203
1.97802197802198	1.58730158730159	1.41636141636142
0.708180708180708	-0.122100122100122	0.268620268620269
0.43956043956044	1.36752136752137	0.781440781440781
0.43956043956044	2.1001221001221	-0.610500610500611
-0.268620268620269	1.66056166056166	-1.58730158730159
-0.708180708180708	2.51526251526252	-0.854700854700855
1.75824175824176	1.85592185592186	1.9047619047619
-0.21978021978022	0.488400488400488	-0.43956043956044
0.244200244200244	0.488400488400488	0.708180708180708
0.634920634920635	1.02564102564103	1.46520146520147
2.2954822954823	1.68498168498168	-0.781440781440781
2.17338217338217	0.317460317460317	1.39194139194139
2.39316239316239	2.58852258852259	2.73504273504274
4.3956043956044	2.85714285714286	3.41880341880342
2.05128205128205	1.80708180708181	6.00732600732601
0.805860805860806	1.17216117216117	4.004884004884
-1.05006105006105	-0.341880341880342	1.05006105006105
-1.88034188034188	-0.317460317460317	-0.757020757020757
-0.341880341880342	-1.1965811965812	-1.73382173382173
-2.34432234432234	-1.51404151404151	-0.488400488400488
-0.341880341880342	-0.537240537240537	-2.31990231990232
1.24542124542125	0.390720390720391	-0.0732600732600733
-0.0732600732600733	0.952380952380952	0.83028083028083
0.512820512820513	0.390720390720391	-0.146520146520147
1.07448107448107	-1.12332112332112	-3.66300366300366
-0.415140415140415	0.83028083028083	3.02808302808303
0.903540903540904	-0.732600732600733	-0.586080586080586
-0.488400488400488	-0.415140415140415	0.146520146520147
1.31868131868132	0.0488400488400488	2.44200244200244
0.415140415140415	0.561660561660562	2.1001221001221
1.22100122100122	1.31868131868132	-2.51526251526252
1.05006105006105	-0.390720390720391	-0.805860805860806
0.512820512820513	0.757020757020757	-2.51526251526252
-0.561660561660562	0.708180708180708	0.122100122100122
1.70940170940171	0.952380952380952	0.512820512820513
1.24542124542125	1.41636141636142	1.97802197802198
0.781440781440781	0.244200244200244	-0.805860805860806
0.146520146520147	0.170940170940171	-0.122100122100122
0.708180708180708	-1.22100122100122	-1.56288156288156
0.757020757020757	-0.146520146520147	0.21978021978022
0.0488400488400488	-0.21978021978022	-4.2979242979243
0.244200244200244	0.293040293040293	-0.122100122100122
-0.537240537240537	1.66056166056166	-3.15018315018315
-0.195360195360195	2.66178266178266	2.05128205128205
-0.586080586080586	1.95360195360195	1.22100122100122
-0.879120879120879	2.51526251526252	2.68620268620269
-1.34310134310134	1.02564102564103	1.80708180708181
-0.927960927960928	0.757020757020757	-0.659340659340659
0.390720390720391	0.512820512820513	0.903540903540904
-1.56288156288156	0.0732600732600733	-1.88034188034188
0	1.07448107448107	-4.004884004884
0.0976800976800977	1.24542124542125	0.634920634920635
0.683760683760684	2.73504273504274	-0.0244200244200244
0.21978021978022	2.002442002442	-0.586080586080586
-1.61172161172161	1.58730158730159	-1.9047619047619
1.24542124542125	1.85592185592186	2.58852258852259
-0.805860805860806	-0.586080586080586	-1.9047619047619
-1.58730158730159	-0.195360195360195	-5.05494505494505
-1.31868131868132	-0.879120879120879	-2.97924297924298
-2.12454212454212	-0.0244200244200244	-3.12576312576313
-0.879120879120879	0.927960927960928	-2.31990231990232
-2.12454212454212	0.317460317460317	-2.24664224664225
-1.39194139194139	2.1001221001221	-1.68498168498168
-0.854700854700855	0	2.07570207570208
-2.31990231990232	-1.0989010989011	-1.31868131868132
-2.78388278388278	-1.07448107448107	-3.22344322344322
-3.1013431013431	-1.92918192918193	-4.15140415140415
-2.34432234432234	0.244200244200244	-2.1001221001221
0.561660561660562	0.170940170940171	-4.24908424908425
-0.537240537240537	0.659340659340659	-4.004884004884
0.732600732600733	2.05128205128205	0.415140415140415
0	0.317460317460317	-2.73504273504274
-0.0976800976800977	1.1965811965812	0.854700854700855
0.268620268620269	0.0488400488400488	-3.2967032967033
-2.12454212454212	0.146520146520147	2.12454212454212
-0.83028083028083	0.146520146520147	-1.14774114774115
0.463980463980464	-0.757020757020757	-0.708180708180708
-0.976800976800977	-1.92918192918193	-2.02686202686203
-0.341880341880342	-1.83150183150183	-3.39438339438339
-0.659340659340659	-2.63736263736264	-3.85836385836386
0.0488400488400488	-1.70940170940171	-2.002442002442
-1.1965811965812	-3.36996336996337	-3.32112332112332
-3.73626373626374	-3.34554334554335	-5.71428571428571
-5.44566544566545	-4.54212454212454	-2.53968253968254
-4.2002442002442	-4.37118437118437	-2.71062271062271
-4.17582417582418	-3.68742368742369	-2.58852258852259
-2.73504273504274	-3.17460317460317	-2.27106227106227
-1.83150183150183	-1.63614163614164	-0.732600732600733
-0.463980463980464	-1.75824175824176	-1.14774114774115
-1.63614163614164	-3.46764346764347	-3.98046398046398
-1.85592185592186	-4.17582417582418	-10.4517704517705
-0.0976800976800977	-2.85714285714286	-1.88034188034188
-0.634920634920635	-1.39194139194139	-1.70940170940171
-0.146520146520147	-0.268620268620269	-0.170940170940171
0.122100122100122	0.244200244200244	3.2967032967033
-0.0244200244200244	1.70940170940171	5.68986568986569
0.244200244200244	-0.488400488400488	-0.634920634920635
-3.27228327228327	-1.44078144078144	-0.805860805860806
-1.95360195360195	-2.90598290598291	-2.34432234432234
-1.85592185592186	-2.07570207570208	-1.88034188034188
-2.75946275946276	-2.02686202686203	-3.17460317460317
-2.41758241758242	-2.88156288156288	-3.44322344322344
-1.68498168498168	-0.854700854700855	-1.61172161172161
-0.21978021978022	-2.1001221001221	0.122100122100122
0.757020757020757	-1.70940170940171	-0.268620268620269
1.41636141636142	-1.80708180708181	-1.29426129426129
1.48962148962149	-3.003663003663	-0.317460317460317
0.366300366300366	-2.44200244200244	-2.31990231990232
-0.879120879120879	-2.53968253968254	-0.0732600732600733
-3.39438339438339	-3.54090354090354	-0.683760683760684
-3.95604395604396	-3.05250305250305	-0.952380952380952
-3.76068376068376	-3.2967032967033	2.002442002442
-3.34554334554335	-2.24664224664225	-0.488400488400488
-1.14774114774115	-1.44078144078144	0.537240537240537
-0.195360195360195	-1.83150183150183	-1.36752136752137
0.634920634920635	-0.146520146520147	1.31868131868132
0.903540903540904	-1.80708180708181	-1.34310134310134
-0.683760683760684	-1.29426129426129	-4.34676434676435
-0.537240537240537	-1.73382173382173	-0.537240537240537
-2.90598290598291	-4.07814407814408	-1.66056166056166
-1.97802197802198	-1.80708180708181	-0.83028083028083
-0.586080586080586	-1.39194139194139	3.80952380952381
-0.317460317460317	0.683760683760684	3.88278388278388
1.75824175824176	1.85592185592186	5.03052503052503
3.76068376068376	2.73504273504274	2.58852258852259
3.51648351648352	2.51526251526252	5.03052503052503
2.39316239316239	-0.781440781440781	-0.0976800976800977
0.634920634920635	-2.63736263736264	0.170940170940171
-1.83150183150183	-5.90964590964591	-0.903540903540904
-3.32112332112332	-6.56898656898657	-0.879120879120879
-4.95726495726496	-7.10622710622711	-1.95360195360195
-2.83272283272283	-5.56776556776557	0.0732600732600733
-2.66178266178266	-2.39316239316239	-0.341880341880342
-0.634920634920635	-2.07570207570208	0.195360195360195
1.22100122100122	-0.488400488400488	5.59218559218559
1.29426129426129	-0.195360195360195	-0.903540903540904
3.49206349206349	-1.1965811965812	3.34554334554335
1.44078144078144	-1.46520146520147	2.95482295482295
1.58730158730159	-3.34554334554335	2.07570207570208
0.244200244200244	-3.93162393162393	1.75824175824176
-0.879120879120879	-4.68864468864469	-2.05128205128205
-2.02686202686203	-5.3968253968254	-2.1001221001221
-2.78388278388278	-3.27228327228327	-1.17216117216117
0.927960927960928	-0.268620268620269	1.001221001221
1.75824175824176	1.58730158730159	2.66178266178266
4.004884004884	3.93162393162393	3.003663003663
3.46764346764347	3.63858363858364	2.90598290598291
4.1025641025641	3.83394383394383	3.17460317460317
4.32234432234432	1.61172161172161	1.51404151404151
1.85592185592186	1.07448107448107	3.05250305250305
1.63614163614164	-0.195360195360195	0.43956043956044
1.0989010989011	-1.41636141636142	-1.29426129426129
-0.659340659340659	-0.927960927960928	-0.390720390720391
0.561660561660562	-0.708180708180708	-0.390720390720391
-0.341880341880342	-1.12332112332112	-2.66178266178266
0.757020757020757	1.58730158730159	4.66422466422466
1.1965811965812	0.463980463980464	2.97924297924298
0.43956043956044	1.9047619047619	2.63736263736264
-0.21978021978022	0.659340659340659	3.24786324786325
1.53846153846154	0.463980463980464	1.41636141636142
2.14896214896215	1.48962148962149	2.56410256410256
3.36996336996337	2.14896214896215	5.71428571428571
2.80830280830281	2.53968253968254	1.83150183150183
3.66300366300366	1.66056166056166	1.70940170940171
1.97802197802198	2.34432234432234	3.44322344322344
-0.122100122100122	0.610500610500611	-2.63736263736264
-2.1001221001221	-2.46642246642247	-1.70940170940171
-1.34310134310134	-2.02686202686203	-4.32234432234432
-1.73382173382173	-2.61294261294261	-2.002442002442
-2.39316239316239	-2.75946275946276	-1.05006105006105
-0.879120879120879	-0.976800976800977	-0.293040293040293
-1.56288156288156	-0.244200244200244	1.73382173382173
-0.170940170940171	1.0989010989011	-1.1965811965812
-1.36752136752137	0.781440781440781	1.97802197802198
-0.976800976800977	0.0976800976800977	-0.244200244200244
0.366300366300366	1.48962148962149	-0.146520146520147
0.366300366300366	-1.1965811965812	1.80708180708181
-2.39316239316239	-1.26984126984127	-3.46764346764347
0.854700854700855	-0.903540903540904	0.244200244200244
0.0488400488400488	-1.97802197802198	-0.366300366300366
0.317460317460317	-2.39316239316239	-1.83150183150183
0.0732600732600733	-2.36874236874237	1.53846153846154
0.586080586080586	-0.976800976800977	-0.146520146520147
-0.268620268620269	-1.78266178266178	-1.73382173382173
0.463980463980464	-0.708180708180708	2.61294261294261
-0.0732600732600733	0.0244200244200244	3.78510378510378
0.854700854700855	-0.512820512820513	0.781440781440781
0.659340659340659	0.0488400488400488	2.85714285714286
0.317460317460317	-2.44200244200244	3.71184371184371
-2.41758241758242	-2.88156288156288	-1.07448107448107
-1.36752136752137	-3.27228327228327	-0.195360195360195
-3.003663003663	-4.2979242979243	-0.317460317460317
-4.61538461538461	-3.88278388278388	-0.610500610500611
-1.92918192918193	-3.88278388278388	1.46520146520147
-5.2991452991453	-4.78632478632479	1.07448107448107
-5.12820512820513	-5.12820512820513	-1.68498168498168
-5.2014652014652	-6.54456654456654	-2.24664224664225
-5.51892551892552	-6.64224664224664	-4.78632478632479
-4.90842490842491	-6.4957264957265	-4.07814407814408
-4.12698412698413	-6.08058608058608	-3.63858363858364
-3.15018315018315	-4.3956043956044	-4.32234432234432
-2.83272283272283	-4.63980463980464	-7.98534798534799
-2.56410256410256	-2.80830280830281	1.24542124542125
-2.12454212454212	-3.44322344322344	-1.34310134310134
-1.83150183150183	-2.88156288156288	0.463980463980464
-0.781440781440781	-3.63858363858364	1.63614163614164
-1.39194139194139	-4.54212454212454	0.341880341880342
1.05006105006105	-2.44200244200244	0.757020757020757
0.634920634920635	-2.22222222222222	0.610500610500611
0.0244200244200244	-1.63614163614164	-0.83028083028083
1.39194139194139	-0.927960927960928	-1.29426129426129
1.97802197802198	-2.22222222222222	-3.66300366300366
1.29426129426129	-1.29426129426129	-0.488400488400488
0.463980463980464	-1.80708180708181	1.83150183150183
1.31868131868132	-1.95360195360195	1.88034188034188
2.17338217338217	-0.659340659340659	2.34432234432234
-0.146520146520147	-1.80708180708181	1.75824175824176
0.927960927960928	-0.659340659340659	2.2954822954823
1.02564102564103	-1.41636141636142	-2.73504273504274
-0.708180708180708	-2.68620268620269	-5.93406593406593
-2.61294261294261	-3.71184371184371	-1.83150183150183
-3.44322344322344	-4.73748473748474	-1.36752136752137
-4.37118437118437	-4.2979242979243	-0.805860805860806
-2.61294261294261	-4.63980463980464	-2.44200244200244
-2.61294261294261	-4.61538461538461	4.15140415140415
-1.58730158730159	-4.51770451770452	1.31868131868132
-0.732600732600733	-4.32234432234432	1.12332112332112
-0.634920634920635	-2.88156288156288	-1.88034188034188
-1.95360195360195	-3.44322344322344	2.05128205128205
-0.268620268620269	-2.44200244200244	-1.88034188034188
-1.05006105006105	-1.70940170940171	-5.47008547008547
-1.53846153846154	-3.1990231990232	-5.68986568986569
-0.610500610500611	-2.90598290598291	-1.61172161172161
-2.05128205128205	-4.15140415140415	-2.1001221001221
-2.90598290598291	-5.86080586080586	-3.80952380952381
-2.56410256410256	-4.22466422466422	-2.46642246642247
-1.97802197802198	-4.49328449328449	-0.366300366300366
-0.952380952380952	-1.83150183150183	-0.952380952380952
0.610500610500611	0.317460317460317	-0.610500610500611
1.66056166056166	1.97802197802198	-0.512820512820513
1.001221001221	4.54212454212454	-1.9047619047619
0.512820512820513	4.42002442002442	0.708180708180708
-2.46642246642247	4.2002442002442	-4.07814407814408
0.0976800976800977	1.92918192918193	-7.22832722832723
-1.88034188034188	0.43956043956044	1.0989010989011
-1.61172161172161	-1.1965811965812	-2.63736263736264
-2.49084249084249	-2.39316239316239	-0.683760683760684
-3.83394383394383	-3.15018315018315	-0.83028083028083
-4.02930402930403	-3.83394383394383	-1.70940170940171
-4.59096459096459	-3.76068376068376	-4.44444444444444
-3.05250305250305	-2.02686202686203	-3.73626373626374
-1.73382173382173	-3.05250305250305	-3.63858363858364
-2.44200244200244	-2.63736263736264	-3.68742368742369
-4.1025641025641	-3.73626373626374	-4.1025641025641
-4.46886446886447	-2.27106227106227	-2.44200244200244
-4.32234432234432	-2.22222222222222	-1.53846153846154
-2.97924297924298	-1.92918192918193	1.75824175824176
-2.56410256410256	-0.683760683760684	-4.27350427350427
-1.58730158730159	-2.17338217338217	5.27472527472527
-0.708180708180708	-1.75824175824176	1.73382173382173
-0.952380952380952	-1.68498168498168	2.05128205128205
0.0488400488400488	-1.83150183150183	0.659340659340659
1.17216117216117	0.21978021978022	1.63614163614164
1.26984126984127	0.805860805860806	-0.390720390720391
1.36752136752137	2.24664224664225	0.757020757020757
2.31990231990232	3.88278388278388	1.9047619047619
1.29426129426129	3.76068376068376	1.41636141636142
1.26984126984127	4.27350427350427	4.2979242979243
3.12576312576313	2.73504273504274	3.88278388278388
0.610500610500611	-0.122100122100122	2.02686202686203
0.659340659340659	-2.17338217338217	0.293040293040293
0	-4.37118437118437	-1.12332112332112
-1.66056166056166	-5.88522588522589	-4.59096459096459
-2.36874236874237	-5.68986568986569	-1.88034188034188
-2.97924297924298	-5.22588522588523	-4.15140415140415
-0.586080586080586	-3.68742368742369	-3.88278388278388
-0.0488400488400488	-2.36874236874237	-2.002442002442
0.610500610500611	-0.610500610500611	1.92918192918193
-0.0732600732600733	-0.854700854700855	0.781440781440781
1.46520146520147	-1.88034188034188	-0.854700854700855
0.952380952380952	-0.708180708180708	-0.732600732600733
0.610500610500611	-1.85592185592186	2.14896214896215
0.170940170940171	-0.43956043956044	0.561660561660562
2.2954822954823	0.146520146520147	2.61294261294261
1.36752136752137	0.732600732600733	2.53968253968254
0.21978021978022	0.0732600732600733	0.537240537240537
0.732600732600733	-1.9047619047619	1.001221001221
-0.293040293040293	-3.1990231990232	-2.27106227106227
-0.659340659340659	-4.17582417582418	-0.488400488400488
-1.05006105006105	-5.54334554334554	-2.27106227106227
-0.488400488400488	-4.76190476190476	2.36874236874237
0.0244200244200244	-5.90964590964591	-2.1978021978022
-1.83150183150183	-3.68742368742369	-0.927960927960928
1.17216117216117	-2.83272283272283	3.46764346764347
-0.683760683760684	-2.31990231990232	2.80830280830281
-1.14774114774115	-1.001221001221	3.05250305250305
-0.879120879120879	-2.66178266178266	-0.415140415140415
-1.22100122100122	-1.63614163614164	-0.586080586080586
-1.05006105006105	-2.41758241758242	-2.51526251526252
0.341880341880342	-2.71062271062271	-6.27594627594628
3.003663003663	-0.805860805860806	-0.512820512820513
3.34554334554335	-0.537240537240537	1.001221001221
3.61416361416361	1.92918192918193	3.15018315018315
3.46764346764347	1.17216117216117	5.59218559218559
0.537240537240537	0.43956043956044	7.76556776556777
0.146520146520147	1.46520146520147	3.71184371184371
3.1013431013431	1.0989010989011	2.36874236874237
3.003663003663	2.53968253968254	2.95482295482295
5.07936507936508	1.83150183150183	1.46520146520147
4.98168498168498	0.757020757020757	2.71062271062271
4.27350427350427	1.14774114774115	2.07570207570208
2.97924297924298	-0.952380952380952	0.781440781440781
1.83150183150183	0.610500610500611	0.708180708180708
2.73504273504274	0.976800976800977	0.586080586080586
2.61294261294261	1.95360195360195	4.07814407814408
3.1990231990232	2.002442002442	2.61294261294261
1.78266178266178	-0.122100122100122	1.97802197802198
-0.757020757020757	-0.659340659340659	0.195360195360195
-1.26984126984127	-3.05250305250305	-1.14774114774115
-3.05250305250305	-3.71184371184371	-3.41880341880342
-2.56410256410256	-3.41880341880342	-2.73504273504274
-1.07448107448107	-2.68620268620269	-0.293040293040293
-0.0976800976800977	-0.122100122100122	-1.58730158730159
3.49206349206349	2.53968253968254	1.73382173382173
3.22344322344322	3.61416361416361	4.49328449328449
2.49084249084249	5.61660561660562	6.64224664224664
1.29426129426129	4.37118437118437	4.59096459096459
2.002442002442	4.34676434676435	4.95726495726496
1.41636141636142	2.44200244200244	7.96092796092796
-0.683760683760684	1.34310134310134	3.76068376068376
2.61294261294261	0.903540903540904	2.93040293040293
1.88034188034188	-1.31868131868132	-0.488400488400488
0.659340659340659	-1.12332112332112	2.07570207570208
2.68620268620269	-1.92918192918193	0.268620268620269
0.488400488400488	-2.27106227106227	-1.17216117216117
0.0488400488400488	-1.12332112332112	-8.05860805860806
1.44078144078144	0.170940170940171	3.78510378510378
-0.879120879120879	0.463980463980464	-0.952380952380952
-0.610500610500611	-0.293040293040293	2.27106227106227
0.122100122100122	0.586080586080586	4.63980463980464
0.610500610500611	2.56410256410256	5.59218559218559
1.36752136752137	1.63614163614164	1.02564102564103
2.56410256410256	4.68864468864469	1.17216117216117
2.51526251526252	4.24908424908425	1.24542124542125
3.56532356532357	5.66544566544567	4.05372405372405
3.39438339438339	5.95848595848596	3.05250305250305
1.1965811965812	2.53968253968254	1.14774114774115
-0.488400488400488	1.68498168498168	0.415140415140415
-0.805860805860806	-0.244200244200244	2.44200244200244
-2.49084249084249	-1.0989010989011	-1.75824175824176
-3.46764346764347	-0.879120879120879	1.48962148962149
-3.12576312576313	-2.34432234432234	-1.9047619047619
-3.36996336996337	-1.001221001221	0.610500610500611
-3.003663003663	-1.14774114774115	0.293040293040293
-1.26984126984127	-0.537240537240537	-0.976800976800977
-0.170940170940171	-0.488400488400488	-1.66056166056166
-0.341880341880342	-1.41636141636142	-2.24664224664225
1.41636141636142	-0.757020757020757	-0.879120879120879
0.757020757020757	-2.14896214896215	-2.17338217338217
-0.170940170940171	-2.73504273504274	-2.90598290598291
-0.0488400488400488	-2.49084249084249	0.268620268620269
-0.0488400488400488	-1.85592185592186	-0.0488400488400488
2.31990231990232	0.879120879120879	0.586080586080586
5.78754578754579	1.73382173382173	1.26984126984127
4.73748473748474	1.88034188034188	-1.17216117216117
5.32356532356532	3.58974358974359	3.71184371184371
2.80830280830281	1.1965811965812	-3.17460317460317
0.21978021978022	1.44078144078144	-2.80830280830281
-1.0989010989011	0.122100122100122	1.56288156288156
-3.39438339438339	-0.341880341880342	-0.659340659340659
-2.1001221001221	0.0976800976800977	0.390720390720391
-1.12332112332112	-0.170940170940171	2.61294261294261
0.0244200244200244	1.83150183150183	0.586080586080586
1.95360195360195	0.0976800976800977	1.61172161172161
1.58730158730159	-0.195360195360195	1.22100122100122
1.53846153846154	-0.561660561660562	-0.781440781440781
-0.317460317460317	-2.34432234432234	0.43956043956044
-2.2954822954823	-2.68620268620269	-1.68498168498168
-3.24786324786325	-4.2002442002442	-2.02686202686203
-4.81074481074481	-3.78510378510378	0.0488400488400488
-2.17338217338217	-3.32112332112332	0.146520146520147
-1.75824175824176	-3.63858363858364	-1.61172161172161
-0.122100122100122	-0.317460317460317	-1.22100122100122
2.71062271062271	-0.21978021978022	2.1978021978022
1.83150183150183	1.17216117216117	3.17460317460317
1.88034188034188	2.71062271062271	4.05372405372405
2.97924297924298	3.22344322344322	6.88644688644689
4.004884004884	4.42002442002442	6.2026862026862
5.32356532356532	2.90598290598291	5.2014652014652
5.12820512820513	2.61294261294261	3.71184371184371
3.1990231990232	2.39316239316239	3.71184371184371
4.2979242979243	1.12332112332112	2.83272283272283
2.31990231990232	1.07448107448107	2.02686202686203
3.07692307692308	1.44078144078144	4.73748473748474
2.002442002442	0.683760683760684	-0.170940170940171
2.56410256410256	0.781440781440781	0.244200244200244
1.95360195360195	0.537240537240537	3.95604395604396
1.02564102564103	1.73382173382173	5.12820512820513
0.293040293040293	1.22100122100122	3.2967032967033
1.66056166056166	1.29426129426129	5.37240537240537
2.66178266178266	2.24664224664225	4.56654456654457
1.68498168498168	1.1965811965812	2.12454212454212
1.85592185592186	0.683760683760684	-4.42002442002442
1.63614163614164	-0.293040293040293	-0.83028083028083
0.927960927960928	0	0.366300366300366
2.22222222222222	1.68498168498168	1.24542124542125
3.17460317460317	0.659340659340659	2.24664224664225
3.1013431013431	4.07814407814408	3.80952380952381
2.63736263736264	3.80952380952381	4.004884004884
1.46520146520147	3.90720390720391	0.586080586080586
2.44200244200244	4.61538461538461	3.83394383394383
1.78266178266178	1.95360195360195	1.58730158730159
1.95360195360195	2.66178266178266	-0.317460317460317
1.63614163614164	-0.537240537240537	-1.83150183150183
0.952380952380952	-1.12332112332112	0.43956043956044
1.36752136752137	-1.14774114774115	-0.21978021978022
1.44078144078144	-2.24664224664225	2.02686202686203
-0.268620268620269	-3.22344322344322	-1.22100122100122
1.001221001221	-3.36996336996337	0.293040293040293
1.17216117216117	-4.27350427350427	-0.879120879120879
1.36752136752137	-3.32112332112332	0.488400488400488
1.02564102564103	-4.95726495726496	-1.75824175824176
-0.805860805860806	-3.78510378510378	-2.2954822954823
1.48962148962149	-3.27228327228327	0.561660561660562
0.634920634920635	-1.53846153846154	-0.415140415140415
0.146520146520147	-0.366300366300366	-1.63614163614164
-0.512820512820513	0.268620268620269	0.488400488400488
-0.293040293040293	2.05128205128205	2.22222222222222
0.293040293040293	1.34310134310134	1.63614163614164
-0.708180708180708	-1.48962148962149	2.49084249084249
-0.415140415140415	-0.561660561660562	3.71184371184371
-0.463980463980464	-1.80708180708181	2.95482295482295
-1.70940170940171	0.195360195360195	0.561660561660562
-1.26984126984127	0.854700854700855	0.976800976800977
-2.05128205128205	2.85714285714286	2.88156288156288
-0.708180708180708	2.88156288156288	-0.854700854700855
-0.708180708180708	2.58852258852259	1.46520146520147
0.0244200244200244	2.56410256410256	0.146520146520147
1.36752136752137	0.463980463980464	-4.73748473748474
1.80708180708181	1.83150183150183	5.90964590964591
2.14896214896215	1.26984126984127	2.66178266178266
1.66056166056166	-0.488400488400488	3.76068376068376
1.58730158730159	0.463980463980464	3.12576312576313
1.51404151404151	-0.195360195360195	3.07692307692308
2.31990231990232	0.0976800976800977	0.903540903540904
2.71062271062271	1.05006105006105	-1.58730158730159
3.49206349206349	0.903540903540904	0.561660561660562
2.53968253968254	1.29426129426129	2.12454212454212
1.66056166056166	0.0488400488400488	0.317460317460317
1.56288156288156	0.537240537240537	5.64102564102564
2.88156288156288	1.63614163614164	4.05372405372405
4.24908424908425	2.05128205128205	4.3956043956044
4.3956043956044	3.46764346764347	-0.293040293040293
4.90842490842491	4.78632478632479	1.97802197802198
3.71184371184371	4.51770451770452	3.93162393162393
3.22344322344322	3.07692307692308	0.21978021978022
3.44322344322344	1.17216117216117	2.80830280830281
1.34310134310134	0.805860805860806	2.75946275946276
1.92918192918193	-0.927960927960928	0.415140415140415
-1.34310134310134	-1.9047619047619	-2.73504273504274
-0.0488400488400488	-1.97802197802198	-0.512820512820513
-1.34310134310134	-2.39316239316239	-4.51770451770452
-1.80708180708181	-2.02686202686203	-3.02808302808303
1.31868131868132	-2.24664224664225	3.46764346764347
0.268620268620269	-3.02808302808303	0.415140415140415
0.976800976800977	-2.95482295482295	2.1978021978022
0.43956043956044	-4.78632478632479	1.70940170940171
-0.512820512820513	-5.3968253968254	-3.003663003663
0.244200244200244	-5.64102564102564	-4.004884004884
-1.29426129426129	-4.78632478632479	-0.854700854700855
-0.488400488400488	-3.41880341880342	-1.68498168498168
-0.170940170940171	-2.68620268620269	-0.781440781440781
0.586080586080586	-1.24542124542125	2.71062271062271
1.14774114774115	-0.854700854700855	1.001221001221
1.24542124542125	-1.95360195360195	-2.53968253968254
2.1001221001221	-1.70940170940171	-2.07570207570208
2.83272283272283	-1.68498168498168	0.512820512820513
1.46520146520147	-0.43956043956044	-0.0976800976800977
2.2954822954823	-0.0488400488400488	1.51404151404151
0.732600732600733	0.415140415140415	3.12576312576313
1.61172161172161	0.83028083028083	1.9047619047619
0.634920634920635	-1.61172161172161	0.341880341880342
-0.0244200244200244	-2.71062271062271	-3.34554334554335
0.195360195360195	-3.39438339438339	0.293040293040293
-0.122100122100122	-5.12820512820513	-6.93528693528694
-0.537240537240537	-4.78632478632479	-0.21978021978022
-0.708180708180708	-4.54212454212454	-1.26984126984127
-1.001221001221	-2.73504273504274	0.903540903540904
0.757020757020757	-2.61294261294261	2.93040293040293
-1.85592185592186	-2.58852258852259	2.71062271062271
1.56288156288156	-0.0488400488400488	2.36874236874237
2.1978021978022	-0.634920634920635	1.02564102564103
3.44322344322344	0.805860805860806	1.70940170940171
4.24908424908425	0.21978021978022	1.9047619047619
5.22588522588523	1.75824175824176	3.12576312576313
4.78632478632479	1.85592185592186	1.48962148962149
3.93162393162393	-0.170940170940171	-3.58974358974359
2.44200244200244	1.02564102564103	0.83028083028083
4.34676434676435	-0.586080586080586	-0.952380952380952
1.61172161172161	-0.757020757020757	0.732600732600733
1.58730158730159	-0.610500610500611	2.53968253968254
0.927960927960928	-1.26984126984127	5.22588522588523
1.53846153846154	0.244200244200244	4.05372405372405
3.02808302808303	0.805860805860806	9.05982905982906
4.02930402930403	2.39316239316239	7.3015873015873
4.22466422466422	2.56410256410256	5.51892551892552
3.71184371184371	3.1990231990232	8.32722832722833
2.97924297924298	3.98046398046398	2.75946275946276
1.22100122100122	4.05372405372405	-0.415140415140415
-0.0488400488400488	3.07692307692308	-3.02808302808303
1.83150183150183	3.22344322344322	2.66178266178266
2.27106227106227	1.56288156288156	-1.44078144078144
1.02564102564103	1.88034188034188	0.268620268620269
3.49206349206349	-0.21978021978022	3.34554334554335
2.90598290598291	0.244200244200244	4.17582417582418
4.81074481074481	1.0989010989011	4.2979242979243
3.46764346764347	0.122100122100122	5.25030525030525
1.70940170940171	-1.41636141636142	4.27350427350427
-0.0244200244200244	-4.05372405372405	1.9047619047619
-2.002442002442	-6.32478632478632	-0.170940170940171
-3.78510378510378	-8.44932844932845	-4.63980463980464
-4.42002442002442	-9.45054945054945	-8.74236874236874
-6.3003663003663	-7.91208791208791	-15.2625152625153
-4.88400488400488	-6.52014652014652	-3.54090354090354
-5.17704517704518	-4.95726495726496	-9.98778998778999
-5.25030525030525	-2.80830280830281	-7.64346764346764
-4.12698412698413	-2.80830280830281	-4.44444444444444
-2.31990231990232	-1.46520146520147	-1.83150183150183
-1.51404151404151	-1.73382173382173	-1.78266178266178
-1.41636141636142	-3.15018315018315	-1.95360195360195
-2.41758241758242	-3.46764346764347	1.34310134310134
-2.56410256410256	-4.81074481074481	0.805860805860806
-4.78632478632479	-4.98168498168498	-3.05250305250305
-4.85958485958486	-5.68986568986569	-2.34432234432234
-5.73870573870574	-6.12942612942613	-4.34676434676435
-5.44566544566545	-4.63980463980464	-5.32356532356532
-2.14896214896215	-4.27350427350427	-2.71062271062271
-1.61172161172161	-2.39316239316239	-4.42002442002442
1.22100122100122	-2.14896214896215	-3.1990231990232
0.366300366300366	-2.12454212454212	-4.2979242979243
1.9047619047619	-1.56288156288156	-3.02808302808303
-0.879120879120879	-3.93162393162393	-4.07814407814408
-2.2954822954823	-3.02808302808303	-4.54212454212454
-2.90598290598291	-2.97924297924298	-4.32234432234432
-3.58974358974359	-2.66178266178266	-0.512820512820513
-3.88278388278388	-1.83150183150183	-1.34310134310134
-6.4957264957265	-4.12698412698413	-0.293040293040293
-6.61782661782662	-4.37118437118437	-4.56654456654457
-6.25152625152625	-5.83638583638584	-6.17826617826618
-4.81074481074481	-7.2039072039072	-5.54334554334554
-3.73626373626374	-7.08180708180708	-8.37606837606838
-2.75946275946276	-7.03296703296703	-9.79242979242979
-2.2954822954823	-4.71306471306471	-3.80952380952381
-0.561660561660562	-4.02930402930403	-2.95482295482295
-2.61294261294261	-3.2967032967033	-4.05372405372405
-4.66422466422466	-2.002442002442	-2.22222222222222
-4.22466422466422	-2.39316239316239	-2.51526251526252
-5.25030525030525	-3.2967032967033	-1.85592185592186
-5.32356532356532	-4.27350427350427	-2.07570207570208
-4.98168498168498	-4.68864468864469	-2.05128205128205
-5.34798534798535	-4.46886446886447	-4.1025641025641
-5.73870573870574	-4.85958485958486	-3.73626373626374
-4.81074481074481	-2.63736263736264	-3.1990231990232
-5.2991452991453	-3.07692307692308	-2.02686202686203
-6.32478632478632	-2.17338217338217	-2.73504273504274
-3.90720390720391	-2.39316239316239	-2.41758241758242
-2.34432234432234	-1.70940170940171	-1.63614163614164
-3.61416361416361	-2.1978021978022	-3.22344322344322
-3.90720390720391	-1.95360195360195	-3.34554334554335
-3.68742368742369	-0.903540903540904	0.83028083028083
-3.2967032967033	0.244200244200244	0.683760683760684
-3.46764346764347	-0.634920634920635	0.488400488400488
-2.002442002442	1.22100122100122	0.708180708180708
-0.146520146520147	-0.146520146520147	-0.659340659340659
-0.805860805860806	-0.0732600732600733	-3.68742368742369
0.976800976800977	0.757020757020757	-3.61416361416361
-0.927960927960928	-0.561660561660562	-4.51770451770452
-1.73382173382173	0.732600732600733	-4.68864468864469
-1.83150183150183	-0.683760683760684	-2.07570207570208
-3.49206349206349	-1.39194139194139	-1.26984126984127
-3.1990231990232	-2.36874236874237	-5.3968253968254
-2.22222222222222	-2.39316239316239	2.85714285714286
-2.95482295482295	-2.1001221001221	-1.12332112332112
-2.07570207570208	-2.002442002442	-1.07448107448107
-2.39316239316239	-1.1965811965812	-0.0732600732600733
-1.34310134310134	-0.0732600732600733	-0.512820512820513
-1.75824175824176	-0.512820512820513	-2.58852258852259
-2.002442002442	-0.293040293040293	-4.63980463980464
-0.781440781440781	-0.21978021978022	-1.78266178266178
-0.122100122100122	-0.21978021978022	3.83394383394383
0.415140415140415	1.44078144078144	2.97924297924298
0.586080586080586	0.586080586080586	0.146520146520147
0.634920634920635	2.36874236874237	-0.122100122100122
-0.488400488400488	1.41636141636142	1.53846153846154
-2.61294261294261	0.757020757020757	-0.903540903540904
-1.1965811965812	1.48962148962149	-0.390720390720391
-1.34310134310134	0.610500610500611	0.537240537240537
-1.51404151404151	0.561660561660562	2.97924297924298
-0.366300366300366	-0.537240537240537	0.122100122100122
-1.95360195360195	-0.463980463980464	-1.29426129426129
-3.34554334554335	-1.34310134310134	0.122100122100122
-3.58974358974359	-1.22100122100122	-1.1965811965812
-4.44444444444444	-0.244200244200244	-3.88278388278388
-3.39438339438339	-0.805860805860806	-3.73626373626374
-2.53968253968254	-0.146520146520147	-2.90598290598291
-2.05128205128205	0.195360195360195	-3.95604395604396
-0.927960927960928	0.244200244200244	-1.36752136752137
-1.26984126984127	2.12454212454212	0.122100122100122
-1.51404151404151	1.24542124542125	1.58730158730159
-2.63736263736264	1.001221001221	3.32112332112332
-3.73626373626374	0.610500610500611	3.41880341880342
-4.59096459096459	-2.27106227106227	-5.34798534798535
-4.12698412698413	-1.34310134310134	-1.24542124542125
-2.51526251526252	-1.53846153846154	0.781440781440781
-0.21978021978022	0.122100122100122	-0.976800976800977
3.78510378510378	1.80708180708181	2.1978021978022
4.59096459096459	1.1965811965812	2.75946275946276
5.54334554334554	3.1990231990232	5.64102564102564
5.17704517704518	2.07570207570208	4.81074481074481
2.95482295482295	2.46642246642247	1.53846153846154
1.14774114774115	2.95482295482295	4.12698412698413
-0.634920634920635	1.58730158730159	1.46520146520147
-0.683760683760684	1.83150183150183	-0.0488400488400488
-0.586080586080586	1.26984126984127	0
-1.26984126984127	0.317460317460317	-3.63858363858364
-1.68498168498168	0.43956043956044	2.12454212454212
-3.003663003663	-0.586080586080586	-0.366300366300366
-1.56288156288156	0.390720390720391	-1.95360195360195
-1.46520146520147	-0.610500610500611	-2.78388278388278
-2.49084249084249	-0.610500610500611	0.561660561660562
-2.49084249084249	-0.0244200244200244	-1.36752136752137
-1.83150183150183	-1.29426129426129	-2.24664224664225
-1.9047619047619	-0.903540903540904	-1.61172161172161
-1.39194139194139	-1.36752136752137	-0.0244200244200244
-0.83028083028083	-1.07448107448107	1.14774114774115
-0.708180708180708	-0.757020757020757	-1.39194139194139
-0.879120879120879	-1.68498168498168	-0.732600732600733
-1.34310134310134	0.683760683760684	-1.14774114774115
-0.683760683760684	1.48962148962149	1.61172161172161
2.02686202686203	2.02686202686203	-1.51404151404151
3.73626373626374	3.51648351648352	3.68742368742369
1.83150183150183	2.02686202686203	-0.0732600732600733
3.07692307692308	3.46764346764347	2.02686202686203
1.88034188034188	1.31868131868132	-2.22222222222222
-0.610500610500611	1.22100122100122	2.24664224664225
0.903540903540904	2.73504273504274	2.66178266178266
0.0732600732600733	1.97802197802198	1.001221001221
1.1965811965812	4.42002442002442	4.2979242979243
1.56288156288156	4.2979242979243	4.51770451770452
1.80708180708181	3.71184371184371	2.36874236874237
2.56410256410256	3.1990231990232	2.73504273504274
1.97802197802198	0.170940170940171	-0.268620268620269
2.41758241758242	-0.634920634920635	-0.903540903540904
1.48962148962149	-2.1001221001221	-1.85592185592186
0.488400488400488	-2.17338217338217	-2.17338217338217
-0.610500610500611	-1.12332112332112	-2.53968253968254
-0.586080586080586	-1.61172161172161	-3.1990231990232
-1.22100122100122	0.537240537240537	-1.0989010989011
-0.732600732600733	-0.122100122100122	-3.12576312576313
-0.757020757020757	1.29426129426129	-0.43956043956044
0.781440781440781	2.90598290598291	-0.122100122100122
1.83150183150183	4.51770451770452	3.76068376068376
1.001221001221	4.81074481074481	0.781440781440781
1.92918192918193	4.12698412698413	1.48962148962149
1.61172161172161	3.2967032967033	0.341880341880342
-0.122100122100122	1.97802197802198	0.83028083028083
-2.07570207570208	1.63614163614164	-1.78266178266178
-3.46764346764347	3.34554334554335	-2.24664224664225
-5.22588522588523	3.71184371184371	0.488400488400488
-4.15140415140415	5.07936507936508	3.68742368742369
-2.22222222222222	4.71306471306471	1.1965811965812
-0.463980463980464	1.78266178266178	3.24786324786325
0.244200244200244	0.537240537240537	3.15018315018315
3.27228327228327	-1.34310134310134	1.78266178266178
3.73626373626374	-0.952380952380952	-1.31868131868132
3.95604395604396	0.927960927960928	2.34432234432234
3.24786324786325	0.146520146520147	-0.659340659340659
3.003663003663	3.44322344322344	1.44078144078144
1.9047619047619	3.46764346764347	0.732600732600733
2.34432234432234	4.95726495726496	1.88034188034188
1.75824175824176	5.00610500610501	3.93162393162393
1.02564102564103	3.07692307692308	1.61172161172161
1.41636141636142	3.02808302808303	4.37118437118437
3.17460317460317	2.2954822954823	5.2014652014652
2.002442002442	1.58730158730159	5.1037851037851
1.05006105006105	1.31868131868132	1.73382173382173
1.70940170940171	1.31868131868132	0.634920634920635
2.1978021978022	2.36874236874237	-1.66056166056166
2.78388278388278	0.732600732600733	0.537240537240537
0.268620268620269	-0.537240537240537	-4.34676434676435
0.463980463980464	-0.805860805860806	2.31990231990232
-0.83028083028083	-1.97802197802198	1.63614163614164
