-0.228885328450446	0.0335698481727321	0.753795681696803
-4.03448538948653	-1.87075608453498	0.701915007248035
-4.4281681544213	-0.692759594110018	0.500495918211643
-4.67536430914778	-0.878919661249714	1.88601510643168
-2.67338063630121	-0.415045395590143	1.18410009918364
-0.616464484626535	1.17799649042496	2.20950637064164
-0.573739223315785	-1.54726482032502	-1.37941557946136
-1.73342488746471	-0.668345159075303	0.0244144350347143
-1.05592431525139	-1.11696040283818	0.311284046692607
-1.17799649042496	0.216678110933089	-2.02944991226062
2.28580148012512	1.15053025101091	3.03044174868391
1.48012512397955	2.41397726405737	3.6591134508278
4.63569085221637	6.0517280842298	8.28564888990616
4.89509422446021	4.85847257190814	8.82276646066987
4.69367513542382	5.08430609597925	7.63561455710689
2.25528343633173	4.4281681544213	8.28564888990616
1.67849240863661	1.9501029983978	4.43427176317998
2.4078736552987	2.21255817502098	4.4281681544213
5.29182879377432	1.33363851377127	6.03341725795377
2.62149996185245	0.112916762035554	2.8198672465095
3.91851682307164	-0.109864957656214	3.21660181582361
3.60418097199969	-1.56252384222171	2.20340276188296
-0.0183108262760357	-1.32143129625391	-1.56862745098039
-0.332646677347982	-3.78118562600137	-4.74250400549325
-3.1616693369955	-4.16876478217746	-4.1718165865568
-6.88487067978943	-5.15144579232471	-6.35690852216373
-4.46173800259403	-4.33661402304112	-5.67330434119173
-7.41588464179446	-5.85641260395209	-5.11787594415198
-8.22766460669871	-6.79026474402991	-5.51461051346609
-0.659189745937285	-3.69573510337987	-2.8900587472343
-6.04867627985046	-5.297932402533	-1.94705119401846
-1.2970168612192	-4.3427176317998	-0.80872816052491
-1.73037308308537	-2.09353780422675	2.17593652246891
-3.42107270923934	-1.68154421301595	5.62142366674296
-3.09758144502937	-1.37941557946136	4.69062333104448
-2.10574502174411	-2.563515678645	4.61738002594034
-2.48722056916152	-2.45365072098878	4.24200808728161
-2.42923628595407	-3.97650110627909	5.95712214847028
-1.64492256046387	-3.94903486686503	7.03746089875639
-0.262455176623178	-2.31631952391852	5.29182879377432
-0.109864957656214	0.183108262760357	8.16052491035325
-0.0396734569314107	1.6083009079118	7.19920653086137
1.01930266269932	1.44350347142748	6.08529793240253
-1.58999008163577	-0.231937132829786	3.04875257495994
-3.06706340123598	1.48012512397955	4.98054474708171
-1.97756923781186	1.14442664225223	3.35088120851453
0.399786373693446	1.87075608453498	3.13115129320211
-0.198367284657053	1.24513618677043	2.7191577019913
1.66323338673991	2.19424734874495	3.97650110627909
-0.021362630655375	-0.238040741588464	2.58793011367971
-2.5787747005417	-2.57267109178302	-0.222781719691768
-0.878919661249714	-1.27565423056382	2.04776073853666
-2.92362859540703	1.26039520866712	3.76592660410468
-0.457770656900893	3.14335851071946	5.56038757915618
-0.610360875867857	2.75272755016403	7.57152666514076
-1.8951705195697	3.45769436179141	11.2458991378653
-0.97962920576791	2.16372930495155	8.17883573662928
-0.994888227664607	2.52079041733425	5.71297779812314
5.02327000839246	5.82894636453803	9.057755397879
0.0579842832074464	4.64484626535439	7.18699931334401
3.00907911802853	5.48104066529335	7.30296787975891
4.42511635004196	5.23689631494621	7.62645914396887
0.064087891966125	1.53505760280766	6.01815823605707
0.00915541313801785	1.61135271229114	3.76592660410468
-0.149538414587625	1.25429159990845	2.55741206988632
-3.1464103150988	-0.225833524071107	0.506599526970321
-1.84634164950027	-1.025406271458	1.37331197070268
-5.32845044632639	-2.34073395895323	0.21362630655375
-5.05683985656519	-3.70183871213855	-1.26344701304646
-4.0009155413138	-4.22369726100557	-2.24917982757305
-4.03753719386587	-3.68047608148318	-4.34576943617914
-2.2369726100557	-3.88799877927825	-2.91447318226902
-3.20439459830625	-3.48516060120546	-4.85236896314946
-0.326543068589303	-3.45769436179141	-2.16067750057221
-2.13321126115816	-4.45868619821469	-3.36308842603189
0.997940032043946	-1.99893186846723	-2.48416876478218
-1.62966353856718	-1.93789578088045	-0.946059357595178
0.695811398489357	-1.98367284657053	-0.793469138628214
4.20538643472953	-1.9806210421912	0.915541313801785
-0.381475547417411	-4.48004882887007	-1.35500114442664
1.31227588311589	-4.36713206683452	-1.93789578088045
-1.94399938963912	-6.3782711528191	-2.12405584802014
-2.17593652246891	-4.41290913252461	-3.24101625085832
-3.14946211947814	-5.35896849011978	-2.18814373998627
-2.72220950637064	-5.41695277332723	-2.29800869764248
-2.54520485236896	-3.19523918516823	-3.39360646982528
-3.33867399099718	-4.37323567559319	-4.63569085221637
-0.241092545967803	-1.41908903639277	-3.31120775158312
-2.22476539253834	-4.85847257190814	-5.3681239032578
-2.52994583047227	-4.26947432669566	-5.17280842298009
-1.06202792401007	-3.2318608377203	-1.03761348897536
0.460822461280232	-5.52071412222477	-9.13710231174182
-0.225833524071107	-4.86152437628748	-5.24605172808423
-1.47096971084154	-5.55733577477684	-8.47486076142519
-2.91142137788968	-5.84725719081407	-10.4280155642023
-5.80148012512398	-7.18089570458534	-9.15846494239719
-5.07209887846189	-6.86961165789273	-4.86762798504616
-7.08323796444648	-5.93575951781491	-5.97848477912566
-9.9671931029221	-6.09750514991989	-5.93270771343557
-7.00999465934234	-3.21660181582361	-4.02227817196918
-1.52590218966964	-1.79751277943084	-3.86968795300221
-7.82482642862592	-4.09857328145266	-5.38033112077516
-4.22674906538491	-0.692759594110018	-2.31631952391852
-1.05592431525139	-0.63782711528191	-3.46074616617075
1.51064316777295	2.53604943923095	-1.2115663385977
1.54726482032502	3.17998016327153	2.392614633402
3.4027618829633	0.943007553215839	0.573739223315785
4.59296559090562	1.26344701304646	1.80666819256886
-0.302128633554589	-0.424200808728161	3.06401159685664
-1.43434805828946	-0.872816052491035	2.87479972533761
-3.99786373693446	-2.02029449912261	0.729381246662089
-7.40062561989776	-3.66826886396582	-1.879911497673
-7.006942854963	-4.08331425955596	-2.48111696040284
-5.75875486381323	-5.99679560540169	-3.62859540703441
-8.1727321278706	-7.49828336003662	-5.97848477912566
-8.09643701838712	-10.2510109102007	-6.74448767833982
-6.69871061264973	-9.26832990005341	-7.84924086366064
-9.23476005188067	-9.70473792629892	-6.41794460975052
-10.7240405889982	-11.1024643320363	-8.84718089570459
-9.25612268253605	-8.64271000228885	-8.02319371328298
-11.1024643320363	-9.45754177157244	-8.63355458915083
-9.98855573357748	-7.04966811627375	-8.38635843442435
-10.9163042648966	-7.80956740672923	-6.85740444037537
-9.7962920576791	-7.78210116731517	-9.23781185626001
-7.53795681696803	-5.84115358205539	-7.33043411917296
-7.88586251621271	-6.92454413672084	-7.52269779507134
-4.53803311207752	-5.4383154039826	-4.79743648432135
-2.71610589761196	-3.1464103150988	-4.95307850766766
-8.16052491035325	-3.91241321431296	-3.18608377203021
-5.91134508278019	-2.57267109178302	-1.48317692835889
-5.99984740978103	-4.86762798504616	-1.77309834439612
-5.0110627908751	-2.87479972533761	-0.216678110933089
-5.44747081712062	-2.74662394140536	-1.57473105973907
-7.03440909437705	-1.49843595025559	-1.538109407187
-8.88075074387732	-2.563515678645	-1.6937514305333
-9.42092011902037	-3.58587014572366	-2.03250171663996
-7.861448081178	-1.56557564660105	-2.08743419546807
-8.31616693369955	-4.17792019531548	-3.13725490196078
-3.95208667124437	-3.20744640268559	-3.9154650186923
-7.78515297169451	-3.98870832379644	-5.54207675288014
-3.96124208438239	-2.25833524071107	-5.70382238498512
-6.89707789730678	-2.16372930495155	-3.86053253986419
-7.39452201113909	-3.14030670634012	-5.79842832074464
-6.79331654840925	-1.64797436484321	-3.96429388876173
-6.85435263599603	-1.6235599298085	-3.21049820706493
-5.0415808346685	0.93690394445716	-1.40993362325475
-6.71396963454643	1.30617227435721	-1.38857099259937
-5.94186312657359	-0.283817807278553	-0.744640268558785
-2.19729915312428	-0.735484855420768	-0.546272983901732
-2.08133058670939	-1.44350347142748	-1.56557564660105
-3.30815594720378	-1.74258030060273	-1.90432593270771
-0.961318379491875	-2.02334630350195	-3.06706340123598
1.57778286411841	0.396734569314107	-2.20950637064164
-3.51262684061952	0.164797436484321	-2.89311055161364
-1.95925841153582	1.39467460135805	-1.9501029983978
-2.03860532539864	2.77103837644007	0.259403372243839
-5.27656977187762	0.732433051041428	-0.55542839703975
-3.03654535744259	0.0183108262760357	0.588998245212482
-8.05371175707637	-3.14030670634012	-0.582894636453803
-8.04455634393835	-4.60517280842298	-2.18814373998627
-5.11482413977264	-3.71404592965591	-2.63065537499046
-5.40779736018921	-3.72014953841459	-2.80766002899214
-0.656137941557946	-1.79751277943084	-2.43839169909209
3.22575722896162	1.32448310063325	-1.02845807583734
3.60418097199969	1.64797436484321	-0.674448767833982
2.38345922026398	3.01213092240787	0.775158312352178
0.0762951094834821	1.32753490501259	0.433356221866178
0.869764248111696	3.48210879682612	1.6083009079118
-0.0183108262760357	3.36919203479057	2.31937132829786
1.67238879987793	4.76386663614862	2.7496757457847
0.842298008697642	4.14740215152209	4.04974441138323
1.0406652933547	3.57976653696498	4.0161745632105
2.89616235599298	4.1718165865568	3.48210879682612
3.75066758220798	4.42206454566262	6.18600747692073
4.94392309452964	5.19417105363546	3.6743724727245
7.24498359655146	6.48203250171664	6.41184100099184
5.54818036163882	7.55321583886473	6.0669871061265
6.93369954985885	7.75158312352178	6.84519722285801
6.15548943312734	7.21751735713741	9.15541313801785
4.1718165865568	5.9662775616083	6.43015182726787
5.76180666819257	6.31113145647364	9.66506446936751
8.75867856870375	4.50141145952544	7.60814831769284
6.01510643167773	3.39665827420462	7.80651560234989
0.827038986800946	0.604257267109178	6.16464484626535
4.75165941863127	2.11490043488212	7.04966811627375
-1.33058670939193	0.372320134279393	4.40070191500725
-0.399786373693446	1.40077821011673	3.20439459830625
0.906385900663767	3.71404592965591	5.2826733806363
3.28984512092775	2.3224231326772	1.84328984512093
7.03135728999771	4.22064545662623	3.29900053406577
4.28168154421302	2.23086900129702	2.56656748302434
4.8706797894255	1.9501029983978	-0.836194399938964
3.96124208438239	0.943007553215839	3.53704127565423
0.418097199969482	-1.90127412832837	0.738536659800107
1.58693827725643	-3.54009308003357	1.91348134584573
-3.57061112382696	-4.15350576028077	2.94499122606241
-3.9154650186923	-5.3528648813611	0.704966811627375
-6.76279850461585	-5.38643472953384	0.372320134279393
-5.9662775616083	-4.49225604638743	0.415045395590143
-7.80041199359121	-2.8900587472343	1.5533684290837
-7.55931944762341	-4.02838178072786	0.363164721141375
-5.57869840543221	-2.63981078812848	3.21965362020295
-5.3528648813611	-1.90737773708705	2.83207446402686
-0.885023270008392	1.78225375753414	6.14938582436866
-2.78934920271611	0.421149004348821	4.38544289311055
1.13832303349355	2.25833524071107	4.07415884641794
2.60929274433509	0.320439459830625	4.75776302738994
-0.161745632104982	-2.40482185091936	1.74563210498207
1.76394293125811	-2.78019378957809	4.11993591210803
-1.19325551232166	-5.00495918211643	-1.0406652933547
-1.3824673838407	-3.02128633554589	0.76600289921416
-1.70901045243	-1.90737773708705	0.708018616006714
-1.65407797360189	-0.241092545967803	-0.527962157625696
-0.137331197070268	2.52384222171359	3.58281834134432
1.38551918822004	3.86358434424353	3.57671473258564
2.54215304798962	6.88181887541009	6.68345159075303
2.13015945677882	6.05783169298848	7.46776531624323
5.64583810177768	8.23682001983673	7.29076066224155
4.40680552376593	7.30296787975891	5.31624322880903
4.14129854276341	4.83405813687343	3.66216525520714
3.70183871213855	3.29594872968643	3.92767223620966
2.96025024795911	1.63576714732586	4.00701915007248
6.97947661554894	2.95109483482109	4.40985732814527
-0.271610589761196	1.16884107728695	5.2826733806363
0.311284046692607	1.99893186846723	6.2928206301976
2.91142137788968	4.87678339818418	9.86343175402457
2.18814373998627	2.85648889906157	6.25925078202487
3.759822995346	5.26436255436027	6.21347371633478
4.75776302738994	3.90020599679561	6.95506218051423
6.50949874113069	5.41390096894789	6.0364690623331
4.97749294270237	6.89402609292744	8.1025406271458
6.84519722285801	8.03845273517967	7.68444342717632
7.62035553521019	9.49111161974517	10.4859998474098
6.62241550316625	7.96826123445487	10.452429999237
6.50034332799268	6.83299000534066	9.95193408102541
8.63660639353017	6.39658197909514	10.928511482414
4.0009155413138	4.5990691996643	7.12291142137789
2.06912336919203	2.47196154726482	7.35790035858701
1.99588006408789	1.196307316701	8.31006332494087
5.99069199664302	3.67742427710384	7.29991607537957
2.35904478522927	1.12916762035554	6.07614251926451
4.785229266804	3.59197375448234	6.31418326085298
7.98046845197223	5.47493705653468	7.27855344472419
5.97543297474632	6.03952086671244	6.06088349736782
5.3528648813611	5.89303425650416	7.47692072938125
5.84115358205539	3.77813382162203	7.4891279468986
4.54108491645685	2.08133058670939	5.54207675288014
2.09658960860609	0.787365529869535	5.64278629739834
4.00396734569314	0.946059357595178	4.61738002594034
1.87685969329366	0.836194399938964	2.5482566567483
0.863660639353018	-2.12405584802014	1.36110475318532
0.329594872968643	-2.01419089036393	-1.20241092545968
1.16273746852827	-0.561532005798428	2.10879682612345
-1.22987716487373	-0.952162966353857	0.241092545967803
-3.90325780117494	-2.72526131074998	1.26344701304646
-0.207522697795071	-0.393682764934768	2.39566643778134
2.81071183337148	1.49538414587625	3.3325703822385
-0.326543068589303	-0.143434805828946	2.31937132829786
4.01007095445182	1.11696040283818	4.12603952086671
4.59296559090562	3.28984512092775	7.60814831769284
-2.29495689326314	2.20340276188296	4.72724498359655
0.366216525520714	4.25421530479896	10.3334096284428
-2.33768215457389	2.72831311512932	7.71496147096971
-0.0579842832074464	2.03250171663996	8.67627985046158
1.10475318532082	3.22270542458228	10.5317769130999
-2.04776073853666	-0.607309071488518	4.34882124055848
-1.69069962615396	-0.170901045243	4.90424963759823
-2.9907682917525	-3.11894407568475	2.72831311512932
-3.12504768444343	-3.52178225375753	1.49843595025559
-1.55031662470436	-3.49736781872282	2.55741206988632
0.396734569314107	-3.93377584496834	0.4272526131075
2.89616235599298	-2.19729915312428	4.00396734569314
1.36110475318532	-1.21766994735637	4.63569085221637
0.573739223315785	-1.99893186846723	4.16571297779812
2.73136491950866	-2.12710765239948	2.99687190051118
4.3427176317998	-0.497444113832303	3.83306630045014
2.32547493705653	-2.37125200274662	4.26642252231632
4.59601739528496	-1.67849240863661	3.17082475013352
6.70481422140841	1.52590218966964	6.44541084916457
6.59494926375219	0.488288700694285	6.19211108567941
8.53894865339132	2.5482566567483	5.7099259937438
6.17990386816205	1.65102616922255	6.60105287251087
5.34676127260243	0.360112916762036	4.07110704203861
5.19417105363546	1.66933699549859	3.81780727855344
2.85038529030289	-1.43129625391012	2.94499122606241
2.49027237354086	-1.68459601739528	2.43839169909209
1.88296330205234	-2.63981078812848	1.73037308308537
0.192263675898375	-2.49027237354086	0.573739223315785
-1.15968566414893	-1.18715190356298	2.42923628595407
-2.49942778667887	-1.59914549477379	1.19020370794232
-5.1972228580148	-2.54520485236896	1.41298542763409
-7.10154879072251	-5.55123216601816	-2.51773861295491
-5.32234683756771	-7.177843900206	-3.65300984206912
-8.19714656290532	-10.8155947203784	-4.75776302738994
-9.40260929274434	-11.6334782940414	-3.21355001144427
-6.87266346227207	-11.5327687495232	-0.335698481727321
-7.08934157320516	-9.60708018616007	2.14236667429618
-1.95925841153582	-5.8655680170901	4.81269550621805
2.82291905088884	-3.86358434424353	5.33150225070573
2.59403372243839	-1.70901045243	6.03952086671244
3.01518272678721	-1.50453955901427	7.59899290455482
0.564583810177768	-2.72220950637064	6.14633401998932
1.48317692835889	-3.30815594720378	5.00190737773709
-0.292973220416571	-4.13519493400473	4.61127641718166
4.07110704203861	-2.6489662012665	5.23689631494621
0.0610360875867857	-4.15350576028077	4.88288700694286
0.695811398489357	-4.96833752956436	5.0263218127718
-0.0335698481727321	-4.76691844052796	3.57976653696498
0.973525597009232	-4.71198596169986	6.70481422140841
2.44449530785077	-3.27458609903105	5.84115358205539
6.10360875867857	-1.91042954146639	5.09346150911727
4.11383230334935	-1.87685969329366	2.82902265964752
2.81071183337148	-2.34683756771191	-0.00610360875867857
0.225833524071107	-4.83710994125277	-2.78324559395743
1.69069962615396	-6.57663843747616	-5.19111924925612
-1.71511406118868	-8.17883573662928	-4.64179446097505
-1.65102616922255	-8.94483863584344	-7.04051270313573
2.64591439688716	-7.53795681696803	-3.33867399099718
-0.72327763790341	-9.24696726939803	-4.63874265659571
-0.955214770733196	-7.85839627679866	-4.96223392080568
-3.30510414282444	-8.03540093080034	-3.34477759975586
-2.61539635309377	-8.14221408407721	-2.99992370489052
-3.62554360265507	-6.62241550316625	0.0122072175173571
-5.52071412222477	-7.8461890592813	-3.22575722896162
-5.17891203173877	-6.91233691920348	-1.4679179064622
-5.17891203173877	-7.65087357900359	-1.82803082322423
-2.4628061341268	-7.43114366369116	-0.98268101014725
-4.3579766536965	-8.59082932784009	-1.83413443198291
-2.76188296330205	-7.40978103303578	-1.40383001449607
-1.16273746852827	-6.9062333104448	-0.0885023270008393
-0.137331197070268	-6.65903715571832	-0.125123979552911
0.454718852521553	-3.31120775158312	2.96330205233845
0.714122224765393	-2.86259250782025	5.16365300984207
3.18608377203021	-3.64995803768978	5.04463263904784
5.92965590905623	-2.31326771953918	7.65697718776226
4.11688410772869	-3.71099412527657	8.07507438773175
2.04165712977798	-4.66010528725109	4.80659189745937
-0.0518806744487678	-7.67223620965896	2.50247959105821
2.94193942168307	-5.5542839703975	2.29800869764248
0.833142595559625	-6.82993820096132	-1.41908903639277
-2.92057679102769	-7.04356450751507	-2.74357213702602
-1.58999008163577	-8.34973678187228	-2.98771648737316
-4.11993591210803	-9.6406500343328	-3.04875257495994
-6.33249408712901	-10.2143892576486	-4.35187304493782
-7.6600289921416	-13.6079957274739	-6.44235904478523
-5.36507209887846	-12.8633554589151	-5.73739223315785
-3.69878690775921	-12.1919584954604	-7.51659418631266
-1.68154421301595	-9.84512092774853	-6.38437476157778
-0.234988937209125	-7.36095216296635	-4.68757152666514
-0.476081483176928	-6.27145799954223	-6.43930724040589
-0.274662394140536	-3.32036316472114	-2.1362630655375
1.47096971084154	-3.00297550926986	-1.80361638818952
0.00915541313801785	-1.47402151522087	0.717174029144732
4.48004882887007	0.524910353246357	2.52384222171359
0.219729915312428	-0.00305180437933928	5.17891203173877
4.80964370183871	2.18814373998627	3.759822995346
7.006942854963	3.80865186541543	6.41489280537118
4.30609597924773	2.8046082246128	5.4535744258793
4.96833752956436	1.8951705195697	3.96429388876173
5.71297779812314	1.98367284657053	5.27962157625696
2.48722056916152	2.99382009613184	3.07927061875334
1.07728694590677	2.53910124361028	4.6997787441825
-2.48416876478218	1.08949416342412	0.961318379491875
0.0122072175173571	2.06301976043336	2.6642252231632
-0.613412680247196	1.45571068894484	-0.259403372243839
0.518806744487678	-0.177004654001679	-1.02845807583734
2.36514839398795	-0.872816052491035	-3.08842603189136
4.78828107118334	0.622568093385214	-3.60723277637903
4.75165941863127	0.561532005798428	-2.59708552681773
4.75165941863127	1.45876249332418	-2.01724269474327
5.21553368429084	1.9806210421912	-0.216678110933089
6.57358663309682	0.0885023270008393	0.0549324788281071
4.74555580987259	-0.561532005798428	0.180056458381018
3.48210879682612	-2.67948424505989	1.03150988021668
4.66620889600977	-1.88906691081102	1.34584573128862
2.10269321736477	0.12817578393225	1.2817578393225
1.73952849622339	-0.775158312352178	3.21049820706493
3.1464103150988	1.97146562905318	4.08941786831464
3.79949645227741	-0.311284046692607	2.70389868009461
2.31326771953918	0.204470893415732	1.23292896925307
3.05180437933928	0.72327763790341	2.01113908598459
1.16273746852827	-0.55542839703975	-0.564583810177768
2.67948424505989	1.27870603494316	2.52689402609293
-0.607309071488518	-2.19729915312428	-0.0976577401388571
-0.335698481727321	-3.79339284351873	0.0579842832074464
-1.54421301594568	-4.55329213397421	0.161745632104982
0.155642023346304	-5.69771877622644	-1.48622873273823
1.37026016632334	-0.964370183871214	2.14236667429618
-1.27565423056382	-2.43228809033341	0.308232242313268
4.43121995880064	1.47707331960021	2.12710765239948
6.19516289005875	2.47196154726482	3.15556572823682
6.6498817425803	1.36415655756466	1.17189288166629
7.54406042572671	2.27664606698711	0.857557030594339
3.17082475013352	1.40077821011673	2.8351262684062
5.12703135729	1.06507972838941	0.259403372243839
5.00190737773709	1.35805294880598	0.0946059357595178
3.68657969024186	1.58083466849775	1.89211871519036
4.99580376897841	2.19424734874495	2.70084687571527
6.2378881513695	1.45876249332418	2.12405584802014
8.38330663004501	3.86358434424353	4.60517280842298
4.98359655146105	1.69985503929198	4.90730144197757
8.53894865339132	4.79438467994202	5.67635614557107
5.0263218127718	6.16769665064469	6.42099641412985
5.16060120546273	5.42000457770657	4.02532997634852
6.4087891966125	6.85435263599603	4.37933928435187
5.7099259937438	6.04257267109178	4.3427176317998
9.0272373540856	6.66208896009766	3.28679331654841
6.31113145647364	4.90119783321889	5.04463263904784
8.27954528114748	4.98054474708171	3.91241321431296
9.21034561684596	7.2632944228275	6.93369954985885
3.8300144960708	6.77805752651255	6.66208896009766
4.43121995880064	5.87472343022812	2.68558785381857
5.00801098649577	6.51865415426871	4.89204242008087
4.64179446097505	8.07507438773175	3.10368505378805
6.50339513237201	8.1025406271458	2.77409018081941
3.23491264209964	4.96223392080568	0.350957503624018
7.78515297169451	4.88288700694286	0.100709544518196
2.84122987716487	2.43839169909209	-0.747692072938125
2.19119554436561	0.0366216525520714	-3.25627527275502
1.44350347142748	0.0335698481727321	-0.46997787441825
1.73647669184405	-0.0152590218966964	0.421149004348821
3.10673685816739	0.155642023346304	0.567635614557107
3.18913557640955	3.69878690775921	5.08430609597925
5.48409246967269	3.72320134279393	4.51972228580148
6.01205462729839	6.32944228274968	7.36705577172503
5.80758373388266	6.34470130464637	8.11169604028382
7.53490501258869	7.56542305638209	6.78110933089189
8.52674143587396	6.95201037613489	5.48104066529335
8.51758602273594	5.74654764629587	2.93583581292439
1.70595864805066	5.22774090180819	0.976577401388571
2.61844815747311	5.13008316166934	1.49843595025559
1.84328984512093	7.47386892500191	-0.708018616006714
0.790417334248875	4.81879911497673	-2.8198672465095
-0.344853894865339	2.12405584802014	-5.03547722590982
1.05897611963073	3.03349355306325	-7.26634622720684
-0.280766002899214	-0.170901045243	-10.7606622415503
-1.25429159990845	-1.77309834439612	-9.82375829709316
-1.68459601739528	-1.82192721446555	-7.69665064469368
-1.98977645532921	-3.95513847562371	-11.1940184634165
-1.72121766994736	-5.52681773098344	-10.3883421072709
-4.11383230334935	-7.19615472648203	-9.85732814526589
-4.01007095445182	-8.23682001983673	-10.2021820401312
-3.89105058365759	-9.20424200808728	-8.62745098039216
-3.28374151216907	-7.56847486076142	-6.31113145647364
-1.01625085831998	-5.21553368429084	-3.43022812237736
3.31425955596246	-4.37018387121385	-1.367208361944
1.31532768749523	-2.77409018081941	-0.738536659800107
5.49019607843137	-3.07316700999466	-0.750743877317464
-0.5981536583505	-4.78217746242466	0.424200808728161
-1.24513618677043	-5.24605172808423	1.59914549477379
-3.08537422751202	-6.1219195849546	-0.436408026245518
-5.43221179522393	-7.86449988555734	-0.103761348897536
-6.32944228274968	-7.45860990310521	0.866712443732357
-4.21759365224689	-6.23483634699016	-1.01930266269932
-4.05279621576257	-7.77904936293584	-1.6083009079118
-4.37018387121385	-8.9723048752575	-4.02227817196918
-3.85748073548486	-8.05065995269703	-4.54413672083619
-3.40581368734264	-10.2082856488899	-4.69062333104448
-1.20546272983902	-8.05676356145571	-4.59296559090562
0.0823987182421607	-7.84313725490196	-3.39665827420462
-0.338750286106661	-8.89906157015335	-7.83398184176394
-0.518806744487678	-8.31006332494087	-7.48302433813993
-1.65102616922255	-8.43518730449378	-9.35072861829557
-3.3173113603418	-8.88075074387732	-10.1991302357519
-3.39665827420462	-9.0424963759823	-8.85938811322194
-1.95925841153582	-6.07309071488518	-6.91233691920348
-2.99382009613184	-5.72213321126116	-3.84222171358816
-2.2064545662623	-4.05279621576257	-2.57572289616236
-3.58281834134432	-1.72121766994736	1.36415655756466
-1.2115663385977	0.662241550316625	4.20233463035019
6.07614251926451	5.78316929884794	6.25925078202487
5.57259479667353	5.37727931639582	8.92042420080873
6.39963378347448	5.32234683756771	5.44136720836194
7.98657206073091	5.15144579232471	7.11375600823987
2.83817807278553	0.570687418936446	4.81574731059739
2.563515678645	-1.23903257801175	1.51369497215228
0.503547722590982	-2.5482566567483	1.63271534294652
1.15968566414893	-0.650034332799268	1.57167925535973
1.08949416342412	0.625619897764553	2.78934920271611
1.36415655756466	1.50453955901427	3.58587014572366
2.98161287861448	2.36209658960861	1.44960708018616
2.8900587472343	1.44350347142748	1.52895399404898
6.17685206378271	1.12916762035554	2.1210040436408
7.65392538338293	1.81582360570687	4.71198596169986
4.87983520256352	0.885023270008392	2.92362859540703
8.1727321278706	2.03860532539864	3.49736781872282
-1.37636377508202	-1.52590218966964	-0.900282291905089
1.75478751812009	-1.79751277943084	-3.14030670634012
-5.35896849011978	-4.78217746242466	-5.39559014267186
-7.80956740672923	-8.34668497749294	-9.570458533608
-7.30907148851759	-8.52063782711528	-9.02113374532692
-9.52773327229725	-10.6630045014115	-9.47585259784848
-5.34065766384375	-10.4463263904784	-10.1411459525444
-7.4891279468986	-11.990539406424	-10.965133134966
-6.16769665064469	-11.9874876020447	-10.3150988021668
-6.83909361409934	-12.2621499961852	-8.22766460669871
-7.09544518196384	-14.3251697566186	-9.7962920576791
-9.60402838178073	-12.2682536049439	-7.40978103303578
-8.33752956435493	-14.0016784924086	-5.34981307698177
-5.7801174944686	-10.9834439612421	-1.10780498970016
-4.67231250476844	-8.73121232928969	-1.79140917067216
