-4.60212100404364	-5.91439688715953	-8.22461280231937
-5.79232471198596	-5.16975661860075	-8.27038986800946
-3.35393301289387	-3.99481193255512	-4.80659189745937
-1.9806210421912	-0.616464484626535	-3.02738994430457
-1.2817578393225	0.543221179522393	-3.46990157930877
-1.59304188601511	0.601205462729839	-3.14030670634012
-1.39467460135805	2.46890974288548	-2.96635385671778
-0.112916762035554	-0.866712443732357	-5.02021820401312
0.787365529869535	-1.97756923781186	-3.66826886396582
1.18715190356298	3.10978866254673	1.08949416342412
7.26024261844816	3.75677119096666	7.24193179217212
2.15457389181353	1.21766994735637	4.86762798504616
4.27557793545434	2.88395513847562	4.6845197222858
3.14946211947814	0.81177996490425	1.73647669184405
-3.91241321431296	-3.076218814374	-3.64385442893111
-2.27664606698711	-2.94193942168307	-4.24811169604028
-5.77401388570993	-3.88189517051957	-8.1879911497673
-2.09048599984741	-2.66117341878386	-9.48195620660716
-4.785229266804	-4.89204242008087	-10.1472495613031
-2.64591439688716	-1.11696040283818	-7.90722514686809
-3.85442893110552	-4.16876478217746	-7.49523155565728
-2.85343709468223	-2.73746852826734	-5.41390096894789
-4.05279621576257	-6.7200732433051	-7.65087357900359
-4.44647898069734	-8.20630197604333	-5.77706569008927
-5.49629968719005	-6.38132295719844	-5.35896849011978
-4.8401617456321	-6.85740444037537	-5.25520714122225
-6.68039978637369	-6.8207827878233	-5.82284275577935
-3.32951857785916	-5.90829327840085	-4.14435034714275
-0.59510185397116	-4.34882124055848	-3.25627527275502
-4.54718852521553	-6.58579385061418	-4.95307850766766
0.00305180437933928	-4.12298771648737	-0.997940032043946
0.00610360875867857	-2.89311055161364	0.72632944228275
0.439459830624857	-2.89616235599298	2.35904478522927
2.85954070344091	-4.00701915007248	3.76592660410468
4.16266117341878	-0.900282291905089	3.53398947127489
4.5288776989395	-0.823987182421607	3.70183871213855
5.55733577477684	-1.82497901884489	2.14541847867552
0.750743877317464	-4.52582589456016	-3.35393301289387
0.973525597009232	-6.0517280842298	-5.6092164492256
-0.00610360875867857	-5.23994811932555	-6.95811398489357
-3.90936140993362	-7.06797894254978	-9.37819485770962
-4.74860761425193	-7.13817044327459	-10.4371709773404
-3.72014953841459	-5.39559014267186	-8.57251850156405
-5.47493705653468	-5.3528648813611	-8.51148241397726
-3.076218814374	-2.45365072098878	-5.38033112077516
-3.39971007858396	-3.02433813992523	-6.25314717326619
-1.67544060425727	-2.50858319981689	-5.70077058060578
1.68154421301595	-1.00404364080262	-2.88700694285496
-1.12916762035554	-2.63065537499046	-3.73846036469062
-1.25429159990845	-3.37529564354925	-5.28877698939498
2.60318913557641	-1.41908903639277	-2.18204013122759
3.63775082017243	0.0183108262760357	-0.952162966353857
4.2572671091783	1.58999008163577	0.479133287556268
4.5990691996643	-0.241092545967803	1.85854886701762
4.37628747997253	0.411993591210803	4.3579766536965
2.94499122606241	-0.366216525520714	3.45769436179141
2.13321126115816	0.671396963454643	5.44747081712062
3.14030670634012	0.692759594110018	5.95407034409094
2.51468680857557	0.643930724040589	4.81269550621805
2.81681544213016	-0.817883573662928	2.64286259250782
1.52895399404898	-1.37331197070268	-4.5288776989395
-0.537117570763714	-3.72014953841459	-4.76081483176928
-1.93789578088045	-3.78728923476005	-3.58587014572366
-2.29495689326314	-2.50553139543755	-4.74860761425193
0.292973220416571	-3.34172579537652	-5.70687418936446
-0.631723506523232	-4.5288776989395	-6.38437476157778
-1.93484397650111	-3.30510414282444	-7.30601968413825
-1.80361638818952	-4.03448538948653	-7.6050965133135
-0.827038986800946	-3.37224383916991	-6.18295567254139
-3.78118562600137	-3.56145571068894	-4.48310063324941
-3.79949645227741	-4.72419317921721	-1.88296330205234
-5.40474555580987	-7.50743877317464	-4.16266117341878
-3.08232242313268	-7.63866636148623	-3.21660181582361
-5.51461051346609	-10.0465400167849	-4.63263904783703
-6.0517280842298	-8.59388113221942	-5.95712214847028
-3.74151216906996	-8.48706797894255	-4.83710994125277
-6.53086137178607	-9.99160753795682	-5.38033112077516
-6.9062333104448	-6.83604180972	-5.88693064774548
-3.97039749752041	-6.31418326085298	-2.98161287861448
-0.219729915312428	-5.66720073243305	-2.84733348592355
4.60212100404364	-4.03753719386587	-0.967421988250553
7.20836194399939	-2.79545281147478	-0.701915007248035
7.44945448996719	-1.92568856336309	-0.604257267109178
7.92553597314412	-0.698863202868696	-0.115968566414893
8.86854352635996	2.03860532539864	2.09048599984741
7.19615472648203	3.32951857785916	1.48622873273823
2.71305409323262	2.85954070344091	0.799572747386893
1.52895399404898	3.02433813992523	-0.0152590218966964
-1.19325551232166	1.30922407873655	-1.09254596780346
-4.87678339818418	-0.933852140077821	-1.5533684290837
-6.4637216754406	-0.817883573662928	-0.827038986800946
-6.16159304188602	-0.943007553215839	0.119020370794232
-5.27656977187762	1.367208361944	-0.436408026245518
-4.86762798504616	2.8900587472343	-1.65102616922255
-2.76798657206073	2.40177004654002	-3.02128633554589
-3.03349355306325	0.430304417486839	-3.54619668879225
-0.00610360875867857	0.149538414587625	-1.879911497673
1.60524910353246	-0.0915541313801785	0.506599526970321
0.0793469138628214	-4.07721065079728	-0.784313725490196
0.338750286106661	-3.23491264209964	-1.94705119401846
0.21362630655375	-1.64797436484321	-1.96231021591516
0.442511635004196	-0.323491264209964	-0.686655985351339
1.40383001449607	0.286869611657893	-0.805676356145571
1.65407797360189	1.70290684367132	-1.22987716487373
3.43022812237736	2.16067750057221	0.259403372243839
4.80048828870069	1.54726482032502	0.549324788281071
5.31013962005035	0.125123979552911	-1.56557564660105
10.3578240634775	2.62760357061112	0.286869611657893
10.2143892576486	2.28274967574578	2.00503547722591
10.25406271458	5.43221179522393	2.72526131074998
10.0709544518196	7.9163805600061	3.72014953841459
10.4829480430304	5.81368734264134	4.86152437628748
2.15457389181353	2.3773556115053	2.63675898374914
-0.195315480277714	-0.134279392690929	2.18509193560693
-1.67849240863661	-2.88395513847562	0.482185091935607
-5.5542839703975	-5.04463263904784	-0.579842832074464
-7.177843900206	-4.98970016021973	-0.283817807278553
-8.07812619211109	-3.17387655451286	-1.05287251087205
-6.29892423895628	-0.262455176623178	-0.320439459830625
-4.81269550621805	-0.451667048142214	0.97962920576791
-3.68963149462119	0.881971465629053	3.58281834134432
-2.79240100709545	-0.906385900663767	2.09964141298543
1.85854886701762	0.286869611657893	4.54718852521553
1.02845807583734	-1.48928053711757	4.19317921721218
1.06507972838941	-1.64187075608453	2.52384222171359
-0.00610360875867857	-0.7690547035935	1.23598077363241
0.0610360875867857	-1.22987716487373	1.06813153276875
0.573739223315785	-2.47196154726482	1.40688181887541
2.96635385671778	-0.668345159075303	1.62050812542916
3.930724040589	-1.40077821011673	3.35393301289387
3.45159075303273	-2.06912336919203	1.52590218966964
3.41496910048066	-2.06912336919203	1.33363851377127
5.07515068284123	-0.64087891966125	0.888075074387732
6.40573739223316	2.20950637064164	2.60318913557641
7.6752880140383	4.29999237048905	4.42206454566262
5.92050049591821	2.65812161440452	5.24299992370489
6.94895857175555	6.89402609292744	7.7607385366598
4.55024032959487	5.31624322880903	5.17280842298009
7.4891279468986	3.61028458075837	7.81261921110857
4.52277409018082	2.06301976043336	7.15953307392996
6.27756160830091	0.540169375143053	7.22056916151675
7.63256275272755	1.51979858091096	9.57351033798733
4.78828107118334	1.95925841153582	11.6517891203174
3.8452735179675	0.973525597009232	11.9386587319753
6.28061341268025	3.94598306248569	15.219348439765
7.85534447241932	4.46784161135271	16.1532005798428
9.84206912336919	3.87273975738155	14.9813076981765
11.6334782940414	3.74761577782864	12.6161593041886
14.2244602121004	6.4087891966125	12.0607309071489
14.2397192339971	5.81673914702068	9.42397192339971
13.159380483711	4.0009155413138	9.44838635843442
11.3252460517281	2.31631952391852	10.2388036926833
7.59594110017548	3.02738994430457	8.40466926070039
6.9916838330663	2.23086900129702	10.2418554970626
9.60097657740139	2.88700694285496	10.5622949568933
9.25001907377737	3.39055466544594	8.10559243152514
14.5052262149996	4.82795452811475	9.27443350881209
15.6313420309758	4.78217746242466	6.85740444037537
13.1654840924697	4.96833752956436	6.91538872358282
13.8033112077516	5.35591668574044	7.76379034103914
7.04356450751507	4.40680552376593	6.2073701075761
7.70275425345235	6.45151445792325	7.73022049286641
4.39765011062791	6.76279850461585	5.09346150911727
2.09964141298543	7.14427405203327	7.14427405203327
-0.848401617456321	6.2928206301976	4.81269550621805
-1.23598077363241	3.91241321431296	4.0161745632105
0.863660639353018	3.40581368734264	4.36713206683452
-2.00503547722591	0.0183108262760357	0.704966811627375
-2.85343709468223	-0.259403372243839	1.09254596780346
-3.22575722896162	0.473029678797589	0.0244144350347143
-4.66010528725109	-0.973525597009232	-2.221713588159
-6.84519722285801	-0.527962157625696	-2.52994583047227
-6.152437628748	-1.72732127870604	-1.26344701304646
-7.41283283741512	-2.07217517357137	-3.49431601434348
-4.76081483176928	-1.33669031815061	-2.71305409323262
-2.5482566567483	0.152590218966964	-1.13832303349355
-5.297932402533	-0.360112916762036	-2.52079041733425
-2.52384222171359	1.07423514152743	-3.30510414282444
-0.869764248111696	1.2817578393225	-2.39566643778134
-1.40993362325475	1.55642023346304	-1.69069962615396
-0.9399557488365	2.70084687571527	-1.37636377508202
0.112916762035554	4.41290913252461	-0.100709544518196
-0.631723506523232	1.77004654001678	-2.33768215457389
-1.2970168612192	1.52590218966964	-4.29999237048905
-3.92767223620966	-0.0946059357595178	-4.60212100404364
-8.886854352636	-0.906385900663767	-6.73228046082246
-5.52071412222477	-1.73342488746471	-6.494239719234
-8.34668497749294	-3.55535210193027	-7.26024261844816
-8.79835202563516	-2.55741206988632	-6.56137941557946
-6.87876707103075	-2.94499122606241	-6.665140764477
-10.3761348897536	-5.6244754711223	-7.65392538338293
-9.8115510795758	-4.8401617456321	-7.79430838483253
-8.48401617456321	-5.40474555580987	-6.67734798199435
-11.6517891203174	-6.56137941557946	-8.76478217746243
-10.4005493247883	-4.91950865949493	-9.23476005188067
-6.45151445792325	-3.73846036469062	-7.72411688410773
-5.66720073243305	-3.930724040589	-7.46166170748455
-4.57770656900893	-2.25528343633173	-6.26840619516289
-5.25825894560159	-2.81681544213016	-6.34470130464637
-4.90730144197757	-2.79545281147478	-7.19005111772335
-7.20836194399939	-2.60929274433509	-6.92454413672084
-5.58480201419089	-1.9653620202945	-6.29587243457694
-7.15342946517128	-2.27054245822843	-5.84725719081407
-4.90119783321889	-1.59914549477379	-5.49629968719005
-1.81582360570687	-0.375371938658732	-4.51056687266346
-6.27756160830091	-0.326543068589303	-5.67635614557107
-3.53704127565423	1.86770428015564	-4.73640039673457
-3.21355001144427	0.482185091935607	-6.00900282291905
-1.50759136339361	0.689707789730678	-3.94903486686503
-1.19020370794232	0.143434805828946	-4.28473334859236
-5.96017395284962	-0.912489509422446	-7.4036774242771
-4.71808957045853	0.866712443732357	-6.43015182726787
-7.33043411917296	-1.1261158159762	-8.21545738918135
-9.71389333943694	-2.10269321736477	-8.97535667963684
-11.5602349889372	-4.443427176318	-6.58884565499351
-10.8827344167239	-6.31723506523232	-5.92355230029755
-10.5592431525139	-7.44945448996719	-4.79438467994202
-9.53383688105592	-6.45761806668193	-3.64080262455177
-9.03639276722362	-3.72320134279393	-2.94804303044175
-7.006942854963	-2.92668039978637	-3.03959716182193
-5.34370946822309	-2.49637598229953	-3.55535210193027
-8.83192187380789	-1.79751277943084	-3.86358434424353
-4.92866407263294	0.222781719691768	-3.02433813992523
-5.66720073243305	-2.23392080567636	-3.48210879682612
-8.70374608987564	-3.46990157930877	-5.21553368429084
-5.16060120546273	-5.51461051346609	-3.52178225375753
-8.02624551766232	-5.07209887846189	-6.70176241702907
-7.63561455710689	-5.12703135729	-6.08224612802319
-6.17990386816205	-3.06706340123598	-6.7353322652018
-5.58175020981155	-3.20134279392691	-5.80453192950332
-1.33974212252995	-3.71709773403525	-4.50751506828412
-3.13420309758144	-3.32341496910048	-5.11482413977264
-2.36209658960861	-3.78423743038071	-5.40779736018921
0.503547722590982	-3.03044174868391	-3.62249179827573
-0.656137941557946	-1.35805294880598	-2.89616235599298
-0.973525597009232	1.42824444953079	-3.13115129320211
-2.53299763485161	0.793469138628214	-3.79339284351873
-4.5990691996643	-0.531013962005035	-5.12092774853132
-6.36301213092241	-2.65812161440452	-6.16464484626535
-9.24696726939803	-3.66826886396582	-5.65499351491569
-8.42298008697643	-4.59296559090562	-5.64278629739834
-5.10566872663462	-3.72930495155261	-1.81887541008621
-6.94895857175555	-3.03654535744259	-2.28274967574578
-4.65400167849241	-1.39162279697871	0.457770656900893
-1.47707331960021	1.47402151522087	0.677500572213321
-2.79850461585412	-0.692759594110018	0.149538414587625
-2.27359426260777	0.479133287556268	0.329594872968643
-2.44144350347143	1.54116121156634	-0.335698481727321
0.964370183871214	4.92561226825361	2.13931486991684
1.26344701304646	6.14023041123064	3.11589227130541
1.09864957656214	3.92462043183032	2.3773556115053
2.40482185091936	2.66727702754253	3.0914778362707
2.8351262684062	2.1515220874342	2.563515678645
3.38445105668727	2.09353780422675	2.75883115892271
2.4078736552987	3.41496910048066	2.33463035019455
4.81879911497673	4.37933928435187	1.91348134584573
3.71404592965591	3.74151216906996	0.445563439383536
5.39559014267186	5.2124818799115	2.69779507133593
5.30098420691234	5.80758373388266	3.38750286106661
5.50545510032807	6.34470130464637	4.50751506828412
4.14129854276341	4.76081483176928	4.15045395590143
0.924696726939803	4.29083695735103	1.02845807583734
-4.16266117341878	2.01419089036393	-1.52895399404898
-5.47188525215534	1.69985503929198	-1.10780498970016
-5.88387884336614	0.372320134279393	-2.86869611657893
-5.81368734264134	-0.561532005798428	-1.21766994735637
-4.87373159380484	0.106813153276875	0.155642023346304
-6.13107499809262	0.607309071488518	-0.759899290455482
-4.39154650186923	0.567635614557107	0.314335851071946
-5.78316929884794	0.59510185397116	-0.271610589761196
-1.61135271229114	1.88906691081102	2.09658960860609
-0.943007553215839	0.527962157625696	0.512703135729
0.0518806744487678	-0.0366216525520714	0.155642023346304
-1.51979858091096	-0.549324788281071	-0.585946440833143
-1.9653620202945	-0.582894636453803	-2.72526131074998
-0.381475547417411	-0.119020370794232	-3.56145571068894
-1.86160067139696	-1.03150988021668	-2.3224231326772
-2.96330205233845	-0.933852140077821	-2.92362859540703
-0.0366216525520714	-1.95925841153582	-2.27054245822843
0.85145342183566	-2.60929274433509	-2.38040741588464
-1.2115663385977	-1.55642023346304	-1.29396505683986
-2.40482185091936	-2.3071641107805	-3.22270542458228
-0.988784618905928	-0.106813153276875	-1.90432593270771
-1.64492256046387	0.04272526131075	0.665293354695964
-3.73540856031128	1.49843595025559	0.63782711528191
-1.15968566414893	1.78225375753414	2.92973220416571
-5.23994811932555	-0.00915541313801785	0.405889982452125
-8.80750743877318	0.38452735179675	-1.41908903639277
-6.29892423895628	1.22682536049439	0.784313725490196
-6.25314717326619	0.302128633554589	-2.563515678645
-3.90936140993362	-0.866712443732357	-2.26443884946975
-3.73235675593194	-1.45876249332418	-2.21866178377966
-0.396734569314107	2.29800869764248	0.854505226215
0.0976577401388571	2.68863965819791	3.77508201724269
0.93690394445716	5.74654764629587	6.58579385061418
3.26237888151369	8.04455634393835	9.53688868543526
5.88387884336614	7.89806973373007	9.8115510795758
5.24299992370489	6.71702143892576	6.14938582436866
3.32036316472114	4.15960936903944	0.820935378042267
4.19317921721218	1.92263675898375	-1.56557564660105
0.463874265659571	0.0183108262760357	-3.09452964065003
1.52590218966964	0.781261921110857	-2.05691615167468
0.494392309452964	0.805676356145571	-2.17288471808957
1.07423514152743	2.29800869764248	0.900282291905089
0.473029678797589	2.81376363775082	0.833142595559625
-0.631723506523232	3.83611810482948	0.326543068589303
1.28786144808118	2.79240100709545	1.19020370794232
-0.570687418936446	2.87174792095827	0.415045395590143
-1.16884107728695	2.00808728160525	0.775158312352178
-0.875867856870375	2.55130846112764	1.24513618677043
0.717174029144732	4.37018387121385	4.14435034714275
0.170901045243	4.76081483176928	4.78828107118334
0.744640268558785	4.1870756084535	7.63561455710689
1.196307316701	4.66926070038911	10.064850843061
-2.34683756771191	2.11490043488212	8.4443427176318
-1.70901045243	1.57473105973907	6.04562447547112
-1.6937514305333	-1.66018158236057	4.82490272373541
-1.73647669184405	-1.96841382467384	2.84428168154421
-1.42824444953079	-0.460822461280232	2.19119554436561
1.07728694590677	0.63782711528191	2.47501335164416
2.08133058670939	0.274662394140536	0.759899290455482
1.67849240863661	0.177004654001679	1.06813153276875
3.50041962310216	-1.09254596780346	-0.0366216525520714
5.2826733806363	-0.524910353246357	1.55947203784237
3.80560006103609	0.0915541313801785	3.43633173113603
4.06500343327993	-0.238040741588464	3.39665827420462
4.31219958800641	1.06507972838941	4.42206454566262
5.24299992370489	0.55542839703975	3.19829098954757
3.33867399099718	1.77004654001678	1.84023804074159
2.62455176623178	4.48004882887007	3.80560006103609
-1.67544060425727	1.22682536049439	3.39055466544594
-4.73334859235523	-0.460822461280232	3.80560006103609
-4.18402380407416	-1.92874036774243	2.42618448157473
-3.36003662165255	-2.57267109178302	3.21965362020295
-2.69169146257725	-0.610360875867857	4.75776302738994
-2.3071641107805	0.573739223315785	5.79842832074464
-0.466926070038911	3.39360646982528	7.54711223010605
1.44350347142748	5.21553368429084	9.71694514381628
-1.12916762035554	5.09040970473793	8.55725947966735
-0.466926070038911	3.60112916762036	7.61120012207217
-0.344853894865339	1.44350347142748	7.31517509727626
1.98367284657053	0.784313725490196	5.39253833829252
3.0609597924773	-0.866712443732357	3.90936140993362
3.94598306248569	-0.985732814526589	2.94499122606241
5.58480201419089	1.26039520866712	-0.0854505226215
10.7179369802396	3.53704127565423	1.26955062180514
6.68039978637369	3.03349355306325	-0.454718852521553
7.55321583886473	3.38445105668727	1.92568856336309
5.81368734264134	0.344853894865339	0.63782711528191
3.70489051651789	-2.29800869764248	-0.747692072938125
1.76699473563745	-3.20439459830625	-0.247196154726482
2.76188296330205	-1.2970168612192	1.5533684290837
1.10475318532082	-1.71816586556802	1.62966353856718
-0.436408026245518	-1.74258030060273	1.10475318532082
-3.22575722896162	-1.94094758525978	-0.796520943007553
-2.94804303044175	-1.10780498970016	-0.222781719691768
-1.4526588845655	-0.698863202868696	0.46997787441825
-2.77714198519875	-2.84428168154421	0.253299763485161
-3.02738994430457	-1.87685969329366	2.31937132829786
-2.70084687571527	-1.80056458381018	1.51369497215228
-3.64995803768978	-0.860608834973678	3.49126420996414
-3.02433813992523	0.485236896314946	5.06294346532387
-1.69069962615396	-0.320439459830625	4.87373159380484
-1.7242694743267	1.03456168459602	5.68551155870909
0.140383001449607	-0.204470893415732	3.15556572823682
2.60929274433509	-0.698863202868696	3.1616693369955
0.921644922560464	0.558480201419089	1.26039520866712
-0.668345159075303	1.15663385976959	0.360112916762036
-0.582894636453803	0.0335698481727321	-0.021362630655375
-3.17692835889219	0.433356221866178	0.177004654001679
-0.500495918211643	-0.799572747386893	2.5482566567483
0.549324788281071	-0.125123979552911	4.19928282597086
3.81475547417411	0.973525597009232	3.44548714427405
9.03334096284428	0.787365529869535	5.37422751201648
8.0872816052491	2.4933241779202	2.79545281147478
7.58373388265812	3.3478294041352	1.88601510643168
3.78423743038071	2.52384222171359	1.87075608453498
0.564583810177768	1.01930266269932	1.54116121156634
0.415045395590143	-0.970473792629892	1.42519264515145
-2.81376363775082	-3.68963149462119	-0.988784618905928
-2.67032883192187	-3.46379797055009	-0.109864957656214
-0.869764248111696	-1.0101472495613	0.976577401388571
1.12306401159686	0.686655985351339	2.46585793850614
3.55840390630961	2.7496757457847	5.95712214847028
4.94392309452964	4.00396734569314	8.55115587090867
0.305180437933928	2.49637598229953	6.33249408712901
0.759899290455482	1.35805294880598	3.37529564354925
0.964370183871214	-1.23903257801175	0.393682764934768
-0.430304417486839	-2.92668039978637	-0.180056458381018
2.24612802319371	-1.94399938963912	-0.717174029144732
4.47394522011139	0.421149004348821	2.30106050202182
5.66414892805371	2.33768215457389	6.14633401998932
3.60418097199969	2.16067750057221	5.82589456015869
7.26939803158618	2.53910124361028	7.06797894254978
3.06706340123598	-0.369268329900053	4.72114137483787
3.91851682307164	-0.198367284657053	4.74555580987259
6.5796902418555	3.67132066834516	7.02220187685969
5.52986953536278	2.63675898374914	4.38544289311055
6.83604180972	4.41901274128328	6.3782711528191
1.84328984512093	2.74052033264668	2.99687190051118
1.48928053711757	3.54924849317159	2.56961928740368
2.26138704509041	1.0101472495613	1.08339055466545
2.35599298084993	0.988784618905928	0.131227588311589
3.40581368734264	-0.354009308003357	1.08339055466545
2.70084687571527	0.711070420386053	2.42923628595407
2.44449530785077	1.27260242618448	2.86869611657893
2.00808728160525	1.38551918822004	2.99382009613184
1.01930266269932	2.62760357061112	3.17692835889219
-1.55031662470436	1.30617227435721	1.58083466849775
-2.08133058670939	-0.323491264209964	0.250247959105821
-0.021362630655375	-0.418097199969482	0.958266575112535
-1.20546272983902	-0.29907682917525	1.23903257801175
-0.72632944228275	-1.38857099259937	1.82497901884489
2.59403372243839	-2.79545281147478	4.21759365224689
3.56450751506828	-1.82803082322423	4.52582589456016
0.0457770656900893	-0.338750286106661	4.15350576028077
2.87479972533761	2.52079041733425	6.25925078202487
3.77203021286336	4.5288776989395	5.72823682001984
5.42305638208591	4.39154650186923	6.28366521705959
5.58785381857023	5.2826733806363	4.25116350041962
5.42610818646525	3.63164721141375	2.1362630655375
7.09849698634318	-0.0762951094834821	1.39162279697871
3.21660181582361	-3.77813382162203	0.146486610208286
1.4679179064622	-5.05989166094453	0.0549324788281071
-1.17494468604562	-4.89204242008087	-0.552376592660411
-1.8097199969482	-3.14946211947814	0.711070420386053
-2.34073395895323	-2.51163500419623	1.80361638818952
-5.27962157625696	-1.89211871519036	0.671396963454643
-5.68856336308843	-3.48516060120546	-1.20241092545968
-5.16365300984207	-3.93987945372702	-2.221713588159
-5.56038757915618	-4.3427176317998	-1.00709544518196
-4.09857328145266	-3.19829098954757	1.36110475318532
-1.34889753566796	-1.61440451667048	3.96734569314107
-2.3071641107805	-0.59510185397116	5.10261692225528
-0.335698481727321	0.335698481727321	6.24093995574884
-2.63981078812848	0.869764248111696	4.34576943617914
-2.392614633402	0.219729915312428	3.93987945372702
-0.659189745937285	-0.915541313801785	2.9907682917525
-1.08644235904479	-1.43434805828946	3.61943999389639
-1.26344701304646	-3.13725490196078	0.772106507972839
-1.9806210421912	-2.50553139543755	-1.03456168459602
0.0274662394140536	-0.418097199969482	0.228885328450446
0.89723048752575	-0.180056458381018	-0.848401617456321
1.61440451667048	-1.60219729915312	0.631723506523232
2.09353780422675	-4.39154650186923	1.04676890211337
-0.140383001449607	-5.41084916456855	0.326543068589303
1.20546272983902	-5.33455405508507	0.0885023270008393
-0.7690547035935	-6.07919432364385	-1.91348134584573
-1.39162279697871	-4.7699702449073	-1.29396505683986
-4.06500343327993	-5.15144579232471	-1.53200579842832
-2.76493476768139	-2.37430380712596	1.23292896925307
-3.95819028000305	-1.07728694590677	3.1616693369955
-3.08232242313268	0.997940032043946	3.59197375448234
-1.13221942473487	1.00099183642329	5.09040970473793
-0.973525597009232	-1.34279392690929	2.43839169909209
0.225833524071107	-4.46784161135271	1.01930266269932
-0.567635614557107	-6.53696498054475	0.195315480277714
-2.55741206988632	-8.45044632639048	-0.790417334248875
-2.56046387426566	-6.53391317616541	-0.506599526970321
-2.67948424505989	-5.48714427405203	-0.540169375143053
-4.10772869459068	-4.8554207675288	-1.75478751812009
-4.34576943617914	-2.83207446402686	-1.60219729915312
-2.70389868009461	-0.390630960555428	-1.10170138094148
-2.67032883192187	0.201419089036393	-0.524910353246357
-2.64591439688716	0.332646677347982	0.137331197070268
-3.29289692530709	-3.73846036469062	1.25123979552911
-4.24200808728161	-5.22468909742885	1.65407797360189
-5.3833829251545	-8.16052491035325	0.390630960555428
-1.90737773708705	-7.12901503013657	1.35500114442664
-1.54421301594568	-4.0161745632105	1.49538414587625
-1.25734340428779	-1.14442664225223	0.219729915312428
1.32143129625391	1.85244525825895	-0.375371938658732
-0.228885328450446	1.2970168612192	-1.6937514305333
-2.90836957351034	0.683604180972	-1.01319905394064
-3.64690623331044	-0.152590218966964	-0.985732814526589
-4.18097199969482	-0.72632944228275	-1.87075608453498
-3.71404592965591	-1.6937514305333	-1.7944609750515
-3.4882124055848	-1.25734340428779	-0.537117570763714
-1.80666819256886	-1.23903257801175	0.89417868314641
-1.2970168612192	-2.221713588159	0.396734569314107
-1.26955062180514	-3.41802090486	-1.17494468604562
-3.60418097199969	-5.60311284046693	-3.68657969024186
-7.47386892500191	-5.06294346532387	-7.20531013962005
-5.12092774853132	-3.49736781872282	-5.39864194705119
-5.77706569008927	-2.95109483482109	-5.02327000839246
-4.12909132524605	-1.7242694743267	-3.12809948882277
-1.39162279697871	-2.68558785381857	-1.08033875028611
-1.16273746852827	0.396734569314107	1.65407797360189
-0.247196154726482	0.714122224765393	3.52788586251621
1.00404364080262	1.03761348897536	2.77409018081941
0.448615243762875	0.949111161974517	2.78324559395743
-0.683604180972	-1.84634164950027	0.451667048142214
-3.97650110627909	-4.70588235294118	-4.67231250476844
-3.50652323186084	-4.40680552376593	-5.45052262149996
-3.45464255741207	-3.68352788586252	-4.73640039673457
-3.91851682307164	-1.879911497673	-2.08133058670939
-2.27359426260777	-0.399786373693446	1.65407797360189
-3.55230029755093	-0.479133287556268	1.71511406118868
-1.84023804074159	1.49233234149691	3.12199588006409
-1.07728694590677	0.622568093385214	1.26344701304646
-1.07118333714809	0.436408026245518	-2.42923628595407
