-3.32341496910048	-1.88601510643168	-1.03456168459602
-4.61127641718166	-3.15861753261616	-2.68253604943923
-6.72922865644312	-5.23994811932555	-3.28068970778973
-8.92652780956741	-7.01915007248035	-3.44548714427405
-8.02624551766232	-7.47997253376059	-3.90020599679561
-9.7261005569543	-6.9062333104448	-5.50850690470741
-8.96925307087816	-7.41283283741512	-5.5237659266041
-10.0099183642329	-7.37315938048371	-6.87266346227207
-7.01915007248035	-6.90928511482414	-6.52780956740673
-4.9408712901503	-5.94796673533227	-7.51659418631266
-4.18402380407416	-3.78118562600137	-5.82589456015869
-4.33356221866178	-3.40581368734264	-5.80758373388266
0.421149004348821	0.708018616006714	-2.99687190051118
3.54009308003357	2.15762569619287	-2.86259250782025
4.6845197222858	4.27557793545434	-0.646982528419928
8.6305027847715	6.60105287251087	0.314335851071946
11.773861295491	7.68139162279698	1.64187075608453
11.8715190356298	8.05981536583505	0.720225833524071
13.0251010910201	8.44129091325246	-0.12817578393225
11.1635004196231	5.79842832074464	-0.81177996490425
6.53391317616541	5.49324788281071	-0.964370183871214
3.59807736324102	3.28374151216907	-1.42824444953079
0.732433051041428	2.60318913557641	-1.58693827725643
-3.10368505378805	2.78019378957809	-0.546272983901732
-3.36308842603189	1.99893186846723	1.02845807583734
-2.02639810788128	2.31021591515984	1.11390859845884
-2.05386434729534	2.3773556115053	1.21461814297704
-5.48714427405203	0.335698481727321	1.31837949187457
-6.14023041123064	-0.85145342183566	-1.14137483787289
-7.95300221255818	-2.26138704509041	-3.53704127565423
-7.77904936293584	-3.24101625085832	-5.15754940108339
-8.84412909132525	-5.74044403753719	-6.41489280537118
-5.12703135729	-4.68146791790646	-6.87876707103075
-4.11688410772869	-4.101625085832	-4.67841611352712
-2.07522697795071	-3.81780727855344	-3.0609597924773
-0.708018616006714	-2.60624093995575	-1.34279392690929
1.54726482032502	-2.00503547722591	-0.59510185397116
3.90325780117494	-0.0244144350347143	-0.634775310902571
5.24910353246357	0.0366216525520714	-0.347905699244678
5.4535744258793	0.848401617456321	-0.753795681696803
7.21751735713741	1.06202792401007	-0.466926070038911
7.30296787975891	1.75783932249943	-1.42214084077211
9.50942244602121	3.27153429465171	0.778210116731518
7.861448081178	2.54520485236896	-0.497444113832303
6.33554589150835	3.15861753261616	0.238040741588464
2.86564431219959	2.76798657206073	-0.292973220416571
1.58999008163577	1.90432593270771	0.170901045243
-2.71000228885328	-0.900282291905089	-0.390630960555428
-3.29900053406577	-1.65712977798123	0.204470893415732
-4.42511635004196	-2.44754711223011	-0.140383001449607
-4.11383230334935	-3.56450751506828	-0.85145342183566
-4.94697489890898	-5.8808270389868	-2.85648889906157
-2.65201800564584	-5.43526359960327	-3.82696269169146
-2.6642252231632	-5.11482413977264	-4.90730144197757
-4.13824673838407	-4.785229266804	-4.80354009308003
-2.61539635309377	-4.62043183031968	-3.076218814374
-0.888075074387732	-2.44449530785077	-1.74563210498207
0.50965133134966	-0.912489509422446	-0.283817807278553
3.32341496910048	1.39772640573739	1.71206225680934
3.83611810482948	1.23903257801175	1.90737773708705
5.37117570763714	1.79751277943084	2.44449530785077
6.86961165789273	1.24208438239109	2.2919050888838
7.4891279468986	0.488288700694285	2.25223163195239
6.69565880827039	-0.857557030594339	0.424200808728161
5.41695277332723	-2.221713588159	-1.59914549477379
6.85130083161669	-1.91042954146639	-0.72327763790341
5.80758373388266	-0.323491264209964	-1.77309834439612
4.33051041428244	-1.70595864805066	-1.30312046997787
2.38651102464332	-3.21355001144427	-3.01518272678721
1.73647669184405	-1.4679179064622	-0.909437705043107
0.280766002899214	-3.28679331654841	0.12817578393225
-1.92263675898375	-3.96429388876173	0.607309071488518
-4.37628747997253	-5.89913786526284	-0.308232242313268
-5.25520714122225	-7.34264133669032	-0.927748531319142
-3.81475547417411	-6.17380025940337	-1.05897611963073
-3.1616693369955	-6.36911573968109	-2.07522697795071
-0.988784618905928	-5.06904707408255	-1.26344701304646
0.50965133134966	-2.77103837644007	0.915541313801785
1.5228503852903	0.604257267109178	2.45059891660945
1.4526588845655	0.7690547035935	2.44144350347143
1.97451743343252	1.2664988174258	0.448615243762875
3.07011520561532	1.62050812542916	1.09864957656214
5.30708781567102	1.9653620202945	1.13527122911421
6.81773098344396	0.80872816052491	0.0152590218966964
6.79942015716793	1.43434805828946	0.845349813076982
7.006942854963	0.588998245212482	0.964370183871214
6.75974670023651	1.38551918822004	1.77004654001678
8.59388113221942	3.930724040589	6.50034332799268
9.14625772487983	4.63263904783703	6.18600747692073
12.6131074998093	5.69771877622644	7.66918440527962
11.3893339436942	6.02426184481575	7.19310292210269
11.4747844663157	5.30403601129168	7.32738231479362
9.61013199053941	4.66620889600977	6.62546730754559
9.4697489890898	3.73235675593194	5.468833447776
9.26527809567407	2.14236667429618	7.13511863889525
5.89913786526284	0.775158312352178	8.81055924315251
7.47386892500191	0.164797436484321	8.3588921950103
7.08323796444648	0.238040741588464	8.8715953307393
8.58167391470207	0.64087891966125	10.3578240634775
8.49927519645991	3.11894407568475	12.3994811932555
10.2388036926833	4.77302204928664	13.5561150530251
10.0190737773709	4.78217746242466	14.5723659113451
9.11879148546578	5.20943007553216	15.2437628747997
10.2418554970626	5.49935149156939	13.870450904097
12.3598077363241	5.31929503318837	13.653772793164
10.9224078736553	5.42000457770657	12.0943007553216
11.1329823758297	5.29488059815366	11.8593118181125
9.66201266498817	5.7801174944686	11.2275883115892
9.76272220950637	5.20637827115282	11.7433432516976
8.66102082856489	5.16670481422141	10.7881284809644
14.2519264515145	6.02426184481575	12.0088502327001
11.648737315938	5.82894636453803	9.75967040512703
14.9324788281071	5.74349584191653	9.65896086060883
15.6527046616312	6.44541084916457	10.9895475700008
12.0912489509422	4.48310063324941	9.22255283436332
9.32936598764019	2.60013733119707	6.89402609292744
7.81872281986725	0.665293354695964	6.00289921416037
5.17280842298009	-1.01319905394064	4.08331425955596
0.305180437933928	-1.33669031815061	1.13527122911421
-2.3071641107805	-3.03959716182193	-0.711070420386053
-3.22575722896162	-3.00907911802853	-0.158693827725643
-5.15144579232471	-3.35393301289387	-1.49843595025559
-5.00495918211643	-0.845349813076982	-0.814831769283589
-3.86968795300221	-0.0457770656900893	0.201419089036393
-4.45563439383536	-0.0762951094834821	0.210574502174411
-2.98466468299382	0.491340505073625	0.460822461280232
-2.02639810788128	0.863660639353018	-0.518806744487678
-1.35805294880598	0.021362630655375	0.97962920576791
-1.08339055466545	0.323491264209964	0.494392309452964
-0.198367284657053	-0.0762951094834821	0.491340505073625
-0.695811398489357	-1.12306401159686	-0.744640268558785
-0.747692072938125	-1.87075608453498	-1.09864957656214
-1.59304188601511	-5.42915999084459	-1.73342488746471
-1.21461814297704	-3.59807736324102	-3.52178225375753
-2.67032883192187	-5.79232471198596	-4.77912565804532
-4.32440680552377	-5.6092164492256	-4.80964370183871
-2.14847028305486	-5.20943007553216	-4.58686198214694
-3.54924849317159	-6.11276417181659	-6.25314717326619
-2.71000228885328	-7.15648126955062	-4.89509422446021
-3.35698481727321	-6.67734798199435	-4.59296559090562
-2.59708552681773	-5.73434042877852	-2.98771648737316
-2.67643244068055	-5.05378805218585	-3.56755931944762
-2.93583581292439	-3.49126420996414	-2.39871824216068
-4.33051041428244	-2.64286259250782	-2.80766002899214
-2.92057679102769	-2.68558785381857	-3.23491264209964
-6.57358663309682	-3.87579156176089	-4.12909132524605
-7.75463492790112	-4.18402380407416	-5.8960860608835
-9.15541313801785	-4.2572671091783	-6.54001678492409
-10.8827344167239	-4.21454184786755	-7.14427405203327
-12.6436255436027	-4.34882124055848	-9.16151674677653
-10.6080720225834	-4.33966582742046	-6.93675135423819
-12.0576791027695	-5.28877698939498	-6.85435263599603
-11.2550545510033	-4.22980086976425	-7.12291142137789
-8.50537880521859	-5.57259479667353	-7.24498359655146
-4.97444113832303	-5.90829327840085	-4.82490272373541
-3.76287479972534	-6.37521934843977	-5.58175020981155
-2.61844815747311	-5.13008316166934	-4.5288776989395
-2.61539635309377	-6.33554589150835	-3.60723277637903
-2.08438239108873	-5.55733577477684	-2.6337071793698
-3.88189517051957	-6.56748302433814	-3.71404592965591
-4.443427176318	-4.63874265659571	-4.46478980697337
-4.23590447852293	-5.38033112077516	-4.76386663614862
-6.81467917906462	-5.32539864194705	-6.05477988860914
-7.85839627679866	-6.32944228274968	-6.61631189440757
-7.42809185931182	-5.48104066529335	-6.98863202868696
-8.43518730449378	-5.51461051346609	-6.96421759365225
-9.82375829709316	-6.16159304188602	-9.8115510795758
-6.70481422140841	-5.88387884336614	-9.07911802853437
-5.810635538262	-5.32845044632639	-9.89394979781796
-4.61127641718166	-4.31525139238575	-8.38330663004501
-4.96528572518502	-4.98359655146105	-8.11169604028382
-3.57061112382696	-3.47295338368811	-6.62546730754559
-5.88387884336614	-4.31830319676509	-7.27550164034485
-7.12901503013657	-5.31013962005035	-7.82787823300526
-7.71190966659037	-4.97444113832303	-7.3334859235523
-7.04661631189441	-6.40573739223316	-7.03135728999771
-3.25322346837568	-7.63256275272755	-7.45250629434653
-1.41908903639277	-5.83199816891737	-5.76791027695125
1.91958495460441	-5.58480201419089	-5.29182879377432
1.59609369039445	-4.98664835584039	-4.54718852521553
2.2919050888838	-4.3579766536965	-3.68352788586252
2.24307621881437	-2.65812161440452	-1.73647669184405
0.4272526131075	-4.16571297779812	-1.45876249332418
-2.34073395895323	-4.99580376897841	-0.543221179522393
-1.00099183642329	-4.69062333104448	0.750743877317464
-5.74349584191653	-5.83199816891737	0.704966811627375
-6.71091783016709	-6.03036545357443	0.140383001449607
-7.79736018921187	-7.74853131914244	-0.781261921110857
-7.73937590600443	-7.31212329289693	-2.10574502174411
-8.18493934538796	-6.95506218051423	-3.92462043183032
-8.37109941252766	-4.87678339818418	-4.79133287556268
-6.18295567254139	-4.83710994125277	-5.76180666819257
-6.36911573968109	-2.61844815747311	-4.45868619821469
-7.30601968413825	-3.50652323186084	-5.81673914702068
-7.29991607537957	-3.03959716182193	-5.01411459525444
-7.35484855420767	-3.57976653696498	-5.48409246967269
-6.79331654840925	-4.54413672083619	-6.14938582436866
-6.06393530174716	-4.73945220111391	-5.17280842298009
-1.87380788891432	-2.51163500419623	-5.73739223315785
1.34279392690929	-2.18509193560693	-4.43427176317998
3.29289692530709	-1.196307316701	-3.03044174868391
6.68650339513237	-0.683604180972	-2.29800869764248
7.64476997024491	0.38452735179675	-2.37430380712596
7.16563668268864	1.30617227435721	-1.85549706263828
5.05073624780652	1.26955062180514	-1.58083466849775
1.09254596780346	1.25734340428779	-0.836194399938964
-1.51674677653162	1.10475318532082	-0.85145342183566
-1.61135271229114	0.271610589761196	-0.63782711528191
-5.65804531929503	-0.485236896314946	-0.125123979552911
-5.31319142442969	-0.317387655451286	1.09864957656214
-6.01815823605707	-1.21766994735637	-0.729381246662089
-6.01205462729839	-1.06813153276875	-1.00709544518196
-5.45662623025864	-0.631723506523232	-1.61440451667048
-4.67841611352712	-0.81177996490425	-2.52384222171359
-4.84321355001144	-1.83108262760357	-2.94804303044175
-2.95414663920043	-1.20546272983902	-3.49126420996414
-5.32539864194705	-3.00907911802853	-5.05683985656519
-4.17486839093614	-3.96734569314107	-5.46272983901732
-6.152437628748	-3.19218738078889	-7.67833981841764
-5.32234683756771	-2.92057679102769	-6.38742656595712
-2.6642252231632	-2.72831311512932	-6.35385671778439
-2.47196154726482	-1.45876249332418	-6.80857557030594
-1.48012512397955	-2.24307621881437	-6.17990386816205
0.799572747386893	-2.30411230640116	-4.3274586099031
1.47707331960021	-1.49233234149691	-3.19523918516823
2.11184863050278	-1.8951705195697	-2.8198672465095
4.49530785076677	0.131227588311589	-1.01625085831998
7.39452201113909	0.875867856870375	-1.68459601739528
7.09849698634318	1.30617227435721	-1.83718623636225
3.46379797055009	0.463874265659571	-4.48310063324941
3.78423743038071	-0.488288700694285	-4.65400167849241
3.26848249027237	0.695811398489357	-2.85038529030289
-0.143434805828946	-1.6937514305333	-2.41092545967803
-3.26543068589303	0.396734569314107	-3.02128633554589
-2.79545281147478	1.02845807583734	-2.48111696040284
-2.7191577019913	0.46997787441825	-2.5787747005417
-5.48714427405203	-0.98268101014725	-3.3173113603418
-3.97344930189975	-1.24208438239109	-3.02128633554589
-2.09658960860609	-1.34584573128862	-3.55535210193027
-2.2919050888838	-2.16983291371023	-4.48615243762875
1.02235446707866	-1.29091325246052	-3.6591134508278
-0.576791027695125	-2.87785152971695	-5.468833447776
1.66323338673991	-1.34584573128862	-4.51667048142214
2.14847028305486	-1.30006866559854	-4.70588235294118
2.66117341878386	-0.344853894865339	-2.54520485236896
2.99382009613184	2.09964141298543	-1.29396505683986
4.12298771648737	5.47493705653468	1.50759136339361
4.53498130769818	6.10360875867857	2.24612802319371
4.68146791790646	6.65293354695964	2.68253604943923
4.63874265659571	5.98458838788434	2.00503547722591
2.01113908598459	3.66216525520714	1.00099183642329
3.28679331654841	1.69680323491264	2.03860532539864
-0.411993591210803	1.67849240863661	1.27565423056382
-0.424200808728161	0.0854505226215	1.82497901884489
-3.57976653696498	-1.39772640573739	-0.518806744487678
-4.99885557335775	-1.879911497673	-2.07217517357137
-8.20630197604333	-1.89211871519036	-5.03852903028916
-9.49111161974517	-2.03250171663996	-6.2226291294728
-8.9723048752575	-1.90432593270771	-6.00595101853971
-6.69260700389105	-0.473029678797589	-4.08941786831464
-8.41382467383841	-1.56557564660105	-4.62958724345769
-6.69871061264973	-0.247196154726482	-2.92362859540703
-4.71503776607919	-1.86160067139696	-4.16876478217746
-3.73540856031128	-0.668345159075303	-4.04669260700389
-2.32547493705653	-0.0396734569314107	-4.77302204928664
-1.22072175173571	1.93179217212177	-3.4882124055848
0.122072175173571	0.515754940108339	-4.66620889600977
0.354009308003357	0.677500572213321	-3.74151216906996
1.39467460135805	-0.4272526131075	-4.13824673838407
0.143434805828946	-0.372320134279393	-4.19317921721218
-1.38857099259937	-1.81887541008621	-3.27458609903105
-4.46478980697337	-1.81887541008621	-3.46379797055009
-3.85137712672618	-2.63675898374914	-2.86564431219959
-7.44640268558785	-2.23392080567636	-3.3173113603418
-5.59395742732891	-1.57167925535973	-2.98771648737316
-3.52788586251621	0.106813153276875	-5.03852903028916
-3.21965362020295	1.8646524757763	-3.42107270923934
-4.21149004348821	1.9653620202945	-4.86762798504616
-4.09552147707332	2.34073395895323	-4.44037537193866
-3.22575722896162	3.09452964065003	-5.15754940108339
-1.69069962615396	4.49530785076677	-4.5288776989395
-1.64187075608453	3.70183871213855	-5.14229037918669
-0.662241550316625	3.11894407568475	-4.33356221866178
-2.4780651560235	3.11589227130541	-4.64179446097505
-2.53604943923095	2.9907682917525	-4.37933928435187
-2.75883115892271	0.967421988250553	-3.80865186541543
-3.83611810482948	1.46486610208286	-3.29594872968643
-0.5981536583505	1.04676890211337	-2.45975432974746
1.19020370794232	0.89417868314641	-1.42519264515145
0.439459830624857	-0.503547722590982	-1.38857099259937
-0.500495918211643	-0.878919661249714	-0.531013962005035
1.025406271458	-0.369268329900053	-0.543221179522393
-0.421149004348821	-0.686655985351339	-1.20851453421836
-0.0183108262760357	0.63782711528191	0.363164721141375
-0.775158312352178	2.01724269474327	0.631723506523232
1.48012512397955	3.97039749752041	1.07118333714809
1.22682536049439	4.37933928435187	-0.430304417486839
2.4078736552987	4.98359655146105	0.671396963454643
1.93789578088045	5.73434042877852	-0.177004654001679
3.54619668879225	6.11886778057526	1.57778286411841
6.25619897764553	5.77706569008927	2.59708552681773
4.69062333104448	7.15953307392996	2.17898832684825
4.79133287556268	8.0170901045243	2.80766002899214
4.58991378652628	10.1838712138552	4.68146791790646
2.82597085526818	8.56641489280537	3.33867399099718
1.50759136339361	7.96826123445487	2.44754711223011
1.22072175173571	5.12092774853132	1.65712977798123
-2.43533989471275	4.03753719386587	-1.17799649042496
-1.67849240863661	3.99786373693446	-1.52895399404898
-2.17898832684825	3.19523918516823	-4.19012741283284
-2.8351262684062	4.04669260700389	-3.29289692530709
-1.83413443198291	3.930724040589	-3.3173113603418
-2.60318913557641	2.02944991226062	-2.79240100709545
-6.19516289005875	-1.52590218966964	-5.00801098649577
-6.75669489585718	-3.26237888151369	-5.23384451056687
-6.48508430609598	-7.3182269016556	-6.03952086671244
-6.91538872358282	-8.27954528114748	-7.05577172503243
-7.861448081178	-9.73220416571298	-8.95399404898146
-6.6498817425803	-8.76173037308309	-7.88891432059205
-5.77096208133059	-7.177843900206	-6.63157091630427
-4.25421530479896	-2.74052033264668	-4.64789806973373
-0.485236896314946	0.924696726939803	-3.43633173113603
1.38551918822004	3.99786373693446	-0.286869611657893
4.28168154421302	5.54818036163882	1.55642023346304
3.87579156176089	5.98458838788434	2.27664606698711
3.58281834134432	6.28671702143893	2.23086900129702
4.16266117341878	6.50949874113069	1.9501029983978
1.68459601739528	5.17891203173877	1.78530556191348
3.74761577782864	4.04669260700389	-0.408941786831464
5.29182879377432	3.98565651941711	0.314335851071946
5.73739223315785	4.49530785076677	-1.44350347142748
6.96726939803159	5.36507209887846	1.51979858091096
8.22461280231937	5.08430609597925	3.31425955596246
5.47798886091402	5.52986953536278	4.47394522011139
3.90630960555428	4.66010528725109	3.97344930189975
1.2970168612192	5.17586022735943	4.51056687266346
-3.62554360265507	4.64789806973373	1.78225375753414
-2.86564431219959	5.41084916456855	1.16578927290761
-4.00701915007248	5.74654764629587	-2.60013733119707
-3.3173113603418	5.50545510032807	-4.22674906538491
-2.1515220874342	4.6845197222858	-3.76287479972534
-2.98771648737316	5.09956511787594	-4.11688410772869
-3.64995803768978	2.79545281147478	-4.57465476462959
-4.44953078507668	3.03349355306325	-5.3833829251545
-4.05584802014191	1.86160067139696	-3.66216525520714
-4.10467689021134	1.54116121156634	-3.74761577782864
-2.43533989471275	1.23292896925307	-3.15861753261616
-3.45464255741207	1.08033875028611	-1.54726482032502
-1.76699473563745	1.63271534294652	1.25734340428779
-1.71206225680934	0.662241550316625	2.47196154726482
1.04676890211337	1.92874036774243	4.38544289311055
1.47707331960021	1.89822232394903	4.956130312047
5.18501564049744	4.90119783321889	6.77500572213321
4.69672693980316	5.28877698939498	6.09140154116121
6.20431830319677	5.27962157625696	5.91744869153887
5.18501564049744	4.33966582742046	5.46578164339666
4.04364080262455	3.29289692530709	4.56244754711223
1.50759136339361	0.668345159075303	2.56656748302434
0.842298008697642	1.09254596780346	1.17799649042496
0.973525597009232	1.6235599298085	0.0457770656900893
-0.601205462729839	1.79140917067216	-0.976577401388571
1.11390859845884	1.51979858091096	-1.33058670939193
1.83413443198291	2.84733348592355	-1.98977645532921
0.820935378042267	2.45670252536812	-0.579842832074464
0.415045395590143	3.74761577782864	0.628671702143893
2.58793011367971	4.80964370183871	2.59708552681773
1.07728694590677	3.55840390630961	0.933852140077821
0.646982528419928	3.588921950103	1.27870603494316
1.02845807583734	1.25429159990845	0.729381246662089
1.08644235904479	1.7792019531548	0.643930724040589
2.25528343633173	2.68253604943923	1.48317692835889
2.6642252231632	2.24612802319371	0.0915541313801785
4.11383230334935	2.19119554436561	0.622568093385214
4.84321355001144	3.23796444647898	1.35805294880598
2.92057679102769	2.03860532539864	3.04875257495994
4.15655756466011	2.0660715648127	4.35187304493782
4.36102845807584	0.137331197070268	5.52681773098344
3.30510414282444	0.329594872968643	7.47081712062257
2.02639810788128	2.20950637064164	8.36804760814832
1.91653315022507	1.26039520866712	6.71396963454643
-0.802624551766232	-0.317387655451286	4.75776302738994
-2.74052033264668	0.643930724040589	4.05889982452125
-2.61234454871443	-0.372320134279393	0.72327763790341
-5.02021820401312	-1.73342488746471	-1.9653620202945
-3.28068970778973	-2.1515220874342	-5.22468909742885
-3.29289692530709	-1.66628519111925	-5.38643472953384
-2.62760357061112	-0.369268329900053	-5.74044403753719
-3.94598306248569	-0.604257267109178	-6.68650339513237
-1.5228503852903	-0.616464484626535	-6.15548943312734
-1.96231021591516	-1.57778286411841	-5.29488059815366
-2.20340276188296	-2.59403372243839	-4.20843823910887
-1.6235599298085	-2.61844815747311	-2.42618448157473
-1.37941557946136	-0.399786373693446	0.500495918211643
-0.952162966353857	-1.14442664225223	0.262455176623178
-1.06507972838941	0.204470893415732	3.076218814374
0.775158312352178	0.323491264209964	2.25833524071107
3.99481193255512	1.21766994735637	3.76592660410468
5.34065766384375	0.775158312352178	4.15045395590143
1.57473105973907	0.341802090486	3.17998016327153
-0.402838178072786	2.050812542916	3.88189517051957
2.45975432974746	4.26642252231632	6.46677347981994
0.283817807278553	3.85442893110552	6.98252841992828
-0.961318379491875	4.91950865949493	8.32532234683757
2.16372930495155	4.53803311207752	9.48805981536584
-0.549324788281071	7.11680781261921	10.5287251087205
-0.430304417486839	6.79942015716793	8.63355458915083
-2.94193942168307	5.82894636453803	6.66208896009766
-3.11284046692607	5.2826733806363	5.49629968719005
-0.390630960555428	4.07415884641794	4.56855115587091
-0.708018616006714	1.76699473563745	2.85648889906157
-1.50453955901427	-0.430304417486839	1.73037308308537
-1.4679179064622	-1.71511406118868	1.6937514305333
-1.56862745098039	-1.60219729915312	1.5533684290837
0.997940032043946	-3.32341496910048	1.16578927290761
0.216678110933089	-5.18196383611811	-0.579842832074464
2.48111696040284	-4.00396734569314	0.653086137178607
5.67330434119173	-4.14740215152209	2.10269321736477
7.37621118486305	-1.51979858091096	3.30815594720378
7.09544518196384	1.02235446707866	5.80148012512398
10.965133134966	4.28778515297169	7.66613260090028
9.399557488365	4.90424963759823	9.04859998474098
6.45456626230259	4.3427176317998	8.94483863584344
5.73739223315785	4.23895628290227	8.46570534828717
2.67338063630121	3.21660181582361	8.06897077897307
0.744640268558785	1.84634164950027	5.88387884336614
-1.0406652933547	1.46486610208286	3.97955291065843
-2.221713588159	1.08033875028611	3.36003662165255
-3.12504768444343	-0.0335698481727321	1.87685969329366
-1.82497901884489	-0.540169375143053	1.15663385976959
-1.33669031815061	-0.289921416037232	0.314335851071946
-0.604257267109178	-0.372320134279393	-0.63782711528191
-0.817883573662928	-1.84939345387961	-1.18715190356298
2.38956282902266	-0.830090791180285	-1.54116121156634
0.888075074387732	-0.204470893415732	-0.93690394445716
-1.24513618677043	0.360112916762036	-0.0366216525520714
-3.17998016327153	-0.204470893415732	-0.146486610208286
-2.88395513847562	1.74258030060273	0.0152590218966964
-2.45670252536812	0.485236896314946	0.695811398489357
-1.51064316777295	0.567635614557107	0.964370183871214
-0.369268329900053	0.628671702143893	0.860608834973678
2.00503547722591	2.76188296330205	2.25833524071107
4.39765011062791	2.33463035019455	4.02532997634852
4.43121995880064	2.77714198519875	4.01312275883116
5.67635614557107	1.96231021591516	4.20538643472953
4.8706797894255	1.06507972838941	5.07515068284123
6.06088349736782	0.515754940108339	5.0415808346685
2.97856107423514	-0.943007553215839	3.86663614862287
2.43839169909209	0.0610360875867857	4.65094987411307
0.103761348897536	-1.08339055466545	3.92767223620966
-1.11390859845884	-1.41603723201343	2.51468680857557
-4.45563439383536	-3.30205233844511	-0.827038986800946
-1.40688181887541	-1.50148775463493	1.04371709773404
-2.27359426260777	-2.79240100709545	-0.790417334248875
-3.18913557640955	-4.19012741283284	-3.22880903334096
-3.03959716182193	-5.66109712367437	-3.0914778362707
-4.73640039673457	-5.64583810177768	-3.11284046692607
-5.03242542153048	-6.7353322652018	-3.18913557640955
-4.59601739528496	-6.68039978637369	-3.38750286106661
-1.2970168612192	-5.07515068284123	-1.82497901884489
-1.18410009918364	-4.26337071793698	-0.457770656900893
6.69260700389105	-2.63065537499046	0.836194399938964
3.92767223620966	-3.39971007858396	1.27870603494316
3.38445105668727	-2.59403372243839	1.58083466849775
3.46074616617075	-2.63981078812848	2.91752498664836
1.25123979552911	-1.51979858091096	5.00495918211643
1.37331197070268	-2.19424734874495	5.1117723353933
1.17494468604562	-0.408941786831464	6.89402609292744
0.659189745937285	0.573739223315785	5.00495918211643
1.66628519111925	1.78225375753414	5.67940794995041
0.286869611657893	1.39772640573739	4.30609597924773
-0.305180437933928	2.57572289616236	2.70084687571527
-1.30006866559854	1.5228503852903	1.22682536049439
-1.64492256046387	2.98466468299382	1.64187075608453
-0.158693827725643	0.863660639353018	-1.08033875028611
-3.41496910048066	-1.08033875028611	-2.34378576333257
-3.98260471503777	-1.43434805828946	-1.7944609750515
-6.62241550316625	-2.82902265964752	-2.76188296330205
-7.75158312352178	-4.69062333104448	-3.08842603189136
-7.69970244907301	-5.38033112077516	-3.81475547417411
-4.23895628290227	-4.09857328145266	-3.02738994430457
-3.96429388876173	-4.16876478217746	-4.45868619821469
-3.57671473258564	-4.40680552376593	-4.09857328145266
-5.41084916456855	-6.09140154116121	-4.8554207675288
-6.90928511482414	-6.58579385061418	-4.40680552376593
-7.45250629434653	-8.32227054245823	-4.40985732814527
-7.95910582131685	-8.82581826504921	-4.55024032959487
-7.77294575417716	-8.92347600518807	-3.87273975738155
-7.29686427100023	-6.98252841992828	-3.92462043183032
-7.99572747386893	-6.71702143892576	-4.02227817196918
-5.74959945067521	-5.09346150911727	-2.96940566109712
-5.63363088426032	-5.07515068284123	-3.64690623331044
-5.17586022735943	-4.04058899824521	-1.64797436484321
-4.3274586099031	-3.89715419241627	-1.60219729915312
-2.81681544213016	-1.37026016632334	-1.55642023346304
-2.16678110933089	-0.100709544518196	-0.97962920576791
-2.51163500419623	-1.00404364080262	-1.27260242618448
-0.418097199969482	0.579842832074464	-1.7944609750515
-1.39772640573739	-0.109864957656214	-1.59304188601511
-0.372320134279393	-0.274662394140536	-0.506599526970321
-0.906385900663767	-2.34378576333257	0.781261921110857
-0.836194399938964	-1.94094758525978	0.827038986800946
