1.80361638818952	1.41298542763409	4.49835965514611
2.51773861295491	2.92057679102769	4.96833752956436
3.06401159685664	3.96124208438239	4.33661402304112
4.72724498359655	3.56450751506828	3.61028458075837
4.10467689021134	3.44548714427405	5.66414892805371
4.62043183031968	4.08331425955596	2.93278400854505
3.35088120851453	1.84939345387961	-0.0671396963454643
3.41496910048066	0.933852140077821	-0.81177996490425
2.97856107423514	0.372320134279393	-0.381475547417411
3.21965362020295	-0.97962920576791	-3.46379797055009
4.87678339818418	-1.37941557946136	-1.95925841153582
7.55931944762341	0.860608834973678	-0.46997787441825
-2.24612802319371	-2.70389868009461	-1.67544060425727
-1.25734340428779	-4.16266117341878	-1.10475318532082
-4.79438467994202	-4.93171587701228	-1.95315480277714
-6.29587243457694	-6.70176241702907	-4.67536430914778
-6.69871061264973	-9.14930952925917	-4.94392309452964
-2.88700694285496	-9.60708018616007	-7.37621118486305
-4.67231250476844	-11.8074311436637	-9.47280079346914
-6.93675135423819	-14.0352483405814	-6.60410467689021
-11.8379491874571	-15.3231097886625	-6.99778744182498
-6.99473563744564	-14.4136720836194	-5.81979095140002
-5.83199816891737	-13.7575341420615	-6.06393530174716
-5.81979095140002	-12.7138170443275	-2.16067750057221
-4.97138933394369	-12.4910353246357	-4.29694056610971
-7.00083924620432	-12.0698863202869	-3.91851682307164
-6.27756160830091	-11.1848630502785	-2.34683756771191
-5.16365300984207	-11.0688944838636	-3.49431601434348
-5.10872053101396	-11.0749980926223	-4.80659189745937
-2.41397726405737	-11.5388723582818	-3.61638818951705
-0.418097199969482	-10.5012588693065	-3.13115129320211
-1.35500114442664	-10.2418554970626	-2.46585793850614
-1.22682536049439	-12.1675440604257	-2.85648889906157
2.13015945677882	-10.3028915846494	-3.19523918516823
-4.12909132524605	-9.06080720225834	-2.94804303044175
-3.35698481727321	-9.57351033798733	-3.81780727855344
-4.63263904783703	-7.47997253376059	-2.26749065384909
-3.49736781872282	-5.27962157625696	-1.15968566414893
0.0671396963454643	-1.65712977798123	1.24818799114977
0.747692072938125	-0.411993591210803	1.9806210421912
3.32341496910048	2.11795223926146	0.5981536583505
6.94285496299687	4.38849469748989	2.13321126115816
0.424200808728161	4.41290913252461	2.04165712977798
1.68154421301595	4.54413672083619	2.21866178377966
6.00289921416037	7.21141374837873	5.34370946822309
4.28473334859236	6.61631189440757	5.41390096894789
2.91752498664836	6.92759594110018	7.02830548561837
7.94384679942016	8.58472571908141	7.41283283741512
9.30189974822614	10.4402227817197	6.16159304188602
6.2226291294728	9.97024490730144	6.39658197909514
7.67223620965896	11.1512932021057	5.87472343022812
8.20630197604333	9.32326237888151	3.47905699244678
7.46166170748455	8.24597543297475	7.53185320820935
9.43617914091707	8.0872816052491	5.26131074998093
11.1146715495537	4.80354009308003	2.85954070344091
8.8014038300145	2.84733348592355	3.03044174868391
3.32646677347982	1.64187075608453	-0.0457770656900893
5.35896849011978	1.95620660715648	0.793469138628214
5.38948653391318	2.23086900129702	1.38551918822004
4.75776302738994	2.60318913557641	2.26443884946975
9.70168612191958	5.18806744487678	3.42412451361868
9.52773327229725	6.323338673991	3.930724040589
11.3710231174182	6.24704356450752	5.56038757915618
9.14625772487983	5.71297779812314	3.52788586251621
7.79125658045319	3.15556572823682	1.0101472495613
8.12695506218051	4.09857328145266	3.21660181582361
9.25917448691539	2.87785152971695	2.95414663920043
4.53192950331884	1.01319905394064	-0.0732433051041428
-0.302128633554589	-0.393682764934768	2.56656748302434
-0.451667048142214	-0.753795681696803	2.4933241779202
-0.448615243762875	-0.277714198519875	0.292973220416571
1.48317692835889	-2.0355535210193	-0.375371938658732
0.714122224765393	-2.19729915312428	0.744640268558785
-0.439459830624857	-2.86869611657893	0.735484855420768
-0.790417334248875	-4.76081483176928	-2.16678110933089
-0.650034332799268	-4.44647898069734	-1.10475318532082
-4.03143358510719	-4.34882124055848	-0.222781719691768
-3.64080262455177	-6.32028686961166	-3.60418097199969
0.0366216525520714	-6.24399176012818	-3.94598306248569
-5.55123216601816	-5.73739223315785	-3.04264896620127
-3.94903486686503	-6.2378881513695	-2.79240100709545
-3.28374151216907	-6.01205462729839	-4.05279621576257
-2.26749065384909	-3.0914778362707	0.332646677347982
0.695811398489357	-0.262455176623178	1.33058670939193
0.253299763485161	0.778210116731518	1.75478751812009
3.04570077058061	2.62149996185245	3.52178225375753
2.10574502174411	2.43228809033341	2.54215304798962
1.12916762035554	1.16578927290761	3.06401159685664
0.592050049591821	-0.0854505226215	2.79850461585412
0.503547722590982	0.399786373693446	1.01930266269932
0.0915541313801785	-0.4272526131075	3.18608377203021
-0.137331197070268	1.57167925535973	6.45456626230259
1.19325551232166	3.43938353551537	7.13817044327459
-1.85854886701762	3.99176012817578	4.46784161135271
-1.40383001449607	4.43427176317998	4.40985732814527
-0.402838178072786	4.81269550621805	4.09246967269398
-3.64995803768978	4.39459830624857	1.65407797360189
-5.55123216601816	2.5787747005417	0.55542839703975
-6.12802319371328	-1.1108567940795	-0.573739223315785
-9.55214770733196	-3.36308842603189	-1.22682536049439
-7.92248416876478	-4.91035324635691	-3.19829098954757
-4.00701915007248	-5.15754940108339	-2.15762569619287
-2.69169146257725	-3.37834744792859	-0.933852140077821
-2.26443884946975	-2.88395513847562	-0.796520943007553
-0.900282291905089	-1.74258030060273	1.31532768749523
3.66826886396582	-0.805676356145571	0.137331197070268
-1.88601510643168	-2.221713588159	-0.366216525520714
0.524910353246357	-1.73647669184405	1.59609369039445
-0.228885328450446	-1.63576714732586	1.70901045243
1.96841382467384	-2.87785152971695	0.64087891966125
0.00610360875867857	-0.549324788281071	2.25833524071107
-1.44960708018616	-1.6388189517052	3.26237888151369
2.41397726405737	-0.89723048752575	2.90836957351034
3.37834744792859	-0.372320134279393	2.75883115892271
6.61326009002823	2.23086900129702	6.50949874113069
5.75265125505455	2.33157854581521	5.24910353246357
7.40978103303578	2.71000228885328	5.27656977187762
4.15655756466011	0.375371938658732	2.84733348592355
3.25932707713436	-1.99588006408789	-0.103761348897536
-2.58487830930037	-4.00701915007248	-0.72327763790341
-6.18600747692073	-6.50949874113069	-1.94705119401846
-8.86854352635996	-7.57763027389944	-1.39772640573739
-9.6559090562295	-7.61425192645151	-2.73746852826734
-8.24292362859541	-7.86449988555734	-2.09048599984741
-8.74036774242771	-8.07812619211109	-4.58686198214694
-4.83710994125277	-5.62752727550164	-2.00503547722591
-6.39047837033646	-5.56954299229419	-3.23796444647898
-2.93888761730373	-3.72014953841459	-0.463874265659571
-1.82803082322423	-1.33974212252995	0.7690547035935
-0.952162966353857	-1.24208438239109	1.49538414587625
-1.98977645532921	-2.52689402609293	0.848401617456321
2.70389868009461	-0.628671702143893	2.46585793850614
0.967421988250553	0.064087891966125	1.66323338673991
3.89105058365759	1.37026016632334	2.55436026550698
8.00488288700694	3.49431601434348	1.59609369039445
-0.122072175173571	4.06805523765927	2.80766002899214
4.67536430914778	3.78118562600137	0.445563439383536
5.04768444342718	4.37323567559319	-0.674448767833982
1.19020370794232	5.00190737773709	-0.250247959105821
-0.833142595559625	3.22880903334096	-3.18913557640955
-0.659189745937285	2.57572289616236	-2.6489662012665
-1.84328984512093	2.96940566109712	-3.16472114137484
-5.10872053101396	-0.00305180437933928	-5.11787594415198
-10.1441977569238	-2.95109483482109	-5.31929503318837
-10.434119172961	-4.43121995880064	-5.00190737773709
-10.9773403524834	-3.4882124055848	-4.5838101777676
-10.8155947203784	-4.37933928435187	-4.11993591210803
-9.40260929274434	-3.79644464789807	-3.588921950103
-11.6731517509728	-2.97245746547646	-2.45975432974746
-9.29274433508812	-4.92866407263294	-2.66117341878386
-10.1167315175097	-5.24910353246357	-2.10574502174411
-8.70984969863432	-5.87167162584878	-2.25833524071107
-5.44441901274128	-5.79842832074464	-4.68757152666514
-10.7637140459297	-5.97543297474632	-3.55840390630961
-7.05882352941176	-4.04058899824521	-4.85236896314946
-7.19005111772335	-3.85442893110552	-5.56038757915618
-6.88181887541009	-5.13313496604868	-4.73945220111391
-5.16670481422141	-5.0263218127718	-3.34172579537652
-6.0517280842298	-5.32539864194705	-2.72526131074998
-4.68757152666514	-5.09956511787594	0.683604180972
-5.56649118791485	-4.48310063324941	-1.06202792401007
-4.07110704203861	-2.53910124361028	-1.99588006408789
-1.97756923781186	-5.21858548867018	-4.7699702449073
-6.72312504768444	-4.73029678797589	-1.91653315022507
-0.521858548867018	-3.29900053406577	-1.80361638818952
2.3773556115053	-2.41092545967803	-2.15457389181353
4.82795452811475	-0.021362630655375	5.82589456015869
6.25619897764553	1.40383001449607	5.49324788281071
7.55321583886473	0.164797436484321	4.85236896314946
9.90310521095598	-1.25123979552911	3.97955291065843
6.59189745937285	-2.59403372243839	2.71305409323262
7.61425192645151	-3.27153429465171	2.0660715648127
5.24910353246357	-5.32234683756771	2.09658960860609
2.81071183337148	-7.50133516441596	-0.924696726939803
-0.546272983901732	-9.43007553215839	-4.88593881132219
1.34584573128862	-10.6324864576181	-6.27145799954223
-3.39055466544594	-11.4900434882124	-7.519645990692
-3.41496910048066	-12.9243915465019	-9.74135957885099
-1.20546272983902	-11.1696040283818	-9.05165178912032
-8.25207904173343	-12.295719844358	-8.40466926070039
-4.69672693980316	-9.75356679636835	-4.64484626535439
-4.86457618066682	-10.8461127641718	-5.05378805218585
-5.27046616311894	-11.5632867933165	-5.63057907988098
-3.70489051651789	-10.2754253452354	-4.19317921721218
-3.60723277637903	-10.6263828488594	-6.01510643167773
-4.07415884641794	-11.2550545510033	-6.45456626230259
-3.37224383916991	-9.72915236133364	-5.96932936598764
-6.66208896009766	-9.4850080109865	-7.96215762569619
-3.21049820706493	-8.4596017395285	-5.07515068284123
-1.19020370794232	-6.43015182726787	-2.72526131074998
1.55947203784237	-4.70283054856184	-0.503547722590982
4.95002670328832	-0.405889982452125	0.280766002899214
7.71801327534905	1.87685969329366	2.68863965819791
8.83497367818723	2.99992370489052	4.80048828870069
12.7016098268101	3.27763790341039	1.24513618677043
2.52079041733425	0.93690394445716	1.70595864805066
5.61532005798428	1.09254596780346	1.2664988174258
6.42710002288853	0.848401617456321	2.98466468299382
6.82383459220264	3.05485618371862	2.29800869764248
5.74349584191653	2.85954070344091	2.09658960860609
10.9315632867933	4.22064545662623	2.99992370489052
7.79125658045319	3.84222171358816	3.59807736324102
7.36705577172503	4.65400167849241	2.28274967574578
11.0627908751049	6.31723506523232	4.4281681544213
8.59082932784009	5.51461051346609	3.78728923476005
8.64881361104753	3.93377584496834	5.18501564049744
8.2581826504921	2.82291905088884	3.99176012817578
5.37117570763714	0.802624551766232	-0.189211871519036
3.17692835889219	-0.283817807278553	0.906385900663767
2.72220950637064	0.488288700694285	2.21866178377966
3.43327992675669	2.54520485236896	0.790417334248875
3.28679331654841	1.44045166704814	1.879911497673
2.92362859540703	3.10978866254673	3.54619668879225
2.60624093995575	2.18204013122759	4.8554207675288
1.00404364080262	0.0335698481727321	4.31525139238575
0.930800335698482	0.564583810177768	5.60311284046693
0.930800335698482	-1.63576714732586	3.41191729610132
0.570687418936446	-3.26848249027237	3.61943999389639
1.87685969329366	-2.1210040436408	3.79034103913939
1.50148775463493	-2.01724269474327	2.20950637064164
4.71503776607919	-0.158693827725643	3.52788586251621
5.24910353246357	1.12001220721752	5.43221179522393
3.71709773403525	0.439459830624857	3.87579156176089
7.41283283741512	2.22476539253834	4.97444113832303
4.38544289311055	-1.1261158159762	3.81475547417411
4.44037537193866	-0.662241550316625	2.42618448157473
4.14435034714275	-1.23598077363241	3.73540856031128
2.98466468299382	-1.61135271229114	2.77103837644007
2.47196154726482	-2.392614633402	2.71610589761196
5.89303425650416	-2.63675898374914	1.99282825970855
8.09033340962844	-1.01930266269932	0.89723048752575
0.708018616006714	-3.18913557640955	0.93690394445716
3.61333638513771	-2.221713588159	1.2664988174258
1.80361638818952	-1.21461814297704	1.25429159990845
-1.51674677653162	-2.52384222171359	1.64187075608453
-1.46486610208286	-1.2970168612192	2.39566643778134
-0.302128633554589	0.271610589761196	2.0660715648127
-0.787365529869535	1.41908903639277	1.50759136339361
0.930800335698482	1.47096971084154	3.69268329900053
1.7792019531548	3.10673685816739	2.65506981002518
-0.750743877317464	3.85748073548486	3.247119859617
2.38956282902266	3.49736781872282	3.3478294041352
2.96635385671778	4.67841611352712	5.92660410467689
1.33058670939193	5.44136720836194	2.99382009613184
-0.399786373693446	3.43022812237736	2.01419089036393
1.65712977798123	4.6845197222858	2.54215304798962
0.424200808728161	5.92050049591821	4.11078049897002
0.204470893415732	4.14435034714275	3.02738994430457
0.0274662394140536	4.41596093690394	4.44647898069734
2.84428168154421	7.59594110017548	4.52582589456016
0.588998245212482	6.90928511482414	4.5288776989395
0.280766002899214	6.06088349736782	4.50446326390478
2.25833524071107	6.75669489585718	4.03448538948653
-0.0488288700694285	7.348744945449	3.4882124055848
0.12817578393225	6.36911573968109	3.43327992675669
1.73037308308537	7.46166170748455	5.20332646677348
2.95719844357977	9.37514305333028	6.0364690623331
2.8900587472343	9.10963607232776	2.74052033264668
4.72114137483787	10.8186465247578	5.75570305943389
6.93980315861753	10.424963759823	5.58175020981155
9.28969253070878	8.62439917601282	2.69474326695659
4.53192950331884	8.63355458915083	5.74349584191653
5.32234683756771	10.2418554970626	7.11680781261921
4.21149004348821	9.52468146791791	3.92156862745098
0.601205462729839	7.87060349431601	3.43327992675669
2.67643244068055	10.7026779583429	6.1371786068513
1.07423514152743	8.83497367818723	4.67536430914778
3.61333638513771	5.88387884336614	2.01724269474327
0.259403372243839	4.36713206683452	0.103761348897536
-0.2563515678645	1.74563210498207	-0.527962157625696
-1.36415655756466	1.63576714732586	0.616464484626535
-0.546272983901732	2.90226596475166	0.405889982452125
2.27969787136645	5.18196383611811	1.92568856336309
4.21149004348821	6.18905928130007	2.21560997940032
1.47096971084154	5.45662623025864	4.58991378652628
3.40581368734264	6.82688639658198	4.30914778362707
3.92156862745098	6.2928206301976	2.9907682917525
-0.0701915007248035	4.48004882887007	4.99275196459907
0.930800335698482	6.1219195849546	8.02014190890364
3.61028458075837	4.37323567559319	6.55222400244144
1.08644235904479	2.44144350347143	5.84115358205539
3.53704127565423	3.15556572823682	8.64576180666819
3.87273975738155	1.23598077363241	7.35790035858701
2.18814373998627	0.204470893415732	4.52582589456016
2.08743419546807	-0.457770656900893	3.47905699244678
3.37224383916991	0.463874265659571	3.58587014572366
0.402838178072786	-1.53200579842832	2.19729915312428
1.04982070649271	-3.02433813992523	2.27054245822843
2.20950637064164	-1.8646524757763	2.45059891660945
3.27763790341039	-0.360112916762036	1.49538414587625
1.17494468604562	-1.196307316701	2.16678110933089
0.0579842832074464	-0.225833524071107	4.72114137483787
2.27969787136645	-1.76089112687877	3.98565651941711
-0.860608834973678	-4.62348363469902	-0.869764248111696
-7.348744945449	-6.75974670023651	1.93179217212177
-5.03242542153048	-6.10360875867857	0.451667048142214
-5.87472343022812	-7.73632410162509	-3.89410238803693
-7.29991607537957	-7.63866636148623	-5.00801098649577
-4.8401617456321	-5.3833829251545	-4.73945220111391
0.161745632104982	-2.75272755016403	-4.69062333104448
1.94094758525978	-2.44754711223011	-6.00595101853971
3.26848249027237	-1.08339055466545	-1.76394293125811
1.34279392690929	-0.921644922560464	-2.91752498664836
0.451667048142214	-2.45365072098878	-2.38345922026398
-0.912489509422446	-3.52788586251621	-3.00907911802853
-2.88090333409628	-2.35904478522927	-0.9399557488365
0.396734569314107	-0.949111161974517	-2.60318913557641
1.30312046997787	-0.759899290455482	-0.76600289921416
2.42923628595407	-0.76600289921416	1.56862745098039
2.02334630350195	-2.57267109178302	0.857557030594339
-0.985732814526589	-4.2572671091783	-1.24513618677043
-0.546272983901732	-3.2318608377203	-0.799572747386893
-0.701915007248035	-4.02532997634852	-0.616464484626535
0.372320134279393	-3.48516060120546	-1.89211871519036
-1.879911497673	-2.38040741588464	0.0396734569314107
-0.241092545967803	-1.62050812542916	0.540169375143053
-0.976577401388571	-1.26344701304646	-0.411993591210803
-5.32845044632639	-4.15350576028077	0.762951094834821
-7.55931944762341	-4.43121995880064	1.65102616922255
-8.5297932402533	-7.40672922865644	-0.915541313801785
-9.54604409857328	-10.3486686503395	-3.63164721141375
-3.98260471503777	-10.5745021744106	-4.15960936903944
-8.70679789425498	-9.73830777447166	-5.75265125505455
-8.34973678187228	-8.56031128404669	-6.73838406958114
-7.9468986037995	-8.35278858625162	-5.0110627908751
-7.42504005493248	-4.92561226825361	-2.81376363775082
-7.88586251621271	-4.24505989166094	-1.14137483787289
-5.97238117036698	-4.55634393835355	0.604257267109178
-2.01724269474327	-1.78225375753414	3.3173113603418
-2.52689402609293	-1.66323338673991	1.94399938963912
-0.735484855420768	1.03456168459602	5.68856336308843
1.16273746852827	3.80560006103609	6.09140154116121
1.76699473563745	4.40680552376593	5.4535744258793
3.83611810482948	5.05378805218585	5.67635614557107
3.80254825665675	7.4189364461738	7.85229266803998
6.28976882581826	7.9316395819028	7.1473258564126
2.8351262684062	6.10055695429923	8.10559243152514
4.34576943617914	8.20019836728466	8.32837415121691
6.45456626230259	7.11375600823987	6.45151445792325
2.05386434729534	7.02830548561837	6.17685206378271
2.15762569619287	5.5237659266041	6.31113145647364
2.36209658960861	4.29694056610971	4.44953078507668
4.93476768139162	2.78019378957809	3.18303196765087
-4.91645685511559	0.369268329900053	3.1464103150988
1.367208361944	-0.131227588311589	2.0355535210193
-1.35500114442664	-2.32547493705653	-0.155642023346304
-6.24399176012818	-2.24917982757305	0.991836423285267
-5.99984740978103	-2.84733348592355	-2.39871824216068
-3.16472114137484	0.585946440833143	3.01518272678721
-3.01213092240787	0.210574502174411	2.70389868009461
-0.137331197070268	1.03150988021668	2.28885328450446
0.711070420386053	1.9653620202945	0.653086137178607
1.43434805828946	-1.18715190356298	0.592050049591821
1.32753490501259	-1.20546272983902	1.92263675898375
1.22377355611505	-1.0406652933547	0.0946059357595178
-2.71610589761196	-2.1515220874342	-0.0915541313801785
1.58083466849775	-0.921644922560464	1.99282825970855
-0.7690547035935	-0.289921416037232	1.7242694743267
1.42824444953079	-1.196307316701	0.265506981002518
-0.2563515678645	-1.76394293125811	1.61440451667048
-2.01113908598459	-0.0854505226215	2.39566643778134
0.207522697795071	1.86770428015564	2.95414663920043
1.16273746852827	3.20439459830625	6.6346227206836
1.93484397650111	3.32341496910048	5.26436255436027
2.67338063630121	2.30106050202182	4.92866407263294
4.89509422446021	-0.140383001449607	3.92156862745098
-4.78828107118334	-2.23086900129702	3.56145571068894
0.338750286106661	-1.84634164950027	3.29289692530709
-0.653086137178607	-3.18608377203021	4.53192950331884
-1.58083466849775	-2.52079041733425	4.27862973983368
0.5981536583505	-2.59708552681773	4.24811169604028
2.19424734874495	-2.50247959105821	2.13015945677882
1.92568856336309	-2.8198672465095	4.10772869459068
3.19829098954757	-1.27260242618448	2.51163500419623
0.836194399938964	-0.823987182421607	3.23796444647898
2.00808728160525	-1.28786144808118	3.05790798809796
0.5981536583505	-0.253299763485161	2.56656748302434
-0.546272983901732	-1.38551918822004	0.537117570763714
-2.89311055161364	-2.5787747005417	-1.89211871519036
-1.45876249332418	-1.76699473563745	-0.570687418936446
-0.964370183871214	-1.50453955901427	-1.82192721446555
2.85038529030289	-0.799572747386893	-1.04676890211337
2.78324559395743	0.0518806744487678	0.695811398489357
1.196307316701	2.04776073853666	0.772106507972839
3.63775082017243	0.195315480277714	-0.881971465629053
3.20439459830625	0.115968566414893	0.970473792629892
6.78416113527123	2.53299763485161	2.34378576333257
4.87373159380484	-0.466926070038911	-0.415045395590143
3.93987945372702	-0.625619897764553	-2.67643244068055
2.27359426260777	-1.10170138094148	-2.93888761730373
2.61234454871443	-1.71206225680934	-6.08224612802319
-1.3519493400473	-4.15655756466011	-8.29480430304418
-2.29495689326314	-4.33966582742046	-4.04364080262455
-1.69985503929198	-0.912489509422446	-2.07827878233005
-2.2064545662623	-1.49843595025559	-0.326543068589303
-1.66323338673991	-2.33157854581521	0.265506981002518
0.531013962005035	-2.85954070344091	-2.73136491950866
-7.19310292210269	-5.41390096894789	-2.8198672465095
-3.48210879682612	-5.54818036163882	-2.75883115892271
-4.20538643472953	-6.2226291294728	-2.4078736552987
-7.1625848783093	-6.55222400244144	-5.12092774853132
-3.39971007858396	-2.58793011367971	-1.93789578088045
0.0335698481727321	-1.03150988021668	0.38452735179675
2.18204013122759	-1.08033875028611	-0.476081483176928
-1.1810482948043	-1.26344701304646	3.37529564354925
1.7944609750515	0.909437705043107	3.24406805523766
1.34279392690929	1.62966353856718	4.45258258945602
0.836194399938964	0.735484855420768	3.91241321431296
1.21461814297704	2.51163500419623	3.11284046692607
3.076218814374	2.61234454871443	1.75478751812009
1.87685969329366	2.3071641107805	2.05386434729534
0.360112916762036	3.01518272678721	1.56557564660105
3.10978866254673	2.7191577019913	1.82803082322423
1.94399938963912	1.8951705195697	0.964370183871214
1.79751277943084	1.2115663385977	1.17799649042496
-2.09658960860609	0.967421988250553	1.79140917067216
-2.16678110933089	-0.341802090486	0.463874265659571
-2.79240100709545	-0.888075074387732	-0.210574502174411
-1.91042954146639	1.16884107728695	3.5736629282063
-4.37323567559319	0.460822461280232	1.59609369039445
-1.15358205539025	0.335698481727321	1.28786144808118
-0.280766002899214	0.570687418936446	1.43434805828946
-0.622568093385214	0.729381246662089	-0.72327763790341
-0.778210116731518	-0.997940032043946	-1.47707331960021
0.460822461280232	-0.521858548867018	2.76798657206073
1.78225375753414	0.891126878767071	2.76798657206073
4.29694056610971	0.93690394445716	0.561532005798428
6.17074845502403	-0.854505226215	1.10475318532082
-1.63576714732586	-2.3071641107805	-0.0274662394140536
3.25322346837568	-1.93789578088045	-2.63675898374914
-0.375371938658732	-4.7699702449073	-3.19218738078889
-3.82696269169146	-5.64278629739834	-1.85549706263828
-3.19523918516823	-6.26230258640421	-1.04676890211337
-3.83611810482948	-8.06591897459373	-1.89822232394903
-1.9806210421912	-6.35996032654307	-2.5787747005417
-1.64797436484321	-6.51865415426871	-4.92256046387427
-4.58075837338827	-7.93469138628214	-7.22667277027543
0.482185091935607	-7.1625848783093	-7.16563668268864
-1.10780498970016	-7.39757381551843	-7.74853131914244
-5.28877698939498	-10.0373846036469	-8.80750743877318
-5.56649118791485	-9.64980544747082	-7.44640268558785
-4.42206454566262	-7.53795681696803	-3.50041962310216
-4.62653543907836	-8.43823910887312	-5.23079270618753
-5.11482413977264	-8.50843060959792	-2.92362859540703
-4.37628747997253	-8.09948882276646	-3.75677119096666
-6.82383459220264	-10.1991302357519	-5.00801098649577
-7.54711223010605	-10.1777676050965	-4.92561226825361
-9.75661860074769	-10.4036011291676	-4.59296559090562
-6.68955519951171	-7.92553597314412	-4.51056687266346
-6.76890211337453	-9.34462500953689	-6.08224612802319
-3.67742427710384	-5.99679560540169	-4.22064545662623
-5.08430609597925	-4.62043183031968	-7.18699931334401
-4.30914778362707	-5.2124818799115	-6.03952086671244
-1.39772640573739	-2.36209658960861	-3.79339284351873
1.9653620202945	0.55542839703975	-2.63065537499046
-0.375371938658732	0.888075074387732	-1.50759136339361
2.27054245822843	1.69985503929198	-0.0732433051041428
2.20035095750362	2.45059891660945	3.12199588006409
3.24101625085832	2.75577935454337	0.421149004348821
-2.25223163195239	0.711070420386053	0.790417334248875
-3.23491264209964	1.90432593270771	3.46990157930877
-0.738536659800107	1.28786144808118	1.10780498970016
-5.59700923170825	-1.22682536049439	2.67948424505989
-5.44747081712062	-2.5482566567483	2.00503547722591
-2.99992370489052	-2.34378576333257	0.476081483176928
1.4679179064622	-4.14740215152209	-0.634775310902571
1.23598077363241	-2.19729915312428	0.610360875867857
-0.567635614557107	-1.90127412832837	-1.42824444953079
0.585946440833143	-1.70290684367132	-1.89211871519036
-0.775158312352178	-2.19119554436561	-1.99588006408789
-0.753795681696803	-2.16372930495155	-0.405889982452125
-1.90127412832837	-2.92668039978637	-3.40581368734264
-2.62149996185245	-5.44441901274128	-4.13214312962539
-2.61234454871443	-5.4383154039826	-4.71808957045853
-1.98367284657053	-4.92561226825361	-3.86968795300221
-3.19218738078889	-5.33150225070573	-5.27656977187762
-3.10368505378805	-5.5542839703975	-4.95918211642634
-6.16464484626535	-6.79026474402991	-4.23590447852293
-6.03952086671244	-7.59594110017548	-4.98970016021973
-10.1625085831998	-9.52468146791791	-9.38735027084764
-9.6253910124361	-9.96108949416342	-7.73022049286641
-3.83306630045014	-7.23887998779278	-6.18295567254139
-3.92462043183032	-8.74341954680705	-6.59800106813153
-1.879911497673	-8.51148241397726	-4.24505989166094
-0.622568093385214	-7.38841840238041	-2.20035095750362
0.326543068589303	-5.96932936598764	-1.93179217212177
2.28580148012512	-3.07011520561532	1.84023804074159
7.11070420386053	0.326543068589303	1.64187075608453
6.53696498054475	1.58999008163577	3.98260471503777
9.86037994964523	5.47798886091402	6.76279850461585
12.4635690852216	5.24910353246357	5.70077058060578
1.96841382467384	2.21255817502098	3.69573510337987
0.396734569314107	2.50553139543755	3.68963149462119
0.561532005798428	1.81887541008621	2.62149996185245
-1.22987716487373	-1.63576714732586	0.997940032043946
-3.50957503624018	-4.15045395590143	-2.84122987716487
1.30922407873655	-3.22880903334096	0.286869611657893
1.33363851377127	-2.81071183337148	-0.9399557488365
0.50965133134966	-1.88601510643168	-0.616464484626535
1.538109407187	0.540169375143053	1.67238879987793
-0.161745632104982	0.393682764934768	3.32646677347982
2.64591439688716	0.549324788281071	3.40581368734264
2.64286259250782	0.9399557488365	1.65407797360189
3.79949645227741	1.25429159990845	3.29289692530709
4.50446326390478	1.07423514152743	1.64492256046387
5.70687418936446	1.95315480277714	3.86358434424353
4.30914778362707	2.81071183337148	1.86160067139696
5.37422751201648	3.95819028000305	2.67948424505989
4.70283054856184	2.78934920271611	1.90432593270771
5.51766231784543	3.5034714274815	2.57267109178302
3.73846036469062	3.76592660410468	1.99282825970855
7.53795681696803	3.38750286106661	2.17898832684825
3.87273975738155	3.01518272678721	1.74258030060273
5.08430609597925	3.68657969024186	1.73952849622339
5.50240329594873	4.12909132524605	-1.09254596780346
-0.646982528419928	0.341802090486	-2.02334630350195
-3.92767223620966	-0.708018616006714	-3.57061112382696
-3.71709773403525	-2.85648889906157	-5.23079270618753
-6.26840619516289	-5.40779736018921	-7.35484855420767
-5.60006103608759	-7.11680781261921	-5.72823682001984
-10.6111238269627	-6.92454413672084	-4.61738002594034
-9.570458533608	-8.65491721980621	-4.46784161135271
-6.03952086671244	-7.05882352941176	-3.92462043183032
-7.56237125200275	-8.14526588845655	-4.73640039673457
-4.51667048142214	-7.51354238193332	-4.98054474708171
-1.71206225680934	-7.53490501258869	-5.7099259937438
0.799572747386893	-5.67635614557107	-3.36003662165255
-0.234988937209125	-3.79644464789807	-4.28168154421302
-2.27054245822843	-4.45258258945602	-1.63576714732586
1.33669031815061	-1.58083466849775	0.582894636453803
1.34584573128862	0.55542839703975	1.25429159990845
1.29396505683986	-0.0885023270008393	-0.29907682917525
2.5787747005417	-0.753795681696803	1.01625085831998
4.40985732814527	-0.2563515678645	-0.445563439383536
3.65300984206912	-2.26443884946975	-2.85648889906157
3.63775082017243	-1.08644235904479	-0.616464484626535
3.26543068589303	-3.02433813992523	-2.14236667429618
1.30312046997787	-6.00595101853971	-3.55840390630961
-0.7690547035935	-8.63660639353017	-2.78629739833677
-4.40680552376593	-9.78713664454109	-2.36514839398795
-13.0312046997787	-11.5602349889372	-5.93575951781491
-8.81666285191119	-10.2296482795453	-5.78316929884794
-11.2153810940719	-8.48401617456321	-5.2826733806363
-12.7840085450523	-8.18493934538796	-6.74448767833982
-8.82276646066987	-8.49622339208057	-3.89105058365759
-4.16266117341878	-6.04257267109178	0.875867856870375
-3.33867399099718	-5.63057907988098	-1.49538414587625
-2.15457389181353	-5.59700923170825	1.06813153276875
-0.448615243762875	-6.26840619516289	-0.308232242313268
1.35500114442664	-7.29381246662089	-3.16472114137484
0.601205462729839	-6.76279850461585	-6.03341725795377
-0.0610360875867857	-6.54001678492409	-4.3427176317998
-1.24818799114977	-5.13618677042802	-3.65606164644846
-0.253299763485161	-3.20744640268559	-3.88799877927825
-2.32852674143587	-3.87884336614023	-1.36110475318532
-0.964370183871214	-3.27458609903105	-0.317387655451286
1.16578927290761	-4.11688410772869	-2.36514839398795
-1.37636377508202	-5.73128862439918	-5.13618677042802
-0.582894636453803	-6.82383459220264	-5.56954299229419
-1.80056458381018	-9.70473792629892	-9.57961394674601
-6.36606393530175	-12.3842221713588	-10.2937361715114
-6.41184100099184	-12.7595941100175	-9.24696726939803
-11.5907530327306	-14.346532387274	-12.4513618677043
-10.4768444342718	-14.1634241245136	-13.2478828107118
-13.7270160982681	-13.5591668574044	-12.6131074998093
-9.76272220950637	-12.8694590676738	-13.0525673304341
-9.78408484016175	-11.2153810940719	-11.6273746852827
-8.203250171664	-12.2011139085985	-8.74036774242771
-3.35088120851453	-9.20424200808728	-8.00793469138628
-1.16273746852827	-8.10864423590448	-7.56847486076142
-2.72526131074998	-7.47386892500191	-6.87266346227207
2.23392080567636	-3.71709773403525	-4.50751506828412
1.86770428015564	-1.54421301594568	-2.39566643778134
0.326543068589303	-0.802624551766232	-0.741588464179446
4.06500343327993	2.68253604943923	2.76493476768139
6.66819256885634	4.52277409018082	4.10467689021134
9.70473792629892	4.69672693980316	3.77508201724269
8.15747310597391	5.23079270618753	4.71198596169986
10.7148851758602	5.59700923170825	3.55840390630961
9.50331883726253	4.07721065079728	1.62661173418784
6.26535439078355	4.05889982452125	2.84428168154421
9.0424963759823	2.4933241779202	1.00404364080262
-0.21362630655375	1.36415655756466	-0.2563515678645
0.137331197070268	0.497444113832303	2.08133058670939
0.711070420386053	-0.369268329900053	3.6591134508278
-3.61028458075837	-1.94094758525978	-0.155642023346304
-3.73846036469062	-4.46784161135271	-0.433356221866178
-0.985732814526589	-4.48310063324941	0.332646677347982
-3.89410238803693	-5.91439688715953	-1.35805294880598
-3.89410238803693	-8.46265354390784	-4.43732356755932
-4.01007095445182	-6.9062333104448	-3.26543068589303
-3.61028458075837	-7.02525368123903	-4.29694056610971
-2.43533989471275	-7.82787823300526	-5.66414892805371
-1.66628519111925	-6.67124437323568	-3.35088120851453
-3.35393301289387	-6.52170595864805	-1.10780498970016
-3.38139925230793	-5.06904707408255	-0.534065766384375
-4.48004882887007	-3.79949645227741	1.44350347142748
-1.61440451667048	-2.72831311512932	2.0355535210193
-5.13923857480736	-2.49027237354086	1.30617227435721
-0.289921416037232	-2.4078736552987	1.16578927290761
1.41908903639277	-2.69779507133593	1.20546272983902
-4.41596093690394	-5.19111924925612	0.363164721141375
1.16578927290761	-5.0415808346685	0.625619897764553
0.433356221866178	-3.88189517051957	1.04982070649271
-1.33974212252995	-3.70183871213855	0.430304417486839
0.540169375143053	-2.53910124361028	0.573739223315785
0.424200808728161	0.393682764934768	0.207522697795071
3.61333638513771	2.97245746547646	0.97962920576791
2.2369726100557	1.97756923781186	1.50148775463493
-0.72327763790341	-1.31837949187457	0.909437705043107
1.20851453421836	-1.97146562905318	1.14442664225223
0.830090791180285	-4.35187304493782	-0.9399557488365
-1.23903257801175	-5.75265125505455	0.671396963454643
-1.27260242618448	-6.10360875867857	-3.62249179827573
-0.799572747386893	-7.55931944762341	-2.35599298084993
0.875867856870375	-5.70382238498512	-1.47096971084154
2.59403372243839	-3.46379797055009	0.741588464179446
-0.683604180972	-2.36514839398795	3.20744640268559
2.41397726405737	-2.91752498664836	4.17792019531548
3.76287479972534	-1.33363851377127	6.24093995574884
-1.77004654001678	-1.61440451667048	5.44441901274128
-1.40993362325475	-4.28168154421302	3.50041962310216
-1.367208361944	-5.89303425650416	5.99069199664302
-0.408941786831464	-5.24910353246357	1.7944609750515
-1.65102616922255	-5.85946440833143	2.09658960860609
1.70290684367132	-4.82185091935607	2.56961928740368
1.54421301594568	-2.94804303044175	4.98664835584039
2.50553139543755	-3.29289692530709	3.54619668879225
2.24612802319371	-1.41603723201343	4.1870756084535
5.99679560540169	1.13832303349355	8.81971465629053
11.1757076371405	4.89509422446021	8.90516517891203
2.28580148012512	2.16067750057221	8.20019836728466
5.16670481422141	1.07118333714809	6.27450980392157
4.15960936903944	1.24513618677043	8.32837415121691
-7.519645990692	-5.29488059815366	2.10879682612345
-2.50858319981689	-7.18699931334401	2.221713588159
-3.93987945372702	-9.07301441977569	-1.21461814297704
-4.5288776989395	-9.69863431754024	-3.85748073548486
-6.46066987106127	-10.2235446707866	-2.62760357061112
-5.36507209887846	-11.4961470969711	-3.10368505378805
-5.60616464484626	-10.6752117189288	-3.82085908293278
-4.16571297779812	-9.86343175402457	-4.15960936903944
-3.03349355306325	-7.87975890745403	-3.02128633554589
-3.97344930189975	-8.90821698329137	-3.29900053406577
-2.64591439688716	-9.30800335698482	-4.14435034714275
-3.99786373693446	-10.1930266269932	-5.7251850156405
-0.00915541313801785	-8.69459067673762	-5.52071412222477
2.51468680857557	-8.5999847409781	-6.29892423895628
-3.16472114137484	-9.2988479438468	-4.47699702449073
-2.13015945677882	-6.99473563744564	-4.80659189745937
-0.491340505073625	-5.99069199664302	-3.20439459830625
-1.52590218966964	-4.37323567559319	-1.33669031815061
0.622568093385214	-3.25017166399634	2.17288471808957
5.09040970473793	-0.119020370794232	1.538109407187
4.19928282597086	-0.183108262760357	2.76798657206073
2.79240100709545	-0.0396734569314107	3.75371938658732
2.61844815747311	-1.3519493400473	0.698863202868696
-0.68055237659266	-5.19111924925612	0.738536659800107
-2.19729915312428	-5.5542839703975	-0.436408026245518
-1.25734340428779	-5.45052262149996	-1.05592431525139
-0.933852140077821	-7.46776531624323	-0.842298008697642
-4.42511635004196	-7.28465705348287	-0.558480201419089
1.69680323491264	-4.54413672083619	-1.7944609750515
0.878919661249714	-5.27351796749828	-2.12405584802014
-0.732433051041428	-4.62348363469902	0.0671396963454643
2.05691615167468	-3.83916990920882	-0.607309071488518
2.8046082246128	-5.20637827115282	-0.756847486076142
-3.66826886396582	-6.64682993820096	-2.56046387426566
1.74868390936141	-5.08735790035859	-0.0915541313801785
-1.76089112687877	-6.20431830319677	-1.85549706263828
0.244144350347143	-4.6845197222858	-1.36110475318532
-1.94399938963912	-4.26642252231632	-1.81887541008621
1.98977645532921	-5.77096208133059	-4.0009155413138
-0.180056458381018	-7.10765239948119	-3.94293125810636
-1.6235599298085	-8.52368963149462	-4.14435034714275
-1.89822232394903	-7.7607385366598	-4.71198596169986
-1.2115663385977	-8.67933165484092	-6.68650339513237
-0.131227588311589	-7.12291142137789	-4.54108491645685
1.34584573128862	-3.50957503624018	-1.63576714732586
1.54421301594568	-2.98466468299382	-0.775158312352178
3.42412451361868	-4.29694056610971	1.08949416342412
2.43228809033341	-3.41191729610132	2.19424734874495
2.17593652246891	-4.24811169604028	2.63065537499046
0.720225833524071	-7.006942854963	2.1515220874342
-0.402838178072786	-8.59388113221942	-2.82291905088884
-1.28480964370184	-8.52674143587396	-2.34683756771191
-2.45365072098878	-9.72915236133364	-2.82597085526818
-1.47096971084154	-10.2601663233387	-4.07110704203861
-1.59304188601511	-10.5134660868238	-7.3334859235523
-1.99893186846723	-11.3191424429694	-6.80247196154726
-0.582894636453803	-7.55016403448539	-4.01312275883116
-3.73846036469062	-6.45456626230259	-4.01312275883116
0.854505226215	-5.5542839703975	-2.73136491950866
5.3681239032578	-4.16266117341878	-1.33363851377127
6.8909742885481	-3.53093766689555	-1.17799649042496
1.22377355611505	-3.65606164644846	-3.96429388876173
4.51056687266346	-3.07927061875334	-1.85244525825895
3.66521705958648	-4.49835965514611	-1.16884107728695
5.13008316166934	-3.69878690775921	-1.83718623636225
1.98672465094987	-4.09246967269398	-2.55130846112764
4.75165941863127	-2.37125200274662	0.561532005798428
5.96932936598764	-1.40383001449607	-0.131227588311589
3.01213092240787	-0.592050049591821	-0.0518806744487678
3.56450751506828	1.30922407873655	3.22575722896162
5.06294346532387	3.05790798809796	3.11284046692607
7.01915007248035	3.0060273136492	3.12199588006409
6.69565880827039	0.701915007248035	0.732433051041428
5.78927290760662	1.54726482032502	3.30815594720378
4.20538643472953	0.93690394445716	1.14442664225223
3.12809948882277	0.854505226215	2.96330205233845
5.67940794995041	0.955214770733196	4.26031891355764
5.26131074998093	-1.36415655756466	2.49637598229953
3.25932707713436	-3.61943999389639	2.63981078812848
6.69260700389105	-1.81582360570687	5.7099259937438
8.85328450446326	-0.915541313801785	6.00289921416037
9.7962920576791	2.96940566109712	8.85328450446326
7.84924086366064	6.70481422140841	13.1074998092622
7.98962386511025	6.89707789730678	9.25001907377737
6.12802319371328	5.17280842298009	7.2480354009308
7.86449988555734	3.79339284351873	6.69871061264973
8.79530022125582	1.92568856336309	4.92866407263294
7.98962386511025	2.96635385671778	4.70893415732052
4.02532997634852	1.38857099259937	6.2226291294728
6.91844052796216	1.85854886701762	6.94895857175555
3.59197375448234	1.025406271458	3.75677119096666
5.73739223315785	-0.436408026245518	4.12909132524605
6.91844052796216	-0.906385900663767	4.56244754711223
7.1473258564126	-0.625619897764553	0.46997787441825
6.71091783016709	-0.805676356145571	0.579842832074464
5.65194171053635	-1.23598077363241	1.20851453421836
2.86869611657893	-2.24307621881437	-1.83718623636225
2.17898832684825	-4.4281681544213	-1.46181429770352
4.46478980697337	-4.41290913252461	-2.69474326695659
8.00488288700694	-2.1515220874342	0.479133287556268
7.0771343556878	-2.44754711223011	1.58388647287709
6.27145799954223	-2.16983291371023	0.296025024795911
9.28053711757076	0.112916762035554	0.845349813076982
8.1727321278706	-0.662241550316625	1.55031662470436
3.930724040589	-1.50759136339361	3.34172579537652
5.25825894560159	2.905317769131	7.44029907682918
5.1972228580148	3.47600518806744	4.47394522011139
5.76791027695125	5.20027466239414	6.55222400244144
9.46059357595178	4.96528572518502	4.58686198214694
5.81673914702068	5.29182879377432	2.80155642023346
5.36507209887846	1.93789578088045	0.302128633554589
4.26642252231632	0.134279392690929	1.33669031815061
6.71091783016709	2.92362859540703	5.5237659266041
9.00892652780957	2.49027237354086	5.94186312657359
3.47295338368811	-0.308232242313268	2.90836957351034
4.26031891355764	1.05592431525139	3.41191729610132
4.62958724345769	0.543221179522393	1.85854886701762
0.985732814526589	-0.674448767833982	1.50453955901427
3.07316700999466	3.6591134508278	5.38033112077516
7.3182269016556	3.85442893110552	4.69672693980316
10.263218127718	2.80155642023346	8.65491721980621
2.98771648737316	2.21255817502098	7.03746089875639
4.05889982452125	1.99588006408789	6.49729152361334
2.51773861295491	-1.13221942473487	4.81574731059739
1.65407797360189	-0.64087891966125	5.00495918211643
3.35088120851453	-0.317387655451286	4.25421530479896
4.71808957045853	-0.619516289005875	3.41496910048066
7.7454795147631	1.12306401159686	4.13519493400473
8.5145342183566	2.02944991226062	6.50644693675135
6.63157091630427	0.772106507972839	5.14534218356603
5.03852903028916	-0.283817807278553	5.17280842298009
8.68238345922026	-0.729381246662089	4.99275196459907
5.24910353246357	-1.37636377508202	1.39162279697871
2.88700694285496	-4.31219958800641	-0.00610360875867857
1.69069962615396	-3.588921950103	-0.857557030594339
0.924696726939803	-3.32646677347982	-1.33974212252995
2.11184863050278	-2.07217517357137	-1.80056458381018
2.16372930495155	-1.11390859845884	-0.283817807278553
2.34073395895323	1.18715190356298	-0.329594872968643
6.30197604333562	3.26543068589303	1.5533684290837
10.9346150911727	5.31624322880903	3.5034714274815
17.41359578851	7.36400396734569	4.69672693980316
4.92561226825361	8.60914015411612	7.18089570458534
9.70473792629892	9.77187762264439	9.08827344167239
9.78713664454109	12.1553368429084	9.51552605477989
9.80239566643778	12.6588845654994	10.7606622415503
7.89806973373007	11.602960250248	10.8033875028611
14.1359578850996	12.6314183260853	13.150225070573
16.2752727550164	13.0922407873655	13.0312046997787
14.7432669565881	11.7586022735943	13.8399328603037
10.4219119554437	11.0749980926223	12.6710917830167
13.3241779201953	11.2947280079347	13.4370946822309
14.5937285420005	12.0180056458381	13.3272297245747
9.42702372777905	9.20424200808728	11.3405050736248
10.9437705043107	9.7108415350576	15.5001144426642
11.5663385976959	10.7637140459297	13.2906080720226
7.45860990310521	8.24292362859541	14.0962844281682
11.0688944838636	8.09338521400778	14.0627145799954
10.4371709773404	8.73426413366903	12.5551232166018
9.83291371023117	6.21652552071412	8.20019836728466
12.2835126268406	7.10460059510185	10.9498741130694
12.9610131990539	7.84924086366064	10.406652933547
7.26634622720684	5.29488059815366	9.93362325474937
6.25314717326619	3.79644464789807	8.23987182421607
7.62340733958953	2.36820019836728	7.18394750896468
4.56549935149157	1.00709544518196	5.66109712367437
4.5990691996643	0.665293354695964	3.97955291065843
6.74143587396048	0.98268101014725	5.31013962005035
11.783016708629	1.37941557946136	6.43320363164721
4.6997787441825	-0.823987182421607	3.38750286106661
4.26337071793698	-1.46181429770352	6.4087891966125
0.0671396963454643	-0.741588464179446	6.58884565499351
5.50850690470741	-0.497444113832303	6.50949874113069
1.94094758525978	-0.234988937209125	7.87365529869535
6.20126649881743	2.52079041733425	5.38033112077516
7.47692072938125	2.9755092698558	5.77096208133059
5.95712214847028	2.68253604943923	6.24093995574884
3.5736629282063	3.76592660410468	6.99778744182498
5.69771877622644	5.31929503318837	8.10559243152514
6.94285496299687	4.53803311207752	9.73220416571298
7.006942854963	4.07721065079728	10.2021820401312
9.25001907377737	6.63767452506294	10.8216983291371
9.19203479056992	4.9408712901503	8.61219195849546
10.4188601510643	5.59700923170825	9.53078507667658
7.68749523155566	6.00289921416037	9.20119020370794
10.064850843061	5.7099259937438	7.76379034103914
6.61936369878691	6.20431830319677	8.38025482566568
7.22056916151675	6.24093995574884	8.22156099794003
4.86762798504616	6.74448767833982	8.23071641107805
5.71908140688182	7.82177462424659	11.9752803845274
5.34981307698177	9.56130312046998	12.1461814297704
6.60105287251087	9.51247425040055	9.48805981536584
6.00900282291905	6.66208896009766	7.90417334248875
5.05073624780652	5.16060120546273	4.91950865949493
4.07110704203861	4.95307850766766	3.57061112382696
10.2479591058213	6.23483634699016	6.61326009002823
6.77805752651255	5.75265125505455	6.12497138933394
7.32738231479362	8.56031128404669	9.04859998474098
11.5053025101091	9.4544899671931	9.85732814526589
8.31311512932021	9.01197833218891	9.40260929274434
2.34988937209125	6.32639047837034	7.63561455710689
4.35492484931716	6.79636835278859	5.22163729304952
5.47493705653468	6.86350804913405	7.53795681696803
5.27962157625696	8.1025406271458	8.19104295414664
8.1025406271458	10.5012588693065	8.26123445487144
9.63149462119478	8.39856565194171	7.11985961699855
12.5185015640497	9.67421988250553	7.45860990310521
14.5143816281376	8.82887006942855	8.13000686655985
15.219348439765	7.64782177462425	6.98252841992828
9.48805981536584	5.75570305943389	7.81567101548791
8.03540093080034	4.50751506828412	6.71396963454643
8.4596017395285	3.64385442893111	7.50743877317464
5.67940794995041	4.66010528725109	8.53894865339132
5.91439688715953	2.9907682917525	8.21240558480201
7.50133516441596	5.32539864194705	6.98558022430762
11.5938048371099	6.86655985351339	9.64675364309148
11.3099870298314	8.76783398184176	12.0057984283207
10.3425650415808	8.4596017395285	7.82787823300526
10.6904707408255	7.96520943007553	10.8247501335164
12.7351796749828	9.41481651026169	12.5673304341192
15.5184252689403	11.6395819028	12.7748531319142
15.6404974441138	12.8847180895705	15.7534142061494
20.0991836423285	14.2244602121004	17.1206225680934
17.5112535286488	13.8185702296483	16.07385366598
17.7798123140307	12.6924544136721	14.8226138704509
13.9467460135805	11.108567940795	14.2092011902037
13.9070725566491	10.2754253452354	10.415808346685
13.3699549858854	9.90005340657664	11.4900434882124
14.5906767376211	10.4493781948577	12.7931639581903
11.432059205005	10.263218127718	9.95803768978408
13.168535896849	8.78004119935912	9.71389333943694
8.79835202563516	7.82482642862592	9.0272373540856
10.415808346685	7.36095216296635	9.18898298619058
12.1370260166323	8.6854352635996	7.76989394979782
9.63759822995346	8.99671931029221	10.965133134966
10.9712367437247	9.61013199053941	10.6965743495842
11.953917753872	10.6324864576181	11.5480277714199
8.20019836728466	11.0170138094148	11.5449759670405
10.7087815671015	11.2031738765545	10.1747158007172
11.9966430151827	13.5378042267491	11.0139620050355
10.1380941481651	12.3292896925307	8.39551384756237
13.9772640573739	13.2509346150912	10.1991302357519
