-2.66178266178266	-0.634920634920635	-1.0989010989011
-3.61416361416361	-1.12332112332112	-1.80708180708181
-3.56532356532357	-1.07448107448107	-1.97802197802198
-1.51404151404151	-0.879120879120879	-1.46520146520147
-1.75824175824176	-0.805860805860806	-0.0732600732600733
0.927960927960928	0	0.390720390720391
2.83272283272283	0.512820512820513	1.63614163614164
3.66300366300366	0.463980463980464	-0.463980463980464
4.81074481074481	1.46520146520147	-1.26984126984127
4.07814407814408	0.0732600732600733	-2.46642246642247
4.12698412698413	1.61172161172161	-3.12576312576313
2.34432234432234	1.46520146520147	-3.15018315018315
1.53846153846154	0.634920634920635	-2.68620268620269
1.1965811965812	1.29426129426129	-0.83028083028083
1.73382173382173	1.34310134310134	1.80708180708181
2.51526251526252	1.66056166056166	2.22222222222222
2.56410256410256	1.83150183150183	3.17460317460317
2.12454212454212	1.07448107448107	3.17460317460317
0.0244200244200244	0.708180708180708	2.73504273504274
-2.27106227106227	-0.976800976800977	2.44200244200244
-2.41758241758242	-0.879120879120879	0.976800976800977
-2.75946275946276	-1.51404151404151	0.683760683760684
-2.80830280830281	-1.88034188034188	-0.170940170940171
-2.63736263736264	-1.85592185592186	-1.46520146520147
-1.78266178266178	-3.1990231990232	-1.51404151404151
0.537240537240537	-2.2954822954823	-0.757020757020757
0.122100122100122	-1.46520146520147	0.0732600732600733
1.001221001221	-0.610500610500611	0.732600732600733
2.1978021978022	1.51404151404151	1.56288156288156
1.75824175824176	1.61172161172161	1.61172161172161
3.02808302808303	3.27228327228327	2.61294261294261
2.75946275946276	2.80830280830281	3.73626373626374
2.41758241758242	1.70940170940171	3.98046398046398
2.53968253968254	1.41636141636142	3.39438339438339
2.36874236874237	0.293040293040293	3.98046398046398
0.805860805860806	0.732600732600733	2.53968253968254
0.561660561660562	0.366300366300366	1.53846153846154
-0.122100122100122	-0.268620268620269	0.0732600732600733
-0.146520146520147	0.610500610500611	0.341880341880342
-1.51404151404151	-1.31868131868132	-0.634920634920635
-0.903540903540904	-1.22100122100122	-1.70940170940171
-2.66178266178266	-1.001221001221	-1.66056166056166
-3.15018315018315	-0.366300366300366	-0.610500610500611
-2.83272283272283	-0.512820512820513	-0.757020757020757
-1.88034188034188	-0.561660561660562	-0.415140415140415
0.341880341880342	0.0488400488400488	0
1.44078144078144	-0.0488400488400488	-0.390720390720391
2.58852258852259	0.43956043956044	-1.41636141636142
2.05128205128205	1.14774114774115	-3.1990231990232
0.415140415140415	1.07448107448107	-1.95360195360195
0.43956043956044	2.34432234432234	-1.95360195360195
-0.634920634920635	1.85592185592186	-1.88034188034188
-1.46520146520147	0.781440781440781	-1.70940170940171
-0.634920634920635	1.39194139194139	-1.39194139194139
-1.0989010989011	0.561660561660562	-1.12332112332112
-0.488400488400488	-0.537240537240537	-2.07570207570208
-0.927960927960928	-1.12332112332112	-1.58730158730159
-1.51404151404151	-0.903540903540904	-0.586080586080586
-1.48962148962149	-0.83028083028083	-0.415140415140415
-1.44078144078144	-1.70940170940171	-0.43956043956044
-2.24664224664225	-1.48962148962149	-1.53846153846154
-3.90720390720391	-2.12454212454212	-2.002442002442
-2.97924297924298	-2.41758241758242	-1.36752136752137
-1.36752136752137	-2.07570207570208	-0.976800976800977
-0.879120879120879	-1.14774114774115	1.24542124542125
1.39194139194139	0.0976800976800977	1.31868131868132
4.02930402930403	2.12454212454212	2.88156288156288
4.76190476190476	3.17460317460317	2.80830280830281
5.00610500610501	4.76190476190476	2.27106227106227
1.85592185592186	3.54090354090354	1.70940170940171
2.2954822954823	4.42002442002442	1.02564102564103
1.51404151404151	3.36996336996337	1.17216117216117
1.14774114774115	3.95604395604396	3.27228327228327
0.976800976800977	3.56532356532357	2.83272283272283
0.927960927960928	2.90598290598291	2.27106227106227
1.26984126984127	4.004884004884	2.002442002442
0.244200244200244	2.58852258852259	1.22100122100122
-0.903540903540904	1.56288156288156	0.0732600732600733
-1.46520146520147	1.66056166056166	-0.708180708180708
-1.83150183150183	0.0488400488400488	-0.0244200244200244
-1.68498168498168	0.21978021978022	-0.244200244200244
-2.41758241758242	-0.708180708180708	0.366300366300366
-1.12332112332112	-0.854700854700855	0.244200244200244
-0.21978021978022	-0.952380952380952	0.122100122100122
1.95360195360195	-0.586080586080586	0.805860805860806
4.42002442002442	1.001221001221	1.92918192918193
5.47008547008547	0.683760683760684	1.66056166056166
6.86202686202686	1.12332112332112	2.24664224664225
5.27472527472527	1.12332112332112	1.95360195360195
4.22466422466422	1.05006105006105	2.02686202686203
4.32234432234432	2.05128205128205	2.39316239316239
2.83272283272283	3.2967032967033	2.75946275946276
3.22344322344322	4.3956043956044	3.93162393162393
3.54090354090354	5.42124542124542	3.51648351648352
3.44322344322344	4.73748473748474	3.41880341880342
3.27228327228327	5.44566544566545	3.83394383394383
3.003663003663	4.46886446886447	2.83272283272283
2.22222222222222	4.004884004884	2.1001221001221
1.34310134310134	3.07692307692308	1.22100122100122
0.854700854700855	2.36874236874237	0.879120879120879
-0.268620268620269	2.85714285714286	0.757020757020757
-1.29426129426129	1.70940170940171	0.390720390720391
-0.488400488400488	1.66056166056166	1.39194139194139
0.366300366300366	1.51404151404151	2.56410256410256
0.634920634920635	0.683760683760684	2.83272283272283
1.46520146520147	1.24542124542125	2.39316239316239
1.95360195360195	1.46520146520147	2.34432234432234
2.27106227106227	1.05006105006105	1.68498168498168
1.68498168498168	0.976800976800977	0.415140415140415
0.854700854700855	0.537240537240537	-0.195360195360195
0.244200244200244	-0.366300366300366	-1.44078144078144
-0.244200244200244	0.43956043956044	-0.634920634920635
-1.46520146520147	0.122100122100122	-0.561660561660562
-1.001221001221	0.21978021978022	-1.31868131868132
-0.659340659340659	0.757020757020757	-1.51404151404151
-0.268620268620269	1.68498168498168	-0.244200244200244
0.488400488400488	1.05006105006105	-1.001221001221
-1.58730158730159	0.610500610500611	-1.39194139194139
-2.80830280830281	0.293040293040293	-0.927960927960928
-4.2979242979243	-1.61172161172161	-0.805860805860806
-5.2991452991453	-2.53968253968254	-1.78266178266178
-4.85958485958486	-2.66178266178266	-2.07570207570208
-3.32112332112332	-2.05128205128205	-1.75824175824176
-2.49084249084249	-0.903540903540904	-1.9047619047619
-1.80708180708181	-2.1001221001221	-1.85592185592186
-0.293040293040293	-1.58730158730159	-1.95360195360195
-0.0732600732600733	-2.73504273504274	-1.66056166056166
0.341880341880342	-2.80830280830281	-1.78266178266178
1.34310134310134	-2.002442002442	-1.14774114774115
0.561660561660562	-2.56410256410256	-0.170940170940171
0.268620268620269	-1.001221001221	-1.39194139194139
0.805860805860806	-0.463980463980464	0.195360195360195
0.854700854700855	0.122100122100122	0
0.634920634920635	0.757020757020757	-0.390720390720391
1.1965811965812	0.341880341880342	0.537240537240537
3.12576312576313	2.49084249084249	1.97802197802198
3.58974358974359	2.66178266178266	2.88156288156288
2.90598290598291	2.05128205128205	2.71062271062271
2.36874236874237	1.85592185592186	3.12576312576313
1.0989010989011	0.366300366300366	2.51526251526252
0.537240537240537	0.0244200244200244	0.83028083028083
-0.586080586080586	-1.07448107448107	0.757020757020757
0.0976800976800977	-0.683760683760684	1.0989010989011
2.58852258852259	0.341880341880342	1.75824175824176
3.83394383394383	-0.195360195360195	1.95360195360195
5.05494505494505	-0.195360195360195	1.26984126984127
5.3968253968254	0	1.56288156288156
5.42124542124542	-0.781440781440781	0.903540903540904
4.34676434676435	-0.463980463980464	-0.903540903540904
3.54090354090354	-0.390720390720391	-0.43956043956044
2.68620268620269	0.43956043956044	-0.341880341880342
1.73382173382173	-0.0976800976800977	-1.0989010989011
2.05128205128205	0.415140415140415	-0.83028083028083
1.75824175824176	1.07448107448107	-0.927960927960928
1.66056166056166	0.976800976800977	0.561660561660562
1.51404151404151	1.14774114774115	-0.341880341880342
0.122100122100122	1.46520146520147	0.195360195360195
0	0.903540903540904	-0.293040293040293
-1.36752136752137	0.195360195360195	-0.634920634920635
-2.80830280830281	-2.44200244200244	-1.1965811965812
-1.95360195360195	-2.63736263736264	-0.537240537240537
-2.39316239316239	-3.41880341880342	-0.463980463980464
-2.27106227106227	-4.54212454212454	-0.927960927960928
-1.58730158730159	-3.49206349206349	-0.732600732600733
-1.1965811965812	-3.73626373626374	-1.29426129426129
0.268620268620269	-3.05250305250305	-1.07448107448107
-0.146520146520147	-2.68620268620269	-1.07448107448107
0.146520146520147	-2.24664224664225	-0.708180708180708
-0.0488400488400488	-1.92918192918193	-1.1965811965812
-0.586080586080586	-1.78266178266178	-1.31868131868132
0.390720390720391	-0.244200244200244	-2.12454212454212
1.41636141636142	-0.708180708180708	-0.610500610500611
1.39194139194139	0.195360195360195	0.561660561660562
2.02686202686203	0.757020757020757	0.293040293040293
0.83028083028083	-0.122100122100122	1.41636141636142
-0.781440781440781	-0.0732600732600733	-0.317460317460317
-2.56410256410256	-0.390720390720391	-0.781440781440781
-2.63736263736264	-0.732600732600733	-1.39194139194139
-2.34432234432234	0	-1.17216117216117
-2.58852258852259	-1.14774114774115	0.317460317460317
-1.0989010989011	0	0.708180708180708
-0.195360195360195	-0.122100122100122	1.41636141636142
0.0976800976800977	0.21978021978022	2.34432234432234
0.732600732600733	0.757020757020757	1.17216117216117
0.903540903540904	0.0732600732600733	1.66056166056166
2.53968253968254	0.927960927960928	1.12332112332112
2.83272283272283	0.537240537240537	0.244200244200244
2.68620268620269	-0.781440781440781	-1.44078144078144
1.85592185592186	-0.170940170940171	-2.24664224664225
-0.268620268620269	-1.70940170940171	-2.85714285714286
-1.31868131868132	-0.952380952380952	-4.37118437118437
-1.78266178266178	-0.708180708180708	-3.07692307692308
-2.05128205128205	-0.0488400488400488	-2.75946275946276
-1.24542124542125	1.80708180708181	-2.17338217338217
-1.14774114774115	0.805860805860806	-1.24542124542125
-0.708180708180708	1.92918192918193	-1.12332112332112
-1.51404151404151	1.24542124542125	-0.854700854700855
-1.9047619047619	0.195360195360195	-0.0976800976800977
-0.805860805860806	1.26984126984127	-0.366300366300366
-1.46520146520147	0.708180708180708	1.14774114774115
-0.83028083028083	0.390720390720391	0.366300366300366
-1.66056166056166	-0.366300366300366	-1.34310134310134
-1.68498168498168	-1.31868131868132	-0.683760683760684
-1.31868131868132	-1.36752136752137	-2.12454212454212
-1.29426129426129	-2.22222222222222	-2.17338217338217
-0.0732600732600733	-1.05006105006105	-1.24542124542125
-0.195360195360195	-0.43956043956044	-1.41636141636142
0.317460317460317	-0.146520146520147	-0.512820512820513
0.463980463980464	0.0488400488400488	-1.05006105006105
0.463980463980464	-0.952380952380952	-1.22100122100122
0.390720390720391	-0.854700854700855	-0.537240537240537
0.708180708180708	-0.43956043956044	0.512820512820513
2.1978021978022	-0.586080586080586	1.36752136752137
2.61294261294261	1.70940170940171	2.39316239316239
2.85714285714286	1.83150183150183	2.58852258852259
1.78266178266178	1.78266178266178	1.61172161172161
1.14774114774115	2.1001221001221	1.0989010989011
0.0976800976800977	1.17216117216117	0.927960927960928
-0.122100122100122	0.757020757020757	0.83028083028083
-1.22100122100122	-0.976800976800977	0.366300366300366
1.001221001221	0.732600732600733	1.46520146520147
1.51404151404151	0.732600732600733	1.68498168498168
3.32112332112332	1.0989010989011	1.56288156288156
3.98046398046398	1.1965811965812	0.488400488400488
4.90842490842491	1.34310134310134	1.83150183150183
5.59218559218559	2.56410256410256	3.22344322344322
5.17704517704518	2.53968253968254	2.39316239316239
4.02930402930403	2.49084249084249	2.36874236874237
4.46886446886447	3.76068376068376	1.22100122100122
3.78510378510378	2.24664224664225	0.561660561660562
3.88278388278388	2.24664224664225	-0.952380952380952
3.63858363858364	2.02686202686203	-1.34310134310134
2.73504273504274	0.463980463980464	-0.390720390720391
3.12576312576313	1.07448107448107	-0.903540903540904
2.14896214896215	0.512820512820513	-0.854700854700855
1.80708180708181	1.31868131868132	-0.683760683760684
1.97802197802198	1.44078144078144	0.317460317460317
1.68498168498168	1.97802197802198	1.63614163614164
0.634920634920635	1.68498168498168	2.24664224664225
0.659340659340659	0.634920634920635	2.51526251526252
2.07570207570208	1.51404151404151	2.24664224664225
2.83272283272283	0.683760683760684	1.9047619047619
3.02808302808303	0.43956043956044	0.488400488400488
3.51648351648352	0.122100122100122	-1.39194139194139
2.51526251526252	-0.122100122100122	-1.26984126984127
3.54090354090354	0.854700854700855	-1.46520146520147
1.92918192918193	0.43956043956044	-1.83150183150183
1.26984126984127	0.805860805860806	-1.29426129426129
1.02564102564103	0.903540903540904	-1.66056166056166
-1.001221001221	-0.366300366300366	-2.36874236874237
-1.12332112332112	-0.879120879120879	-2.97924297924298
-1.31868131868132	-1.63614163614164	-2.66178266178266
-0.43956043956044	-1.78266178266178	-2.44200244200244
-0.0244200244200244	-0.757020757020757	-1.51404151404151
-1.05006105006105	-0.83028083028083	-0.0732600732600733
-0.903540903540904	0.683760683760684	0.0976800976800977
-2.56410256410256	0.586080586080586	-0.683760683760684
-3.1990231990232	0.317460317460317	0.146520146520147
-2.36874236874237	1.1965811965812	0.195360195360195
-0.781440781440781	1.34310134310134	0.415140415140415
0.512820512820513	2.39316239316239	1.02564102564103
2.85714285714286	3.36996336996337	1.17216117216117
3.95604395604396	3.80952380952381	1.68498168498168
4.73748473748474	4.2002442002442	-0.0732600732600733
4.93284493284493	2.95482295482295	-0.170940170940171
3.24786324786325	2.68620268620269	-1.12332112332112
2.1978021978022	1.85592185592186	-1.26984126984127
0.610500610500611	0.757020757020757	-1.53846153846154
-0.659340659340659	1.41636141636142	-1.12332112332112
-1.17216117216117	0.43956043956044	-0.781440781440781
-0.0244200244200244	1.39194139194139	-1.70940170940171
-0.122100122100122	1.34310134310134	-2.36874236874237
-0.634920634920635	1.31868131868132	-2.1001221001221
0.0732600732600733	1.88034188034188	-2.17338217338217
0.146520146520147	1.24542124542125	-0.683760683760684
1.53846153846154	2.41758241758242	0.488400488400488
1.29426129426129	2.93040293040293	2.22222222222222
0.390720390720391	2.63736263736264	1.46520146520147
-0.366300366300366	2.53968253968254	-0.488400488400488
-2.12454212454212	1.58730158730159	-0.146520146520147
-2.83272283272283	1.12332112332112	-1.14774114774115
-2.1978021978022	0.879120879120879	-1.24542124542125
0.122100122100122	0.854700854700855	-0.293040293040293
2.12454212454212	1.46520146520147	-0.415140415140415
2.63736263736264	-0.0732600732600733	-1.24542124542125
3.93162393162393	0.659340659340659	-1.95360195360195
3.36996336996337	0.317460317460317	-2.44200244200244
1.36752136752137	0.0244200244200244	-3.02808302808303
-0.683760683760684	0.244200244200244	-2.97924297924298
-1.95360195360195	-0.586080586080586	-2.39316239316239
-3.1990231990232	-1.56288156288156	-2.83272283272283
-1.53846153846154	-1.07448107448107	-2.05128205128205
-1.12332112332112	-0.757020757020757	-1.46520146520147
-1.05006105006105	-0.732600732600733	-3.32112332112332
-1.26984126984127	-0.781440781440781	-2.002442002442
-1.05006105006105	0.708180708180708	-0.952380952380952
-3.07692307692308	-0.244200244200244	-1.88034188034188
-3.41880341880342	-0.488400488400488	-1.26984126984127
-3.44322344322344	0.366300366300366	-1.05006105006105
-3.49206349206349	0.146520146520147	-1.48962148962149
-4.02930402930403	-0.268620268620269	-2.56410256410256
-2.12454212454212	0.146520146520147	-3.54090354090354
-1.66056166056166	-1.26984126984127	-4.37118437118437
0.268620268620269	0.195360195360195	-3.46764346764347
2.97924297924298	0.244200244200244	-1.70940170940171
3.54090354090354	0.634920634920635	-1.66056166056166
2.46642246642247	1.48962148962149	0.805860805860806
1.83150183150183	1.66056166056166	0.952380952380952
-0.488400488400488	1.41636141636142	-0.43956043956044
-0.879120879120879	0.390720390720391	0.0976800976800977
-0.122100122100122	1.61172161172161	-0.927960927960928
1.07448107448107	2.75946275946276	-0.0732600732600733
1.22100122100122	1.88034188034188	1.24542124542125
2.31990231990232	2.83272283272283	1.31868131868132
0.903540903540904	2.002442002442	2.24664224664225
0.976800976800977	3.1013431013431	3.80952380952381
0.0244200244200244	2.36874236874237	4.004884004884
-1.78266178266178	2.80830280830281	3.88278388278388
-1.68498168498168	2.85714285714286	3.78510378510378
-3.003663003663	1.56288156288156	2.31990231990232
-3.68742368742369	1.26984126984127	0.879120879120879
-3.71184371184371	0.0488400488400488	0.366300366300366
-2.85714285714286	0.488400488400488	0.463980463980464
-0.854700854700855	1.48962148962149	1.001221001221
0.390720390720391	1.83150183150183	2.14896214896215
1.78266178266178	3.39438339438339	2.75946275946276
2.34432234432234	3.34554334554335	2.85714285714286
2.05128205128205	2.24664224664225	1.75824175824176
2.02686202686203	1.14774114774115	1.07448107448107
1.05006105006105	0.195360195360195	1.78266178266178
2.75946275946276	1.70940170940171	1.9047619047619
2.73504273504274	2.78388278388278	2.73504273504274
2.97924297924298	2.1001221001221	3.49206349206349
2.75946275946276	3.90720390720391	3.24786324786325
1.17216117216117	2.34432234432234	1.97802197802198
2.27106227106227	3.02808302808303	2.02686202686203
3.1990231990232	2.83272283272283	2.12454212454212
1.80708180708181	2.75946275946276	2.36874236874237
1.88034188034188	3.54090354090354	3.22344322344322
0.634920634920635	2.51526251526252	1.95360195360195
0.952380952380952	1.63614163614164	1.001221001221
-0.586080586080586	0.561660561660562	0.244200244200244
-0.341880341880342	-0.366300366300366	-0.390720390720391
1.29426129426129	0.781440781440781	0.0976800976800977
2.49084249084249	0.170940170940171	1.51404151404151
2.39316239316239	0.976800976800977	1.80708180708181
2.56410256410256	1.26984126984127	1.17216117216117
1.63614163614164	0.854700854700855	0.293040293040293
2.73504273504274	2.22222222222222	0.170940170940171
1.14774114774115	1.29426129426129	0.683760683760684
0.952380952380952	1.26984126984127	0.683760683760684
0.83028083028083	2.24664224664225	1.9047619047619
0.170940170940171	2.22222222222222	2.49084249084249
-0.244200244200244	2.31990231990232	1.61172161172161
-1.39194139194139	2.07570207570208	0.610500610500611
-0.561660561660562	2.93040293040293	0.634920634920635
-0.634920634920635	3.05250305250305	1.85592185592186
0.268620268620269	3.02808302808303	3.85836385836386
0.805860805860806	2.75946275946276	3.93162393162393
0.586080586080586	1.17216117216117	4.42002442002442
0.634920634920635	0.586080586080586	3.68742368742369
-0.537240537240537	0.0488400488400488	2.44200244200244
-1.88034188034188	-0.805860805860806	1.80708180708181
-1.41636141636142	0.488400488400488	1.68498168498168
-2.14896214896215	-0.488400488400488	2.66178266178266
-0.732600732600733	0.268620268620269	2.80830280830281
1.31868131868132	0.586080586080586	2.93040293040293
2.44200244200244	-0.659340659340659	1.29426129426129
2.44200244200244	-0.268620268620269	-1.001221001221
1.05006105006105	-1.17216117216117	-1.34310134310134
-0.195360195360195	0.0488400488400488	-1.46520146520147
-0.586080586080586	0.415140415140415	-0.610500610500611
-1.68498168498168	0.0244200244200244	0.390720390720391
-0.927960927960928	0.586080586080586	0.610500610500611
0.0244200244200244	0.195360195360195	1.39194139194139
0.463980463980464	0.21978021978022	-0.195360195360195
-0.366300366300366	-0.610500610500611	0
-1.58730158730159	-1.92918192918193	-0.659340659340659
-1.85592185592186	-1.001221001221	-0.0488400488400488
-2.75946275946276	-1.39194139194139	1.41636141636142
-1.001221001221	-0.586080586080586	1.26984126984127
-1.80708180708181	0.170940170940171	1.58730158730159
-0.610500610500611	0.195360195360195	1.48962148962149
1.1965811965812	2.14896214896215	1.95360195360195
-0.0976800976800977	0.83028083028083	1.68498168498168
0.952380952380952	1.12332112332112	1.44078144078144
0.341880341880342	0.146520146520147	2.22222222222222
0.488400488400488	-0.732600732600733	2.27106227106227
-0.366300366300366	-1.31868131868132	-0.732600732600733
-0.781440781440781	-1.61172161172161	-0.537240537240537
-0.317460317460317	-1.1965811965812	-1.80708180708181
-1.05006105006105	-1.51404151404151	-2.27106227106227
-1.07448107448107	-2.39316239316239	-1.68498168498168
-0.586080586080586	-1.97802197802198	-1.48962148962149
-1.61172161172161	-3.98046398046398	-1.66056166056166
-2.27106227106227	-3.95604395604396	-2.24664224664225
-2.51526251526252	-3.85836385836386	-1.66056166056166
-3.88278388278388	-2.95482295482295	-1.63614163614164
-4.02930402930403	-2.02686202686203	-0.976800976800977
-5.34798534798535	-3.39438339438339	0.537240537240537
-4.27350427350427	-1.75824175824176	0.610500610500611
-2.68620268620269	-0.879120879120879	2.2954822954823
-2.1001221001221	-1.24542124542125	2.31990231990232
-0.903540903540904	-0.537240537240537	0.683760683760684
-0.781440781440781	-1.68498168498168	-0.0488400488400488
-0.561660561660562	-0.732600732600733	-1.001221001221
0.0488400488400488	-0.415140415140415	-0.708180708180708
-0.170940170940171	-0.952380952380952	0.512820512820513
0.43956043956044	0.976800976800977	2.93040293040293
0.903540903540904	1.22100122100122	4.98168498168498
1.05006105006105	1.14774114774115	4.44444444444444
0.659340659340659	1.97802197802198	5.00610500610501
1.1965811965812	1.56288156288156	3.44322344322344
1.58730158730159	1.88034188034188	2.22222222222222
1.9047619047619	1.68498168498168	2.36874236874237
1.63614163614164	1.70940170940171	1.70940170940171
1.61172161172161	1.92918192918193	2.2954822954823
1.001221001221	1.51404151404151	2.97924297924298
-0.146520146520147	1.56288156288156	3.2967032967033
0.0488400488400488	0.683760683760684	4.49328449328449
-0.43956043956044	0.390720390720391	3.51648351648352
0.21978021978022	-0.146520146520147	3.49206349206349
-0.244200244200244	-0.366300366300366	2.36874236874237
1.39194139194139	-0.0732600732600733	-0.0244200244200244
2.31990231990232	-0.634920634920635	1.39194139194139
3.83394383394383	-0.170940170940171	0.634920634920635
4.02930402930403	-0.21978021978022	1.78266178266178
3.1013431013431	-0.0488400488400488	0.610500610500611
2.68620268620269	0.366300366300366	1.46520146520147
1.02564102564103	-0.610500610500611	0.43956043956044
1.53846153846154	0.0976800976800977	-0.43956043956044
0.854700854700855	-0.537240537240537	-0.488400488400488
0.634920634920635	-0.879120879120879	-0.43956043956044
0.879120879120879	-0.488400488400488	-0.244200244200244
0.708180708180708	-0.561660561660562	1.83150183150183
0.488400488400488	-0.122100122100122	2.39316239316239
-0.561660561660562	-0.83028083028083	3.1990231990232
-1.36752136752137	-1.85592185592186	2.27106227106227
-2.66178266178266	-1.88034188034188	1.53846153846154
-2.95482295482295	-2.51526251526252	0.757020757020757
-0.537240537240537	-0.879120879120879	-0.586080586080586
1.73382173382173	-0.0976800976800977	-0.561660561660562
2.61294261294261	-0.83028083028083	-0.341880341880342
3.93162393162393	-0.634920634920635	-0.195360195360195
3.07692307692308	-1.36752136752137	1.34310134310134
1.48962148962149	-2.41758241758242	-0.732600732600733
0.268620268620269	-1.9047619047619	-0.463980463980464
-0.317460317460317	-1.0989010989011	-0.195360195360195
-0.390720390720391	-0.0488400488400488	-1.80708180708181
-1.05006105006105	0.293040293040293	-2.44200244200244
-0.976800976800977	1.07448107448107	-3.05250305250305
-0.732600732600733	1.58730158730159	-1.61172161172161
-0.317460317460317	1.66056166056166	-0.659340659340659
-0.463980463980464	1.9047619047619	0.586080586080586
-0.781440781440781	1.29426129426129	0.634920634920635
-0.610500610500611	1.26984126984127	0.390720390720391
-0.317460317460317	0.83028083028083	-0.927960927960928
-1.70940170940171	-0.244200244200244	-3.15018315018315
-1.85592185592186	0.146520146520147	-4.68864468864469
-2.97924297924298	-0.952380952380952	-3.34554334554335
-1.56288156288156	-1.17216117216117	-3.51648351648352
-1.75824175824176	-1.68498168498168	-2.71062271062271
0.21978021978022	-2.36874236874237	-1.75824175824176
2.83272283272283	-1.56288156288156	-2.07570207570208
2.66178266178266	-1.63614163614164	-1.92918192918193
3.68742368742369	-0.537240537240537	-3.90720390720391
2.80830280830281	0	-3.73626373626374
2.51526251526252	0.537240537240537	-1.83150183150183
1.97802197802198	1.66056166056166	-1.39194139194139
0.683760683760684	0.366300366300366	0.0488400488400488
1.34310134310134	0.976800976800977	0.83028083028083
0.757020757020757	0.952380952380952	0.561660561660562
-0.952380952380952	0.879120879120879	-0.268620268620269
-1.05006105006105	1.46520146520147	-1.36752136752137
-1.78266178266178	1.44078144078144	-0.879120879120879
-1.61172161172161	2.07570207570208	-1.34310134310134
-1.39194139194139	1.80708180708181	-0.879120879120879
-1.63614163614164	0.268620268620269	-0.390720390720391
-1.0989010989011	0.463980463980464	-0.586080586080586
-0.879120879120879	-0.0976800976800977	-0.83028083028083
0.854700854700855	0.83028083028083	0.586080586080586
1.56288156288156	1.001221001221	0.512820512820513
2.34432234432234	0.170940170940171	-0.195360195360195
2.66178266178266	0.463980463980464	-1.46520146520147
0.927960927960928	-1.39194139194139	-0.903540903540904
-0.170940170940171	-1.39194139194139	-2.34432234432234
0.561660561660562	-0.781440781440781	-2.53968253968254
-0.0732600732600733	0	-2.02686202686203
0.43956043956044	1.12332112332112	-1.83150183150183
1.0989010989011	0.879120879120879	-1.31868131868132
2.24664224664225	1.22100122100122	-1.46520146520147
2.83272283272283	1.24542124542125	-2.58852258852259
2.53968253968254	1.0989010989011	-1.66056166056166
2.02686202686203	0.854700854700855	-2.90598290598291
1.66056166056166	0.268620268620269	-2.80830280830281
0.146520146520147	-0.341880341880342	-3.41880341880342
-1.70940170940171	-0.903540903540904	-4.32234432234432
-3.85836385836386	-0.634920634920635	-3.12576312576313
-5.22588522588523	-1.61172161172161	-2.83272283272283
-5.59218559218559	-2.63736263736264	-0.879120879120879
-4.17582417582418	-1.36752136752137	1.31868131868132
-2.24664224664225	-0.122100122100122	2.44200244200244
0.317460317460317	-0.195360195360195	3.02808302808303
4.02930402930403	1.53846153846154	3.15018315018315
5.12820512820513	1.73382173382173	3.1990231990232
5.93406593406593	2.17338217338217	3.90720390720391
4.66422466422466	2.36874236874237	3.34554334554335
2.46642246642247	1.31868131868132	2.78388278388278
0.805860805860806	1.58730158730159	0.903540903540904
-0.512820512820513	1.07448107448107	0.43956043956044
-1.34310134310134	1.0989010989011	-0.757020757020757
-0.341880341880342	0.659340659340659	-0.0488400488400488
-0.805860805860806	-0.195360195360195	0.244200244200244
-0.0976800976800977	0.903540903540904	-0.0244200244200244
-0.293040293040293	0.122100122100122	-0.341880341880342
0.463980463980464	0.537240537240537	-0.879120879120879
-0.83028083028083	0.0244200244200244	-0.952380952380952
-1.48962148962149	-1.31868131868132	-2.17338217338217
-2.41758241758242	-1.29426129426129	-2.39316239316239
-3.46764346764347	-1.88034188034188	-2.56410256410256
-4.1025641025641	-1.46520146520147	-3.46764346764347
-2.85714285714286	-0.659340659340659	-3.68742368742369
-1.95360195360195	-0.122100122100122	-2.88156288156288
0.488400488400488	0.879120879120879	-2.41758241758242
2.07570207570208	1.001221001221	-1.14774114774115
2.63736263736264	2.22222222222222	-0.244200244200244
1.97802197802198	1.53846153846154	2.14896214896215
2.24664224664225	1.07448107448107	3.15018315018315
1.41636141636142	2.53968253968254	4.22466422466422
0.0244200244200244	1.31868131868132	4.49328449328449
1.66056166056166	1.68498168498168	4.15140415140415
2.49084249084249	2.2954822954823	3.85836385836386
3.90720390720391	2.68620268620269	3.003663003663
4.46886446886447	3.41880341880342	1.61172161172161
3.61416361416361	1.63614163614164	0.757020757020757
1.9047619047619	1.53846153846154	0.708180708180708
0.415140415140415	0.586080586080586	0.610500610500611
-1.78266178266178	-0.537240537240537	0.805860805860806
-3.46764346764347	-1.24542124542125	0.659340659340659
-4.46886446886447	-2.49084249084249	0.21978021978022
-2.85714285714286	-1.63614163614164	-0.122100122100122
-1.58730158730159	-2.27106227106227	-1.66056166056166
-0.415140415140415	-1.95360195360195	-2.1978021978022
1.48962148962149	-1.95360195360195	-3.2967032967033
1.0989010989011	-2.68620268620269	-2.39316239316239
1.29426129426129	-2.73504273504274	-2.12454212454212
0.805860805860806	-1.83150183150183	-1.22100122100122
1.70940170940171	-1.17216117216117	0.708180708180708
1.14774114774115	-0.195360195360195	0.683760683760684
1.46520146520147	0.952380952380952	2.05128205128205
2.97924297924298	1.02564102564103	1.80708180708181
3.68742368742369	1.24542124542125	1.95360195360195
2.36874236874237	0.244200244200244	1.78266178266178
1.66056166056166	-0.170940170940171	0.976800976800977
1.68498168498168	-0.146520146520147	1.34310134310134
0.854700854700855	1.63614163614164	2.73504273504274
0.488400488400488	2.49084249084249	3.24786324786325
-0.634920634920635	1.41636141636142	1.88034188034188
-0.21978021978022	1.66056166056166	1.31868131868132
-0.586080586080586	0.390720390720391	-0.170940170940171
0.463980463980464	-0.195360195360195	-0.927960927960928
0.43956043956044	-1.56288156288156	-2.22222222222222
0.122100122100122	-2.34432234432234	-3.90720390720391
-0.683760683760684	-1.58730158730159	-3.88278388278388
-1.61172161172161	-1.85592185592186	-3.80952380952381
-0.170940170940171	-0.927960927960928	-3.85836385836386
-0.512820512820513	-0.390720390720391	-2.73504273504274
1.14774114774115	0.561660561660562	-0.21978021978022
2.2954822954823	0.805860805860806	0.293040293040293
1.68498168498168	0.43956043956044	1.73382173382173
0.43956043956044	0.0976800976800977	1.44078144078144
-0.634920634920635	0.561660561660562	1.88034188034188
-1.80708180708181	0.0488400488400488	2.22222222222222
-0.83028083028083	0.708180708180708	1.83150183150183
-0.903540903540904	0.0488400488400488	1.07448107448107
-1.22100122100122	0.415140415140415	-0.341880341880342
-0.195360195360195	-0.0976800976800977	-0.463980463980464
-0.43956043956044	-1.17216117216117	-0.83028083028083
-1.07448107448107	-0.586080586080586	-1.85592185592186
-1.26984126984127	-1.46520146520147	-1.36752136752137
-0.488400488400488	-0.976800976800977	-2.02686202686203
-0.0488400488400488	-0.43956043956044	-1.29426129426129
0.805860805860806	0.0976800976800977	-0.463980463980464
1.92918192918193	0.317460317460317	0.170940170940171
0.366300366300366	-0.927960927960928	0.879120879120879
0.244200244200244	-0.586080586080586	1.0989010989011
0.463980463980464	0	2.05128205128205
-0.561660561660562	-0.244200244200244	2.17338217338217
-0.488400488400488	0.879120879120879	2.90598290598291
1.07448107448107	0.854700854700855	4.66422466422466
0.634920634920635	1.51404151404151	3.56532356532357
0.805860805860806	1.29426129426129	2.90598290598291
-0.341880341880342	-0.708180708180708	1.78266178266178
0.683760683760684	0.903540903540904	0.854700854700855
-0.268620268620269	-0.732600732600733	0.317460317460317
-1.29426129426129	-0.268620268620269	-0.293040293040293
-1.05006105006105	0.366300366300366	-0.341880341880342
-0.122100122100122	0.659340659340659	0
-0.732600732600733	0.415140415140415	-0.488400488400488
0.659340659340659	-0.366300366300366	-0.0976800976800977
2.44200244200244	-0.21978021978022	-1.22100122100122
2.97924297924298	-1.14774114774115	-2.71062271062271
3.32112332112332	-1.41636141636142	-3.15018315018315
2.17338217338217	-1.12332112332112	-4.004884004884
1.39194139194139	-1.48962148962149	-3.66300366300366
1.56288156288156	-0.757020757020757	-2.46642246642247
1.68498168498168	-0.268620268620269	-1.36752136752137
2.12454212454212	0.146520146520147	-0.0732600732600733
1.39194139194139	0.952380952380952	-0.0488400488400488
0.415140415140415	0.122100122100122	0.854700854700855
0.366300366300366	-0.146520146520147	0.683760683760684
-0.341880341880342	-0.927960927960928	0.586080586080586
-1.80708180708181	-2.61294261294261	-0.390720390720391
-0.512820512820513	-2.71062271062271	-1.75824175824176
-1.14774114774115	-3.44322344322344	-2.14896214896215
-1.68498168498168	-3.1013431013431	-2.75946275946276
-1.68498168498168	-2.68620268620269	-1.83150183150183
-2.78388278388278	-3.07692307692308	-3.1013431013431
-3.12576312576313	-1.73382173382173	-2.02686202686203
-3.1990231990232	-2.53968253968254	-0.0976800976800977
-2.02686202686203	-1.95360195360195	-0.244200244200244
-1.24542124542125	-1.78266178266178	0.927960927960928
0.708180708180708	-1.83150183150183	1.1965811965812
1.53846153846154	-0.927960927960928	-0.122100122100122
2.46642246642247	-0.195360195360195	-0.341880341880342
2.41758241758242	0.781440781440781	-0.43956043956044
2.24664224664225	1.17216117216117	0.170940170940171
2.80830280830281	1.26984126984127	-0.43956043956044
1.26984126984127	0.0732600732600733	-1.34310134310134
1.05006105006105	-1.80708180708181	-1.83150183150183
1.85592185592186	-1.1965811965812	-1.0989010989011
0.293040293040293	-2.07570207570208	-1.34310134310134
0.757020757020757	-2.46642246642247	-1.24542124542125
0.293040293040293	-2.002442002442	-0.586080586080586
-0.757020757020757	-2.24664224664225	-0.43956043956044
-0.854700854700855	-1.85592185592186	-0.927960927960928
-1.58730158730159	-2.36874236874237	-1.58730158730159
-2.66178266178266	-2.07570207570208	-1.41636141636142
-2.31990231990232	-1.58730158730159	-1.22100122100122
-1.63614163614164	-2.75946275946276	-1.39194139194139
-0.586080586080586	-2.88156288156288	-1.85592185592186
1.05006105006105	-1.85592185592186	-0.537240537240537
2.75946275946276	-1.31868131868132	0.317460317460317
4.02930402930403	-0.415140415140415	0.268620268620269
3.44322344322344	0.122100122100122	1.88034188034188
3.58974358974359	0.512820512820513	1.85592185592186
2.49084249084249	1.26984126984127	2.34432234432234
1.95360195360195	0.927960927960928	3.003663003663
1.22100122100122	1.36752136752137	1.66056166056166
0.952380952380952	1.26984126984127	1.17216117216117
1.26984126984127	0.757020757020757	-0.512820512820513
0	-0.463980463980464	-1.51404151404151
-1.001221001221	-2.12454212454212	-1.53846153846154
-1.07448107448107	-2.12454212454212	-3.1990231990232
-3.22344322344322	-3.27228327228327	-3.22344322344322
-3.71184371184371	-3.27228327228327	-3.46764346764347
-4.05372405372405	-4.004884004884	-4.59096459096459
-5.54334554334554	-5.12820512820513	-4.95726495726496
-5.44566544566545	-4.66422466422466	-5.56776556776557
-5.00610500610501	-5.93406593406593	-4.27350427350427
-3.63858363858364	-4.61538461538461	-4.05372405372405
-2.12454212454212	-3.73626373626374	-4.56654456654457
-0.122100122100122	-2.73504273504274	-3.07692307692308
-0.0732600732600733	-2.1001221001221	-3.22344322344322
0.0976800976800977	-2.22222222222222	-2.88156288156288
-0.390720390720391	-1.05006105006105	-3.39438339438339
-1.26984126984127	-1.17216117216117	-2.61294261294261
-1.68498168498168	-1.53846153846154	-2.1978021978022
-1.31868131868132	-0.708180708180708	-2.07570207570208
-0.708180708180708	-1.001221001221	-1.26984126984127
0.659340659340659	-0.122100122100122	-1.78266178266178
-0.170940170940171	0.268620268620269	-1.22100122100122
-0.317460317460317	1.41636141636142	-0.415140415140415
-1.53846153846154	2.02686202686203	-0.586080586080586
-3.22344322344322	1.07448107448107	-0.732600732600733
-3.1990231990232	1.36752136752137	-0.610500610500611
-5.32356532356532	-0.805860805860806	-3.56532356532357
-5.56776556776557	-2.1978021978022	-5.71428571428571
-4.63980463980464	-2.36874236874237	-7.74114774114774
-3.90720390720391	-4.24908424908425	-8.4981684981685
-3.34554334554335	-3.90720390720391	-8.86446886446886
-1.68498168498168	-3.83394383394383	-7.37484737484737
-1.88034188034188	-4.32234432234432	-6.56898656898657
-1.68498168498168	-3.2967032967033	-6.32478632478632
-2.39316239316239	-3.56532356532357	-5.61660561660562
-2.07570207570208	-2.05128205128205	-4.85958485958486
-1.05006105006105	-1.92918192918193	-3.56532356532357
-0.146520146520147	-0.732600732600733	-2.75946275946276
0.561660561660562	-0.0732600732600733	-2.58852258852259
1.17216117216117	-0.170940170940171	0.0244200244200244
0.683760683760684	1.34310134310134	1.12332112332112
0.244200244200244	2.002442002442	1.51404151404151
-0.341880341880342	1.9047619047619	2.90598290598291
-1.26984126984127	3.1013431013431	2.63736263736264
-1.39194139194139	2.1978021978022	2.95482295482295
-2.002442002442	1.51404151404151	1.41636141636142
-2.78388278388278	0.757020757020757	0.976800976800977
-3.85836385836386	-0.805860805860806	0.732600732600733
-3.02808302808303	-0.708180708180708	-0.0976800976800977
-2.80830280830281	-0.708180708180708	0.268620268620269
-1.34310134310134	-0.683760683760684	-0.0488400488400488
-0.488400488400488	0.757020757020757	0.488400488400488
0.293040293040293	1.02564102564103	-0.0732600732600733
1.17216117216117	0.708180708180708	-2.34432234432234
0.634920634920635	-0.83028083028083	-2.53968253968254
0.170940170940171	-0.43956043956044	-3.83394383394383
-0.952380952380952	-1.17216117216117	-5.32356532356532
-1.78266178266178	-1.44078144078144	-4.2979242979243
-0.463980463980464	0.708180708180708	-2.90598290598291
-1.70940170940171	-0.341880341880342	-1.46520146520147
-0.708180708180708	-0.0732600732600733	-2.2954822954823
-0.21978021978022	-0.195360195360195	-1.56288156288156
-0.0488400488400488	-1.05006105006105	-0.83028083028083
-0.488400488400488	-0.341880341880342	-0.854700854700855
-1.68498168498168	-1.0989010989011	-0.854700854700855
-2.61294261294261	0	0.610500610500611
-1.83150183150183	0.659340659340659	1.48962148962149
-1.001221001221	0.146520146520147	1.92918192918193
-1.1965811965812	-0.0732600732600733	0.683760683760684
-1.07448107448107	-0.390720390720391	1.31868131868132
-0.0488400488400488	-0.317460317460317	-0.341880341880342
0.586080586080586	-0.21978021978022	-0.43956043956044
0.0976800976800977	-0.512820512820513	-1.80708180708181
0.293040293040293	0.366300366300366	-2.05128205128205
0.537240537240537	0.43956043956044	-0.463980463980464
1.1965811965812	1.29426129426129	-0.976800976800977
0.244200244200244	1.48962148962149	-0.341880341880342
-1.17216117216117	0.415140415140415	-0.561660561660562
-1.36752136752137	0.659340659340659	-0.708180708180708
-1.29426129426129	-0.170940170940171	-1.78266178266178
-0.83028083028083	0.586080586080586	-2.78388278388278
0.903540903540904	0.854700854700855	-2.58852258852259
1.92918192918193	1.22100122100122	-1.75824175824176
2.27106227106227	1.48962148962149	-1.56288156288156
0.415140415140415	0.976800976800977	-1.41636141636142
-2.31990231990232	-0.170940170940171	-2.46642246642247
-4.76190476190476	-0.732600732600733	-2.14896214896215
-4.98168498168498	-1.22100122100122	-1.95360195360195
-3.76068376068376	-0.879120879120879	-2.41758241758242
-2.75946275946276	-1.58730158730159	-1.70940170940171
0.415140415140415	-0.879120879120879	-0.561660561660562
2.56410256410256	-0.0244200244200244	-0.195360195360195
2.44200244200244	-0.610500610500611	-0.0976800976800977
2.56410256410256	0.21978021978022	0.390720390720391
1.29426129426129	0.341880341880342	1.75824175824176
-0.586080586080586	0.805860805860806	1.85592185592186
-1.39194139194139	0.463980463980464	2.002442002442
-1.95360195360195	0.854700854700855	2.73504273504274
-1.68498168498168	1.02564102564103	1.88034188034188
-1.14774114774115	0.659340659340659	1.48962148962149
-0.366300366300366	1.05006105006105	2.34432234432234
0.366300366300366	1.51404151404151	4.59096459096459
-0.122100122100122	1.41636141636142	5.17704517704518
-0.879120879120879	1.14774114774115	4.85958485958486
-1.31868131868132	0.390720390720391	3.54090354090354
-1.68498168498168	0.0732600732600733	0.976800976800977
-2.1978021978022	-0.195360195360195	-1.63614163614164
-2.49084249084249	-1.26984126984127	-2.24664224664225
-2.41758241758242	-0.512820512820513	-3.73626373626374
-1.53846153846154	-0.781440781440781	-2.05128205128205
-0.634920634920635	-0.463980463980464	-1.14774114774115
0.683760683760684	-0.0732600732600733	-1.34310134310134
0.781440781440781	-0.805860805860806	-1.26984126984127
-0.293040293040293	-1.001221001221	-1.53846153846154
-0.415140415140415	-1.83150183150183	0.0976800976800977
-0.0732600732600733	-2.1001221001221	-0.488400488400488
0.634920634920635	-0.708180708180708	1.07448107448107
2.78388278388278	-0.0488400488400488	2.97924297924298
4.34676434676435	2.02686202686203	4.66422466422466
4.51770451770452	2.07570207570208	5.1037851037851
4.17582417582418	1.70940170940171	4.78632478632479
2.61294261294261	1.85592185592186	4.07814407814408
1.92918192918193	0.317460317460317	3.76068376068376
1.97802197802198	0.976800976800977	2.75946275946276
1.34310134310134	0.634920634920635	4.07814407814408
1.41636141636142	0.0976800976800977	5.05494505494505
0.879120879120879	-0.0244200244200244	5.22588522588523
-2.14896214896215	-1.83150183150183	4.24908424908425
-2.66178266178266	-1.61172161172161	2.53968253968254
-2.51526251526252	-2.56410256410256	1.53846153846154
-1.36752136752137	-2.41758241758242	-0.122100122100122
0.512820512820513	-2.56410256410256	-0.341880341880342
0.952380952380952	-2.34432234432234	0.708180708180708
1.70940170940171	-1.78266178266178	0.586080586080586
1.66056166056166	-2.51526251526252	0.781440781440781
1.58730158730159	-1.56288156288156	1.12332112332112
0.976800976800977	-1.58730158730159	1.34310134310134
1.0989010989011	-2.14896214896215	2.2954822954823
1.41636141636142	-0.952380952380952	1.9047619047619
1.46520146520147	-1.75824175824176	2.12454212454212
2.73504273504274	-0.293040293040293	3.41880341880342
2.68620268620269	1.12332112332112	4.07814407814408
1.63614163614164	0.732600732600733	3.85836385836386
0.0976800976800977	0.561660561660562	3.05250305250305
-2.22222222222222	-0.854700854700855	2.63736263736264
-3.07692307692308	-1.36752136752137	1.75824175824176
-3.80952380952381	-1.17216117216117	1.41636141636142
-3.02808302808303	-2.36874236874237	0.268620268620269
-1.75824175824176	-1.26984126984127	0.561660561660562
-0.561660561660562	-1.83150183150183	1.70940170940171
1.07448107448107	-1.44078144078144	1.05006105006105
-0.122100122100122	-1.12332112332112	0.83028083028083
0.463980463980464	-1.85592185592186	0.561660561660562
1.24542124542125	-0.586080586080586	0.293040293040293
0.122100122100122	-1.61172161172161	-0.757020757020757
0.732600732600733	-2.14896214896215	-1.97802197802198
1.02564102564103	-1.92918192918193	-1.17216117216117
1.46520146520147	-1.97802197802198	0.0732600732600733
2.49084249084249	-0.244200244200244	0.976800976800977
2.90598290598291	-0.610500610500611	3.24786324786325
3.1013431013431	-0.293040293040293	3.22344322344322
2.53968253968254	-0.0976800976800977	3.24786324786325
1.29426129426129	-0.757020757020757	3.93162393162393
0.0732600732600733	-0.659340659340659	1.83150183150183
-1.24542124542125	-1.53846153846154	1.9047619047619
-1.75824175824176	-1.58730158730159	0.512820512820513
-1.26984126984127	-1.07448107448107	0.781440781440781
-2.02686202686203	-2.68620268620269	0.488400488400488
-1.73382173382173	-1.68498168498168	0.561660561660562
-1.63614163614164	-1.97802197802198	1.34310134310134
0	-1.80708180708181	1.56288156288156
1.1965811965812	-1.83150183150183	2.12454212454212
2.41758241758242	-1.78266178266178	2.41758241758242
2.78388278388278	-1.29426129426129	1.80708180708181
1.31868131868132	-2.1978021978022	1.44078144078144
1.70940170940171	-1.97802197802198	0.0244200244200244
0.854700854700855	-2.1978021978022	-0.586080586080586
-0.122100122100122	-2.51526251526252	-0.732600732600733
0.268620268620269	-1.44078144078144	-0.83028083028083
0.903540903540904	-1.17216117216117	0.170940170940171
0.415140415140415	-0.463980463980464	1.05006105006105
0.488400488400488	-0.0244200244200244	0.927960927960928
-1.53846153846154	-0.879120879120879	0.170940170940171
0.390720390720391	0	0.195360195360195
-0.488400488400488	-1.41636141636142	-0.634920634920635
-0.146520146520147	-0.122100122100122	0.512820512820513
-0.293040293040293	-0.146520146520147	0.195360195360195
-0.586080586080586	-1.14774114774115	0.341880341880342
-1.001221001221	-0.43956043956044	0.976800976800977
-0.415140415140415	-0.390720390720391	1.9047619047619
0.43956043956044	0.83028083028083	2.51526251526252
1.95360195360195	1.83150183150183	3.003663003663
3.68742368742369	2.05128205128205	3.66300366300366
5.07936507936508	3.12576312576313	3.85836385836386
5.56776556776557	2.90598290598291	4.02930402930403
5.44566544566545	3.22344322344322	3.80952380952381
5.68986568986569	3.88278388278388	4.22466422466422
5.54334554334554	3.12576312576313	4.42002442002442
5.05494505494505	5.3968253968254	5.05494505494505
4.27350427350427	4.004884004884	5.03052503052503
4.004884004884	3.71184371184371	2.88156288156288
2.95482295482295	3.58974358974359	2.07570207570208
2.22222222222222	2.58852258852259	0.268620268620269
0.463980463980464	1.39194139194139	-1.88034188034188
-2.27106227106227	-1.9047619047619	-2.73504273504274
-2.51526251526252	-2.85714285714286	-3.93162393162393
-4.17582417582418	-4.15140415140415	-4.68864468864469
-4.004884004884	-5.25030525030525	-4.98168498168498
-2.95482295482295	-4.24908424908425	-4.85958485958486
-1.48962148962149	-4.3956043956044	-3.98046398046398
-0.341880341880342	-3.39438339438339	-2.002442002442
3.02808302808303	-1.97802197802198	0.610500610500611
3.44322344322344	-1.48962148962149	2.66178266178266
5.12820512820513	0.415140415140415	4.54212454212454
4.61538461538461	0.83028083028083	4.37118437118437
5.42124542124542	2.002442002442	4.59096459096459
5.88522588522589	2.31990231990232	4.73748473748474
5.2991452991453	2.88156288156288	5.25030525030525
5.34798534798535	3.76068376068376	5.17704517704518
4.85958485958486	4.17582417582418	5.32356532356532
4.68864468864469	5.51892551892552	5.98290598290598
3.003663003663	5.59218559218559	6.32478632478632
1.83150183150183	4.12698412698413	4.2002442002442
0.488400488400488	3.73626373626374	1.97802197802198
-0.634920634920635	1.36752136752137	0.170940170940171
-2.07570207570208	-0.366300366300366	-3.24786324786325
