-0.350957503624018	-0.994888227664607	-0.900282291905089
0.479133287556268	-1.50148775463493	-0.247196154726482
-2.23086900129702	-2.54520485236896	-1.26955062180514
-4.11078049897002	-3.0609597924773	-0.830090791180285
-5.11787594415198	-3.759822995346	-1.61440451667048
-6.82688639658198	-6.62546730754559	-3.05485618371862
-8.09033340962844	-5.38643472953384	-2.51163500419623
-6.90318150606546	-5.3528648813611	-0.408941786831464
-7.83703364614328	-4.19623102159152	-0.448615243762875
-6.91844052796216	-4.10467689021134	-1.66018158236057
-7.00083924620432	-3.56145571068894	-2.95109483482109
-5.30708781567102	-3.74761577782864	-3.81780727855344
-4.61738002594034	-4.25421530479896	-3.41191729610132
-6.32028686961166	-3.50652323186084	-5.94491493095293
-5.75875486381323	-3.97650110627909	-4.27557793545434
-9.57351033798733	-4.22369726100557	-5.25520714122225
-10.8583199816892	-5.06294346532387	-4.98970016021973
-9.34462500953689	-5.09040970473793	-4.77912565804532
-5.66109712367437	-3.03959716182193	-1.91348134584573
-1.82497901884489	-0.677500572213321	-0.323491264209964
0.930800335698482	-0.305180437933928	-0.68055237659266
7.59594110017548	1.85854886701762	2.96025024795911
4.96833752956436	1.84023804074159	0.692759594110018
3.930724040589	2.71305409323262	1.11390859845884
3.39055466544594	1.57167925535973	-2.19119554436561
2.76493476768139	0.854505226215	-2.27359426260777
-0.537117570763714	-1.51369497215228	-3.36614023041123
-2.7496757457847	-4.05584802014191	-4.3579766536965
-4.83710994125277	-3.79949645227741	-3.21965362020295
-5.53597314412146	-5.34981307698177	-4.79133287556268
-7.00999465934234	-5.2124818799115	-5.07209887846189
-6.90012970168612	-4.95307850766766	-4.2572671091783
-7.42809185931182	-5.3833829251545	-3.15861753261616
-7.2480354009308	-4.81879911497673	-1.17189288166629
-6.42404821850919	-5.00495918211643	-0.570687418936446
-8.27649347676814	-5.17586022735943	-1.12306401159686
-6.46677347981994	-4.11993591210803	0.506599526970321
-5.65499351491569	-5.91134508278019	-2.48722056916152
-3.94903486686503	-5.48409246967269	-2.60013733119707
-2.38651102464332	-3.43938353551537	-2.4628061341268
0.4272526131075	-2.050812542916	-3.21049820706493
3.6743724727245	0.848401617456321	-0.85145342183566
7.14427405203327	2.47501335164416	1.00099183642329
5.62142366674296	4.79133287556268	2.51773861295491
6.62546730754559	5.18196383611811	3.97344930189975
6.67124437323568	5.90218966964218	5.5542839703975
5.88387884336614	5.82894636453803	7.21751735713741
7.01915007248035	4.8554207675288	5.61532005798428
5.75570305943389	3.247119859617	4.92256046387427
2.99992370489052	1.31532768749523	4.92256046387427
1.87380788891432	1.16273746852827	4.33661402304112
1.71816586556802	0.576791027695125	3.21965362020295
-1.32753490501259	-0.344853894865339	3.07011520561532
-1.61440451667048	1.46181429770352	1.71511406118868
-2.5482566567483	0.881971465629053	1.18410009918364
-5.06294346532387	-0.714122224765393	0.253299763485161
-4.1870756084535	-0.701915007248035	0.283817807278553
-5.84725719081407	-2.74357213702602	-1.56557564660105
-5.85946440833143	-3.55230029755093	-1.36110475318532
-6.07003891050584	-3.94293125810636	-1.61440451667048
-4.8706797894255	-3.36003662165255	-2.03860532539864
-3.59197375448234	-2.51163500419623	-0.466926070038911
-1.39772640573739	-2.36209658960861	0.708018616006714
3.85137712672618	-1.01319905394064	4.11383230334935
1.6388189517052	-0.274662394140536	5.52071412222477
2.96025024795911	2.04470893415732	6.16769665064469
4.47699702449073	3.37224383916991	6.35996032654307
5.1117723353933	4.443427176318	5.96017395284962
3.71404592965591	5.57259479667353	5.21858548867018
5.52071412222477	6.06088349736782	6.81773098344396
5.61532005798428	6.44235904478523	5.94796673533227
5.63057907988098	6.34775310902571	5.90829327840085
5.23384451056687	6.5491721980621	5.93881132219425
6.8207827878233	6.69871061264973	6.79636835278859
6.16159304188602	6.75974670023651	6.58579385061418
3.50652323186084	5.19417105363546	2.98466468299382
1.39162279697871	2.8198672465095	1.88296330205234
-1.3824673838407	0.7690547035935	0.231937132829786
-1.84634164950027	1.13527122911421	-0.531013962005035
-2.09658960860609	0.00915541313801785	-3.09452964065003
-3.25627527275502	-0.280766002899214	-2.20950637064164
-1.91042954146639	-1.33058670939193	-4.87983520256352
-2.64591439688716	-2.04165712977798	-6.1219195849546
-0.585946440833143	-3.25932707713436	-5.0110627908751
-0.0488288700694285	-5.31013962005035	-4.65705348287175
0.0396734569314107	-4.21759365224689	-2.48111696040284
2.31631952391852	-4.40680552376593	-0.0457770656900893
0.717174029144732	-4.2572671091783	0.677500572213321
2.40177004654002	-3.6591134508278	0.411993591210803
1.56557564660105	-1.92568856336309	4.13214312962539
3.98260471503777	0.259403372243839	6.06088349736782
5.35591668574044	1.71206225680934	6.51560234988937
1.62661173418784	2.14236667429618	7.55626764324407
3.02433813992523	1.13832303349355	8.02929732204166
1.62661173418784	-0.405889982452125	6.70481422140841
0.494392309452964	-0.891126878767071	4.21759365224689
-1.12306401159686	-1.03761348897536	3.34477759975586
-2.33157854581521	-0.366216525520714	4.28168154421302
-2.19119554436561	1.52895399404898	2.05691615167468
-3.35088120851453	1.78225375753414	2.89921416037232
-3.46990157930877	1.82497901884489	2.05386434729534
-1.83718623636225	1.37636377508202	-0.918593118181125
0.393682764934768	0.714122224765393	-1.16578927290761
-2.11795223926146	-0.0183108262760357	-1.74563210498207
-4.46784161135271	-3.35698481727321	-4.60822461280232
-4.40985732814527	-4.49530785076677	-4.31219958800641
-4.82795452811475	-5.52986953536278	-2.88395513847562
-2.45365072098878	-4.57160296025025	-2.67338063630121
-1.31227588311589	-4.79438467994202	-3.64385442893111
1.50148775463493	-2.48416876478218	-3.21965362020295
5.22468909742885	-1.367208361944	0.814831769283589
4.35187304493782	-1.11696040283818	-0.21362630655375
4.443427176318	-1.08339055466545	-0.622568093385214
4.614328221561	-0.970473792629892	1.91042954146639
3.43022812237736	-1.21766994735637	1.95620660715648
3.36919203479057	-2.392614633402	2.42923628595407
0.863660639353018	-2.1515220874342	0.787365529869535
-1.53200579842832	-2.23392080567636	1.36415655756466
-2.67643244068055	-1.367208361944	0.628671702143893
-7.12291142137789	0.80872816052491	-1.03150988021668
-6.65903715571832	0.817883573662928	-2.41702906843671
-7.3334859235523	0.0335698481727321	-3.17692835889219
-5.44441901274128	1.67849240863661	-2.01724269474327
-6.9214923323415	0.140383001449607	-2.93583581292439
-6.51865415426871	0.2563515678645	-2.10574502174411
-4.33661402304112	-0.842298008697642	-3.14946211947814
-5.09346150911727	-2.11795223926146	-2.67338063630121
-5.83504997329671	-1.69680323491264	-1.66018158236057
-5.69771877622644	-3.26543068589303	-3.41191729610132
-4.89814602883955	-3.00907911802853	-3.26848249027237
-4.66620889600977	-3.44548714427405	-1.95925841153582
-5.76791027695125	-3.73846036469062	-1.47402151522087
-2.58793011367971	-1.94399938963912	-0.204470893415732
-1.54116121156634	-1.19325551232166	-0.186160067139696
-1.40688181887541	1.14747844663157	2.16983291371023
0.521858548867018	1.33974212252995	1.92568856336309
-0.225833524071107	1.88906691081102	2.11795223926146
0.701915007248035	0.5981536583505	1.00099183642329
-0.488288700694285	-1.95315480277714	-0.411993591210803
-1.60524910353246	-1.31837949187457	-0.335698481727321
-2.11184863050278	-2.55741206988632	-0.582894636453803
-2.563515678645	-1.86770428015564	-2.17593652246891
-1.2664988174258	-1.78835736629282	-1.30006866559854
-1.54116121156634	-2.77714198519875	-0.494392309452964
-3.45159075303273	-1.74258030060273	-0.326543068589303
-1.33974212252995	-1.07118333714809	-0.63782711528191
-1.62966353856718	-1.54116121156634	-1.42824444953079
-2.67948424505989	-1.03761348897536	-1.18410009918364
1.68764782177462	-0.668345159075303	-0.134279392690929
0.89723048752575	-1.84023804074159	-1.01319905394064
0.885023270008392	-1.17799649042496	-2.74662394140536
1.14137483787289	-0.857557030594339	-0.845349813076982
1.97451743343252	-1.06202792401007	-1.3519493400473
2.93888761730373	-0.698863202868696	0.747692072938125
3.4027618829633	-0.228885328450446	2.96940566109712
2.86259250782025	0.0701915007248035	1.78530556191348
3.47905699244678	2.20340276188296	3.54009308003357
3.28984512092775	2.44144350347143	2.16983291371023
2.67338063630121	2.24002441443503	-0.0762951094834821
2.27664606698711	2.29495689326314	3.1464103150988
2.79545281147478	2.73136491950866	2.10269321736477
1.46181429770352	1.98367284657053	1.7944609750515
1.64797436484321	1.26039520866712	2.24002441443503
1.2970168612192	0.732433051041428	0.402838178072786
1.30006866559854	2.7191577019913	0.973525597009232
3.35088120851453	2.1210040436408	1.51674677653162
1.11696040283818	1.87380788891432	1.49843595025559
2.01724269474327	2.67338063630121	0.903334096284428
-0.442511635004196	0.906385900663767	1.56862745098039
1.22682536049439	1.24818799114977	1.95925841153582
1.50453955901427	-0.830090791180285	1.07728694590677
1.34889753566796	-0.189211871519036	1.6388189517052
7.04051270313573	0.961318379491875	3.05180437933928
6.35385671778439	-0.0457770656900893	2.08133058670939
7.70580605783169	2.66727702754253	2.6489662012665
8.374151216907	3.58281834134432	4.48004882887007
7.87060349431601	3.57061112382696	4.62043183031968
7.50133516441596	5.34370946822309	6.9916838330663
5.71297779812314	4.57770656900893	5.93270771343557
5.20637827115282	3.96429388876173	5.64278629739834
4.23285267414359	4.16876478217746	3.26237888151369
3.35698481727321	3.98870832379644	3.18608377203021
4.36102845807584	2.50553139543755	1.05592431525139
3.54314488441291	1.1810482948043	-0.903334096284428
2.67338063630121	2.46585793850614	0.402838178072786
5.72823682001984	2.95719844357977	2.76188296330205
2.08438239108873	3.08232242313268	2.19119554436561
5.4383154039826	2.8351262684062	2.43533989471275
4.52582589456016	2.18814373998627	2.16067750057221
4.63263904783703	1.37636377508202	6.11581597619593
5.78316929884794	1.367208361944	5.64888990615702
4.25421530479896	0.198367284657053	4.24505989166094
7.00083924620432	1.49233234149691	5.9662775616083
9.99160753795682	1.54726482032502	7.95300221255818
8.80750743877318	2.91752498664836	6.83604180972
9.37819485770962	2.38040741588464	5.40779736018921
8.69459067673762	2.78019378957809	5.06599526970321
7.67833981841764	3.97650110627909	6.25619897764553
3.90325780117494	3.38445105668727	5.03852903028916
5.3833829251545	4.14435034714275	4.47089341573205
6.4087891966125	4.04974441138323	5.59700923170825
4.443427176318	3.1464103150988	6.67429617761502
3.04875257495994	2.68253604943923	5.11482413977264
3.68963149462119	0.881971465629053	3.96124208438239
2.76493476768139	1.07423514152743	4.57465476462959
2.86869611657893	0.305180437933928	5.21858548867018
3.94293125810636	0.265506981002518	5.60616464484626
2.734416723888	0.866712443732357	3.19218738078889
3.72930495155261	1.61135271229114	5.63363088426032
2.59098191805905	0.0396734569314107	4.46173800259403
3.01518272678721	0.296025024795911	4.35492484931716
0.253299763485161	-1.3824673838407	3.13420309758144
0.497444113832303	-2.98771648737316	1.46486610208286
1.39467460135805	-1.73037308308537	0.924696726939803
2.54520485236896	-1.95315480277714	1.51674677653162
4.21759365224689	-2.29800869764248	2.46585793850614
5.76485847257191	-0.476081483176928	5.19417105363546
7.59899290455482	0.329594872968643	6.6498817425803
6.42099641412985	1.46181429770352	5.70687418936446
6.35080491340505	1.6937514305333	5.92660410467689
5.81673914702068	0.524910353246357	5.22774090180819
4.22369726100557	1.34279392690929	5.14229037918669
2.10574502174411	-0.0274662394140536	3.30205233844511
1.75478751812009	1.01319905394064	2.9755092698558
2.8046082246128	1.72732127870604	4.18402380407416
2.10574502174411	2.32852674143587	3.46684977492943
1.77004654001678	3.39665827420462	4.89204242008087
2.98466468299382	2.68253604943923	6.76279850461585
0.344853894865339	2.49942778667887	6.62851911192493
2.62760357061112	1.23292896925307	6.26230258640421
1.90737773708705	-0.961318379491875	5.38948653391318
2.99992370489052	-0.289921416037232	5.22468909742885
4.70588235294118	-0.668345159075303	3.05180437933928
1.63271534294652	-0.799572747386893	3.35393301289387
4.74860761425193	-1.27565423056382	2.76188296330205
4.85236896314946	-2.22476539253834	-0.131227588311589
4.72724498359655	-1.44350347142748	1.10475318532082
6.38742656595712	-1.46486610208286	0.347905699244678
4.80964370183871	-0.253299763485161	0.659189745937285
5.79232471198596	0.21362630655375	2.52384222171359
4.62653543907836	-0.149538414587625	1.99588006408789
1.8097199969482	-1.91958495460441	1.879911497673
-0.234988937209125	-1.04676890211337	2.24307621881437
3.27763790341039	1.37331197070268	5.78316929884794
2.60013733119707	1.08339055466545	3.32951857785916
2.30411230640116	1.31532768749523	2.69779507133593
4.04669260700389	2.88395513847562	6.82383459220264
3.77203021286336	2.12710765239948	3.88189517051957
2.75577935454337	1.85244525825895	3.97344930189975
3.50041962310216	1.26344701304646	3.75677119096666
4.15960936903944	2.57267109178302	4.52582589456016
3.5736629282063	2.50553139543755	6.03036545357443
7.02220187685969	2.26138704509041	5.93270771343557
5.33760585946441	1.66323338673991	5.42915999084459
6.33554589150835	1.72121766994736	5.11482413977264
6.70176241702907	1.9501029983978	4.33051041428244
5.639734493019	2.36820019836728	4.09857328145266
4.66010528725109	0.582894636453803	4.03143358510719
3.37529564354925	0.625619897764553	2.96940566109712
3.3325703822385	-0.662241550316625	2.25528343633173
1.66018158236057	-0.98268101014725	2.34988937209125
1.28786144808118	-2.68253604943923	2.77103837644007
2.01419089036393	-2.87785152971695	1.05287251087205
1.92874036774243	-2.48111696040284	2.90226596475166
0.55542839703975	-2.41702906843671	4.26947432669566
1.90432593270771	-1.13527122911421	6.52780956740673
2.53910124361028	0.445563439383536	6.61936369878691
1.75783932249943	0.943007553215839	5.45662623025864
3.22880903334096	0.576791027695125	5.70382238498512
4.61738002594034	0.9399557488365	5.15449759670405
5.7251850156405	0.59510185397116	4.59296559090562
6.494239719234	0.366216525520714	3.71404592965591
4.98359655146105	0.796520943007553	2.4780651560235
10.0434882124056	1.74258030060273	5.5390249485008
9.87258716716259	2.88395513847562	3.75066758220798
10.9773403524834	3.247119859617	5.34981307698177
13.2692454413672	4.01922636758984	9.01503013656825
14.2397192339971	6.08529793240253	9.78713664454109
16.9710841535058	7.31517509727626	12.7901121538109
15.4146639200427	6.13412680247196	12.4788281071183
16.8184939345388	6.99778744182498	12.0790417334249
16.064698252842	6.32028686961166	13.1929503318837
15.5306324864576	6.67429617761502	12.4910353246357
15.5764095521477	6.79331654840925	12.7199206530861
13.3882658121614	6.71702143892576	10.9956511787594
15.9578850995651	6.57663843747616	11.2214847028305
14.383154039826	5.40474555580987	10.1411459525444
14.4167238879988	5.68856336308843	12.5612268253605
15.4726482032502	5.53597314412146	10.0404364080262
10.0617990386816	5.65194171053635	11.6731517509728
11.5632867933165	3.98870832379644	10.794232089723
11.3588158999008	5.29488059815366	11.4961470969711
9.81460288395514	3.64690623331044	12.1950102998398
9.88479438467994	3.72625314717327	11.2642099641413
10.7454032196536	4.05584802014191	9.67727168688487
9.00282291905089	2.93278400854505	7.36095216296635
7.59594110017548	1.55031662470436	3.42412451361868
5.39864194705119	-1.1261158159762	0.863660639353018
3.83306630045014	-1.80056458381018	-1.67544060425727
3.30510414282444	-1.60524910353246	0.408941786831464
5.45967803463798	-1.04676890211337	0.439459830624857
6.02426184481575	-1.2115663385977	1.63271534294652
6.10666056305791	-1.62661173418784	0.411993591210803
4.37323567559319	-2.62149996185245	1.64797436484321
1.66933699549859	-3.57671473258564	2.04776073853666
-0.900282291905089	-4.19317921721218	2.35294117647059
-4.12298771648737	-2.89311055161364	1.41908903639277
-6.67734798199435	-2.8351262684062	1.02845807583734
-6.10055695429923	-3.43633173113603	-0.308232242313268
-4.77302204928664	-2.1210040436408	-1.12001220721752
-4.46173800259403	-1.35500114442664	-2.04776073853666
-4.05279621576257	-1.21461814297704	-2.4780651560235
-1.89822232394903	-1.21766994735637	-1.84939345387961
-0.38452735179675	-1.79751277943084	-3.19523918516823
-0.857557030594339	-1.52590218966964	-3.18913557640955
-1.51979858091096	-1.8951705195697	-2.94804303044175
-2.10574502174411	-1.08033875028611	-3.0060273136492
-2.78324559395743	-1.51064316777295	-3.79949645227741
-2.68863965819791	-2.85343709468223	-4.90119783321889
-1.98367284657053	-3.930724040589	-4.65400167849241
-1.63271534294652	-5.7801174944686	-4.94392309452964
0.0457770656900893	-4.53498130769818	-5.18501564049744
-1.55947203784237	-4.80964370183871	-4.98970016021973
-1.19325551232166	-4.79743648432135	-3.21965362020295
-1.79751277943084	-5.7801174944686	-3.61943999389639
-3.04264896620127	-6.58884565499351	-6.05783169298848
-4.65400167849241	-8.71900511177233	-6.4637216754406
-4.5136186770428	-9.79018844892042	-9.2133974212253
-6.44846265354391	-9.93057145037003	-10.5012588693065
-7.42504005493248	-11.4106965743496	-10.3364614328222
-8.04455634393835	-11.3618677042802	-10.3395132372015
-9.2988479438468	-11.6273746852827	-8.33447775997559
-8.81055924315251	-11.1726558327611	-7.42504005493248
-7.32127870603494	-8.61219195849546	-6.43015182726787
-5.29488059815366	-7.7759975585565	-5.08735790035859
-3.41191729610132	-7.51354238193332	-5.20943007553216
-2.67948424505989	-6.25009536888685	-4.20233463035019
-2.64286259250782	-7.00999465934234	-3.90936140993362
-2.46890974288548	-6.6346227206836	-4.30914778362707
-0.195315480277714	-6.26840619516289	-4.01922636758984
-2.28274967574578	-6.02731364919509	-6.27450980392157
-3.70489051651789	-6.25619897764553	-6.08834973678187
-3.22575722896162	-6.18295567254139	-7.36400396734569
-1.40077821011673	-4.09246967269398	-7.68444342717632
-1.24208438239109	-3.80560006103609	-7.55321583886473
-0.180056458381018	-2.77714198519875	-6.73228046082246
2.81681544213016	-2.32852674143587	-5.42915999084459
1.4373998626688	-2.13015945677882	-5.41084916456855
-1.68459601739528	-3.6743724727245	-3.60418097199969
-3.80560006103609	-4.83100633249409	-2.9755092698558
-4.95918211642634	-5.99374380102235	-3.20439459830625
-4.73029678797589	-6.58579385061418	-0.839246204318303
-6.2073701075761	-6.494239719234	-1.32753490501259
-7.89806973373007	-7.80956740672923	-2.44449530785077
-9.0424963759823	-8.11474784466316	-2.90836957351034
-9.16151674677653	-7.62951094834821	-3.00907911802853
-9.46364538033112	-6.65598535133898	-2.31631952391852
-7.7759975585565	-6.4637216754406	-2.85343709468223
-7.2480354009308	-4.8554207675288	-2.62455176623178
-6.21957732509346	-4.48920424200809	-2.98466468299382
-5.32539864194705	-4.01312275883116	-4.33356221866178
-2.65812161440452	-4.22674906538491	-3.03349355306325
-0.222781719691768	-3.930724040589	-4.01312275883116
-2.00198367284657	-1.70901045243	-3.08537422751202
2.49027237354086	-0.253299763485161	-1.51979858091096
2.68253604943923	0.512703135729	-0.689707789730678
1.84023804074159	-0.0976577401388571	-2.08438239108873
0.869764248111696	-0.173952849622339	-3.13420309758144
-0.204470893415732	0.735484855420768	-1.41908903639277
-0.283817807278553	-0.189211871519036	-3.40886549172198
-2.93278400854505	-0.772106507972839	-6.72617685206378
-2.64286259250782	-1.24208438239109	-3.10673685816739
-4.34882124055848	-2.17593652246891	-3.29900053406577
-3.77813382162203	-1.34889753566796	-1.58693827725643
-5.66720073243305	-2.050812542916	-0.906385900663767
-6.08224612802319	-2.56961928740368	-0.958266575112535
-6.29892423895628	-2.34378576333257	-1.34889753566796
-6.62851911192493	-2.52994583047227	-2.24917982757305
-8.1727321278706	-4.19012741283284	-3.78423743038071
-7.65392538338293	-3.89410238803693	-3.13725490196078
-7.4341954680705	-2.98161287861448	-3.56145571068894
-7.13817044327459	-3.38139925230793	-4.00396734569314
-6.95811398489357	-2.81071183337148	-4.47699702449073
-6.17380025940337	-3.43327992675669	-4.70588235294118
-9.88784618905928	-5.90524147402152	-5.83504997329671
-7.0923933775845	-5.7953765163653	-5.39864194705119
-5.64278629739834	-7.43114366369116	-8.31616693369955
-4.28778515297169	-6.90318150606546	-9.54299229419394
-2.16067750057221	-6.51560234988937	-8.74341954680705
-0.695811398489357	-5.16365300984207	-9.25917448691539
1.65712977798123	-4.22674906538491	-10.1258869306477
1.45876249332418	-3.56755931944762	-6.98252841992828
1.94399938963912	-1.99893186846723	-6.47287708857862
4.0161745632105	-0.314335851071946	-4.28473334859236
3.92462043183032	0.378423743038071	-2.87785152971695
4.09857328145266	0.98268101014725	-3.54619668879225
1.28480964370184	-1.10170138094148	-2.85648889906157
-0.524910353246357	-1.29396505683986	-1.50759136339361
-2.02334630350195	-2.88395513847562	-2.35599298084993
-6.23178454261082	-4.48004882887007	-2.27969787136645
-6.60410467689021	-3.29900053406577	-1.53200579842832
-9.3690394445716	-4.92866407263294	-1.8951705195697
-8.90821698329137	-5.28877698939498	-2.22781719691768
-7.08934157320516	-5.3681239032578	-1.20241092545968
-7.2327763790341	-5.15754940108339	0.317387655451286
-5.42000457770657	-4.06195162890059	2.15762569619287
-3.44243533989471	-3.930724040589	3.26848249027237
-2.29495689326314	-1.64187075608453	4.31525139238575
-2.84122987716487	-1.46486610208286	4.34576943617914
-3.5034714274815	-0.823987182421607	3.35088120851453
-2.9755092698558	-1.22682536049439	0.164797436484321
-3.39360646982528	-1.1810482948043	-1.01319905394064
-3.43022812237736	-1.86160067139696	-3.58281834134432
-4.30914778362707	-2.13321126115816	-4.05584802014191
-4.14129854276341	-1.81582360570687	-5.24910353246357
-4.52582589456016	-2.5787747005417	-4.04058899824521
-5.20637827115282	-1.43129625391012	-6.32639047837034
-4.20538643472953	-1.92874036774243	-5.77096208133059
-6.38742656595712	-2.86564431219959	-8.50537880521859
-5.82284275577935	-1.84634164950027	-7.09849698634318
-5.18501564049744	-2.62149996185245	-8.05981536583505
-4.84626535439078	-2.06912336919203	-7.40978103303578
-5.32234683756771	-3.03044174868391	-6.86045624475471
-6.26535439078355	-3.44853894865339	-6.152437628748
-5.71602960250248	-3.11589227130541	-6.38437476157778
-4.62348363469902	-2.79850461585412	-6.17990386816205
-4.47089341573205	-1.47402151522087	-4.80354009308003
-5.75875486381323	-3.04570077058061	-4.83710994125277
-6.01815823605707	-1.49233234149691	-3.78728923476005
-3.83306630045014	-0.366216525520714	-1.30617227435721
-5.38643472953384	0.0915541313801785	-0.531013962005035
-4.50141145952544	1.93179217212177	1.0101472495613
-0.814831769283589	3.17082475013352	2.51163500419623
0.439459830624857	4.55024032959487	4.614328221561
3.16472114137484	5.52986953536278	6.74753948271916
4.70283054856184	4.31219958800641	7.65392538338293
4.18402380407416	4.29999237048905	7.78210116731517
4.68146791790646	1.94399938963912	8.58472571908141
1.79140917067216	1.60524910353246	6.70481422140841
1.54421301594568	0.50965133134966	7.85229266803998
-2.95109483482109	-1.65712977798123	5.69771877622644
-3.20744640268559	-1.879911497673	5.13008316166934
-2.56046387426566	-1.74868390936141	3.19829098954757
-4.09552147707332	-0.234988937209125	0.750743877317464
-5.03852903028916	-0.830090791180285	-1.879911497673
-5.41084916456855	-1.27565423056382	-4.50446326390478
-1.55031662470436	-0.448615243762875	-2.8351262684062
0.265506981002518	-0.967421988250553	-5.47493705653468
-3.81170366979477	-1.37636377508202	-5.56649118791485
-5.03852903028916	-2.49637598229953	-7.56542305638209
-1.36110475318532	-2.71610589761196	-7.26024261844816
-4.3427176317998	-3.43633173113603	-6.323338673991
-4.08331425955596	-1.80666819256886	-6.69565880827039
0.772106507972839	-0.503547722590982	-3.54619668879225
4.56549935149157	0.967421988250553	-4.0161745632105
5.80148012512398	2.46585793850614	-3.03044174868391
6.38437476157778	5.21553368429084	-0.106813153276875
6.9916838330663	8.18493934538796	0.848401617456321
7.15953307392996	11.1055161364157	3.45769436179141
9.63149462119478	13.1105516136416	6.18600747692073
8.38330663004501	14.3617914091707	6.43930724040589
8.50537880521859	14.4197756923781	6.09750514991989
7.91943236438544	13.9742122529946	6.92454413672084
9.09132524605173	13.3058670939193	8.20630197604333
5.50850690470741	10.8155947203784	6.01815823605707
2.47501335164416	7.9163805600061	6.59800106813153
3.10978866254673	6.72922865644312	5.62752727550164
0.97962920576791	3.86053253986419	4.96528572518502
-2.03860532539864	3.36614023041123	5.69161516746777
-1.42824444953079	1.98367284657053	6.32639047837034
-1.15358205539025	2.04776073853666	7.60204470893416
-1.66323338673991	-0.68055237659266	4.89204242008087
-3.92156862745098	-4.40985732814527	2.17593652246891
-6.07309071488518	-6.18295567254139	0.778210116731518
-8.25513084611277	-9.28053711757076	-3.33562218661784
-8.22461280231937	-9.50026703288319	-4.04364080262455
-7.76684214541848	-10.0770580605783	-4.91035324635691
-8.02319371328298	-10.2296482795453	-6.11276417181659
-4.49225604638743	-8.75257495994507	-5.54207675288014
-5.42610818646525	-9.31715877012284	-4.80048828870069
-6.58884565499351	-7.44945448996719	-3.94903486686503
-7.97436484321355	-8.87769893949798	-5.58785381857023
-9.3690394445716	-8.31006332494087	-5.49935149156939
-10.8522163729305	-8.74952315556573	-6.81773098344396
-10.8949416342412	-8.50843060959792	-8.23071641107805
-10.7545586327916	-7.61730373083085	-7.9163805600061
-9.67116807812619	-6.7200732433051	-6.74143587396048
-10.7209887846189	-4.62348363469902	-9.43923094529641
-8.11169604028382	-2.42008087281605	-8.72816052491035
-4.43732356755932	-1.58388647287709	-8.99671931029221
-4.67841611352712	-1.11390859845884	-7.89196612497139
-3.24101625085832	-0.021362630655375	-6.96421759365225
-0.390630960555428	1.69069962615396	-4.43427176317998
-1.04371709773404	0.952162966353857	-2.72831311512932
-0.836194399938964	3.07316700999466	-1.367208361944
1.27260242618448	3.70183871213855	-0.857557030594339
4.29083695735103	5.36507209887846	0.817883573662928
7.25719081406882	6.41184100099184	2.63675898374914
10.0282291905089	6.42099641412985	3.64690623331044
8.44739452201114	7.19310292210269	5.60006103608759
8.22461280231937	4.64789806973373	5.29182879377432
