0.115968566414893	1.78530556191348	0.0946059357595178
-1.75173571374075	-0.588998245212482	-1.17494468604562
-1.92568856336309	-0.784313725490196	-1.60219729915312
-5.96017395284962	-3.30815594720378	-3.5736629282063
-4.32135500114443	0.106813153276875	-2.02029449912261
-1.02235446707866	1.27870603494316	-1.22377355611505
-3.09452964065003	-0.274662394140536	-5.49324788281071
-2.38651102464332	1.70290684367132	-5.25215533684291
-2.27664606698711	-0.512703135729	-6.11581597619593
-2.45059891660945	-0.183108262760357	-3.86968795300221
-3.20439459830625	-1.66628519111925	-2.99687190051118
-2.78019378957809	-1.72732127870604	-2.14847028305486
-1.91042954146639	-0.338750286106661	-1.00099183642329
-1.84328984512093	-0.335698481727321	0.122072175173571
-2.72831311512932	-0.292973220416571	-2.39871824216068
-4.44647898069734	0.72327763790341	0.405889982452125
-4.38239108873121	2.12405584802014	0.12817578393225
-2.6489662012665	2.77409018081941	-2.79850461585412
-3.81475547417411	2.58793011367971	-0.820935378042267
0.775158312352178	4.49530785076677	-1.41908903639277
-4.97444113832303	0.170901045243	-5.70077058060578
-3.85137712672618	0.711070420386053	-0.387579156176089
-0.247196154726482	-0.204470893415732	-2.60318913557641
-0.708018616006714	-0.0457770656900893	-2.05386434729534
-2.50553139543755	-0.546272983901732	-1.85549706263828
1.57473105973907	0.943007553215839	-3.57061112382696
1.50148775463493	1.91042954146639	-3.13115129320211
-1.5228503852903	0.717174029144732	-0.271610589761196
-0.906385900663767	2.78019378957809	-2.08133058670939
-0.521858548867018	1.90432593270771	-0.72632944228275
-1.01930266269932	1.65407797360189	-0.805676356145571
-0.970473792629892	1.57473105973907	0.537117570763714
-1.64492256046387	-1.48317692835889	-0.0823987182421607
-4.04669260700389	-2.48416876478218	-2.08743419546807
-3.75677119096666	-3.53093766689555	-1.35500114442664
-0.393682764934768	-4.26642252231632	-2.72220950637064
0.0732433051041428	-2.89921416037232	-3.52788586251621
0.0610360875867857	-2.905317769131	-3.51567864499886
1.51979858091096	-1.34584573128862	-2.18204013122759
0.122072175173571	0.372320134279393	-0.836194399938964
-0.994888227664607	-0.698863202868696	-1.7242694743267
-3.56450751506828	-2.84428168154421	-4.09246967269398
-3.25932707713436	-1.27260242618448	-1.47707331960021
-2.97245746547646	-0.76600289921416	-0.89417868314641
-3.87579156176089	-2.38651102464332	-2.19119554436561
-2.73136491950866	-0.946059357595178	-0.900282291905089
-4.96833752956436	-2.35294117647059	-3.59807736324102
-5.03852903028916	-1.98367284657053	-3.38445105668727
-5.39253833829252	-3.73235675593194	-3.07927061875334
-3.86053253986419	-3.70183871213855	-4.81574731059739
-2.12405584802014	-2.40482185091936	-2.62455176623178
-2.35599298084993	-1.91348134584573	-1.025406271458
1.73342488746471	0.588998245212482	0.0885023270008393
-0.317387655451286	0.561532005798428	0.955214770733196
2.33768215457389	2.14847028305486	-1.15053025101091
1.61440451667048	1.06202792401007	-2.22476539253834
3.76287479972534	2.86259250782025	0.0885023270008393
2.7191577019913	2.07827878233005	-1.91958495460441
2.84733348592355	3.39665827420462	-0.292973220416571
1.08033875028611	2.06912336919203	0.842298008697642
1.91958495460441	1.6083009079118	-2.63981078812848
-0.72327763790341	0.787365529869535	-1.50148775463493
0.89417868314641	3.94598306248569	-3.52178225375753
0.512703135729	3.69268329900053	-1.33669031815061
-0.402838178072786	3.01518272678721	-0.59510185397116
-2.78629739833677	1.07728694590677	-0.04272526131075
-1.1108567940795	2.23392080567636	-2.96635385671778
-1.90432593270771	-0.759899290455482	-1.51064316777295
-1.58083466849775	-1.88296330205234	-0.732433051041428
-1.37941557946136	0.650034332799268	0.512703135729
-2.13321126115816	-0.0854505226215	0.918593118181125
0.534065766384375	2.16372930495155	3.21660181582361
-0.476081483176928	-0.677500572213321	3.46379797055009
-0.59510185397116	0.125123979552911	-1.19325551232166
-0.881971465629053	1.50148775463493	1.31837949187457
-0.250247959105821	0.775158312352178	-0.967421988250553
-3.65300984206912	-1.37636377508202	-0.631723506523232
-1.74563210498207	1.25429159990845	-0.134279392690929
-3.03044174868391	-0.192263675898375	-3.16777294575418
-0.317387655451286	1.4373998626688	0.997940032043946
1.90127412832837	4.78828107118334	5.17280842298009
-1.30617227435721	1.66323338673991	1.879911497673
-2.21560997940032	1.95620660715648	2.43533989471275
0.924696726939803	2.78019378957809	3.38445105668727
-0.0823987182421607	0.72327763790341	0.454718852521553
0.796520943007553	1.37026016632334	0.292973220416571
1.69985503929198	2.44754711223011	3.62249179827573
1.58388647287709	-0.5981536583505	-0.497444113832303
-1.4526588845655	-2.60929274433509	0.363164721141375
0.0457770656900893	-1.92568856336309	-0.2563515678645
-1.03456168459602	-4.08331425955596	-1.7944609750515
-1.82192721446555	-3.06706340123598	-1.20851453421836
-0.341802090486	0.527962157625696	0.711070420386053
-1.96231021591516	0.0946059357595178	1.42824444953079
-2.42313267719539	0.854505226215	2.40482185091936
-1.28786144808118	0.613412680247196	-1.94094758525978
-1.66628519111925	1.13832303349355	1.51674677653162
-1.74258030060273	2.6337071793698	0.729381246662089
-2.83207446402686	2.45059891660945	-1.41298542763409
-2.67643244068055	0.451667048142214	-0.131227588311589
-0.991836423285267	2.87479972533761	0.967421988250553
-2.72831311512932	0.283817807278553	-0.158693827725643
-0.134279392690929	0.134279392690929	-0.0549324788281071
0.976577401388571	1.10170138094148	-1.39467460135805
0.228885328450446	-0.521858548867018	-0.146486610208286
-1.01930266269932	-2.20340276188296	-1.49843595025559
-0.613412680247196	-1.51064316777295	-2.66117341878386
-1.0101472495613	-1.37941557946136	0.857557030594339
-1.39772640573739	-0.0610360875867857	0.183108262760357
1.38551918822004	1.13527122911421	-0.497444113832303
-0.350957503624018	0.686655985351339	-0.622568093385214
-0.585946440833143	-0.567635614557107	-1.09254596780346
-0.708018616006714	-1.03761348897536	-0.878919661249714
-2.64591439688716	-1.79140917067216	2.98771648737316
-3.18303196765087	-2.16067750057221	0.933852140077821
-0.616464484626535	-1.28786144808118	2.75577935454337
-0.5981536583505	-1.75173571374075	3.75677119096666
-1.41603723201343	-1.87685969329366	-0.476081483176928
-1.14747844663157	-2.84733348592355	-1.8097199969482
-1.02845807583734	-2.25833524071107	-1.4679179064622
0.405889982452125	-0.518806744487678	0.0549324788281071
-1.03456168459602	-2.07827878233005	-1.60219729915312
-2.95109483482109	-2.33463035019455	-4.41901274128328
-0.558480201419089	-1.66933699549859	-2.40177004654002
-1.24208438239109	-1.89822232394903	-2.69474326695659
-4.57465476462959	-2.73136491950866	-3.58281834134432
-1.73647669184405	-2.21255817502098	-1.32143129625391
-1.66933699549859	-2.12710765239948	-1.33363851377127
-0.97962920576791	-0.512703135729	0.2563515678645
-0.869764248111696	-1.77004654001678	0.250247959105821
-3.08537422751202	-3.50041962310216	-2.35294117647059
-4.48615243762875	-4.26947432669566	-3.23796444647898
-1.87380788891432	-3.96124208438239	-3.11589227130541
-3.53398947127489	-5.6946669718471	-3.35698481727321
0.55542839703975	-2.51468680857557	0.753795681696803
1.03150988021668	-1.91348134584573	-1.30006866559854
1.24818799114977	0.0732433051041428	0.244144350347143
1.78530556191348	-1.367208361944	2.63065537499046
1.75478751812009	-2.50858319981689	-1.89822232394903
-1.39467460135805	-5.1117723353933	-1.52590218966964
0.9399557488365	-2.60013733119707	1.04982070649271
3.96124208438239	-0.225833524071107	1.02845807583734
-0.143434805828946	-0.958266575112535	1.10475318532082
1.47707331960021	0.381475547417411	2.2919050888838
1.95925841153582	2.37430380712596	0.354009308003357
0.970473792629892	1.74258030060273	0.463874265659571
2.48111696040284	0.488288700694285	-2.21560997940032
1.49233234149691	-0.72327763790341	-2.22781719691768
0.0732433051041428	-0.775158312352178	-0.177004654001679
-3.83611810482948	-2.88090333409628	-4.90730144197757
-1.44655527580682	-2.87479972533761	-2.54215304798962
-1.23292896925307	-4.15045395590143	-3.82085908293278
1.84328984512093	-0.540169375143053	-2.563515678645
0.0793469138628214	-0.5981536583505	-2.19119554436561
-0.253299763485161	-0.363164721141375	-2.65201800564584
1.46181429770352	1.65712977798123	0.997940032043946
-2.84733348592355	-1.879911497673	-3.35393301289387
-4.18097199969482	-0.63782711528191	-2.39566643778134
0.695811398489357	1.37331197070268	0.314335851071946
-0.588998245212482	1.0406652933547	-1.40077821011673
0.857557030594339	3.28374151216907	0.646982528419928
2.10879682612345	3.84832532234684	4.04058899824521
3.37834744792859	4.71808957045853	4.12298771648737
1.07423514152743	4.07721065079728	3.92767223620966
0.29907682917525	3.63775082017243	3.22575722896162
1.16884107728695	4.9408712901503	1.66933699549859
-1.26344701304646	3.78423743038071	3.39665827420462
-0.421149004348821	3.54314488441291	3.07927061875334
-0.836194399938964	2.52689402609293	1.2664988174258
0.918593118181125	2.65506981002518	1.08949416342412
1.08949416342412	2.02334630350195	2.73746852826734
-0.80872816052491	2.25833524071107	3.93987945372702
-1.57167925535973	2.33768215457389	3.74151216906996
1.13221942473487	1.34279392690929	1.65102616922255
2.14541847867552	3.19829098954757	5.92965590905623
3.35698481727321	4.8706797894255	2.74662394140536
2.12710765239948	4.95918211642634	0.228885328450446
2.44754711223011	4.96223392080568	3.25322346837568
-0.0976577401388571	4.71808957045853	0.747692072938125
0.173952849622339	4.40680552376593	0.817883573662928
2.6489662012665	4.43121995880064	3.12504768444343
1.32448310063325	3.86968795300221	1.38857099259937
0.796520943007553	3.56755931944762	1.07728694590677
1.16884107728695	5.78316929884794	3.46074616617075
0.756847486076142	6.26230258640421	2.33768215457389
0.12817578393225	5.45052262149996	5.44136720836194
0.497444113832303	5.89913786526284	3.98565651941711
3.56755931944762	4.62043183031968	3.25627527275502
1.45571068894484	3.930724040589	6.75364309147784
1.20241092545968	3.77203021286336	5.91744869153887
-0.265506981002518	2.21560997940032	3.05790798809796
0.369268329900053	3.66521705958648	6.33554589150835
2.05996795605402	5.28572518501564	6.35690852216373
1.83718623636225	6.46677347981994	6.76890211337453
2.95719844357977	6.4637216754406	7.19005111772335
7.19615472648203	9.30800335698482	9.17677576867323
4.86457618066682	8.67322804608225	9.78103303578241
7.43114366369116	10.3364614328222	11.136034180209
8.15136949721523	9.13710231174182	9.11879148546578
6.67124437323568	8.30701152056153	8.71290150301366
6.34775310902571	8.53589684901198	5.89303425650416
5.42305638208591	7.29076066224155	5.99679560540169
4.20843823910887	7.2480354009308	5.82894636453803
3.83916990920882	9.40871290150301	6.65903715571832
5.54512855725948	9.80544747081712	9.27748531319143
2.8198672465095	7.98352025635157	7.57763027389944
2.64591439688716	8.39551384756237	7.3334859235523
2.77714198519875	8.52674143587396	6.33554589150835
1.75173571374075	7.27244983596551	4.05279621576257
2.57267109178302	9.50942244602121	7.5898374914168
3.88494697489891	8.09643701838712	8.13000686655985
3.6591134508278	7.64782177462425	6.05783169298848
3.930724040589	6.39658197909514	4.55634393835355
2.20340276188296	4.72724498359655	3.76592660410468
1.61135271229114	3.43633173113603	2.80766002899214
2.34073395895323	5.30098420691234	5.45967803463798
-1.10475318532082	2.4078736552987	1.73647669184405
-0.354009308003357	3.43022812237736	2.88700694285496
-0.946059357595178	1.99588006408789	-0.360112916762036
-2.09964141298543	1.99282825970855	-1.66933699549859
2.2369726100557	3.76897840848402	3.49431601434348
1.56252384222171	0.50965133134966	-1.25429159990845
2.70695048447395	2.74662394140536	1.49538414587625
0.683604180972	0.430304417486839	1.41298542763409
0.582894636453803	0.665293354695964	-1.62661173418784
-0.952162966353857	-0.125123979552911	-0.524910353246357
0.604257267109178	2.34073395895323	-0.0946059357595178
1.11390859845884	3.16777294575418	-0.402838178072786
-1.15053025101091	1.49233234149691	3.10978866254673
0.524910353246357	2.77714198519875	2.56046387426566
-2.0660715648127	1.80056458381018	0.946059357595178
-3.80865186541543	0.149538414587625	3.10978866254673
-1.45571068894484	1.94094758525978	0.924696726939803
1.34279392690929	2.49027237354086	3.39055466544594
-0.0732433051041428	0.759899290455482	2.55130846112764
3.00297550926986	2.07827878233005	0.80872816052491
1.55031662470436	1.87685969329366	2.12710765239948
2.37430380712596	2.41397726405737	1.33363851377127
2.47501335164416	5.08430609597925	0.720225833524071
-0.115968566414893	1.87685969329366	-0.457770656900893
3.12504768444343	6.33859769588769	1.87380788891432
2.77409018081941	6.01510643167773	3.46684977492943
1.87075608453498	4.61127641718166	2.9755092698558
1.54421301594568	6.18905928130007	4.35492484931716
6.78110933089189	8.55420767528801	5.49935149156939
3.75677119096666	5.84420538643473	3.41802090486
4.85236896314946	6.29892423895628	1.37331197070268
5.26131074998093	4.15960936903944	4.76386663614862
4.54718852521553	3.90020599679561	3.44243533989471
2.57572289616236	1.97756923781186	1.44960708018616
-0.7690547035935	0.72632944228275	3.53093766689555
2.65201800564584	2.86259250782025	2.8046082246128
-0.994888227664607	1.99893186846723	1.93484397650111
-2.4078736552987	-1.37026016632334	1.50759136339361
0.0396734569314107	-0.991836423285267	-0.0549324788281071
-0.00610360875867857	-1.73037308308537	0.390630960555428
0.183108262760357	-3.10063324940871	-0.494392309452964
-1.32143129625391	-2.78324559395743	-2.77103837644007
1.33974212252995	-0.604257267109178	-1.50759136339361
-0.537117570763714	-2.12405584802014	-1.93789578088045
1.01625085831998	-0.888075074387732	-1.81277180132753
1.71816586556802	-0.872816052491035	-1.30617227435721
-1.82497901884489	-2.13931486991684	-1.01319905394064
0.183108262760357	-1.81582360570687	-0.112916762035554
-1.86770428015564	-2.02944991226062	-2.09048599984741
-2.61539635309377	-1.46486610208286	0.04272526131075
1.76699473563745	0.793469138628214	1.49233234149691
1.91042954146639	1.06813153276875	-1.50453955901427
1.33058670939193	1.80361638818952	0.0671396963454643
2.26749065384909	2.9907682917525	-0.0457770656900893
0.628671702143893	0.137331197070268	-2.35599298084993
1.15053025101091	0.265506981002518	-1.31837949187457
1.97146562905318	0.677500572213321	1.82497901884489
1.96841382467384	0.98268101014725	-3.54924849317159
1.70901045243	0.799572747386893	-0.55542839703975
3.77813382162203	3.52788586251621	1.66628519111925
1.06202792401007	1.44655527580682	-2.52384222171359
0.961318379491875	2.43533989471275	0.476081483176928
4.26642252231632	4.6845197222858	0.207522697795071
-0.250247959105821	1.879911497673	-0.170901045243
1.52590218966964	3.27763790341039	1.48012512397955
-0.12817578393225	0.152590218966964	-3.85137712672618
-1.70290684367132	-0.280766002899214	-1.64187075608453
-0.915541313801785	0.634775310902571	-1.63271534294652
-1.13832303349355	-1.73647669184405	-6.17074845502403
-3.20439459830625	-1.63271534294652	-4.21149004348821
-4.48615243762875	-1.62966353856718	-7.30296787975891
-1.47096971084154	-1.03761348897536	-6.79331654840925
0.515754940108339	-0.433356221866178	-2.69779507133593
0.112916762035554	2.03860532539864	-2.71000228885328
4.15045395590143	4.57465476462959	-1.04982070649271
2.96940566109712	6.10971236743725	2.49027237354086
4.443427176318	7.41283283741512	1.71511406118868
2.65812161440452	6.17380025940337	1.38857099259937
0.787365529869535	6.58579385061418	4.28778515297169
4.41596093690394	6.77805752651255	1.68154421301595
1.58693827725643	4.26642252231632	4.14129854276341
0.732433051041428	3.05485618371862	4.79743648432135
0.289921416037232	3.12809948882277	3.61028458075837
-0.320439459830625	2.68558785381857	4.84321355001144
0.234988937209125	3.24406805523766	1.93789578088045
1.12916762035554	3.04875257495994	0.21362630655375
-1.79140917067216	1.55642023346304	-1.09864957656214
-2.00503547722591	0.247196154726482	-3.99176012817578
-0.393682764934768	-0.701915007248035	-1.64187075608453
-3.64690623331044	-3.14030670634012	-1.86770428015564
-4.0161745632105	-1.69985503929198	-0.473029678797589
-1.06202792401007	0.46997787441825	1.81277180132753
-1.7242694743267	0.625619897764553	0.332646677347982
-2.17593652246891	0.570687418936446	0.372320134279393
-1.4373998626688	-2.34378576333257	-2.82291905088884
-4.24811169604028	-2.77409018081941	-3.66216525520714
-1.0406652933547	-1.40993362325475	-0.915541313801785
-3.16777294575418	-1.05287251087205	-4.09246967269398
-1.70595864805066	1.39162279697871	-0.167849240863661
-4.99580376897841	0.296025024795911	0.021362630655375
-3.66521705958648	1.0101472495613	2.10879682612345
-2.9755092698558	-1.97451743343252	1.2115663385977
-3.076218814374	-1.73342488746471	2.20035095750362
-2.78934920271611	-2.21866178377966	1.58693827725643
-0.5981536583505	0.143434805828946	1.4679179064622
-3.09452964065003	0.064087891966125	1.57473105973907
-1.57473105973907	0.732433051041428	-0.946059357595178
-0.869764248111696	2.09658960860609	1.57167925535973
-3.35698481727321	0.906385900663767	-0.857557030594339
1.77615014877546	2.66727702754253	-1.4526588845655
0.0396734569314107	2.64286259250782	-0.878919661249714
-3.55535210193027	1.11390859845884	-0.137331197070268
0.799572747386893	3.15556572823682	1.12001220721752
-0.286869611657893	2.01419089036393	0.59510185397116
-0.134279392690929	2.15457389181353	1.47402151522087
2.19729915312428	2.02944991226062	2.09353780422675
0.442511635004196	-1.37331197070268	-1.30922407873655
-2.96025024795911	-3.26237888151369	-1.43434805828946
-4.76081483176928	-4.29999237048905	-2.2064545662623
-7.94079499504082	-7.01304646372168	-6.65293354695964
-5.56954299229419	-3.87884336614023	-1.11696040283818
-6.87266346227207	-5.68245975432975	-4.3579766536965
-6.49118791485466	-5.72823682001984	-4.35187304493782
-7.5898374914168	-7.09544518196384	-1.54421301594568
-7.9468986037995	-8.21850919356069	-5.7801174944686
-7.59899290455482	-9.01197833218891	-5.80453192950332
-6.39047837033646	-6.70786602578775	-6.50034332799268
-3.49126420996414	-5.69161516746777	-8.1025406271458
-5.87472343022812	-6.85435263599603	-7.93469138628214
-4.01922636758984	-4.5990691996643	-6.43930724040589
-3.18303196765087	-3.99481193255512	-8.33447775997559
-4.03143358510719	-3.93377584496834	-5.59700923170825
-2.10574502174411	-2.14236667429618	-4.63569085221637
-2.38345922026398	-4.48004882887007	-6.77195391775387
-5.53597314412146	-6.51560234988937	-8.73731593804837
-6.29587243457694	-6.19516289005875	-7.92858777752346
-6.10666056305791	-7.19920653086137	-8.00793469138628
-6.26840619516289	-6.40268558785382	-6.31723506523232
-2.68863965819791	-3.87273975738155	-5.08430609597925
-2.07217517357137	-4.07415884641794	-2.86259250782025
-3.30205233844511	-4.00701915007248	-4.44647898069734
-3.49431601434348	-4.01312275883116	-6.10360875867857
-5.55123216601816	-6.18905928130007	-4.28473334859236
-5.02327000839246	-4.64179446097505	-4.26642252231632
-3.45769436179141	-3.42107270923934	-3.18303196765087
-3.37834744792859	-4.44953078507668	-1.82803082322423
-5.24910353246357	-3.35698481727321	-3.3478294041352
-4.11383230334935	-2.55436026550698	-1.62661173418784
-5.30098420691234	-1.64187075608453	-2.31326771953918
-4.04974441138323	-0.433356221866178	-4.13519493400473
-4.72724498359655	-3.1464103150988	-4.99580376897841
-4.72419317921721	-1.88296330205234	-3.97650110627909
-5.62142366674296	-3.3325703822385	-3.71099412527657
-6.59800106813153	-5.60616464484626	-4.38239108873121
-2.87785152971695	-1.63271534294652	0.466926070038911
-4.69672693980316	-2.29800869764248	-0.701915007248035
-4.32135500114443	-3.26543068589303	-1.72732127870604
-2.40177004654002	-1.40993362325475	-2.5482566567483
-2.52079041733425	-2.34988937209125	-2.33768215457389
-2.72831311512932	-3.32341496910048	-6.4637216754406
-2.4078736552987	-2.56961928740368	-2.45975432974746
0.192263675898375	-2.21560997940032	-2.36514839398795
-3.79949645227741	-4.41290913252461	-4.38544289311055
-4.01312275883116	-2.13931486991684	-1.17799649042496
-2.85343709468223	-1.03761348897536	-1.58388647287709
-2.28885328450446	-0.119020370794232	0.387579156176089
0.180056458381018	3.30510414282444	1.9653620202945
0.253299763485161	4.99275196459907	-1.00099183642329
0.146486610208286	3.70794232089723	0.781261921110857
4.3427176317998	6.51255054551003	1.83718623636225
1.74258030060273	6.03952086671244	0.955214770733196
-1.20241092545968	1.59914549477379	1.9653620202945
-0.524910353246357	1.31837949187457	-0.424200808728161
-2.60624093995575	-1.23598077363241	-2.32547493705653
-4.15045395590143	-2.58487830930037	-0.540169375143053
-4.38849469748989	-2.75272755016403	-2.45975432974746
-6.84214541847868	-5.09346150911727	-5.17280842298009
-3.83611810482948	-3.29594872968643	-1.22987716487373
-1.62661173418784	-2.20340276188296	-2.27054245822843
-1.50759136339361	-4.24505989166094	-3.89410238803693
-4.50446326390478	-5.21553368429084	-3.13115129320211
-1.69069962615396	-4.39765011062791	-5.7953765163653
-3.62554360265507	-5.09346150911727	-3.8452735179675
-6.72922865644312	-7.59899290455482	-4.88593881132219
-4.26031891355764	-4.93476768139162	-4.51667048142214
-7.19920653086137	-8.34058136873426	-4.75165941863127
-6.46677347981994	-8.24292362859541	-3.95513847562371
-7.13817044327459	-9.11879148546578	-3.39360646982528
-9.43312733653773	-10.1808194094759	-3.84832532234684
-4.75471122301061	-7.01304646372168	-2.43228809033341
-6.06088349736782	-9.52162966353857	-4.65705348287175
-6.16464484626535	-10.6538490882734	-4.93781948577096
-5.94491493095293	-9.2988479438468	-5.30098420691234
-6.84214541847868	-9.47585259784848	-6.92454413672084
-6.55832761120012	-10.074006256199	-5.51155870908675
-7.59594110017548	-9.41786831464103	-4.69367513542382
-6.61936369878691	-7.44029907682918	-3.42107270923934
-5.22163729304952	-6.68039978637369	-4.00701915007248
-4.6997787441825	-5.94186312657359	-0.704966811627375
-4.58991378652628	-5.04768444342718	-2.25833524071107
-4.22369726100557	-5.01716639963378	-3.64690623331044
-2.60624093995575	-3.3173113603418	-1.11390859845884
-3.50957503624018	-3.11894407568475	-4.88899061570153
-1.59609369039445	-2.2919050888838	-4.65400167849241
1.42519264515145	0.134279392690929	-4.10772869459068
-1.20546272983902	-1.04982070649271	-3.75677119096666
0.137331197070268	1.53200579842832	-2.56656748302434
-0.302128633554589	2.57572289616236	-1.37941557946136
0.0244144350347143	2.52079041733425	-1.11696040283818
-1.07423514152743	1.00404364080262	-0.585946440833143
-1.47096971084154	1.55031662470436	-0.247196154726482
1.1810482948043	2.46890974288548	0.860608834973678
-0.622568093385214	3.40886549172198	0.9399557488365
0.146486610208286	4.52582589456016	1.4526588845655
0.885023270008392	4.83100633249409	-1.2970168612192
-0.305180437933928	5.58480201419089	-0.524910353246357
-0.0488288700694285	6.24399176012818	-1.57778286411841
0.259403372243839	6.64072632944228	1.89822232394903
1.49233234149691	7.81872281986725	0.424200808728161
1.32753490501259	7.96826123445487	-0.570687418936446
-0.207522697795071	4.8706797894255	-0.323491264209964
-1.22682536049439	6.03341725795377	1.31532768749523
-0.219729915312428	4.40375371938659	0.12817578393225
-1.58083466849775	1.10170138094148	-0.521858548867018
-2.68558785381857	1.94399938963912	0.112916762035554
-1.39467460135805	2.86564431219959	1.42824444953079
-1.30312046997787	1.2664988174258	2.53299763485161
-1.89822232394903	1.25734340428779	0.692759594110018
-0.216678110933089	3.12809948882277	0.234988937209125
-1.78225375753414	1.97146562905318	0.985732814526589
-1.47096971084154	1.71511406118868	2.6489662012665
-2.52689402609293	-0.918593118181125	-1.04676890211337
-4.87983520256352	-2.59403372243839	-5.1972228580148
-1.7242694743267	-0.650034332799268	1.18715190356298
-1.9653620202945	-1.15968566414893	0.827038986800946
-3.04264896620127	-2.050812542916	-2.31937132829786
-2.48722056916152	-1.45571068894484	-1.0101472495613
-3.39360646982528	-2.67032883192187	-3.72320134279393
-5.05073624780652	-3.247119859617	-3.65606164644846
-2.96330205233845	-1.73037308308537	-5.18196383611811
-3.16472114137484	-0.997940032043946	-5.62142366674296
-2.99382009613184	-0.653086137178607	-4.03143358510719
-1.74868390936141	1.07728694590677	-2.050812542916
-2.78934920271611	0.418097199969482	-6.37216754406043
-1.56557564660105	-1.14747844663157	-1.82497901884489
-2.48111696040284	-0.411993591210803	-2.43533989471275
-4.77607385366598	-3.19829098954757	-4.47394522011139
-1.53505760280766	-1.30617227435721	-2.57267109178302
-2.87174792095827	-1.54116121156634	-2.50858319981689
-1.81887541008621	-2.96635385671778	-4.80659189745937
-1.19935912108034	-3.47295338368811	-4.06500343327993
0.0549324788281071	-2.88700694285496	-6.25925078202487
-0.869764248111696	-4.89509422446021	-4.53192950331884
-3.89105058365759	-4.76691844052796	-5.05683985656519
-3.07927061875334	-4.36408026245518	-7.45250629434653
-3.04570077058061	-5.2826733806363	-5.74044403753719
-1.6083009079118	-2.00198367284657	-3.83306630045014
-1.57778286411841	-2.19729915312428	-4.96528572518502
-1.8646524757763	-3.03654535744259	-3.40886549172198
0.695811398489357	-0.677500572213321	-1.92874036774243
0.277714198519875	-1.22072175173571	-2.15762569619287
-2.38040741588464	-2.61844815747311	0.332646677347982
-0.29907682917525	-1.13832303349355	-0.985732814526589
-0.512703135729	-2.16678110933089	0.115968566414893
-2.8198672465095	-3.54619668879225	-0.155642023346304
-1.92568856336309	-2.45975432974746	-0.72632944228275
-1.14137483787289	-2.33463035019455	-1.33058670939193
-1.8951705195697	-3.85748073548486	-3.73540856031128
-0.588998245212482	-2.43228809033341	-4.20538643472953
-1.70901045243	-3.67132066834516	-4.58991378652628
-2.27969787136645	-4.48615243762875	-3.91241321431296
-4.5838101777676	-5.27046616311894	-6.22873273823148
-2.24002441443503	-3.18913557640955	-5.99679560540169
-4.1870756084535	-3.06706340123598	-5.38948653391318
-3.89105058365759	-1.6083009079118	-1.49538414587625
-2.45975432974746	-1.49538414587625	-4.27862973983368
-1.91348134584573	-1.7242694743267	-2.29800869764248
-0.167849240863661	-0.817883573662928	-0.671396963454643
1.12306401159686	-1.42824444953079	-3.30205233844511
-0.482185091935607	-3.03654535744259	-3.36308842603189
1.45571068894484	-2.0355535210193	-3.247119859617
-1.22072175173571	-1.86770428015564	-1.59609369039445
-2.75883115892271	-1.05897611963073	1.38551918822004
-2.68863965819791	-1.41908903639277	-0.708018616006714
-3.75677119096666	-1.74563210498207	0.619516289005875
-4.55024032959487	-3.12504768444343	-0.802624551766232
-2.68558785381857	-3.61028458075837	-2.16067750057221
-3.2318608377203	-4.63569085221637	-1.37331197070268
-4.23590447852293	-3.38139925230793	-0.286869611657893
-2.09353780422675	-1.49233234149691	0.305180437933928
-1.25123979552911	-0.357061112382696	2.65812161440452
0.302128633554589	1.92874036774243	1.49538414587625
2.19119554436561	1.10475318532082	0.866712443732357
-1.34279392690929	-0.759899290455482	1.81582360570687
-0.302128633554589	1.25123979552911	-0.738536659800107
1.17189288166629	2.02029449912261	0.775158312352178
0.692759594110018	2.77409018081941	1.90127412832837
1.24818799114977	4.71198596169986	0.500495918211643
4.19012741283284	4.78828107118334	2.46890974288548
3.89105058365759	3.68963149462119	2.1515220874342
2.23086900129702	3.82391088731212	4.03448538948653
2.89616235599298	2.74357213702602	3.47295338368811
1.14442664225223	3.0060273136492	2.68558785381857
2.51773861295491	3.91241321431296	4.62653543907836
3.57976653696498	4.82490272373541	4.70588235294118
1.96231021591516	4.59601739528496	1.91042954146639
1.0101472495613	2.11184863050278	2.82597085526818
0.720225833524071	2.53604943923095	1.51674677653162
-1.82192721446555	0.973525597009232	1.82803082322423
0.750743877317464	1.69985503929198	1.58083466849775
0.839246204318303	1.81277180132753	0.912489509422446
0.354009308003357	1.09254596780346	0.671396963454643
1.36110475318532	3.75677119096666	1.38551918822004
1.49538414587625	3.02128633554589	0.195315480277714
-0.244144350347143	3.11284046692607	1.9501029983978
0.064087891966125	3.08537422751202	0.885023270008392
-1.20241092545968	-0.0549324788281071	-0.933852140077821
1.5533684290837	3.02433813992523	4.16266117341878
1.73952849622339	3.03044174868391	1.93179217212177
-0.686655985351339	0.930800335698482	-1.538109407187
1.40383001449607	3.18913557640955	2.34683756771191
0.2563515678645	0.164797436484321	0.653086137178607
-1.98367284657053	-1.33669031815061	0.387579156176089
0.619516289005875	-1.84328984512093	-0.0854505226215
-1.49538414587625	-4.20233463035019	-0.958266575112535
0.280766002899214	-2.47196154726482	2.77103837644007
-0.912489509422446	-1.25734340428779	1.68154421301595
0.64087891966125	-1.41908903639277	-1.45571068894484
2.02029449912261	-0.421149004348821	2.38956282902266
0.442511635004196	-1.55031662470436	-0.985732814526589
-2.24307621881437	-3.21965362020295	-2.91447318226902
-0.0579842832074464	-2.16678110933089	-2.36514839398795
-0.817883573662928	-1.6083009079118	-3.32036316472114
-2.00198367284657	-2.61844815747311	-3.08842603189136
1.22987716487373	0.0274662394140536	1.49843595025559
1.18410009918364	0.515754940108339	-0.81177996490425
2.91752498664836	3.85748073548486	4.65705348287175
4.03448538948653	8.05981536583505	5.37727931639582
6.16159304188602	7.94384679942016	5.15449759670405
3.44548714427405	7.48302433813993	6.90318150606546
6.152437628748	9.41481651026169	5.93270771343557
2.3071641107805	6.35690852216373	4.3427176317998
0.793469138628214	4.42511635004196	4.82185091935607
1.83413443198291	3.72320134279393	0.967421988250553
0.872816052491035	3.076218814374	2.87785152971695
0.170901045243	2.73746852826734	2.20950637064164
-0.399786373693446	1.62661173418784	1.16578927290761
-1.55031662470436	1.84939345387961	2.54520485236896
-1.3519493400473	1.27260242618448	1.68764782177462
-0.494392309452964	3.37529564354925	1.35500114442664
-1.025406271458	1.54421301594568	-0.0946059357595178
-2.07217517357137	3.10063324940871	0.219729915312428
-0.320439459830625	3.80865186541543	0.900282291905089
-1.65712977798123	2.38345922026398	-1.52895399404898
-1.48622873273823	2.27359426260777	-1.11696040283818
0.109864957656214	2.16983291371023	-0.0244144350347143
2.11490043488212	2.94804303044175	-0.378423743038071
0.842298008697642	2.91752498664836	2.67032883192187
2.16372930495155	3.25932707713436	1.47402151522087
0.701915007248035	2.94193942168307	0.0854505226215
1.04982070649271	1.30006866559854	0.531013962005035
0.85145342183566	0.0366216525520714	-0.0396734569314107
-2.4078736552987	-2.68863965819791	-0.930800335698482
-0.592050049591821	-2.23392080567636	1.37026016632334
-3.32951857785916	-3.73235675593194	0.946059357595178
-6.07003891050584	-3.81780727855344	1.26955062180514
-4.56244754711223	-2.92973220416571	0.549324788281071
-3.59807736324102	-4.62653543907836	-2.03250171663996
-3.61333638513771	-3.3173113603418	-0.76600289921416
0.704966811627375	-0.949111161974517	-0.802624551766232
-1.04676890211337	-3.18608377203021	-2.3071641107805
-0.296025024795911	-1.54726482032502	-0.201419089036393
-0.949111161974517	-1.26039520866712	-2.95414663920043
-2.35599298084993	0.906385900663767	-0.329594872968643
-3.62554360265507	0.46997787441825	0.943007553215839
-4.11688410772869	0.473029678797589	-0.460822461280232
-4.12603952086671	-0.76600289921416	0.674448767833982
-1.69069962615396	-1.02845807583734	2.78324559395743
-2.34683756771191	-2.69474326695659	-0.756847486076142
-0.0396734569314107	-3.0060273136492	0.4272526131075
0.411993591210803	-1.94094758525978	-0.0396734569314107
-1.10780498970016	-2.20950637064164	-1.76089112687877
-1.32753490501259	0.466926070038911	3.17387655451286
-0.369268329900053	1.27565423056382	0.778210116731518
-2.79545281147478	-0.476081483176928	1.98367284657053
-1.42824444953079	0.189211871519036	2.84733348592355
-1.44045166704814	0.576791027695125	0.494392309452964
-4.0009155413138	-2.49942778667887	-1.04982070649271
-6.76585030899519	-4.01007095445182	0.729381246662089
-4.53192950331884	-1.66323338673991	-0.476081483176928
-8.26428625925078	-3.45159075303273	2.78629739833677
-3.88494697489891	-1.08339055466545	4.78217746242466
-1.16884107728695	-1.67849240863661	0.933852140077821
-1.77309834439612	-1.2970168612192	4.90730144197757
-0.592050049591821	0.204470893415732	1.22072175173571
-1.14747844663157	-0.4272526131075	0.0549324788281071
-2.3773556115053	-1.367208361944	3.18913557640955
-2.85038529030289	0.515754940108339	1.9653620202945
-3.14946211947814	-0.0701915007248035	2.12405584802014
-1.84939345387961	1.15663385976959	2.49027237354086
-1.67238879987793	0.689707789730678	1.87685969329366
0.302128633554589	1.65102616922255	4.66315709163043
-1.85549706263828	1.19020370794232	0.119020370794232
-0.744640268558785	3.64995803768978	4.34576943617914
0.0915541313801785	3.00907911802853	3.99176012817578
-1.33058670939193	2.18814373998627	4.06195162890059
2.60929274433509	3.41191729610132	4.85847257190814
0.570687418936446	2.78324559395743	3.27763790341039
1.03761348897536	2.09658960860609	2.65812161440452
2.06912336919203	1.84023804074159	1.1810482948043
-0.677500572213321	0.814831769283589	-0.4272526131075
-0.375371938658732	1.65407797360189	0.604257267109178
0.7690547035935	2.19729915312428	0.656137941557946
-3.01213092240787	-0.277714198519875	-2.49637598229953
0.125123979552911	0.869764248111696	-1.79751277943084
-0.628671702143893	-0.80872816052491	-3.39055466544594
-4.10772869459068	-3.41802090486	-6.45456626230259
-3.98870832379644	-2.6337071793698	-3.79034103913939
-1.04982070649271	-1.51674677653162	-2.73136491950866
-1.80361638818952	-1.55947203784237	-1.89822232394903
-1.49538414587625	1.49843595025559	1.29396505683986
-0.253299763485161	1.77004654001678	0.140383001449607
-2.50553139543755	-0.12817578393225	0.701915007248035
-2.21560997940032	0.860608834973678	2.34988937209125
-1.23903257801175	0.0274662394140536	0.0579842832074464
-4.37018387121385	-1.60219729915312	0.500495918211643
-1.23292896925307	0.582894636453803	1.40688181887541
-1.89211871519036	-0.305180437933928	-0.195315480277714
-2.01724269474327	0.9399557488365	2.96330205233845
-1.84023804074159	1.44045166704814	4.59601739528496
-0.311284046692607	-0.604257267109178	3.98565651941711
0.622568093385214	0.985732814526589	7.71496147096971
1.49233234149691	1.88906691081102	3.40886549172198
2.59708552681773	1.34584573128862	2.09964141298543
1.97146562905318	0.778210116731518	1.5228503852903
2.08438239108873	1.34584573128862	-0.198367284657053
2.15762569619287	1.37331197070268	0.408941786831464
0.418097199969482	-0.738536659800107	2.10269321736477
2.4078736552987	1.58693827725643	0.570687418936446
1.70290684367132	2.02334630350195	3.44853894865339
0.585946440833143	1.73037308308537	3.53704127565423
3.48516060120546	3.15861753261616	1.67849240863661
3.57976653696498	1.69985503929198	2.905317769131
3.48516060120546	2.7496757457847	2.392614633402
5.42305638208591	4.45563439383536	1.08644235904479
4.95002670328832	3.17387655451286	1.7944609750515
5.06294346532387	4.59601739528496	1.08033875028611
4.45868619821469	3.62554360265507	1.65712977798123
0.241092545967803	2.0660715648127	1.67849240863661
1.2664988174258	2.92668039978637	1.17494468604562
-2.4933241779202	0.473029678797589	-0.85145342183566
-6.72922865644312	-0.775158312352178	0.81177996490425
-2.03860532539864	1.6388189517052	-0.805676356145571
-3.77813382162203	0.323491264209964	1.79140917067216
-2.78324559395743	-0.711070420386053	-0.0701915007248035
0.311284046692607	0.888075074387732	2.09658960860609
-0.518806744487678	0.280766002899214	2.25223163195239
1.49538414587625	1.97146562905318	0.650034332799268
0.930800335698482	3.80560006103609	2.55436026550698
3.10063324940871	6.23178454261082	3.44243533989471
3.13115129320211	6.61326009002823	2.33157854581521
3.63164721141375	7.55931944762341	3.3325703822385
1.46181429770352	4.58075837338827	-0.512703135729
-1.879911497673	1.6388189517052	-2.72526131074998
-0.106813153276875	2.31631952391852	0.0549324788281071
-1.43434805828946	-0.708018616006714	-1.76394293125811
-1.20851453421836	0.543221179522393	0.411993591210803
2.09353780422675	1.68154421301595	0.646982528419928
2.050812542916	2.42618448157473	0.970473792629892
3.14030670634012	3.11894407568475	3.38750286106661
2.80155642023346	5.24605172808423	2.31631952391852
-0.302128633554589	2.61844815747311	1.03150988021668
1.92874036774243	3.03044174868391	4.21454184786755
-0.762951094834821	1.06202792401007	2.43228809033341
-1.8097199969482	-0.280766002899214	0.915541313801785
-2.03250171663996	-1.69069962615396	1.97756923781186
-0.552376592660411	1.2664988174258	-0.857557030594339
-3.35698481727321	-1.03761348897536	-0.943007553215839
-2.34378576333257	-0.85145342183566	-3.14946211947814
-0.656137941557946	0.659189745937285	-3.57061112382696
-1.95925841153582	-0.729381246662089	-2.67338063630121
1.74563210498207	0.442511635004196	0.592050049591821
2.17288471808957	1.88296330205234	0.973525597009232
0.933852140077821	1.44045166704814	4.15655756466011
1.11390859845884	0.55542839703975	3.02738994430457
-1.68154421301595	-0.259403372243839	2.52384222171359
-5.74654764629587	-3.57671473258564	0.451667048142214
-4.08026245517662	-2.53910124361028	-1.75478751812009
-5.70382238498512	-4.35492484931716	-3.92156862745098
-5.1117723353933	-4.06805523765927	-3.92767223620966
-3.74151216906996	-3.75677119096666	-3.84222171358816
-0.89417868314641	-0.631723506523232	-2.42313267719539
-1.08644235904479	0.683604180972	-2.76188296330205
-0.158693827725643	2.88395513847562	-0.588998245212482
0.537117570763714	2.21560997940032	-0.158693827725643
0.0579842832074464	0.656137941557946	-2.03250171663996
2.96330205233845	1.76089112687877	0.241092545967803
0.137331197070268	-0.0183108262760357	0.366216525520714
1.04676890211337	-1.10475318532082	-0.140383001449607
2.55436026550698	1.71816586556802	2.01419089036393
-0.0244144350347143	0.305180437933928	-0.653086137178607
-1.73342488746471	-0.46997787441825	-2.02639810788128
-1.3824673838407	-0.402838178072786	-1.15663385976959
-2.74357213702602	-2.04776073853666	-2.9755092698558
-4.69672693980316	-2.83207446402686	-0.460822461280232
-5.09040970473793	-2.98771648737316	-1.44655527580682
-8.04455634393835	-4.77912565804532	-1.92568856336309
-6.52170595864805	-5.25520714122225	-1.16884107728695
-5.91134508278019	-5.32845044632639	-2.76798657206073
-5.75570305943389	-5.17586022735943	-2.83817807278553
-7.28770885786221	-5.59395742732891	-0.512703135729
-5.74349584191653	-4.24200808728161	-1.5533684290837
-4.43427176317998	-3.25322346837568	-0.122072175173571
-3.80865186541543	-1.30617227435721	2.95414663920043
-3.3173113603418	-0.927748531319142	0.466926070038911
-4.45563439383536	-2.1362630655375	-0.393682764934768
-3.57061112382696	-0.531013962005035	2.42923628595407
-2.35904478522927	-0.372320134279393	0.0396734569314107
-4.0009155413138	-3.22575722896162	-1.69069962615396
-1.92263675898375	-2.27664606698711	-1.12306401159686
-0.85145342183566	-3.4882124055848	-3.42107270923934
-1.26344701304646	-4.71503776607919	-3.49431601434348
-2.64286259250782	-4.65094987411307	-4.09246967269398
-2.221713588159	-2.55436026550698	-3.13725490196078
-2.43533989471275	-1.77615014877546	-1.2817578393225
0.393682764934768	2.38956282902266	-0.436408026245518
-0.735484855420768	2.93888761730373	0.564583810177768
-0.552376592660411	2.59708552681773	0.89723048752575
1.9501029983978	5.31929503318837	2.19424734874495
2.21866178377966	5.4535744258793	3.67132066834516
-0.140383001449607	2.92973220416571	1.68154421301595
0.985732814526589	3.30815594720378	-0.280766002899214
0.00915541313801785	3.13725490196078	-0.234988937209125
1.65712977798123	4.45258258945602	0.158693827725643
0.601205462729839	5.69771877622644	0.00915541313801785
1.97146562905318	5.38643472953384	-0.601205462729839
2.09964141298543	4.64179446097505	0.473029678797589
2.22781719691768	6.24399176012818	-0.360112916762036
1.08033875028611	4.28473334859236	-3.15556572823682
0.567635614557107	3.43633173113603	-3.02433813992523
1.48928053711757	4.62348363469902	-0.720225833524071
-0.97962920576791	3.08232242313268	-3.36003662165255
-1.18410009918364	1.88906691081102	-2.2064545662623
-1.16273746852827	0.512703135729	-2.27359426260777
-3.16777294575418	-3.10978866254673	-6.0364690623331
-1.48622873273823	-1.54116121156634	-2.65201800564584
-0.0488288700694285	-1.24208438239109	-4.01312275883116
-2.69779507133593	-3.13725490196078	-5.98458838788434
-2.01724269474327	-1.80666819256886	-2.34683756771191
-1.49538414587625	-1.04371709773404	-4.75471122301061
-3.67742427710384	-2.6489662012665	-6.15548943312734
-4.22369726100557	-1.15053025101091	-3.71404592965591
-2.77103837644007	-0.708018616006714	-7.28770885786221
-2.14847028305486	-0.836194399938964	-4.85236896314946
-2.87785152971695	-2.23086900129702	-3.21049820706493
-0.89723048752575	-1.92874036774243	-5.68551155870909
-1.39162279697871	-2.20340276188296	-3.79949645227741
-3.43022812237736	-3.17082475013352	-1.10475318532082
-3.59807736324102	-3.1464103150988	-3.95208667124437
-3.56755931944762	-1.99893186846723	-2.22476539253834
-3.77203021286336	-0.271610589761196	0.317387655451286
-2.02639810788128	1.25734340428779	-1.91042954146639
-0.674448767833982	0.924696726939803	-2.90226596475166
-1.56557564660105	-0.131227588311589	-2.38345922026398
-0.5981536583505	-1.0406652933547	-3.54314488441291
-1.58999008163577	0.512703135729	-1.20851453421836
-1.01930266269932	-0.296025024795911	-2.13321126115816
-1.85549706263828	-0.531013962005035	-1.96841382467384
-4.52582589456016	0.570687418936446	-0.790417334248875
-1.62966353856718	1.91042954146639	-2.75883115892271
-1.81277180132753	0.930800335698482	-2.60013733119707
-3.52178225375753	0.271610589761196	-1.98367284657053
-4.11078049897002	-0.137331197070268	-0.674448767833982
-2.39871824216068	-0.408941786831464	-2.52079041733425
-1.86160067139696	-0.2563515678645	-3.17387655451286
-1.8097199969482	-0.454718852521553	-4.05889982452125
-2.89616235599298	-2.85343709468223	-4.54718852521553
-3.54314488441291	-2.79850461585412	-4.13824673838407
-4.0863660639353	-1.64492256046387	-4.15350576028077
-4.54718852521553	-2.61234454871443	-3.86053253986419
-3.74151216906996	-3.12504768444343	-3.759822995346
-3.11284046692607	-2.21255817502098	-3.47295338368811
-3.22575722896162	-2.05996795605402	-6.2378881513695
-0.988784618905928	-2.36820019836728	-5.21858548867018
-2.07217517357137	-2.07217517357137	-2.62760357061112
-4.61738002594034	-3.10673685816739	-3.68963149462119
-4.53192950331884	-2.23086900129702	-2.93888761730373
-3.47600518806744	-1.13832303349355	-3.36919203479057
-2.42618448157473	-1.31532768749523	-2.50553139543755
-1.95315480277714	0.63782711528191	-1.51979858091096
-1.58388647287709	0.875867856870375	0.717174029144732
1.1261158159762	1.42214084077211	1.78225375753414
0.119020370794232	3.42412451361868	3.31120775158312
3.54009308003357	6.10360875867857	4.30914778362707
1.81582360570687	4.77302204928664	4.49835965514611
3.7445639734493	6.23483634699016	4.19928282597086
3.71404592965591	5.22163729304952	3.24101625085832
4.90424963759823	7.1625848783093	5.00495918211643
3.15556572823682	4.54718852521553	2.67338063630121
1.79140917067216	3.83611810482948	1.59914549477379
1.54421301594568	4.07110704203861	3.43022812237736
0.747692072938125	1.97756923781186	2.16678110933089
1.87075608453498	2.17898832684825	2.32852674143587
-1.196307316701	-0.04272526131075	1.45876249332418
-0.418097199969482	-0.305180437933928	1.19935912108034
0.714122224765393	0.396734569314107	-0.064087891966125
-1.37026016632334	-0.372320134279393	0.549324788281071
-2.16678110933089	-0.68055237659266	-2.93888761730373
-2.08133058670939	-1.15358205539025	-2.16067750057221
0.0701915007248035	-2.15457389181353	-5.68245975432975
-2.25528343633173	-3.61333638513771	-5.63363088426032
-2.37125200274662	-3.3325703822385	-6.26535439078355
-0.854505226215	-3.3325703822385	-6.43930724040589
-1.98672465094987	-2.2064545662623	-3.60418097199969
-2.33157854581521	-1.18410009918364	-1.41908903639277
-2.95109483482109	-1.69069962615396	-2.70084687571527
-3.45464255741207	-1.49538414587625	0.021362630655375
-2.25528343633173	-0.836194399938964	-1.20851453421836
-1.40993362325475	-0.320439459830625	-1.99588006408789
0.158693827725643	1.93789578088045	0.546272983901732
1.14442664225223	3.47905699244678	0.158693827725643
-0.320439459830625	0.280766002899214	-2.01419089036393
-2.54520485236896	-0.988784618905928	-1.02235446707866
-1.48622873273823	-1.39772640573739	-1.91348134584573
-3.66521705958648	-4.26642252231632	-0.567635614557107
-5.30098420691234	-4.96833752956436	-2.6337071793698
-3.60723277637903	-2.20950637064164	-0.494392309452964
-2.63981078812848	-1.87380788891432	0.0549324788281071
-2.14236667429618	-2.46890974288548	0.280766002899214
0.0152590218966964	-0.878919661249714	-1.1108567940795
-0.628671702143893	-1.62966353856718	-0.564583810177768
-0.491340505073625	-2.29800869764248	-1.56557564660105
0.244144350347143	-0.0793469138628214	-1.46181429770352
-2.10574502174411	-0.698863202868696	-0.418097199969482
2.29495689326314	3.36919203479057	-0.244144350347143
1.63271534294652	0.985732814526589	-2.20950637064164
1.15053025101091	0.137331197070268	-2.45365072098878
1.29091325246052	1.50759136339361	-1.16578927290761
1.63271534294652	1.77004654001678	-3.65606164644846
0.674448767833982	0.756847486076142	-4.75165941863127
-1.47707331960021	1.51369497215228	-1.70595864805066
0.149538414587625	2.50553139543755	0.12817578393225
0.360112916762036	1.84328984512093	-0.988784618905928
3.29594872968643	3.83916990920882	0.933852140077821
4.07721065079728	2.88395513847562	1.88906691081102
2.57572289616236	2.99992370489052	2.33768215457389
2.49027237354086	2.60013733119707	0.903334096284428
-0.820935378042267	0.448615243762875	-3.42717631799802
-1.54421301594568	0.00610360875867857	-0.399786373693446
-1.7242694743267	1.2817578393225	-0.89417868314641
-1.16273746852827	-0.216678110933089	-2.55130846112764
1.47402151522087	0.338750286106661	0.354009308003357
2.46890974288548	0.958266575112535	-0.924696726939803
0.518806744487678	1.73342488746471	-0.674448767833982
0.302128633554589	1.90737773708705	1.04676890211337
0.720225833524071	2.75883115892271	-1.30617227435721
-0.762951094834821	2.68558785381857	-2.43533989471275
-0.616464484626535	1.38551918822004	-2.69779507133593
-0.59510185397116	0.241092545967803	-3.38750286106661
0.152590218966964	-0.952162966353857	-4.04364080262455
