-0.0701915007248035	-3.42412451361868	-2.6337071793698
-0.29907682917525	-1.64797436484321	-2.00961318379492
1.79598687724117	-0.155642023346304	-1.44502937361715
3.79186694132906	-0.0183108262760357	-0.259403372243839
6.09903105210956	0.372320134279393	0.930800335698482
6.39047837033646	0.749217975127794	0.59662775616083
7.01457236591135	1.19478141451133	1.33669031815061
5.7450217441062	2.7695124742504	2.46585793850614
5.45204852368963	2.36667429617762	1.99893186846723
2.6688029297322	1.73037308308537	2.2064545662623
2.33920805676356	0.64087891966125	1.84939345387961
2.49485008010986	-0.277714198519875	1.00251773861295
1.80056458381018	-0.184634164950027	0.372320134279393
3.78881513694972	0.801098649576562	0.418097199969482
3.930724040589	3.10978866254673	1.20698863202869
5.08583199816892	4.58686198214694	2.84122987716487
4.85694666971847	6.38742656595712	2.73289082169833
3.60723277637903	5.16365300984207	2.53452353704128
3.03959716182193	5.64736400396735	2.80003051804379
3.91851682307164	6.55527580682078	3.10673685816739
3.64538033112078	5.67330434119173	3.72320134279393
4.72266727702754	5.95559624628061	5.08735790035859
4.26642252231632	4.46021210040436	5.64583810177768
2.71610589761196	2.51010910200656	4.68909742885481
1.56252384222171	2.1515220874342	4.14282444495308
0.231937132829786	1.14747844663157	2.03860532539864
1.05897611963073	4.31525139238575	1.24208438239109
0.105287251087205	3.92767223620966	0.550850690470741
1.00862134737163	3.83154039826047	0.422674906538491
2.18814373998627	3.89410238803693	1.08949416342412
4.71503776607919	2.86411841000992	0.0442511635004196
5.18196383611811	2.30563820859083	0.993362325474937
4.91798275730526	3.0060273136492	2.03097581445029
4.73640039673457	2.83054856183719	1.09712367437247
5.93881132219425	5.25368123903258	2.44907301441978
3.03044174868391	3.35393301289387	3.14030670634012
3.26543068589303	3.11894407568475	2.97245746547646
3.32646677347982	2.69779507133593	4.17486839093614
2.61997405966278	0.830090791180285	3.20744640268559
2.68253604943923	0.839246204318303	2.5833524071107
2.26901655603876	1.19172961013199	3.17692835889219
3.21507591363394	1.63576714732586	2.30411230640116
4.0161745632105	2.55588616769665	1.57930876630808
5.21095597772183	3.65300984206912	1.64492256046387
5.67025253681239	3.88799877927825	2.12710765239948
4.98512245365072	2.9755092698558	1.22224765392538
4.8706797894255	2.70389868009461	2.32547493705653
3.77508201724269	1.98672465094987	3.52941176470588
3.14183260852979	2.65201800564584	4.16113527122911
1.91958495460441	4.03448538948653	4.94392309452964
1.93789578088045	3.52635996032654	4.1519798580911
1.7792019531548	3.43022812237736	3.56603341725795
2.14389257648585	2.97856107423514	2.69779507133593
4.64484626535439	2.17746242465858	2.28274967574578
4.50293736171511	3.37224383916991	3.40428778515297
4.43427176317998	4.49683375295644	3.3325703822385
7.22209506370642	4.56092164492256	3.05790798809796
6.09140154116121	5.15297169451438	2.96482795452811
5.39559014267186	3.04264896620127	0.89570458533608
3.76134889753567	3.47142748149844	1.17799649042496
1.58541237506676	0.865186541542687	0.317387655451286
1.04982070649271	0.157167925535973	-0.718699931334401
-0.166323338673991	-0.0610360875867857	-0.462348363469902
-0.770580605783169	0.419623102159152	0.0244144350347143
-0.59662775616083	2.41397726405737	0.985732814526589
-0.282291905088884	2.04318303196765	0.790417334248875
-0.628671702143893	0.714122224765393	1.36263065537499
-1.1810482948043	1.77767605096513	0.29907682917525
0.360112916762036	1.47554741741054	0.120546272983902
0.537117570763714	2.69474326695659	-0.430304417486839
-0.378423743038071	1.15510795757992	-1.19020370794232
0.921644922560464	0.787365529869535	-1.27260242618448
2.4078736552987	1.25123979552911	-0.994888227664607
3.51567864499886	-1.2970168612192	-1.40535591668574
4.28473334859236	-1.89364461738003	-0.503547722590982
4.65094987411307	-1.15205615320058	-0.888075074387732
5.44594491493095	0.395208667124437	-0.607309071488518
3.07011520561532	-1.16426337071794	-0.875867856870375
1.8097199969482	-0.962844281681544	-1.78225375753414
1.50606546120394	0.201419089036393	-1.7441062027924
1.03761348897536	0.112916762035554	-2.02487220569162
0.666819256885634	-1.65407797360189	-2.88548104066529
0.0411993591210803	-0.331120775158312	-1.89364461738003
0.0335698481727321	-1.12458991378653	-3.48973830777447
-0.965896086060884	-2.54367895017929	-2.92668039978637
-2.99992370489052	-3.06858930342565	-2.52231631952392
-3.60112916762036	-2.60318913557641	-3.0060273136492
-4.50293736171511	-1.92874036774243	-1.63271534294652
-4.91493095292592	-0.735484855420768	-2.221713588159
-3.02433813992523	-0.903334096284428	-1.85854886701762
-2.53910124361028	0.244144350347143	-0.671396963454643
-1.31990539406424	0.846875715266651	0.106813153276875
0.163271534294652	-0.802624551766232	0.527962157625696
0.55390249485008	-0.262455176623178	1.1612115663386
0.880445563439384	0.404364080262455	1.88754100862135
3.97192339971008	0.686655985351339	1.22682536049439
3.50804913405051	-0.454718852521553	0.653086137178607
3.60112916762036	-1.48928053711757	-0.0183108262760357
2.37125200274662	-0.543221179522393	-0.343327992675669
1.67696650644694	-0.440985732814527	0.209048599984741
-0.0885023270008393	-1.29243915465019	-0.25482566567483
-2.63828488593881	-1.20088502327001	0.408941786831464
-0.117494468604562	-2.37888151369497	0.161745632104982
-1.40077821011673	-3.66674296177615	0.178530556191348
-1.6083009079118	-2.80766002899214	0.611886778057527
-1.40535591668574	-1.38857099259937	1.67086289768826
-0.688181887541009	-0.373846036469062	0.76752880140383
-2.43381399252308	0.326543068589303	1.90737773708705
-2.04470893415732	-0.46997787441825	1.05134660868238
-0.550850690470741	-1.27870603494316	2.2720683604181
-0.315861753261616	-1.06660563057908	1.54573891813535
0.415045395590143	0.0534065766384375	1.70290684367132
0.271610589761196	1.4679179064622	1.09254596780346
0.222781719691768	1.28786144808118	0.668345159075303
0.891126878767071	2.79545281147478	-0.341802090486
1.04829480430304	0.566109712367437	-2.0706492713817
1.49233234149691	0.0442511635004196	-1.15053025101091
0.759899290455482	2.33005264362554	-0.288395513847562
0.323491264209964	1.58999008163577	-0.569161516746777
-0.72480354009308	0.630197604333562	0.262455176623178
-1.22529945830472	0.733958953231098	-0.405889982452125
-1.12153810940719	-0.624093995574884	-2.15304798962387
-0.318913557640955	-0.512703135729	-1.5228503852903
0.227359426260777	-1.09102006561379	-2.35599298084993
0.2563515678645	-0.373846036469062	-2.22476539253834
0.244144350347143	0.845349813076982	-0.338750286106661
-0.222781719691768	1.72579537651637	2.26749065384909
-0.46845197222858	2.62455176623178	2.48874647135119
-1.01625085831998	3.36919203479057	1.99588006408789
-0.318913557640955	4.50446326390478	2.05691615167468
1.32753490501259	2.78019378957809	1.28938735027085
3.33409628442817	1.8951705195697	1.0101472495613
2.84733348592355	1.4526588845655	-0.410467689021134
3.03196765087358	0.207522697795071	-1.47096971084154
3.49126420996414	-0.151064316777295	-1.35347524223697
2.37888151369497	0.132753490501259	-2.00808728160525
0.648508430609598	-0.360112916762036	-2.05539024948501
1.9150072480354	0.762951094834821	-0.42572671091783
3.20286869611658	-0.0259403372243839	0.570687418936446
2.905317769131	1.2817578393225	1.55031662470436
3.65148393987945	1.36110475318532	3.25017166399634
3.0258640421149	2.77866788738842	2.90074006256199
2.03250171663996	1.99740596627756	2.43381399252308
0.881971465629053	1.66628519111925	0.918593118181125
-0.372320134279393	2.63065537499046	-0.277714198519875
0.55390249485008	2.90684367132067	0.0122072175173571
0.859082932784008	1.68764782177462	0.462348363469902
1.47402151522087	1.86923018234531	-0.132753490501259
0.949111161974517	0.267032883192187	0.280766002899214
1.5579461356527	1.81887541008621	-0.0152590218966964
0.885023270008392	0.527962157625696	-1.48470283054856
-0.321965362020295	-0.288395513847562	-2.09353780422675
-0.85297932402533	-0.337224383916991	-2.06301976043336
-3.0106050202182	-1.48317692835889	-1.46944380865187
-2.95872434576944	-0.477607385366598	-0.686655985351339
-2.00198367284657	-0.801098649576562	-0.00762951094834821
-2.3422598611429	0.0457770656900893	-0.224307621881437
-1.15815976195926	2.69321736476692	-0.448615243762875
-0.807202258335241	0.991836423285267	-1.53658350499733
-1.79903868162051	0.729381246662089	-1.86923018234531
-2.8198672465095	1.23598077363241	-1.59914549477379
-2.7496757457847	-0.387579156176089	-2.22018768596933
-1.79293507286183	0.688181887541009	-1.77309834439612
0.480659189745937	2.7191577019913	-1.74105439841306
-0.181582360570687	2.29343099107347	-2.82902265964752
1.14442664225223	0.89417868314641	-2.87937743190661
2.46890974288548	1.30006866559854	-1.59609369039445
3.1616693369955	1.75631342030976	-0.459296559090562
2.58030060273137	1.19783321889067	-1.73342488746471
0.250247959105821	1.01625085831998	-1.11696040283818
0.773632410162509	1.26802471961547	-1.2466620889601
-2.0004577706569	1.39467460135805	-2.95109483482109
-3.54772259098192	0.747692072938125	-2.63218127718013
-3.01670862897688	-1.28633554589151	-1.83871213855192
-3.61181048294804	-0.131227588311589	-0.737010757610437
-0.268558785381857	-0.703440909437705	-1.30312046997787
0.457770656900893	-0.787365529869535	-2.32852674143587
-0.280766002899214	-1.65560387579156	-3.77203021286336
0.909437705043107	-2.34683756771191	-5.25825894560159
-0.488288700694285	-1.49385824368658	-4.54566262302586
-1.56862745098039	-1.70290684367132	-4.74860761425193
-1.3870450904097	-1.88143739986267	-3.44701304646372
-3.54467078660258	-2.31784542610819	-3.6743724727245
-2.392614633402	-3.66063935301747	-2.95414663920043
-2.31326771953918	-2.38193331807431	-1.19478141451133
-0.16937514305333	-1.90280003051804	-0.941481651026169
0.173952849622339	-0.325017166399634	1.91958495460441
-0.366216525520714	0.248722056916152	0.476081483176928
-0.233463035019455	0.108339055466545	-0.782787823300526
-0.393682764934768	-0.932326237888151	-1.79598687724117
-1.55489433127337	-2.62149996185245	-4.20843823910887
-2.50858319981689	-3.85900663767453	-5.64431219958801
-2.71152819104295	-5.31166552224002	-4.07721065079728
-2.34378576333257	-4.8401617456321	-3.54009308003357
-0.636301213092241	-2.45517662317845	-1.3015945677882
0.582894636453803	-3.39665827420462	-0.347905699244678
3.01670862897688	-0.163271534294652	0.241092545967803
3.75371938658732	2.21560997940032	3.6087586785687
3.17235065232319	1.96688792248417	1.43892576485847
0.280766002899214	2.16983291371023	0.89723048752575
0.375371938658732	1.16273746852827	0.46997787441825
-0.625619897764553	-1.36568245975433	-0.488288700694285
-0.0839246204318303	0.703440909437705	-1.09102006561379
0.81025406271458	-0.221255817502098	-0.184634164950027
2.5284199282826	-0.0762951094834821	0.671396963454643
2.09353780422675	-1.4877546349279	0.103761348897536
1.40383001449607	-3.47447928587778	0.994888227664607
1.74258030060273	-3.08232242313268	-1.10322728313115
1.20088502327001	-5.63363088426032	-2.05844205386435
-1.09864957656214	-5.52224002441443	-1.60372320134279
-1.43282215609979	-5.4032196536202	-2.73136491950866
0.137331197070268	-5.50698100251774	-1.26497291523613
1.55642023346304	-2.2064545662623	0.698863202868696
1.45418478675517	-1.49691004806592	1.88906691081102
2.63981078812848	0.230411230640116	3.29900053406577
3.29594872968643	2.3071641107805	4.13519493400473
2.79545281147478	0.325017166399634	4.40070191500725
1.71206225680934	-0.563057907988098	2.9907682917525
0.292973220416571	-3.31578545815213	0.927748531319142
0.471503776607919	-1.80056458381018	0.102235446707866
1.09407186999313	-3.68047608148318	-0.929274433508812
0.267032883192187	-3.54009308003357	-1.72579537651637
-0.12817578393225	-3.95361257343404	-1.44350347142748
-0.0320439459830625	-5.58175020981155	-1.94247348744945
-0.114442664225223	-4.3930724040589	-1.8097199969482
0.286869611657893	-3.44548714427405	-0.138857099259937
0.276188296330205	-2.87937743190661	-0.599679560540169
2.87785152971695	-0.846875715266651	1.7792019531548
1.56099794003204	-1.80666819256886	1.19020370794232
0.315861753261616	-2.61997405966278	0.608834973678187
0.610360875867857	-5.24147402151522	0.0289921416037232
-0.12817578393225	-5.47646295872435	-1.7242694743267
-1.46028839551385	-5.36659800106813	-2.5284199282826
0.81177996490425	-4.82185091935607	-2.06149385824369
2.54062714579995	-2.71610589761196	-0.907911802853437
2.38803692683299	-3.13572899977111	-0.572213321126116
3.93224994277867	-2.81223773556115	0.344853894865339
2.35599298084993	-3.48973830777447	1.22987716487373
2.11184863050278	-2.38803692683299	1.01625085831998
1.00251773861295	-1.31532768749523	1.82497901884489
0.604257267109178	-1.78530556191348	-0.0579842832074464
0.485236896314946	-3.17235065232319	-0.535591668574044
-0.282291905088884	-3.95666437781338	-3.19218738078889
0.167849240863661	-7.48149843595026	-4.3274586099031
0.175478751812009	-6.9718471046006	-3.44090943770504
1.55947203784237	-5.04463263904784	-2.61844815747311
1.32143129625391	-4.02380407415885	-1.14900434882124
0.592050049591821	-3.22423132677195	-0.689707789730678
2.4078736552987	-1.75020981155108	0.564583810177768
0.556954299229419	-1.15968566414893	0.161745632104982
0.167849240863661	-1.19325551232166	1.03608758678569
-0.877393759060044	-1.68764782177462	1.29091325246052
-0.531013962005035	-0.173952849622339	1.2970168612192
1.6739147020676	0.407415884641794	-0.265506981002518
-0.727855344472419	0.695811398489357	-0.788891432059205
-1.03456168459602	-1.07270923933776	-2.62912947280079
-1.85091935606928	-0.447089341573205	-3.40733958953231
-1.97909514000153	-1.28938735027085	-3.4378576333257
-1.19172961013199	-1.13374532692454	-3.58739604791333
-1.59761959258412	0.0762951094834821	-2.63218127718013
-1.55947203784237	0.891126878767071	-3.69878690775921
0.204470893415732	0.16937514305333	-3.36614023041123
-0.143434805828946	-0.183108262760357	-1.39772640573739
1.09102006561379	-0.914015411612116	-1.32600900282292
3.42565041580835	-0.849927519645991	-1.37941557946136
2.88090333409628	-4.40985732814527	-2.06149385824369
3.05333028152895	-3.11284046692607	-2.3422598611429
2.52231631952392	-2.18356603341726	-2.06759746700237
-0.46997787441825	-2.82597085526818	-3.05638208590829
-0.00305180437933928	-2.10269321736477	-1.3168535896849
-0.106813153276875	-0.985732814526589	0.132753490501259
2.63981078812848	-0.900282291905089	0.732433051041428
2.8549629968719	-0.328068970778973	3.59502555886168
3.97955291065843	-1.28938735027085	2.43076218814374
3.77355611505303	-0.733958953231098	3.24406805523766
2.82597085526818	1.27260242618448	3.39513237201495
1.87075608453498	0.514229037918669	2.72831311512932
3.39818417639429	1.76394293125811	2.55283436331731
3.74151216906996	2.16220340276188	3.92767223620966
2.81528953994049	3.08537422751202	4.14587624933242
3.04875257495994	0.567635614557107	4.40985732814527
0.585946440833143	-0.218204013122759	3.47753109025711
-0.46997787441825	-0.326543068589303	1.06202792401007
-1.19172961013199	-3.02281223773556	-0.988784618905928
-1.2817578393225	-1.51979858091096	-0.321965362020295
1.48928053711757	-0.645456626230259	0.163271534294652
1.88906691081102	-0.103761348897536	1.45571068894484
3.55230029755093	1.62203402761883	2.79392690928511
2.35446707866026	1.34431982909895	1.98977645532921
1.93789578088045	1.54421301594568	2.28885328450446
2.11642633707179	1.05592431525139	1.57015335317006
-0.605783169298848	0.115968566414893	-0.347905699244678
-0.642404821850919	0.657663843747616	-0.401312275883116
-0.685130083161669	-0.119020370794232	-1.38399328603037
-1.18410009918364	-0.953688868543526	-2.23544670786603
-1.52590218966964	-0.72327763790341	-3.63317311360342
-1.89669642175937	-1.31837949187457	-2.09048599984741
-0.387579156176089	-0.85297932402533	-1.64492256046387
1.18562600137331	0.886549172198062	-0.328068970778973
1.57930876630808	1.49385824368658	-0.0335698481727321
2.16525520714122	1.42366674296178	0.100709544518196
1.95315480277714	0.691233691920348	-0.975051499198901
-1.28786144808118	0.317387655451286	-1.37483787289235
-2.11642633707179	-1.08949416342412	-2.73289082169833
-0.59510185397116	0.489814602883955	-2.03250171663996
-0.0961318379491875	0.617990386816205	-2.50705729762722
0.566109712367437	0.0198367284657053	-2.7847714961471
0.390630960555428	0.225833524071107	-2.5787747005417
2.13473716334783	0.486762798504616	-2.03707942320897
1.67086289768826	1.7593652246891	0.466926070038911
2.16983291371023	2.05844205386435	1.68459601739528
2.04318303196765	3.80102235446708	3.74761577782864
2.32089723048753	3.61028458075837	5.54818036163882
3.74761577782864	3.11589227130541	5.41084916456855
3.66216525520714	5.13313496604868	5.23994811932555
3.82848859388113	3.87121385519188	3.7247272449836
3.29900053406577	3.6087586785687	-0.0930800335698482
3.43633173113603	4.06195162890059	-0.582894636453803
4.9057755397879	3.64690623331044	-1.84786755168994
4.5639734493019	3.20592050049592	-1.95620660715648
4.77607385366598	0.949111161974517	-1.4679179064622
4.94544899671931	1.13679713130388	-0.915541313801785
3.62554360265507	2.5284199282826	0.868238345922026
1.85549706263828	2.54215304798962	0.581368734264134
1.6586556801709	2.81834134431983	2.19729915312428
0.836194399938964	3.07316700999466	1.49843595025559
1.53963530937667	2.21255817502098	1.52590218966964
1.17952239261463	3.35088120851453	0.292973220416571
0.840772106507973	0.970473792629892	-1.59456778820478
-0.958266575112535	0.798046845197223	-0.428778515297169
-0.0152590218966964	2.1713588158999	-1.08949416342412
-0.506599526970321	1.27718013275349	-0.192263675898375
1.32448310063325	1.55031662470436	1.84023804074159
1.51216906996262	0.885023270008392	1.59456778820478
2.07827878233005	2.55283436331731	2.36057068741894
1.20851453421836	1.19172961013199	-1.16426337071794
1.8448157473106	1.75020981155108	0.305180437933928
1.82040131227588	2.18966964217594	-0.0534065766384375
1.95773250934615	1.0955977721828	-0.587472343022812
0.321965362020295	0.819409475852598	-0.550850690470741
0.0625619897764553	-1.53963530937667	-1.48317692835889
-1.27412832837415	-2.08438239108873	-2.72220950637064
-0.314335851071946	-2.35599298084993	-2.00656137941558
-1.64950026703288	-3.32646677347982	-2.70084687571527
-2.22781719691768	-2.83207446402686	-2.77409018081941
-0.785839627679866	-2.41855497062638	-1.71358815899901
-0.878919661249714	-1.68307011520562	-2.24460212100404
-0.869764248111696	-2.19424734874495	-1.45571068894484
0.63782711528191	-2.56809338521401	-1.03761348897536
-0.25787747005417	-0.523384451056687	1.1306935225452
-0.364690623331044	0.750743877317464	1.52895399404898
-0.323491264209964	-1.32143129625391	1.68764782177462
-1.65255207141222	-2.22323949034867	1.57930876630808
-1.26802471961547	-3.41802090486	-0.965896086060884
-0.926222629129473	-3.59502555886168	-1.43892576485847
-3.50194552529183	-4.3274586099031	-2.11795223926146
-2.63675898374914	-3.79034103913939	-2.13778896772717
-4.56092164492256	-2.81376363775082	-1.59609369039445
-2.70084687571527	-2.08133058670939	-1.86312657358663
-3.68200198367285	-0.76600289921416	-1.2314030670634
-0.335698481727321	-0.177004654001679	-0.25787747005417
-0.816357671473259	-1.79903868162051	0.573739223315785
-0.401312275883116	-0.0610360875867857	1.60677500572213
0.402838178072786	-0.80872816052491	2.19729915312428
-0.791943236438544	-1.62966353856718	2.40482185091936
-2.22934309910735	-2.75883115892271	1.37178606851301
-2.11947814145113	-4.02227817196918	-0.930800335698482
-2.46890974288548	-3.66521705958648	-1.38399328603037
-1.12306401159686	-5.11482413977264	-0.691233691920348
-1.05897611963073	-5.3833829251545	0.354009308003357
-1.62203402761883	-4.30609597924773	0.0366216525520714
-0.59510185397116	-4.00396734569314	0.296025024795911
-2.40634775310903	-4.69367513542382	0.00305180437933928
-3.27763790341039	-5.08888380254826	-0.903334096284428
-4.72724498359655	-4.97901884489204	-2.14694438086519
-4.68146791790646	-3.99786373693446	-3.34019989318685
-2.39108873121233	-4.34729533836881	-2.80155642023346
1.55031662470436	-2.87785152971695	-1.10780498970016
0.381475547417411	-2.52079041733425	-1.5884641794461
1.77462424658579	-0.155642023346304	0.55542839703975
1.46181429770352	0.021362630655375	-0.503547722590982
1.66933699549859	-0.46845197222858	0.280766002899214
-0.901808194094759	0.547798886091402	-2.17746242465858
-1.91195544365606	-0.689707789730678	-4.83710994125277
-1.88448920424201	-0.167849240863661	-3.96429388876173
-2.64286259250782	-1.52132448310063	-3.56298161287861
-2.63828488593881	-1.35957885099565	-3.73388265812161
-1.06965743495842	-1.15510795757992	-2.87479972533761
-0.709544518196384	-1.41908903639277	-0.718699931334401
-0.917067215991455	-1.8295567254139	0.291447318226902
0.891126878767071	-1.85549706263828	0.866712443732357
-2.07370107576104	-1.9501029983978	0.262455176623178
-5.11787594415198	-2.6993209735256	-0.434882124055848
-4.64484626535439	-4.45410849164569	-0.694285496299687
-4.27862973983368	-2.39719233997101	0.346379797055009
-4.26337071793698	-2.55130846112764	0.161745632104982
-2.51621271076524	-3.78728923476005	-0.0411993591210803
-0.234988937209125	-3.97039749752041	0.72480354009308
0.602731364919509	-3.87579156176089	0.634775310902571
1.92263675898375	-2.47348744945449	0.0656137941557946
2.33768215457389	-2.71152819104295	-1.02388036926833
2.69169146257725	-1.89364461738003	-0.999465934233616
3.12809948882277	0.0366216525520714	0.00457770656900893
4.57312886243992	0.0411993591210803	-0.63782711528191
2.98771648737316	1.16578927290761	0.396734569314107
3.00297550926986	1.67086289768826	0.448615243762875
2.6688029297322	1.85854886701762	1.36110475318532
1.93789578088045	2.07980468451972	1.42977035172045
2.22476539253834	1.64950026703288	1.4023041123064
3.44090943770504	1.68764782177462	1.89669642175937
1.56099794003204	0.152590218966964	2.15762569619287
2.87785152971695	-0.354009308003357	2.01113908598459
2.75120164797436	-0.135805294880598	1.62966353856718
1.54879072251469	-0.411993591210803	0.643930724040589
1.46639200427253	-2.41702906843671	-0.132753490501259
-0.329594872968643	-1.84939345387961	-0.932326237888151
0.361638818951705	-2.80766002899214	-2.39719233997101
0.753795681696803	-1.03913939116503	-0.691233691920348
-0.331120775158312	-2.3773556115053	-2.48416876478218
0.549324788281071	-2.35294117647059	-2.64286259250782
-0.987258716716259	-2.50705729762722	-2.6337071793698
-0.535591668574044	-5.31624322880903	-2.64438849469749
-0.918593118181125	-5.87319752803845	-2.18356603341726
-0.471503776607919	-6.67429617761502	-2.51163500419623
0.209048599984741	-6.19058518348974	-0.906385900663767
-0.273136491950866	-5.87319752803845	-1.84786755168994
1.01167315175097	-6.48661020828565	-1.97299153124285
-1.21461814297704	-6.91081101701381	-1.85549706263828
-2.6642252231632	-6.59342336156252	-2.51468680857557
-1.56099794003204	-3.51415274280919	-1.88143739986267
-0.740062561989776	-3.41039139391165	-2.90836957351034
1.93331807431144	-0.849927519645991	-3.55535210193027
0.881971465629053	1.48470283054856	-3.16624704356451
1.76241702906844	1.9302662699321	-3.38139925230793
3.87121385519188	1.30312046997787	-2.6642252231632
2.03250171663996	1.13984893568322	-0.704966811627375
2.21255817502098	0.375371938658732	-0.529488059815366
2.32852674143587	0.248722056916152	1.63424124513619
4.39154650186923	-0.354009308003357	1.49538414587625
2.89921416037232	1.70443274586099	2.01876859693294
2.20950637064164	2.67185473411154	2.45822842755779
2.50400549324788	2.44144350347143	1.1261158159762
1.62813763637751	2.00656137941558	0.112916762035554
0.750743877317464	-0.926222629129473	-1.1612115663386
0.0457770656900893	-2.35904478522927	-0.740062561989776
0.949111161974517	-3.86205844205386	-0.224307621881437
1.82497901884489	-2.06454566262303	0.798046845197223
1.9302662699321	-1.19172961013199	1.00556954299229
3.84679942015717	-0.323491264209964	1.22835126268406
4.42206454566262	1.96231021591516	2.46585793850614
4.101625085832	0.834668497749294	1.879911497673
3.74761577782864	-0.578316929884794	1.95925841153582
3.60418097199969	-1.08949416342412	-0.125123979552911
3.7796597238117	-0.924696726939803	0.0686655985351339
2.42923628595407	-1.25581750209812	-0.607309071488518
1.97756923781186	-2.47501335164416	-1.93636987869078
-1.11848630502785	-4.56092164492256	-3.54009308003357
-3.20439459830625	-5.79232471198596	-3.36461432822156
-4.08941786831464	-6.64682993820096	-2.22934309910735
-4.20233463035019	-6.96879530022126	-2.64133669031815
-1.87838559548333	-4.64484626535439	-1.13374532692454
1.10017547875181	-2.64286259250782	1.50148775463493
0.949111161974517	0.210574502174411	2.97703517204547
4.09246967269398	1.52132448310063	2.80155642023346
3.10978866254673	1.82650492103456	1.5533684290837
3.54314488441291	2.1011673151751	0.173952849622339
2.7191577019913	0.218204013122759	-0.199893186846723
-2.49027237354086	-2.42008087281605	-2.85343709468223
-5.48561837186236	-3.77660791943236	-4.44953078507668
-8.05371175707637	-3.96734569314107	-4.34576943617914
-8.91126878767071	-3.98870832379644	-5.86251621271076
-9.29274433508812	-4.20843823910887	-4.19775692378119
-5.11787594415198	-3.15403982604715	-2.70695048447395
-3.08995193408103	-3.32799267566949	-1.41298542763409
-1.09712367437247	-0.662241550316625	-0.544747081712062
0.317387655451286	-0.953688868543526	-1.59456778820478
0.183108262760357	0.903334096284428	-1.55947203784237
-0.827038986800946	3.11284046692607	-2.13473716334783
-0.244144350347143	2.52384222171359	-2.37125200274662
0.926222629129473	1.82345311665522	-0.98268101014725
0.259403372243839	2.35599298084993	-1.17647058823529
-1.27107652399481	1.80666819256886	-1.30617227435721
-1.52590218966964	0.379949645227741	-1.94094758525978
-1.15663385976959	-1.26192111085679	-4.40070191500725
-3.60112916762036	-1.34431982909895	-3.95208667124437
-3.10368505378805	-1.4175631342031	-3.48210879682612
-1.55947203784237	-3.21812771801328	-2.96025024795911
0.843823910887312	-1.47096971084154	-1.32906080720226
0.650034332799268	-1.77309834439612	-1.1261158159762
1.31227588311589	-1.12306401159686	-2.60166323338674
2.43839169909209	1.61593041886015	-1.54879072251469
1.48317692835889	1.80361638818952	-0.698863202868696
0.85145342183566	1.74715800717174	-0.820935378042267
1.34584573128862	1.64797436484321	0.112916762035554
0.752269779507134	2.16983291371023	0.929274433508812
-0.138857099259937	-0.106813153276875	-0.456244754711223
-0.321965362020295	0.390630960555428	-1.07270923933776
-1.06965743495842	2.13778896772717	-1.94552529182879
-1.64034485389487	0.180056458381018	-3.86968795300221
-2.51621271076524	1.11696040283818	-3.64843213550011
-4.25574120698863	-0.294499122606241	-4.09857328145266
-5.39559014267186	-2.72983901731899	-4.97901884489204
-4.73945220111391	-4.2572671091783	-3.86968795300221
-3.99328603036545	-5.17128252079042	-4.45410849164569
-2.3422598611429	-3.8956282902266	-2.89921416037232
-0.521858548867018	-3.16929884794385	-3.07927061875334
0.337224383916991	-2.31174181734951	-2.5482566567483
-0.476081483176928	-1.12764171816587	-2.02334630350195
0.521858548867018	-2.81376363775082	-0.837720302128634
-0.910963607232776	-2.76340886549172	-0.326543068589303
-0.874341954680705	-2.81376363775082	-1.00251773861295
2.27664606698711	-4.02990768291752	-1.55642023346304
2.07675288014038	-3.66521705958648	-0.846875715266651
1.09254596780346	-4.41596093690394	-2.4429694056611
1.56710154879072	-5.25978484779126	-4.02075226977951
0.798046845197223	-5.42000457770657	-1.91653315022507
1.40993362325475	-4.98512245365072	-1.32295719844358
0.0671396963454643	-4.29999237048905	0.454718852521553
1.2115663385977	-2.50400549324788	2.58487830930037
0.00152590218966964	-0.46997787441825	4.32593270771344
0.463874265659571	-0.68207827878233	4.2923628595407
1.72732127870604	-2.55283436331731	2.81681544213016
2.31937132829786	-3.60570687418936	2.30258640421149
2.33310444800488	-3.38445105668727	1.67544060425727
2.08743419546807	-2.01724269474327	1.2314030670634
3.32646677347982	-2.57724879835203	0.115968566414893
1.98977645532921	-2.66727702754253	-0.72327763790341
-0.486762798504616	-2.38956282902266	-0.843823910887312
-1.49691004806592	-2.26443884946975	-0.349431601434348
-1.50606546120394	-1.92874036774243	0.141908903639277
-0.970473792629892	-0.354009308003357	1.14747844663157
0.0152590218966964	-0.450141145952544	3.09910734721904
1.71358815899901	1.97146562905318	4.90730144197757
2.85648889906157	-1.1459525444419	3.80712596322576
3.51873044937819	-0.825513084611276	4.57007705806058
4.03448538948653	-2.07827878233005	1.58083466849775
3.1815060654612	-3.85900663767453	-1.879911497673
1.9653620202945	-2.72526131074998	-2.97703517204547
0.787365529869535	-4.01159685664149	-6.21652552071412
1.82803082322423	-2.92362859540703	-5.30098420691234
-1.14442664225223	-2.80918593118181	-5.13313496604868
-0.683604180972	-1.75326161593042	-3.20744640268559
-2.31479362172885	-1.72274357213703	-1.62203402761883
-0.993362325474937	-1.08949416342412	-0.645456626230259
-0.234988937209125	0.0442511635004196	0.89417868314641
0.154116121156634	0.904859998474098	2.65049210345617
1.57930876630808	0.561532005798428	1.85244525825895
2.0706492713817	1.68612191958495	3.47142748149844
0.779736018921187	-0.0518806744487678	2.58793011367971
-3.11894407568475	1.4877546349279	2.06301976043336
-1.84176394293126	-0.189211871519036	1.02998397802701
-4.67536430914778	-2.36820019836728	1.39162279697871
-4.37323567559319	-2.68558785381857	0.508125429159991
-2.53604943923095	-3.25627527275502	0.0335698481727321
-1.60372320134279	-3.02433813992523	1.6083009079118
-1.55031662470436	-2.68711375600824	2.30106050202182
-0.657663843747616	-3.75066758220798	1.71206225680934
0.46997787441825	-2.33768215457389	3.37529564354925
0.141908903639277	-1.68001831082628	2.37582970931563
-0.831616693369955	-1.15815976195926	0.683604180972
-1.05134660868238	-2.0157167925536	-0.773632410162509
-1.90280003051804	-2.98924238956283	-1.8997482261387
-2.68101014724956	-3.06858930342565	-3.75829709315633
-1.38551918822004	-4.33966582742046	-5.08125429159991
-1.71816586556802	-5.01716639963378	-4.53650720988785
-1.91195544365606	-4.14892805371176	-4.74708171206226
-1.89669642175937	-4.55481803616388	-4.59449149309529
-0.828564888990616	-4.73640039673457	-3.64538033112078
-1.75326161593042	-5.76638437476158	-5.468833447776
-2.62455176623178	-6.55832761120012	-3.18913557640955
-2.41702906843671	-4.74250400549325	-2.79850461585412
-2.6642252231632	-4.61890592813001	-0.691233691920348
-1.92721446555276	-2.31631952391852	3.08079652094301
-0.21515220874342	-1.81277180132753	4.91798275730526
-0.653086137178607	0.569161516746777	6.71854734111543
1.58236057068742	0.329594872968643	5.99374380102235
0.38452735179675	-0.440985732814527	4.41596093690394
-0.572213321126116	0.648508430609598	3.23033493553063
-1.26497291523613	-1.84176394293126	-0.155642023346304
0.0137331197070268	-2.15304798962387	-1.66781109330892
0.460822461280232	-1.33516441596094	-2.74662394140536
0.807202258335241	-1.01472495613031	-2.85648889906157
-2.00350957503624	0.677500572213321	-1.82345311665522
-0.0839246204318303	1.80514229037919	-1.08796826123445
-0.488288700694285	2.46433203631647	1.02845807583734
-0.920119020370794	1.879911497673	2.75883115892271
1.08186465247578	0.413519493400473	1.51216906996262
3.42259861142901	0.564583810177768	1.15968566414893
3.26543068589303	-0.89723048752575	-0.987258716716259
4.40985732814527	1.44350347142748	-2.16067750057221
3.43022812237736	1.70138094148165	-2.28885328450446
1.79598687724117	0.85297932402533	-1.94857709620813
0.338750286106661	0.89570458533608	-1.09712367437247
1.79751277943084	-0.260929274433509	0.0869764248111696
1.04676890211337	-0.601205462729839	2.5482566567483
1.17647058823529	-0.0625619897764553	5.40627145799954
2.79392690928511	1.27260242618448	8.1025406271458
2.30106050202182	3.25322346837568	10.9254596780346
2.40939955748836	2.39871824216068	10.6462195773251
1.44655527580682	3.68047608148318	7.45860990310521
0.98268101014725	2.03097581445029	2.09506370641642
-1.30769817654688	0.305180437933928	-2.95262073701076
-0.64087891966125	-0.00457770656900893	-5.81673914702068
-0.730907148851759	-0.691233691920348	-7.87670710307469
-2.31479362172885	0.0228885328450446	-8.1879911497673
-1.52132448310063	0.00915541313801785	-6.35996032654307
0.868238345922026	0.860608834973678	-6.16311894407569
0.137331197070268	0.885023270008392	-4.70283054856184
-0.616464484626535	-1.34126802471962	-5.13923857480736
-0.898756389715419	-1.56862745098039	-5.39559014267186
-2.06454566262303	-2.45212481879912	-5.59090562294957
-2.04928664072633	-2.76798657206073	-6.07309071488518
0.34027618829633	-0.755321583886473	-3.51110093842985
0.943007553215839	-0.0137331197070268	-2.57419699397269
2.35141527428092	0.0717174029144732	-0.959792477302205
4.17029068436713	1.00099183642329	-0.221255817502098
3.06553749904631	1.4023041123064	1.48317692835889
1.47859922178988	1.83108262760357	4.17334248874647
1.81277180132753	0.804150453955901	7.13054093232624
2.23849851224537	3.34019989318685	10.078583962768
1.61135271229114	2.2064545662623	11.5770199130236
2.91142137788968	0.839246204318303	10.406652933547
2.26596475165942	0.646982528419928	7.06340123598077
2.12558175020981	0.38452735179675	2.563515678645
-0.103761348897536	0.080872816052491	0.747692072938125
-0.89417868314641	0.444037537193866	-2.14694438086519
-0.482185091935607	0.187685969329366	-4.65552758068208
-0.387579156176089	-0.624093995574884	-4.26184481574731
0.985732814526589	0.205996795605402	-3.8452735179675
2.77409018081941	1.62966353856718	-4.04669260700389
3.7796597238117	0.968947890440223	-3.37071793698024
3.06553749904631	0.486762798504616	-3.59197375448234
5.41390096894789	2.12710765239948	-2.12710765239948
4.35034714274815	0.50965133134966	-2.00198367284657
3.70183871213855	0.89417868314641	-0.331120775158312
2.7191577019913	-0.283817807278553	0.558480201419089
1.64187075608453	-0.578316929884794	3.03807125963226
-1.84328984512093	0.119020370794232	2.95872434576944
-0.901808194094759	-0.671396963454643	3.23796444647898
-1.56099794003204	-0.183108262760357	5.77248798352026
0.180056458381018	2.00350957503624	8.24750133516442
1.67849240863661	3.87426565957122	11.6151674677653
4.0360112916762	5.81368734264134	18.9089799343862
4.50751506828412	5.22926680399786	19.4430457007706
8.4443427176318	6.10971236743725	17.6195925841154
6.58731975280384	6.25467307545586	12.9152361333639
6.11276417181659	5.18654154268711	6.41947051194018
4.1214618142977	5.94949263752194	1.62203402761883
1.3321126115816	5.52224002441443	-2.18204013122759
-0.666819256885634	5.56954299229419	-3.28679331654841
0.486762798504616	4.1718165865568	-2.40482185091936
-0.0686655985351339	1.31837949187457	-3.75371938658732
1.17647058823529	2.89768825818265	-5.50545510032807
1.46334019989319	2.70084687571527	-6.5796902418555
2.05691615167468	5.02479591058213	-6.05325398641947
-0.0122072175173571	3.99481193255512	-7.61272602426184
-0.25787747005417	2.32394903486687	-7.07255664911879
-1.00862134737163	1.83413443198291	-4.41901274128328
1.78988326848249	1.62203402761883	-2.18814373998627
-0.668345159075303	1.11238269626917	-1.02693217364767
-0.465400167849241	2.79392690928511	-0.0152590218966964
0.93842984664683	3.02281223773556	1.63424124513619
0.817883573662928	2.33768215457389	1.98977645532921
-0.360112916762036	0.856031128404669	2.76035706111238
3.30663004501411	1.05134660868238	5.81368734264134
2.04928664072633	1.89211871519036	7.57305256733043
1.52132448310063	2.7496757457847	8.9219501029984
1.29091325246052	4.16418707560845	10.5348287174792
-0.183108262760357	3.2822156099794	9.54451819638361
-0.796520943007553	1.70138094148165	6.49576562142367
-0.72327763790341	2.13473716334783	3.50652323186084
-2.32547493705653	0.460822461280232	0.021362630655375
0.207522697795071	-0.436408026245518	-2.42923628595407
0.990310521095598	-1.52742809185931	-4.87983520256352
1.13984893568322	-0.610360875867857	-4.21606775005722
1.73342488746471	0.0305180437933928	-4.12756542305638
2.52536812390326	-1.02845807583734	-3.68200198367285
4.4937819485771	-0.102235446707866	-2.87479972533761
3.46532387273976	0.2563515678645	-3.75066758220798
2.17593652246891	1.30922407873655	-3.51110093842985
1.71816586556802	0.749217975127794	-2.83054856183719
2.5986114290074	0.85297932402533	-2.83207446402686
2.25375753414206	1.79598687724117	-2.08743419546807
2.76798657206073	0.311284046692607	-2.71610589761196
3.54772259098192	-0.46845197222858	-2.56198977645533
3.37987335011826	-0.326543068589303	-1.42214084077211
3.85442893110552	-1.26344701304646	0.210574502174411
4.09094377050431	-1.48317692835889	2.71305409323262
2.92668039978637	1.2314030670634	5.73586633096818
2.53604943923095	2.56504158083467	7.25413900968948
2.63218127718013	2.70695048447395	6.44235904478523
3.53093766689555	2.34378576333257	5.42153047989624
0.621042191195544	3.02738994430457	2.64133669031815
0.538643472953384	1.67238879987793	-0.943007553215839
-0.973525597009232	2.11337453269245	-3.26085297932403
-0.166323338673991	2.56504158083467	-5.42763408865492
-1.08033875028611	1.71358815899901	-6.95963988708324
-1.01930266269932	2.16067750057221	-6.52628366521706
-1.6388189517052	2.61539635309377	-6.51865415426871
-1.37483787289235	3.47142748149844	-4.89814602883955
-2.61997405966278	1.58236057068742	-4.26642252231632
-5.11787594415198	0.804150453955901	-5.88540474555581
-3.54772259098192	-0.0183108262760357	-6.04409857328145
-2.49942778667887	0.0549324788281071	-6.40573739223316
-0.46997787441825	0.970473792629892	-5.72976272220951
0.332646677347982	2.75730525673304	-2.67948424505989
1.42519264515145	3.82848859388113	-0.120546272983902
3.09452964065003	5.4535744258793	4.3274586099031
3.73083085374228	6.36758983749142	6.94438086518654
4.06042572671092	5.41237506675822	10.6080720225834
5.47188525215534	6.24551766231785	11.3313496604868
2.18814373998627	5.77401388570993	9.90615701533532
0.610360875867857	3.83916990920882	6.10360875867857
-3.4378576333257	1.43129625391012	1.24361028458076
-5.40627145799954	0.914015411612116	-1.99588006408789
-6.84824902723735	0.775158312352178	-3.4882124055848
-6.53849088273442	0.314335851071946	-5.79079880979629
-3.89257648584726	1.47402151522087	-6.20126649881743
-3.00144960708019	0.50965133134966	-3.8803692683299
-2.15762569619287	0.621042191195544	-5.58175020981155
-1.02845807583734	1.13984893568322	-6.25925078202487
-1.4724956130312	2.54673075455863	-5.36659800106813
-2.62607766842145	4.58533607995727	-4.71656366826886
-2.72373540856031	5.32539864194705	-5.4337376974136
-3.0106050202182	5.26436255436027	-5.13923857480736
-2.77256427862974	3.19981689173724	-3.32799267566949
-0.634775310902571	3.17387655451286	-2.28122377355611
1.00862134737163	3.6743724727245	-0.538643472953384
2.48722056916152	3.84832532234684	-0.372320134279393
4.6494239719234	6.82536049439231	0.552376592660411
4.30457007705806	7.08934157320516	5.12855725947967
4.41748683909361	7.97283894102388	8.73731593804837
1.47707331960021	8.60761425192645	13.1044480048829
-0.489814602883955	5.87014572365911	12.4879835202564
-3.90325780117494	5.95864805065995	13.4676127260243
-3.25627527275502	4.60212100404364	7.65850308995193
-4.91493095292592	3.80102235446708	3.1113145647364
-4.84321355001144	3.52788586251621	-1.6586556801709
-5.64278629739834	1.57625696192874	-4.86152437628748
-4.77759975585565	2.82139314869917	-5.33760585946441
-3.87884336614023	2.60013733119707	-4.78370336461433
-4.13977264057374	3.18760967421988	-4.98512245365072
-4.1214618142977	3.71099412527657	-4.06042572671092
-5.0614175631342	3.13572899977111	-5.02174410620279
-4.78065156023499	5.06599526970321	-3.20897230487526
-4.28473334859236	5.02174410620279	-2.40024414435035
-2.41397726405737	4.31677729457542	-1.7792019531548
-2.07827878233005	5.47035934996567	-0.917067215991455
1.879911497673	5.00953688868544	1.20698863202869
2.43686579690242	5.43526359960327	2.0660715648127
3.14030670634012	6.16159304188602	3.34935530632486
5.05378805218585	4.07110704203861	3.80712596322576
5.35439078355077	4.40070191500725	6.14175631342031
5.52681773098344	3.64385442893111	5.69314106965744
4.65094987411307	4.80659189745937	8.47791256580453
2.72678721293965	3.44701304646372	9.29579613946746
0.990310521095598	3.85137712672618	9.11726558327611
0.021362630655375	2.69474326695659	8.23529411764706
-0.625619897764553	2.67338063630121	7.44487678339818
-1.07118333714809	1.73037308308537	4.42511635004196
-3.73693446250095	-1.71969176775769	1.22224765392538
-4.34424353398947	-3.10826276035706	-1.2664988174258
-4.99732967116808	-2.74357213702602	-3.55077439536126
-7.26787212939651	-3.25780117494469	-3.51110093842985
-5.25368123903258	-2.13168535896849	-3.28068970778973
-5.57106889448386	-1.31074998092622	-3.1616693369955
-4.13214312962539	-0.790417334248875	-2.18814373998627
-4.24811169604028	0.546272983901732	-0.72327763790341
-4.26794842450599	0.761425192645151	0.0122072175173571
-3.38902876325628	0.575265125505455	0.173952849622339
-4.83710994125277	0.288395513847562	-1.2161440451667
-1.97146562905318	-0.430304417486839	-1.08186465247578
-0.888075074387732	-0.218204013122759	-2.81528953994049
-0.0625619897764553	-1.17341878385595	-3.32036316472114
1.68001831082628	-1.59761959258412	-1.38551918822004
2.90989547570001	-0.17242694743267	2.55741206988632
3.31883726253147	0.250247959105821	4.59296559090562
4.70435645075151	2.54673075455863	7.65392538338293
3.56908522163729	2.58793011367971	7.63408865491722
3.64538033112078	4.62195773250935	7.46318760967422
2.3773556115053	4.82337682154574	4.62806134126803
-2.050812542916	2.92668039978637	0.714122224765393
-3.02738994430457	1.06355382619974	-1.96231021591516
-5.40016784924086	-0.587472343022812	-4.77912565804532
-5.36507209887846	-1.84328984512093	-5.7602807660029
-3.72625314717327	-2.78171969176776	-4.61585412375067
-1.81277180132753	-2.66727702754253	-4.01464866102083
-1.9653620202945	-2.36820019836728	-3.44548714427405
-2.34531166552224	-3.3676661326009	-2.63675898374914
-0.743114366369116	-1.50911726558328	-2.36362249179828
-0.50965133134966	-0.0152590218966964	-1.35500114442664
2.75120164797436	-0.0488288700694285	-0.346379797055009
4.5136186770428	1.18257419699397	0.741588464179446
5.11329823758297	0.328068970778973	-1.10170138094148
4.5288776989395	0.714122224765393	0.779736018921187
5.85183489738308	-0.25787747005417	-0.38300144960708
4.46478980697337	-0.122072175173571	1.94857709620813
2.38651102464332	0.985732814526589	5.77401388570993
3.83764400701915	1.09712367437247	7.47692072938125
2.45059891660945	2.06149385824369	6.0166323338674
-0.433356221866178	1.27260242618448	2.81834134431983
-2.34988937209125	-1.10627908751049	-0.140383001449607
-1.6739147020676	0.12664988174258	-1.59151598382544
-1.16426337071794	-2.26138704509041	-3.53704127565423
-1.4373998626688	-2.31479362172885	-3.88952468146792
-1.35347524223697	-1.21004043640803	-2.91447318226902
0.405889982452125	-3.1815060654612	-2.77103837644007
0.305180437933928	-1.58999008163577	-3.64080262455177
-1.23292896925307	-3.84222171358816	-4.63111314564736
-0.85297932402533	-2.63675898374914	-3.95208667124437
0.00915541313801785	-2.86717021438926	-4.82185091935607
0.0869764248111696	-3.97344930189975	-6.2073701075761
-3.52941176470588	-4.05432211795224	-6.52018005645838
-1.97909514000153	-3.8803692683299	-6.04715037766079
-1.98977645532921	-4.29388876173037	-3.46990157930877
-1.40993362325475	-1.92874036774243	-0.369268329900053
0.367742427710384	-3.28068970778973	0.445563439383536
3.07774471656367	-0.720225833524071	3.60418097199969
5.85641260395209	1.54268711375601	5.93270771343557
5.64736400396735	2.65659571221485	8.88075074387732
6.71396963454643	3.41802090486	12.161440451667
5.04463263904784	2.71610589761196	10.4753185320821
2.50400549324788	0.602731364919509	7.93926909285115
1.7792019531548	-4.2923628595407	1.79598687724117
-1.54421301594568	-6.11123826962692	-2.39871824216068
-3.66369115739681	-9.05928130006867	-4.63721675440604
-1.93331807431144	-9.06996261539635	-5.03089951934081
-3.34477759975586	-6.2226291294728	-3.66979476615549
-1.77615014877546	-5.67330434119173	-2.91447318226902
-1.51827267872129	-3.27306019684138	-2.84885938811322
-0.996414129854276	0.0259403372243839	-3.78728923476005
-0.0961318379491875	0.135805294880598	-3.28984512092775
-0.306706340123598	0.695811398489357	-1.538109407187
1.75326161593042	0.984206912336919	-0.616464484626535
1.3519493400473	1.99588006408789	-0.628671702143893
2.27054245822843	1.75326161593042	-1.22224765392538
3.77813382162203	2.05996795605402	-0.0610360875867857
4.81574731059739	1.87075608453498	0.158693827725643
3.32494087129015	-0.665293354695964	-0.55390249485008
2.16220340276188	-1.85244525825895	-0.68055237659266
1.5030136568246	-2.19272144655528	1.54421301594568
0.140383001449607	-3.74608987563897	3.19218738078889
-0.494392309452964	-3.42870222018769	7.27855344472419
0.444037537193866	-1.88448920424201	9.88937209124895
-0.149538414587625	-2.19882505531395	10.0679026474403
-1.48470283054856	-2.71000228885328	8.31616693369955
-2.95262073701076	-4.6341649500267	3.54772259098192
-2.54673075455863	-3.82848859388113	2.14084077210651
-2.70084687571527	-4.16571297779812	-1.93942168307012
-2.27512016479744	-2.93430991073472	-4.07110704203861
-1.36263065537499	-4.13977264057374	-5.32539864194705
-0.221255817502098	-2.47348744945449	-5.80300602731365
-1.8448157473106	-1.07728694590677	-6.62088960097658
-2.67490653849088	-1.31380178530556	-7.71343556878004
-3.16624704356451	-1.19325551232166	-6.16769665064469
-3.2669565880827	-1.91042954146639	-4.6646829938201
-2.69016556038758	-2.21103227283131	-4.77607385366598
-2.5833524071107	-2.01724269474327	-4.32440680552377
-1.60524910353246	-1.15510795757992	-4.18097199969482
-0.918593118181125	-1.13679713130388	-1.59761959258412
1.15968566414893	-0.181582360570687	-0.292973220416571
2.4780651560235	-2.03097581445029	-0.238040741588464
3.07469291218433	-3.89868009460594	-1.367208361944
5.27962157625696	-4.94850080109865	-1.23598077363241
4.81879911497673	-4.04211490043488	-0.933852140077821
3.68352788586252	-5.5191882200351	1.42824444953079
1.71663996337835	-6.63614862287327	3.40733958953231
-1.75783932249943	-4.95765621423667	7.30754558632792
-1.47707331960021	-6.20889600976577	8.60151064316777
-3.14183260852979	-4.27710383764401	9.71694514381628
-1.92568856336309	-4.83405813687343	6.97795071335927
-2.38651102464332	-6.76585030899519	5.4337376974136
-1.94247348744945	-6.12954909590295	4.56549935149157
-0.541695277332723	-6.53849088273442	0.89417868314641
-0.816357671473259	-7.05119401846342	0.2563515678645
-0.378423743038071	-7.84161135271229	-0.753795681696803
