-0.927748531319142	4.82795452811475	-12.295719844358
3.90936140993362	5.05989166094453	-12.5093461509117
4.80659189745937	5.94796673533227	-5.34981307698177
0.445563439383536	3.00297550926986	-9.84512092774853
6.46066987106127	7.83398184176394	-6.27145799954223
7.13511863889525	7.08934157320516	-5.32845044632639
4.43732356755932	8.16662851911192	-7.17479209582666
3.14335851071946	8.42603189135576	-3.46074616617075
0.219729915312428	5.93881132219425	-5.34370946822309
1.85244525825895	6.60410467689021	-5.39559014267186
-3.10368505378805	2.17288471808957	-6.86045624475471
-4.52277409018082	0.683604180972	-10.1167315175097
-4.52277409018082	0.714122224765393	-7.19005111772335
-0.12817578393225	2.11184863050278	-9.58571755550469
-6.19211108567941	0.833142595559625	-10.9864957656214
-4.65400167849241	1.69985503929198	-12.0210574502174
-2.21255817502098	3.25932707713436	-13.0983443961242
-2.44144350347143	1.22682536049439	-11.0383764400702
-1.65407797360189	0.0610360875867857	-15.921263447013
-2.99687190051118	-1.24513618677043	-11.6517891203174
-4.22674906538491	-3.63164721141375	-14.032196536202
-3.64080262455177	-1.88601510643168	-8.09643701838712
-9.96108949416342	-4.46784161135271	-9.62844281681544
-3.24406805523766	-2.35904478522927	-9.41786831464103
-6.90928511482414	-1.55947203784237	-5.34370946822309
-5.77706569008927	-0.857557030594339	-8.29480430304418
-5.37422751201648	-0.0457770656900893	-4.09552147707332
-3.92156862745098	0.137331197070268	-2.96330205233845
-4.06500343327993	0.317387655451286	-5.51766231784543
-2.32852674143587	-0.64087891966125	-4.32135500114443
-1.08033875028611	-1.64187075608453	-4.79743648432135
1.41603723201343	0.497444113832303	-6.02426184481575
1.35500114442664	-1.51674677653162	-6.62546730754559
3.82696269169146	2.02944991226062	0.683604180972
5.90218966964218	5.23384451056687	6.57358663309682
9.02113374532692	4.73945220111391	-2.48111696040284
5.72823682001984	4.6845197222858	0.231937132829786
8.34668497749294	2.52079041733425	-4.48004882887007
4.28473334859236	-1.538109407187	-10.5195696955825
2.63981078812848	-4.71503776607919	-9.58876935988403
0.503547722590982	-6.43015182726787	-12.2316319523919
0.81177996490425	-7.03440909437705	-10.7911802853437
-0.0549324788281071	-7.16563668268864	-6.76890211337453
-1.99282825970855	-7.25108720531014	-9.34462500953689
-1.74563210498207	-7.98657206073091	-10.5317769130999
2.65201800564584	-4.48615243762875	-8.95399404898146
-1.41298542763409	-2.97856107423514	-5.0263218127718
1.538109407187	-1.97756923781186	-5.79232471198596
1.7792019531548	-3.02128633554589	-5.01716639963378
0.915541313801785	-5.53292133974212	-4.90730144197757
-2.28885328450446	-10.3212024109255	-5.78316929884794
-3.44853894865339	-13.8582436865797	-8.28259708552682
0.177004654001679	-13.519493400473	-6.46982528419928
0.369268329900053	-10.0770580605783	-2.59098191805905
2.59403372243839	-7.64476997024491	-0.848401617456321
4.39154650186923	-3.43633173113603	-0.253299763485161
5.77096208133059	-0.943007553215839	2.11795223926146
9.70778973067826	1.29091325246052	-1.4373998626688
8.42603189135576	1.23598077363241	-0.04272526131075
6.6346227206836	-1.05592431525139	-3.76287479972534
10.5287251087205	0.878919661249714	2.07522697795071
1.74563210498207	-7.92248416876478	-0.927748531319142
-1.01319905394064	-10.9895475700008	-3.38445105668727
-5.09346150911727	-13.1990539406424	-3.03044174868391
-1.96231021591516	-15.1644159609369	-4.59296559090562
-3.90325780117494	-16.6231784542611	-5.34981307698177
-1.92568856336309	-16.9558251316091	-7.16868848706798
3.99176012817578	-11.1390859845884	-3.48516060120546
-1.61440451667048	-10.6294346532387	-4.07721065079728
1.28786144808118	-5.70382238498512	-2.93278400854505
4.33966582742046	-0.7690547035935	1.43129625391012
3.97039749752041	-1.94094758525978	-0.869764248111696
8.0170901045243	-1.25429159990845	3.41496910048066
8.36194399938964	-3.62859540703441	6.42710002288853
8.48401617456321	-4.04974441138323	5.69161516746777
4.5838101777676	-7.61425192645151	4.53498130769818
4.44037537193866	-9.72915236133364	-1.99893186846723
2.6337071793698	-11.8379491874571	-1.06813153276875
-4.92256046387427	-17.3556115053025	-4.56855115587091
-4.15045395590143	-16.4827954528115	-6.68955519951171
0.320439459830625	-13.5347524223697	0.198367284657053
3.25932707713436	-9.0424963759823	0.109864957656214
5.29488059815366	-4.54413672083619	2.6642252231632
7.55321583886473	-1.95925841153582	0.219729915312428
7.90112153810941	0.366216525520714	2.28274967574578
5.67635614557107	-2.81376363775082	2.10879682612345
2.23392080567636	-6.25314717326619	-2.07522697795071
3.17387655451286	-8.29480430304418	0.445563439383536
3.25017166399634	-9.83901731898985	-3.20439459830625
4.18402380407416	-8.23987182421607	-2.84733348592355
6.16769665064469	-5.32539864194705	4.13519493400473
4.40985732814527	-6.19821469443809	3.13115129320211
6.07003891050584	-4.38544289311055	6.34164950026703
7.50133516441596	-3.5034714274815	7.4189364461738
6.01205462729839	-4.72114137483787	6.65293354695964
6.665140764477	-4.09857328145266	4.41901274128328
4.83100633249409	-2.15457389181353	5.1972228580148
5.6092164492256	-0.250247959105821	7.2480354009308
7.94079499504082	1.93179217212177	8.49317158770123
8.33142595559625	1.10170138094148	8.45044632639048
7.86755168993667	0.0823987182421607	7.52574959945068
9.66811627374685	-0.912489509422446	3.54314488441291
6.58274204623484	-2.33463035019455	4.101625085832
9.44533455405509	-1.34889753566796	4.65705348287175
7.25108720531014	-2.27664606698711	3.17998016327153
7.38841840238041	-2.04165712977798	4.09857328145266
5.49935149156939	0.558480201419089	2.93888761730373
9.56740672922866	0.0396734569314107	0.485236896314946
9.42397192339971	-0.912489509422446	2.85038529030289
9.23170824750133	-0.393682764934768	6.09445334554055
9.06080720225834	-0.0549324788281071	6.64682993820096
11.0963607232776	0.411993591210803	9.32326237888151
13.0373083085374	1.37941557946136	7.81261921110857
11.8745708400092	4.22674906538491	5.28572518501564
13.5133897917144	4.19012741283284	11.3099870298314
11.1238269626917	4.03448538948653	9.57351033798733
8.14831769283589	1.80056458381018	8.0018310826276
8.45654993514916	2.48111696040284	10.3212024109255
7.30601968413825	4.62043183031968	11.8593118181125
8.21850919356069	4.22064545662623	12.2407873655299
8.22156099794003	4.05279621576257	9.43923094529641
8.26733806363012	1.95620660715648	12.9091325246052
2.26443884946975	-3.26543068589303	9.38124666208896
4.98054474708171	-5.44136720836194	9.65285725185016
1.25429159990845	-8.60914015411612	4.24811169604028
2.36820019836728	-7.45250629434653	3.50041962310216
6.02121004043641	-4.37628747997253	3.40886549172198
5.54818036163882	-3.60723277637903	2.30106050202182
15.1216906996262	-1.367208361944	4.24811169604028
10.7179369802396	-4.72114137483787	0.277714198519875
12.2835126268406	-5.0965133134966	1.58388647287709
6.76279850461585	-7.19615472648203	-0.5981536583505
7.06492713817044	-7.348744945449	1.63576714732586
8.32837415121691	-9.12489509422446	-3.01518272678721
10.3395132372015	-8.27954528114748	-0.848401617456321
4.59296559090562	-10.6691081101701	-1.35500114442664
8.78004119935912	-11.9874876020447	-1.87075608453498
15.2895399404898	-7.80956740672923	-0.201419089036393
18.8906691081102	-6.69871061264973	1.16578927290761
11.5419241626612	-0.97962920576791	6.28366521705959
19.5925841153582	2.93583581292439	7.99572747386893
24.5639734493019	5.92965590905623	10.4493781948577
24.5609216449226	6.50034332799268	11.5938048371099
4.16266117341878	4.16876478217746	9.32631418326085
13.4889753566796	5.26436255436027	10.4127565423056
10.0282291905089	2.76188296330205	12.1644922560464
7.14427405203327	1.29091325246052	10.3395132372015
10.110627908751	0.552376592660411	10.5012588693065
12.9854276340887	-0.50965133134966	10.7545586327916
14.3251697566186	-1.3824673838407	6.30502784771496
8.63355458915083	-5.48104066529335	3.69573510337987
7.79736018921187	-6.57358663309682	-0.0366216525520714
7.04661631189441	-7.84924086366064	1.14442664225223
9.22255283436332	-6.22568093385214	2.20035095750362
11.1299305714504	-3.22880903334096	4.62653543907836
22.5406271458	2.1362630655375	5.96017395284962
10.3822384985122	2.80155642023346	5.79232471198596
8.30701152056153	2.21560997940032	3.06706340123598
12.3476005188067	3.54924849317159	3.36308842603189
6.4637216754406	-1.40077821011673	3.29594872968643
4.58991378652628	-1.48622873273823	3.47905699244678
7.35484855420767	0.0885023270008393	8.76478217746243
7.94384679942016	-1.62050812542916	7.20836194399939
9.45143816281376	-0.524910353246357	10.3852903028916
14.9141680018311	1.68154421301595	14.0444037537194
13.4248874647135	-0.436408026245518	6.96116578927291
22.8213931486992	2.14236667429618	10.1747158007172
12.4788281071183	4.12298771648737	12.664988174258
14.3312733653773	7.73327229724575	13.3882658121614
18.1399252307927	11.1512932021057	16.9314106965743
13.7361715114061	12.4422064545663	16.0616464484627
13.8307774471656	14.4472419317922	19.8275730525673
18.457312886244	13.6415655756466	15.8175020981155
17.9934386205844	11.5510795757992	15.9945067521172
12.4971389333944	9.83291371023117	11.621271076524
13.4462500953689	7.69359884031434	10.0953688868544
3.55230029755093	1.45571068894484	4.05584802014191
4.60212100404364	0.115968566414893	2.11184863050278
2.88700694285496	-3.51262684061952	0.286869611657893
3.79949645227741	-4.03448538948653	-1.43434805828946
2.58487830930037	-2.77714198519875	1.95315480277714
7.76684214541848	-1.9806210421912	4.44647898069734
7.78515297169451	-0.0732433051041428	1.91042954146639
7.78210116731517	-1.95620660715648	1.55947203784237
8.44739452201114	-0.439459830624857	4.04058899824521
7.7607385366598	-3.15251392385748	3.92767223620966
2.68863965819791	-4.38849469748989	0.973525597009232
1.25429159990845	-6.39963378347448	0.146486610208286
2.14847028305486	-6.58884565499351	1.26039520866712
0.708018616006714	-8.04760814831769	-2.35904478522927
0.021362630655375	-9.47585259784848	-1.4679179064622
4.66620889600977	-8.06897077897307	0.628671702143893
5.468833447776	-4.6997787441825	4.40375371938659
0.790417334248875	-2.06301976043336	4.74555580987259
1.62661173418784	-0.534065766384375	3.60112916762036
1.58693827725643	-0.576791027695125	2.18814373998627
2.45365072098878	1.3519493400473	4.7699702449073
3.99176012817578	0.717174029144732	6.12802319371328
9.40260929274434	1.93789578088045	5.49019607843137
6.65903715571832	1.68764782177462	9.83901731898985
8.32837415121691	1.56862745098039	6.07919432364385
9.08216983291371	1.47402151522087	5.40779736018921
7.12901503013657	0.878919661249714	4.37323567559319
5.63363088426032	0.320439459830625	3.22270542458228
2.73136491950866	-2.38956282902266	2.53299763485161
1.87075608453498	-4.44037537193866	1.71511406118868
-0.927748531319142	-6.27756160830091	1.75173571374075
-0.781261921110857	-8.31006332494087	-4.91950865949493
-2.06301976043336	-9.68032349126421	-4.61127641718166
0.396734569314107	-9.65896086060883	-6.27145799954223
2.18509193560693	-6.26840619516289	-4.8401617456321
1.04982070649271	-7.64782177462425	-5.08735790035859
3.19218738078889	-5.68551155870909	-2.18509193560693
2.50247959105821	-7.88891432059205	-4.05889982452125
2.75577935454337	-7.93469138628214	-3.94293125810636
0.277714198519875	-9.02418554970626	-3.84222171358816
-4.61127641718166	-10.0495918211643	-4.26337071793698
-6.02731364919509	-11.7647058823529	-4.20843823910887
-5.67940794995041	-9.98855573357748	-1.51369497215228
-4.30304417486839	-6.78721293965057	-2.07217517357137
-2.09964141298543	-5.23689631494621	1.20546272983902
3.83916990920882	-2.59098191805905	1.71816586556802
1.2664988174258	-1.13527122911421	2.95414663920043
1.5533684290837	0.570687418936446	5.45967803463798
4.87373159380484	-0.125123979552911	3.22880903334096
4.67536430914778	0.561532005798428	1.75478751812009
1.90737773708705	1.1810482948043	2.61844815747311
2.94804303044175	-0.720225833524071	4.43427176317998
-1.93789578088045	-4.39765011062791	-0.231937132829786
-4.84626535439078	-4.40985732814527	2.24002441443503
-5.01716639963378	-6.68650339513237	-0.820935378042267
-4.90424963759823	-6.33859769588769	-0.570687418936446
-1.53505760280766	-5.94796673533227	-0.50965133134966
-4.81269550621805	-6.4637216754406	-2.29800869764248
-2.60318913557641	-4.37933928435187	0.534065766384375
-1.80056458381018	-2.73746852826734	-0.619516289005875
1.02845807583734	-1.4679179064622	0.296025024795911
6.24093995574884	2.35599298084993	1.65712977798123
12.0363164721141	7.25108720531014	5.74959945067521
11.5877012283513	8.78919661249714	8.19104295414664
15.0270847638666	11.1055161364157	9.17372396429389
15.1674677653162	12.0973525597009	12.3628595407034
13.2173647669184	11.5053025101091	11.1573968108644
9.1126878767071	9.79324025329976	9.26832990005341
12.8847180895705	11.0414282444495	10.3212024109255
9.40566109712367	9.42092011902037	9.94277866788739
9.26222629129473	10.0312809948882	11.6762035553521
11.9935912108034	13.186846723125	12.4727244983597
10.6599526970321	11.8074311436637	14.013885709926
13.0861371786069	10.6019684138247	11.630426489662
11.3344014648661	10.8705271992065	11.3771267261769
9.25917448691539	10.1228351262684	9.50637064164187
8.83192187380789	7.44640268558785	8.67933165484092
8.20935378042267	4.39765011062791	7.5745784695201
9.75967040512703	7.09849698634318	10.5134660868238
9.89089799343862	6.79636835278859	10.0282291905089
11.090257114519	7.44029907682918	6.59189745937285
9.86343175402457	10.1899748226139	8.40772106507973
14.3221179522393	10.8186465247578	8.63965819790951
14.6608682383459	12.8053711757076	8.69153887235828
17.117570763714	13.5530632486458	13.3607995727474
16.5377279316396	16.3546196688792	18.1460288395514
17.9751277943084	16.6659037155718	18.8906691081102
17.5539787899596	16.9161516746777	17.2854200045777
15.9334706645304	14.9904631113146	12.5398641947051
19.7207598992905	17.3311970702678	11.621271076524
20.6149385824369	17.6546883344778	12.1828030823224
21.5793087663081	21.4084077210651	12.2835126268406
16.919203479057	21.3107499809262	14.4258793011368
14.1268024719615	20.8834973678187	15.7625696192874
17.2549019607843	20.9079118028534	14.9385824368658
8.06897077897307	17.1908140688182	11.5846494239719
8.5297932402533	13.824673838407	7.84313725490196
6.96726939803159	13.5744258793011	7.37315938048371
4.98970016021973	9.99160753795682	7.08934157320516
8.8014038300145	10.0221255817502	6.73838406958114
3.47600518806744	6.99473563744564	5.63668268863966
5.5390249485008	8.61829556725414	4.16876478217746
9.87258716716259	10.8735790035859	5.79842832074464
9.74746318760967	11.0048065918975	6.24093995574884
10.424963759823	17.2762645914397	11.1909666590372
12.9610131990539	17.8286411841001	11.630426489662
17.3983367666133	21.2497138933394	12.5581750209812
17.441062027924	21.191729610132	13.5683222705425
16.6750591287099	22.3727779049363	12.5795376516365
13.5896849011978	19.5925841153582	12.3201342793927
15.7381551842527	21.0360875867857	14.2366674296178
15.390249485008	19.3911650263218	15.2651255054551
17.4196993972686	20.5416952773327	16.9649805447471
15.6679636835279	20.2456702525368	13.9894712748913
13.4126802471962	19.2233157854582	11.117723353933
12.1309224078737	20.6393530174716	14.6120393682765
8.89906157015335	20.1358052948806	11.9172961013199
10.757610437171	20.3128099488823	9.80544747081712
13.519493400473	21.4389257648585	10.2204928664073
13.6202029449912	20.9933623254749	7.58678568703746
12.1858548867018	17.8896772716869	4.00701915007248
9.24391546501869	13.177691309987	1.23292896925307
6.50339513237201	12.5581750209812	3.11589227130541
3.38445105668727	8.48096437018387	3.92767223620966
0.354009308003357	6.2073701075761	1.93179217212177
3.07316700999466	9.07301441977569	8.21850919356069
1.2817578393225	7.82177462424659	6.67429617761502
-0.296025024795911	9.70168612191958	4.26337071793698
-1.58999008163577	8.79835202563516	4.53192950331884
-0.207522697795071	12.1858548867018	4.32135500114443
-2.61844815747311	12.3781185626001	3.17082475013352
-3.74761577782864	13.3699549858854	1.34889753566796
-9.36598764019226	11.9325551232166	0.579842832074464
-7.92553597314412	13.3455405508507	4.75165941863127
-12.1400778210117	11.7097734035248	3.91851682307164
-12.4422064545663	7.96826123445487	1.45571068894484
-11.96307316701	6.86655985351339	1.43129625391012
-13.0128938735027	2.43839169909209	-0.659189745937285
-13.4218356603342	1.53200579842832	-1.78835736629282
-10.9010452429999	-0.558480201419089	-2.14541847867552
-8.77393759060044	-1.4526588845655	-3.51567864499886
-8.92652780956741	-1.58999008163577	-6.10360875867857
-9.61928740367742	-4.92256046387427	-10.3669794766155
-15.1705195696956	-6.35690852216373	-12.9640650034333
-14.2061493858244	-8.74036774242771	-13.4889753566796
-14.6517128252079	-6.75974670023651	-11.3191424429694
-16.3271534294652	-5.85641260395209	-10.775921263447
-14.4747081712062	-5.79232471198596	-9.80849927519646
-12.3933775844968	-3.83306630045014	-8.65796902418555
-11.2428473334859	-4.19012741283284	-9.59182116426337
-10.3395132372015	-3.94903486686503	-8.15136949721523
-12.3414969100481	-7.09849698634318	-8.19104295414664
-10.5500877393759	-5.93575951781491	-7.40672922865644
-11.819638361181	-6.49729152361334	-7.52574959945068
-12.5703822384985	-8.23376821545739	-7.08934157320516
-10.3181506065461	-4.99275196459907	-5.11787594415198
-7.8461890592813	-2.7191577019913	-5.52681773098344
-4.20843823910887	-0.357061112382696	-4.82490272373541
-10.2021820401312	-0.970473792629892	-6.68955519951171
-9.15236133363851	-0.531013962005035	-6.92759594110018
-9.21034561684596	-0.225833524071107	-7.46471351186389
-10.6538490882734	-1.9806210421912	-9.35988403143359
-12.6802471961547	-4.88899061570153	-6.78721293965057
-7.22056916151675	-5.3528648813611	-5.95407034409094
-5.9662775616083	-7.32738231479362	-7.43724727244984
-11.953917753872	-12.3750667582208	-11.0688944838636
-6.6498817425803	-10.3303578240635	-8.58472571908141
-5.81368734264134	-10.0312809948882	-5.75265125505455
-4.39459830624857	-9.65896086060883	-5.30708781567102
-5.27351796749828	-7.73327229724575	-3.11894407568475
-8.65491721980621	-10.0099183642329	-4.93171587701228
-4.5990691996643	-7.16563668268864	-6.08224612802319
-6.91233691920348	-9.07911802853437	-6.54306858930343
-7.10460059510185	-7.39147020675975	-6.67734798199435
-7.49523155565728	-7.66308079652094	-6.63157091630427
-7.20531013962005	-9.26832990005341	-7.84924086366064
-8.81666285191119	-11.1024643320363	-2.51468680857557
-12.4422064545663	-14.2915999084459	-7.31517509727626
-11.0383764400702	-15.3322652018006	-7.87670710307469
-7.59899290455482	-16.2417029068437	-5.66720073243305
-5.02327000839246	-13.3150225070573	-5.60616464484626
-6.39658197909514	-12.8389410238804	-2.71610589761196
-5.45662623025864	-10.6874189364462	-3.92462043183032
-1.85549706263828	-8.27038986800946	-1.45876249332418
-5.01716639963378	-9.31715877012284	-4.06805523765927
-4.99275196459907	-10.1747158007172	-2.99992370489052
-2.92668039978637	-11.810482948043	-4.15655756466011
-3.76287479972534	-11.3862821393149	-3.92156862745098
-5.24299992370489	-14.9263752193484	-1.61440451667048
-5.15144579232471	-15.9945067521172	-3.1616693369955
-8.13000686655985	-18.7106126497292	-5.59395742732891
-7.89196612497139	-18.6007476920729	-6.99473563744564
-7.28160524910353	-17.584496833753	-6.82688639658198
-4.63263904783703	-16.8673228046082	-6.20126649881743
-2.90836957351034	-13.4187838559548	-5.59090562294957
-3.72014953841459	-13.9681086442359	-6.64072632944228
-5.35591668574044	-13.3699549858854	-7.39452201113909
-7.76684214541848	-13.9253833829252	-6.53696498054475
-10.2143892576486	-15.0972762645914	-6.27756160830091
-8.86243991760128	-14.4716563668269	-4.28473334859236
-9.09132524605173	-14.2671854734112	-7.92553597314412
-6.8909742885481	-13.0586709391928	-2.8351262684062
-6.78721293965057	-12.817578393225	-0.63782711528191
-6.18295567254139	-11.7616540779736	-3.83306630045014
-7.79430838483253	-11.5754940108339	-2.55436026550698
-7.25413900968948	-11.5480277714199	-3.13115129320211
-8.40772106507973	-9.10963607232776	-2.81376363775082
-6.87876707103075	-10.9834439612421	-3.76897840848402
-6.16159304188602	-11.1818112458991	-3.66826886396582
-3.63164721141375	-11.1909666590372	-3.12504768444343
-5.44747081712062	-13.2356755931945	-4.16876478217746
-2.563515678645	-12.3445487144274	-1.12916762035554
-0.909437705043107	-13.2082093537804	-3.72014953841459
-2.30106050202182	-13.3058670939193	-2.83817807278553
-2.36514839398795	-13.6415655756466	-2.24307621881437
-2.20950637064164	-13.6385137712673	-6.17380025940337
-5.61226825360494	-16.2294956893263	-8.03845273517967
-4.41901274128328	-15.7564660105287	-8.6152437628748
-7.46776531624323	-15.4695963988708	-7.60204470893416
-10.8644235904479	-16.1623559929808	-10.1747158007172
-10.4188601510643	-16.07385366598	-6.35385671778439
-12.4727244983597	-19.4705119401846	-7.35179674982834
-12.5551232166018	-20.1998931868467	-7.61120012207217
-14.1786831464103	-22.0187685969329	-8.31921873807889
-9.21950102998398	-21.0574502174411	-7.71190966659037
-7.53490501258869	-18.4634164950027	-5.75265125505455
-5.55123216601816	-16.5133134966049	-6.69260700389105
-2.67032883192187	-12.1095597772183	-6.67734798199435
-4.30304417486839	-11.2550545510033	-3.35698481727321
-6.25314717326619	-10.4371709773404	-5.8808270389868
-6.25314717326619	-7.861448081178	-4.62958724345769
-6.40268558785382	-5.39559014267186	-5.05989166094453
-3.62859540703441	-2.8900587472343	-1.22987716487373
-2.02639810788128	-2.3224231326772	-1.30006866559854
0.350957503624018	-2.15457389181353	-3.47905699244678
-4.03448538948653	-5.01411459525444	-2.38651102464332
-3.18608377203021	-8.06897077897307	-3.53398947127489
-1.10170138094148	-8.23987182421607	1.31837949187457
-2.8046082246128	-9.057755397879	-2.08438239108873
0.875867856870375	-4.35187304493782	0.0732433051041428
2.81071183337148	-2.17898832684825	2.53299763485161
2.41397726405737	1.17799649042496	4.56244754711223
4.87678339818418	3.75066758220798	6.56748302433814
6.2378881513695	5.11787594415198	8.25513084611277
1.25429159990845	4.97444113832303	11.0658426794842
3.39055466544594	3.79034103913939	8.98756389715419
-0.457770656900893	2.45059891660945	4.55329213397421
-4.76081483176928	-4.20538643472953	0.573739223315785
-8.56641489280537	-8.03540093080034	0.881971465629053
-13.6018921187152	-14.6730754558633	-2.8351262684062
-16.8459601739529	-19.330128938735	-7.87975890745403
-17.5112535286488	-21.4602883955138	-6.49729152361334
-21.011673151751	-24.3350881208515	-12.4483100633249
-17.5051499198901	-20.526436255436	-10.0343327992676
-15.3566796368353	-21.3107499809262	-9.71389333943694
-12.8480964370184	-18.0880445563439	-10.6782635233082
-12.1858548867018	-15.2803845273518	-6.85740444037537
-9.43312733653773	-13.824673838407	-10.4768444342718
-10.6904707408255	-11.8348973830777	-8.73426413366903
-8.73121232928969	-10.5531395437552	-9.47280079346914
-6.68039978637369	-7.53490501258869	-3.10063324940871
-10.1075761043717	-7.97131303883421	-1.49233234149691
-7.38841840238041	-6.64682993820096	1.33669031815061
-8.70374608987564	-6.09445334554055	1.48317692835889
-7.177843900206	-6.14328221560998	-0.311284046692607
-8.52674143587396	-7.12901503013657	-1.65712977798123
-7.27550164034485	-6.23483634699016	-3.55535210193027
-5.93881132219425	-3.64385442893111	-1.3519493400473
-1.90737773708705	-0.277714198519875	2.51468680857557
-2.19729915312428	3.27458609903105	1.48012512397955
2.58487830930037	5.1972228580148	4.98359655146105
-3.44243533989471	5.47798886091402	5.74654764629587
-0.677500572213321	6.18600747692073	3.37224383916991
-2.01419089036393	3.91851682307164	1.06202792401007
-3.36919203479057	1.79751277943084	0.0701915007248035
-8.03540093080034	-5.17586022735943	-4.87983520256352
-8.5145342183566	-8.18188754100862	-5.14229037918669
-10.0770580605783	-12.8938735027085	-7.51354238193332
-12.5490196078431	-13.8490882734417	-8.5145342183566
-12.7595941100175	-14.4686045624475	-9.26527809567407
-10.3364614328222	-14.8439765011063	-8.70984969863432
-6.41794460975052	-8.87769893949798	-5.47493705653468
-4.14740215152209	-8.68238345922026	-4.90424963759823
-0.436408026245518	-5.12703135729	-3.02128633554589
0.021362630655375	-4.87678339818418	-0.970473792629892
0.408941786831464	-3.65606164644846	-2.49942778667887
-1.15053025101091	-3.52788586251621	1.82192721446555
-4.64789806973373	-6.77195391775387	-0.250247959105821
-8.69459067673762	-9.35378042267491	-3.20744640268559
-10.5409323262379	-13.1136034180209	-2.92668039978637
-13.2448310063325	-19.7817959868772	-10.2388036926833
-14.4686045624475	-22.1927214465553	-7.72716868848707
-15.048447394522	-24.8142214084077	-12.7016098268101
-14.0535591668574	-22.549782558938	-11.6639963378347
-14.9782558937972	-19.510185397116	-11.2581063553826
-15.0453955901427	-15.7198443579767	-10.0617990386816
-16.3332570382238	-13.6232547493706	-9.42702372777905
-16.3149462119478	-12.2774090180819	-11.3405050736248
-15.8663309681849	-11.4198519874876	-9.10658426794842
-16.7086289768826	-12.3903257801175	-10.8857862211032
-14.5662623025864	-7.72411688410773	-9.62233920805676
-16.910048065919	-7.95910582131685	-8.96620126649882
-14.3953612573434	-6.88181887541009	-11.5541313801785
-12.8816662851911	-6.63767452506294	-8.90211337453269
-10.1686121919585	-6.14938582436866	-9.40871290150301
-9.03334096284428	-5.67330434119173	-5.60006103608759
-8.26733806363012	-7.18394750896468	-8.06591897459373
-5.85641260395209	-6.17685206378271	-5.81979095140002
-9.46669718471046	-5.43526359960327	-1.85244525825895
-4.70893415732052	-0.0793469138628214	-0.964370183871214
-3.3478294041352	2.99687190051118	2.48111696040284
0.518806744487678	6.50949874113069	5.09956511787594
4.47089341573205	12.5185015640497	7.61425192645151
6.65598535133898	14.7890440222782	12.124818799115
9.46669718471046	17.2213321126116	12.4025329976349
11.4473182269017	18.3901731898985	14.8714427405203
7.92553597314412	16.4736400396735	14.5571068894484
6.494239719234	13.5744258793011	15.4146639200427
2.76493476768139	7.96215762569619	12.7229724574655
-0.552376592660411	5.18501564049744	10.8552681773098
-1.79140917067216	2.97856107423514	10.1441977569238
-1.93789578088045	4.73334859235523	7.33043411917296
-3.02128633554589	4.67841611352712	5.64278629739834
-5.10566872663462	3.60112916762036	-1.39772640573739
-5.46272983901732	2.50247959105821	-1.73647669184405
