0.415140415140415	1.12332112332112	0.757020757020757
-0.195360195360195	0.732600732600733	0.757020757020757
-0.634920634920635	1.44078144078144	0.146520146520147
-0.854700854700855	0.268620268620269	1.22100122100122
-0.879120879120879	-0.122100122100122	1.1965811965812
-1.70940170940171	-1.0989010989011	1.17216117216117
-1.48962148962149	-0.854700854700855	1.24542124542125
-0.708180708180708	0.366300366300366	1.34310134310134
0.659340659340659	2.31990231990232	1.29426129426129
1.14774114774115	2.90598290598291	1.61172161172161
1.02564102564103	2.88156288156288	-0.0488400488400488
0.293040293040293	2.53968253968254	-0.708180708180708
0.0976800976800977	0.952380952380952	-1.58730158730159
-0.83028083028083	-0.903540903540904	-2.41758241758242
-1.17216117216117	-0.317460317460317	-1.97802197802198
-0.903540903540904	0.488400488400488	-0.634920634920635
-0.879120879120879	1.48962148962149	0.903540903540904
-0.708180708180708	2.46642246642247	2.2954822954823
-1.78266178266178	2.53968253968254	2.39316239316239
-2.63736263736264	1.80708180708181	1.61172161172161
-3.44322344322344	-0.0244200244200244	1.0989010989011
-1.39194139194139	2.12454212454212	0.805860805860806
0.781440781440781	2.88156288156288	1.22100122100122
-0.268620268620269	2.58852258852259	1.56288156288156
1.12332112332112	3.05250305250305	2.63736263736264
2.1001221001221	4.61538461538461	4.68864468864469
2.12454212454212	4.81074481074481	4.71306471306471
1.63614163614164	3.90720390720391	4.3956043956044
2.1978021978022	2.73504273504274	3.49206349206349
2.88156288156288	1.73382173382173	2.24664224664225
2.46642246642247	0.0244200244200244	0.390720390720391
2.88156288156288	-0.757020757020757	0.170940170940171
3.07692307692308	-0.512820512820513	-0.610500610500611
3.83394383394383	-0.293040293040293	0.195360195360195
4.37118437118437	1.17216117216117	1.66056166056166
4.71306471306471	1.88034188034188	2.61294261294261
5.15262515262515	1.53846153846154	3.1013431013431
1.92918192918193	0.879120879120879	1.95360195360195
2.34432234432234	-0.0244200244200244	0.732600732600733
4.3956043956044	0.732600732600733	1.73382173382173
4.22466422466422	0.0976800976800977	0.268620268620269
4.12698412698413	0.317460317460317	-0.0732600732600733
4.12698412698413	1.07448107448107	-0.195360195360195
3.2967032967033	1.9047619047619	0.0976800976800977
2.39316239316239	2.44200244200244	0
-0.0732600732600733	0.976800976800977	-0.634920634920635
0.854700854700855	-0.122100122100122	-0.0732600732600733
1.83150183150183	-1.36752136752137	-0.390720390720391
1.0989010989011	-4.12698412698413	-1.70940170940171
-1.26984126984127	-6.3003663003663	-2.75946275946276
1.001221001221	-2.83272283272283	-1.70940170940171
3.15018315018315	-1.92918192918193	-1.95360195360195
1.24542124542125	-2.002442002442	-2.75946275946276
-0.268620268620269	-2.2954822954823	-3.51648351648352
-0.976800976800977	-2.88156288156288	-4.68864468864469
-1.53846153846154	-4.07814407814408	-6.03174603174603
-2.1001221001221	-4.59096459096459	-5.95848595848596
-2.51526251526252	-4.12698412698413	-4.15140415140415
-0.781440781440781	-3.07692307692308	-2.02686202686203
1.001221001221	-1.001221001221	0.463980463980464
0.879120879120879	0.341880341880342	1.46520146520147
0.366300366300366	0.244200244200244	0.757020757020757
0.0732600732600733	1.44078144078144	1.31868131868132
0.561660561660562	0.512820512820513	-0.43956043956044
-0.0732600732600733	-0.122100122100122	-1.9047619047619
-1.53846153846154	-1.80708180708181	-3.003663003663
-3.27228327228327	-3.90720390720391	-4.12698412698413
-2.80830280830281	-4.07814407814408	-4.17582417582418
-1.63614163614164	-3.78510378510378	-3.15018315018315
-1.97802197802198	-4.68864468864469	-4.27350427350427
-0.732600732600733	-3.88278388278388	-4.17582417582418
0.463980463980464	-4.46886446886447	-2.95482295482295
1.07448107448107	-3.15018315018315	-2.36874236874237
1.56288156288156	-2.95482295482295	-1.73382173382173
2.88156288156288	-2.66178266178266	-1.12332112332112
2.12454212454212	-1.53846153846154	-0.293040293040293
0.43956043956044	-0.976800976800977	-0.293040293040293
0.0732600732600733	-1.36752136752137	0.512820512820513
0.244200244200244	-1.53846153846154	1.02564102564103
1.48962148962149	-0.610500610500611	1.001221001221
2.95482295482295	-1.001221001221	0.537240537240537
5.49450549450549	-0.854700854700855	0.854700854700855
7.78998778998779	2.24664224664225	0.903540903540904
6.66666666666667	2.34432234432234	0.805860805860806
4.98168498168498	3.15018315018315	1.0989010989011
4.42002442002442	3.003663003663	2.05128205128205
3.49206349206349	2.97924297924298	2.22222222222222
2.93040293040293	3.80952380952381	2.58852258852259
2.83272283272283	3.88278388278388	2.83272283272283
0.732600732600733	2.49084249084249	2.002442002442
1.70940170940171	1.80708180708181	0.708180708180708
3.61416361416361	2.78388278388278	0.586080586080586
3.95604395604396	2.27106227106227	-0.561660561660562
3.66300366300366	2.95482295482295	-0.732600732600733
3.07692307692308	5.07936507936508	-0.415140415140415
2.34432234432234	5.44566544566545	0.195360195360195
-0.244200244200244	4.3956043956044	-1.31868131868132
-2.78388278388278	3.003663003663	-0.879120879120879
-2.22222222222222	3.44322344322344	-0.586080586080586
-0.976800976800977	2.66178266178266	-0.244200244200244
0.537240537240537	2.93040293040293	0.317460317460317
1.1965811965812	2.51526251526252	1.68498168498168
0.170940170940171	1.70940170940171	2.66178266178266
1.63614163614164	1.63614163614164	3.02808302808303
2.1978021978022	2.66178266178266	3.17460317460317
1.05006105006105	3.36996336996337	2.61294261294261
0.0488400488400488	3.39438339438339	1.001221001221
-1.58730158730159	3.1990231990232	-1.07448107448107
-1.29426129426129	2.14896214896215	-1.24542124542125
-1.56288156288156	2.36874236874237	-1.95360195360195
0.268620268620269	2.34432234432234	-1.0989010989011
1.97802197802198	3.44322344322344	1.12332112332112
1.41636141636142	3.1990231990232	0.952380952380952
1.17216117216117	3.46764346764347	3.003663003663
1.29426129426129	4.51770451770452	3.003663003663
1.92918192918193	4.63980463980464	1.85592185592186
0.757020757020757	3.83394383394383	1.07448107448107
2.97924297924298	4.61538461538461	1.80708180708181
2.93040293040293	3.44322344322344	1.39194139194139
1.26984126984127	2.95482295482295	0.390720390720391
-0.0244200244200244	1.68498168498168	1.02564102564103
0.512820512820513	1.0989010989011	0.268620268620269
0.561660561660562	0.732600732600733	0.805860805860806
0.463980463980464	-0.244200244200244	1.34310134310134
-0.952380952380952	-0.195360195360195	1.05006105006105
-1.001221001221	0.586080586080586	1.80708180708181
0.903540903540904	3.12576312576313	2.36874236874237
0.0976800976800977	3.003663003663	2.22222222222222
-0.708180708180708	2.53968253968254	1.24542124542125
-1.58730158730159	3.51648351648352	1.48962148962149
-0.0976800976800977	4.27350427350427	1.73382173382173
-3.05250305250305	2.83272283272283	2.22222222222222
-3.02808302808303	2.44200244200244	1.53846153846154
0.0244200244200244	2.85714285714286	2.2954822954823
0.854700854700855	3.85836385836386	2.90598290598291
0.146520146520147	5.00610500610501	4.004884004884
0.390720390720391	5.71428571428571	3.003663003663
-0.879120879120879	7.15506715506716	1.61172161172161
-0.170940170940171	7.4969474969475	2.1978021978022
-0.268620268620269	6.98412698412698	3.34554334554335
-0.732600732600733	4.51770451770452	2.73504273504274
-0.903540903540904	3.54090354090354	4.61538461538461
-0.83028083028083	2.95482295482295	6.17826617826618
-1.78266178266178	3.32112332112332	6.54456654456654
-0.0732600732600733	5.00610500610501	6.42246642246642
0.83028083028083	5.83638583638584	6.15384615384615
0.683760683760684	7.27716727716728	5.78754578754579
1.95360195360195	8.62026862026862	4.51770451770452
1.70940170940171	8.5958485958486	4.76190476190476
1.44078144078144	8.3028083028083	3.51648351648352
1.51404151404151	7.52136752136752	2.93040293040293
2.02686202686203	6.54456654456654	4.54212454212454
1.63614163614164	5.2991452991453	5.03052503052503
1.66056166056166	4.15140415140415	5.59218559218559
-0.781440781440781	3.02808302808303	5.05494505494505
-2.46642246642247	2.31990231990232	4.15140415140415
-3.88278388278388	1.73382173382173	2.66178266178266
-4.49328449328449	1.95360195360195	0.781440781440781
-5.27472527472527	1.61172161172161	-0.317460317460317
-3.68742368742369	1.9047619047619	-0.757020757020757
-0.195360195360195	4.44444444444444	0.0976800976800977
0.732600732600733	3.95604395604396	0.659340659340659
3.05250305250305	4.004884004884	2.41758241758242
3.12576312576313	1.22100122100122	3.003663003663
3.41880341880342	0.83028083028083	1.48962148962149
1.14774114774115	0.732600732600733	0.83028083028083
0.879120879120879	0.537240537240537	-0.195360195360195
-0.83028083028083	0.586080586080586	-1.001221001221
-2.17338217338217	1.31868131868132	-0.341880341880342
-0.952380952380952	2.68620268620269	1.26984126984127
-0.781440781440781	1.24542124542125	2.17338217338217
1.66056166056166	1.14774114774115	2.24664224664225
2.1001221001221	-0.561660561660562	2.56410256410256
2.58852258852259	-2.27106227106227	2.51526251526252
2.46642246642247	-2.39316239316239	3.15018315018315
0.927960927960928	-4.3956043956044	1.41636141636142
-1.05006105006105	-4.1025641025641	0.634920634920635
0.170940170940171	-2.73504273504274	0.390720390720391
0.537240537240537	-3.78510378510378	-0.683760683760684
-1.14774114774115	-3.58974358974359	-1.24542124542125
-1.58730158730159	-2.97924297924298	-1.78266178266178
-1.66056166056166	-2.31990231990232	-1.31868131868132
-1.29426129426129	-0.903540903540904	-1.31868131868132
-0.244200244200244	-2.73504273504274	-2.1978021978022
-0.0488400488400488	-3.15018315018315	-2.2954822954823
0.903540903540904	-1.95360195360195	-0.854700854700855
0.708180708180708	-3.24786324786325	-1.17216117216117
-0.879120879120879	-2.46642246642247	-0.0488400488400488
-0.854700854700855	-0.488400488400488	1.26984126984127
0.293040293040293	1.34310134310134	0.366300366300366
0.732600732600733	0.268620268620269	-0.341880341880342
1.44078144078144	0.805860805860806	0.879120879120879
2.36874236874237	3.17460317460317	1.66056166056166
2.75946275946276	1.14774114774115	3.15018315018315
1.9047619047619	0.586080586080586	3.90720390720391
2.68620268620269	0.952380952380952	5.66544566544567
2.44200244200244	0.268620268620269	5.59218559218559
1.68498168498168	0.586080586080586	3.90720390720391
0.854700854700855	0.390720390720391	2.71062271062271
-0.659340659340659	1.14774114774115	2.22222222222222
0.0244200244200244	2.05128205128205	1.66056166056166
-1.75824175824176	0.879120879120879	0.610500610500611
-1.51404151404151	-0.463980463980464	-0.244200244200244
-2.05128205128205	-2.46642246642247	-0.415140415140415
-1.97802197802198	-4.56654456654457	-0.537240537240537
-1.22100122100122	-6.17826617826618	-1.51404151404151
-0.952380952380952	-7.83882783882784	-2.90598290598291
-0.43956043956044	-6.32478632478632	-1.51404151404151
0.610500610500611	-4.51770451770452	-1.0989010989011
-2.71062271062271	-3.85836385836386	-2.95482295482295
-1.63614163614164	-2.14896214896215	-3.32112332112332
-3.56532356532357	-1.17216117216117	-3.56532356532357
-4.32234432234432	-0.341880341880342	-2.36874236874237
-4.71306471306471	-2.51526251526252	-3.61416361416361
-4.12698412698413	-4.73748473748474	-3.15018315018315
-4.37118437118437	-5.76312576312576	-2.14896214896215
-3.66300366300366	-5.44566544566545	-1.14774114774115
-1.78266178266178	-3.80952380952381	1.63614163614164
-1.58730158730159	-1.9047619047619	2.68620268620269
1.24542124542125	2.71062271062271	3.02808302808303
2.93040293040293	4.37118437118437	4.54212454212454
5.22588522588523	4.66422466422466	6.12942612942613
4.66422466422466	2.2954822954823	4.42002442002442
4.34676434676435	-0.415140415140415	5.64102564102564
3.22344322344322	0.122100122100122	5.81196581196581
1.88034188034188	-0.463980463980464	5.51892551892552
1.14774114774115	-1.22100122100122	4.63980463980464
1.14774114774115	-0.21978021978022	3.78510378510378
2.1001221001221	-0.0976800976800977	3.02808302808303
1.1965811965812	0.244200244200244	3.32112332112332
1.66056166056166	-1.17216117216117	3.05250305250305
2.17338217338217	-0.683760683760684	2.46642246642247
1.44078144078144	-1.001221001221	1.17216117216117
1.97802197802198	0.390720390720391	2.44200244200244
2.1978021978022	1.05006105006105	2.46642246642247
2.61294261294261	1.31868131868132	2.80830280830281
2.12454212454212	2.02686202686203	4.17582417582418
4.004884004884	3.36996336996337	6.2026862026862
5.54334554334554	2.58852258852259	6.03174603174603
5.47008547008547	1.92918192918193	5.2991452991453
5.73870573870574	2.90598290598291	5.37240537240537
6.22710622710623	4.3956043956044	6.71550671550672
6.03174603174603	5.42124542124542	5.17704517704518
5.76312576312576	5.25030525030525	4.81074481074481
6.00732600732601	5.03052503052503	3.83394383394383
5.51892551892552	5.05494505494505	2.73504273504274
5.86080586080586	5.03052503052503	1.63614163614164
5.81196581196581	5.64102564102564	2.95482295482295
4.02930402930403	3.98046398046398	1.95360195360195
2.51526251526252	2.53968253968254	1.53846153846154
3.17460317460317	2.36874236874237	0.903540903540904
2.83272283272283	1.48962148962149	-0.268620268620269
1.44078144078144	0.488400488400488	-2.07570207570208
2.02686202686203	0.21978021978022	-2.49084249084249
2.02686202686203	0.634920634920635	-1.48962148962149
0	-0.854700854700855	-2.49084249084249
-2.27106227106227	-2.85714285714286	-4.1025641025641
-3.58974358974359	-4.22466422466422	-4.32234432234432
-2.53968253968254	-4.2979242979243	-4.15140415140415
-3.05250305250305	-3.1990231990232	-4.05372405372405
0.341880341880342	-1.85592185592186	-2.39316239316239
1.70940170940171	-0.21978021978022	-0.781440781440781
0.463980463980464	0.244200244200244	-1.05006105006105
-0.683760683760684	-1.83150183150183	-1.07448107448107
-0.366300366300366	-2.36874236874237	-1.51404151404151
-0.586080586080586	-2.68620268620269	-1.58730158730159
0.854700854700855	-1.48962148962149	0
2.80830280830281	-0.610500610500611	0.537240537240537
3.44322344322344	-0.390720390720391	0.634920634920635
2.83272283272283	0.83028083028083	1.07448107448107
2.53968253968254	2.2954822954823	0.317460317460317
3.24786324786325	1.56288156288156	-0.781440781440781
2.36874236874237	2.22222222222222	0.170940170940171
3.24786324786325	2.68620268620269	1.9047619047619
4.59096459096459	3.17460317460317	3.07692307692308
4.1025641025641	2.24664224664225	4.24908424908425
4.68864468864469	1.12332112332112	5.88522588522589
3.46764346764347	0.0976800976800977	4.95726495726496
4.83516483516483	0.415140415140415	4.44444444444444
2.80830280830281	1.58730158730159	3.90720390720391
1.48962148962149	2.34432234432234	3.02808302808303
1.56288156288156	4.83516483516483	4.004884004884
0.390720390720391	5.27472527472527	4.54212454212454
0.43956043956044	3.76068376068376	3.24786324786325
1.001221001221	2.49084249084249	3.24786324786325
2.58852258852259	1.80708180708181	2.46642246642247
3.27228327228327	-0.0732600732600733	1.95360195360195
3.003663003663	-0.537240537240537	3.003663003663
2.53968253968254	-0.561660561660562	4.56654456654457
-0.708180708180708	-1.97802197802198	4.004884004884
-2.66178266178266	-1.95360195360195	4.68864468864469
-2.49084249084249	-3.05250305250305	3.95604395604396
-3.71184371184371	-2.88156288156288	3.32112332112332
-3.27228327228327	-3.83394383394383	2.95482295482295
-2.44200244200244	-3.41880341880342	1.80708180708181
-1.44078144078144	-4.42002442002442	0.0244200244200244
-1.68498168498168	-5.49450549450549	-0.757020757020757
-0.21978021978022	-5.90964590964591	-2.27106227106227
0.390720390720391	-6.54456654456654	-2.17338217338217
3.22344322344322	-4.37118437118437	-2.12454212454212
3.90720390720391	-3.17460317460317	-2.17338217338217
3.51648351648352	-2.44200244200244	-0.976800976800977
3.88278388278388	-0.317460317460317	-0.927960927960928
1.97802197802198	-2.53968253968254	-1.39194139194139
0.83028083028083	-3.54090354090354	-1.61172161172161
1.9047619047619	-2.24664224664225	0.43956043956044
1.46520146520147	-3.003663003663	0.0732600732600733
0.683760683760684	-0.708180708180708	0.293040293040293
1.39194139194139	0.903540903540904	0.537240537240537
1.07448107448107	1.51404151404151	0.0488400488400488
1.0989010989011	2.24664224664225	0.268620268620269
0.952380952380952	1.36752136752137	0.83028083028083
0.537240537240537	1.1965811965812	2.71062271062271
0.366300366300366	0.512820512820513	4.2002442002442
0.0488400488400488	1.63614163614164	5.15262515262515
-0.43956043956044	0.0488400488400488	3.46764346764347
-0.976800976800977	-1.78266178266178	1.53846153846154
0.390720390720391	-3.27228327228327	0.659340659340659
0.463980463980464	-4.24908424908425	0.0244200244200244
0.781440781440781	-2.78388278388278	0.952380952380952
-0.317460317460317	-3.44322344322344	1.88034188034188
-2.63736263736264	-2.58852258852259	1.17216117216117
-1.46520146520147	-0.879120879120879	1.34310134310134
-0.83028083028083	-1.07448107448107	0.854700854700855
-0.0488400488400488	-2.14896214896215	0.0732600732600733
0.634920634920635	-3.39438339438339	0.0732600732600733
1.07448107448107	-3.1990231990232	0.21978021978022
0.854700854700855	-4.004884004884	2.83272283272283
-0.415140415140415	-3.95604395604396	4.17582417582418
-0.83028083028083	-2.31990231990232	4.15140415140415
0.732600732600733	0.0976800976800977	4.32234432234432
0.366300366300366	0.244200244200244	4.90842490842491
-0.317460317460317	-1.1965811965812	2.2954822954823
-1.07448107448107	-1.92918192918193	1.70940170940171
-1.29426129426129	-3.34554334554335	1.46520146520147
-3.02808302808303	-5.07936507936508	0.708180708180708
-3.15018315018315	-6.1050061050061	1.22100122100122
-2.1978021978022	-4.2979242979243	1.001221001221
-2.02686202686203	-4.95726495726496	0.83028083028083
-0.83028083028083	-4.68864468864469	1.17216117216117
0.757020757020757	-3.1990231990232	1.24542124542125
0.781440781440781	-3.36996336996337	0.0732600732600733
0.903540903540904	-3.88278388278388	-0.634920634920635
0.0732600732600733	-5.32356532356532	-0.903540903540904
-2.14896214896215	-7.27716727716728	-2.53968253968254
-1.97802197802198	-4.66422466422466	-2.88156288156288
-2.68620268620269	-5.32356532356532	-1.9047619047619
-1.9047619047619	-4.15140415140415	-0.781440781440781
-0.341880341880342	-4.12698412698413	-0.293040293040293
-0.195360195360195	-4.54212454212454	0.512820512820513
1.80708180708181	-3.003663003663	2.1001221001221
1.51404151404151	-3.12576312576313	2.44200244200244
0.537240537240537	-2.53968253968254	0.976800976800977
-0.708180708180708	-3.85836385836386	0.463980463980464
-3.58974358974359	-5.95848595848596	-1.36752136752137
-3.24786324786325	-5.71428571428571	-3.27228327228327
-2.85714285714286	-6.34920634920635	-4.07814407814408
-3.39438339438339	-6.66666666666667	-4.2979242979243
-2.83272283272283	-6.83760683760684	-3.85836385836386
-3.90720390720391	-5.59218559218559	-3.93162393162393
-4.24908424908425	-5.76312576312576	-3.68742368742369
-4.54212454212454	-6.34920634920635	-3.49206349206349
-4.44444444444444	-6.42246642246642	-4.02930402930403
-3.68742368742369	-7.15506715506716	-3.85836385836386
-4.32234432234432	-7.10622710622711	-3.15018315018315
-4.54212454212454	-7.2039072039072	-2.80830280830281
-5.37240537240537	-6.64224664224664	-3.85836385836386
-3.63858363858364	-3.27228327228327	-2.63736263736264
-2.73504273504274	-2.68620268620269	-2.68620268620269
-2.41758241758242	-1.63614163614164	-2.61294261294261
-1.14774114774115	-0.586080586080586	-3.1013431013431
-2.14896214896215	-1.1965811965812	-2.56410256410256
-1.1965811965812	0.0488400488400488	-1.75824175824176
-1.14774114774115	0.463980463980464	-1.73382173382173
-1.001221001221	0.757020757020757	-1.85592185592186
0.561660561660562	2.56410256410256	-0.708180708180708
1.36752136752137	2.58852258852259	1.70940170940171
-0.415140415140415	1.70940170940171	2.39316239316239
-0.903540903540904	1.70940170940171	2.75946275946276
-0.366300366300366	2.56410256410256	2.71062271062271
-1.31868131868132	1.41636141636142	1.78266178266178
-3.41880341880342	-1.14774114774115	0.634920634920635
-3.17460317460317	-2.1978021978022	-0.0488400488400488
-1.9047619047619	-2.56410256410256	-1.78266178266178
-2.27106227106227	-3.90720390720391	-1.36752136752137
-3.95604395604396	-5.27472527472527	-1.12332112332112
-4.07814407814408	-5.51892551892552	-0.43956043956044
-2.17338217338217	-3.27228327228327	1.02564102564103
-1.97802197802198	-2.53968253968254	2.24664224664225
-1.95360195360195	-1.66056166056166	1.39194139194139
0.390720390720391	1.07448107448107	1.31868131868132
0.170940170940171	0.927960927960928	-0.21978021978022
0.0488400488400488	1.88034188034188	-0.122100122100122
-0.586080586080586	0.561660561660562	-0.341880341880342
-0.927960927960928	0.317460317460317	0.170940170940171
-0.854700854700855	2.17338217338217	1.41636141636142
-0.0976800976800977	3.93162393162393	1.39194139194139
0.757020757020757	5.83638583638584	2.05128205128205
0.0732600732600733	7.15506715506716	2.05128205128205
-0.0732600732600733	7.05738705738706	0.732600732600733
1.39194139194139	7.10622710622711	-0.0732600732600733
1.17216117216117	5.51892551892552	-0.317460317460317
1.24542124542125	4.02930402930403	0.170940170940171
0.683760683760684	1.63614163614164	1.0989010989011
-1.46520146520147	0.244200244200244	0.610500610500611
-2.51526251526252	0	1.02564102564103
-2.12454212454212	1.17216117216117	1.80708180708181
-2.85714285714286	-0.0244200244200244	0.927960927960928
-2.66178266178266	-0.634920634920635	-0.170940170940171
-2.31990231990232	0.122100122100122	-0.122100122100122
-1.22100122100122	0.195360195360195	0.561660561660562
-1.88034188034188	0.0732600732600733	-0.0976800976800977
-0.903540903540904	1.24542124542125	-1.44078144078144
-0.390720390720391	2.2954822954823	-0.146520146520147
0.366300366300366	4.61538461538461	1.001221001221
-2.1001221001221	3.61416361416361	1.56288156288156
-3.46764346764347	2.68620268620269	2.17338217338217
-0.732600732600733	5.61660561660562	2.27106227106227
0.0732600732600733	6.32478632478632	2.14896214896215
-0.683760683760684	6.22710622710623	3.73626373626374
1.0989010989011	7.27716727716728	4.49328449328449
2.12454212454212	6.52014652014652	4.46886446886447
1.48962148962149	5.56776556776557	5.71428571428571
0.561660561660562	2.80830280830281	6.78876678876679
0.610500610500611	2.61294261294261	5.2991452991453
2.36874236874237	3.83394383394383	4.22466422466422
1.92918192918193	2.71062271062271	3.71184371184371
-0.244200244200244	0.976800976800977	2.24664224664225
-1.41636141636142	-1.22100122100122	0.512820512820513
-0.0732600732600733	-1.22100122100122	0.195360195360195
0.0732600732600733	-1.66056166056166	0.366300366300366
-0.146520146520147	-1.24542124542125	1.07448107448107
0.488400488400488	0.903540903540904	2.49084249084249
0.903540903540904	0.83028083028083	2.88156288156288
0.390720390720391	0.708180708180708	2.1978021978022
0.317460317460317	0.879120879120879	1.14774114774115
0.122100122100122	1.02564102564103	-0.708180708180708
0.146520146520147	3.66300366300366	-0.0732600732600733
-0.634920634920635	2.71062271062271	-0.757020757020757
0.0488400488400488	4.42002442002442	-0.244200244200244
0.146520146520147	3.73626373626374	0.244200244200244
-0.293040293040293	1.68498168498168	1.34310134310134
0.781440781440781	0.561660561660562	1.88034188034188
0.561660561660562	-0.0732600732600733	2.1001221001221
0.170940170940171	-0.659340659340659	2.56410256410256
0.83028083028083	-0.268620268620269	1.41636141636142
2.31990231990232	0.0488400488400488	-1.63614163614164
1.95360195360195	2.02686202686203	-1.92918192918193
2.44200244200244	1.001221001221	-2.63736263736264
0.976800976800977	-0.0244200244200244	-3.34554334554335
1.61172161172161	1.31868131868132	-1.48962148962149
3.02808302808303	2.53968253968254	1.12332112332112
0.366300366300366	-0.195360195360195	0.903540903540904
-0.170940170940171	-1.92918192918193	0.976800976800977
-0.708180708180708	-0.610500610500611	1.02564102564103
-3.2967032967033	-1.78266178266178	-0.586080586080586
-3.27228327228327	-1.88034188034188	-2.12454212454212
-1.83150183150183	-1.39194139194139	-3.1013431013431
0.390720390720391	-1.39194139194139	-2.31990231990232
2.51526251526252	0.317460317460317	-1.001221001221
2.73504273504274	0.879120879120879	0.244200244200244
4.54212454212454	3.05250305250305	2.56410256410256
4.76190476190476	4.22466422466422	4.54212454212454
4.32234432234432	5.15262515262515	5.90964590964591
2.97924297924298	3.78510378510378	3.66300366300366
3.85836385836386	4.05372405372405	3.58974358974359
2.1978021978022	2.58852258852259	2.2954822954823
1.9047619047619	1.39194139194139	0.683760683760684
2.63736263736264	2.39316239316239	0.976800976800977
2.61294261294261	1.39194139194139	-0.43956043956044
-0.317460317460317	0.146520146520147	0.757020757020757
-0.170940170940171	0.0244200244200244	-0.195360195360195
-1.92918192918193	-2.41758241758242	-1.36752136752137
-3.15018315018315	-4.46886446886447	-1.51404151404151
-3.07692307692308	-4.98168498168498	-2.1978021978022
-3.2967032967033	-6.32478632478632	-4.2002442002442
-4.56654456654457	-7.69230769230769	-4.61538461538461
-4.95726495726496	-6.17826617826618	-4.1025641025641
-4.63980463980464	-5.2991452991453	-3.68742368742369
-3.32112332112332	-2.17338217338217	-3.68742368742369
-1.44078144078144	-0.781440781440781	-3.63858363858364
-0.366300366300366	0.903540903540904	-4.49328449328449
-0.390720390720391	2.31990231990232	-4.42002442002442
-0.146520146520147	3.68742368742369	-2.24664224664225
-0.390720390720391	5.03052503052503	-2.07570207570208
-0.366300366300366	7.08180708180708	-0.488400488400488
-1.66056166056166	7.44810744810745	0.488400488400488
-1.31868131868132	7.69230769230769	-0.781440781440781
-0.781440781440781	7.83882783882784	0.463980463980464
0.21978021978022	8.2051282051282	0.659340659340659
1.001221001221	8.4981684981685	1.80708180708181
1.9047619047619	6.91086691086691	1.61172161172161
3.2967032967033	5.90964590964591	1.97802197802198
3.98046398046398	6.52014652014652	3.34554334554335
3.15018315018315	5.49450549450549	1.78266178266178
3.98046398046398	4.95726495726496	0.659340659340659
4.61538461538461	4.76190476190476	1.31868131868132
4.71306471306471	4.76190476190476	1.97802197802198
4.22466422466422	3.07692307692308	0.415140415140415
3.12576312576313	1.22100122100122	-1.29426129426129
2.17338217338217	1.22100122100122	-0.879120879120879
1.05006105006105	2.44200244200244	-0.757020757020757
0	2.80830280830281	-1.22100122100122
0.0488400488400488	3.1013431013431	-0.21978021978022
-1.0989010989011	2.58852258852259	-1.0989010989011
-0.781440781440781	1.70940170940171	-2.88156288156288
0.976800976800977	2.07570207570208	-1.53846153846154
3.07692307692308	3.39438339438339	-1.17216117216117
3.76068376068376	3.05250305250305	-0.952380952380952
4.59096459096459	2.97924297924298	-1.22100122100122
3.12576312576313	2.51526251526252	-0.43956043956044
1.97802197802198	0.952380952380952	-1.70940170940171
0.21978021978022	-0.0732600732600733	-2.85714285714286
-0.21978021978022	-2.36874236874237	-3.93162393162393
-0.879120879120879	-2.90598290598291	-3.83394383394383
0.0732600732600733	-1.97802197802198	-3.54090354090354
0.683760683760684	-1.68498168498168	-4.73748473748474
0.268620268620269	-1.61172161172161	-5.2014652014652
0.512820512820513	-0.757020757020757	-4.34676434676435
0	0.659340659340659	-3.58974358974359
0.683760683760684	0.390720390720391	-2.14896214896215
-0.0976800976800977	-1.39194139194139	-1.83150183150183
-0.488400488400488	-1.95360195360195	-2.07570207570208
0.708180708180708	-1.44078144078144	-1.9047619047619
-0.146520146520147	-1.46520146520147	-2.14896214896215
-0.341880341880342	-0.903540903540904	-2.27106227106227
-1.22100122100122	0.195360195360195	-0.976800976800977
-2.2954822954823	0.146520146520147	-0.708180708180708
-1.53846153846154	0.610500610500611	-0.195360195360195
-0.83028083028083	-0.927960927960928	-2.07570207570208
-0.952380952380952	-2.34432234432234	-1.56288156288156
0.0244200244200244	-1.34310134310134	0.244200244200244
-0.610500610500611	-1.73382173382173	-0.390720390720391
-0.293040293040293	-2.12454212454212	0.488400488400488
-1.58730158730159	-1.85592185592186	0.341880341880342
-2.12454212454212	-1.31868131868132	-0.122100122100122
-0.805860805860806	-0.195360195360195	-0.879120879120879
-0.21978021978022	-1.75824175824176	-2.24664224664225
-0.586080586080586	-2.58852258852259	-1.97802197802198
-0.854700854700855	-2.97924297924298	-1.36752136752137
0.0732600732600733	-2.75946275946276	-0.463980463980464
-1.31868131868132	-4.24908424908425	-2.41758241758242
-1.1965811965812	-3.68742368742369	-2.22222222222222
-1.44078144078144	-2.85714285714286	-1.39194139194139
-1.07448107448107	-1.83150183150183	-2.22222222222222
-3.12576312576313	-2.1978021978022	-3.15018315018315
-3.71184371184371	-1.85592185592186	-2.58852258852259
-4.44444444444444	-0.634920634920635	-0.976800976800977
-3.85836385836386	-1.22100122100122	-0.708180708180708
-2.78388278388278	-0.634920634920635	-0.976800976800977
-2.34432234432234	-2.49084249084249	0.0976800976800977
-0.488400488400488	-2.39316239316239	1.73382173382173
0.732600732600733	-1.88034188034188	0.512820512820513
-0.757020757020757	-4.27350427350427	-1.80708180708181
-2.88156288156288	-3.02808302808303	-4.17582417582418
-1.05006105006105	-0.586080586080586	-4.71306471306471
-0.463980463980464	1.73382173382173	-6.03174603174603
-0.854700854700855	2.2954822954823	-5.56776556776557
-0.805860805860806	0.781440781440781	-3.32112332112332
-0.512820512820513	0.683760683760684	-2.14896214896215
0.0244200244200244	-0.0732600732600733	-0.317460317460317
0.341880341880342	-1.88034188034188	-0.610500610500611
0.512820512820513	-1.58730158730159	-1.61172161172161
2.27106227106227	-0.488400488400488	-1.58730158730159
2.12454212454212	1.26984126984127	-1.61172161172161
2.85714285714286	2.80830280830281	-0.610500610500611
2.22222222222222	2.93040293040293	-0.390720390720391
0.879120879120879	1.9047619047619	-1.53846153846154
0.170940170940171	-0.488400488400488	-2.1978021978022
1.66056166056166	-1.80708180708181	-2.2954822954823
1.07448107448107	-4.27350427350427	-3.07692307692308
0.903540903540904	-5.68986568986569	-3.56532356532357
0.879120879120879	-4.24908424908425	-1.68498168498168
1.73382173382173	-1.70940170940171	0.463980463980464
0.244200244200244	-0.390720390720391	-0.463980463980464
-0.659340659340659	0.122100122100122	-0.683760683760684
-1.80708180708181	-0.586080586080586	-1.26984126984127
-1.24542124542125	0.170940170940171	-1.05006105006105
-0.268620268620269	-1.63614163614164	-0.586080586080586
0.952380952380952	-2.73504273504274	-1.41636141636142
0.366300366300366	-3.17460317460317	-0.903540903540904
-0.244200244200244	-2.49084249084249	-1.1965811965812
0.512820512820513	-1.12332112332112	-2.12454212454212
-1.1965811965812	-0.561660561660562	-2.02686202686203
-1.22100122100122	1.05006105006105	-2.61294261294261
-1.41636141636142	0.634920634920635	-2.90598290598291
-0.805860805860806	0.21978021978022	-2.88156288156288
0	-0.43956043956044	-2.07570207570208
-0.512820512820513	-2.53968253968254	-1.95360195360195
0.268620268620269	-2.51526251526252	-2.27106227106227
-0.122100122100122	-3.54090354090354	-3.17460317460317
1.1965811965812	-2.73504273504274	-2.63736263736264
1.88034188034188	-0.781440781440781	-2.1978021978022
2.61294261294261	0.805860805860806	-2.53968253968254
2.24664224664225	0.976800976800977	-3.2967032967033
1.56288156288156	1.85592185592186	-2.66178266178266
1.001221001221	1.66056166056166	-2.58852258852259
0.195360195360195	0.757020757020757	-3.02808302808303
-0.659340659340659	-0.683760683760684	-2.1001221001221
-1.22100122100122	-2.71062271062271	-3.51648351648352
0.244200244200244	-3.56532356532357	-3.80952380952381
0.903540903540904	-3.98046398046398	-4.1025641025641
0.317460317460317	-4.51770451770452	-5.81196581196581
0	-5.07936507936508	-6.12942612942613
1.80708180708181	-2.80830280830281	-4.56654456654457
1.05006105006105	-1.12332112332112	-3.39438339438339
1.31868131868132	-1.75824175824176	-3.07692307692308
1.61172161172161	-0.634920634920635	-1.24542124542125
3.68742368742369	1.63614163614164	-0.537240537240537
3.07692307692308	1.83150183150183	-1.34310134310134
1.80708180708181	0.390720390720391	-2.56410256410256
1.58730158730159	-0.341880341880342	-3.56532356532357
2.12454212454212	0.122100122100122	-3.34554334554335
1.29426129426129	-1.51404151404151	-4.54212454212454
1.46520146520147	-1.88034188034188	-4.63980463980464
2.12454212454212	-0.854700854700855	-4.85958485958486
1.97802197802198	-1.41636141636142	-4.76190476190476
0.244200244200244	-3.1990231990232	-4.2002442002442
0.268620268620269	-4.59096459096459	-3.71184371184371
0.708180708180708	-4.2979242979243	-3.12576312576313
0.0244200244200244	-5.00610500610501	-2.97924297924298
1.02564102564103	-3.95604395604396	-1.88034188034188
1.63614163614164	-2.71062271062271	-1.41636141636142
2.44200244200244	-0.879120879120879	0.21978021978022
0.927960927960928	0.268620268620269	-1.26984126984127
1.12332112332112	1.97802197802198	-1.36752136752137
-0.317460317460317	1.75824175824176	-1.53846153846154
-2.24664224664225	2.1978021978022	-2.63736263736264
-2.1001221001221	1.0989010989011	-3.68742368742369
-2.80830280830281	-0.488400488400488	-3.95604395604396
-5.49450549450549	-2.27106227106227	-4.76190476190476
-4.12698412698413	-2.36874236874237	-5.00610500610501
-3.44322344322344	-1.24542124542125	-5.71428571428571
-3.90720390720391	-4.02930402930403	-6.4957264957265
-3.61416361416361	-3.71184371184371	-6.76434676434676
-3.49206349206349	-3.85836385836386	-6.3980463980464
-3.88278388278388	-5.44566544566545	-7.44810744810745
-4.66422466422466	-5.83638583638584	-5.44566544566545
-4.98168498168498	-5.25030525030525	-4.95726495726496
-4.49328449328449	-2.36874236874237	-3.1013431013431
-3.88278388278388	0.83028083028083	-1.44078144078144
-3.58974358974359	1.63614163614164	-2.63736263736264
-4.44444444444444	1.70940170940171	-3.02808302808303
-3.36996336996337	0.927960927960928	-3.15018315018315
-3.56532356532357	-0.903540903540904	-3.49206349206349
-4.15140415140415	-3.1013431013431	-3.12576312576313
-3.07692307692308	-3.2967032967033	-2.39316239316239
-0.634920634920635	-0.317460317460317	-1.17216117216117
-1.41636141636142	-0.488400488400488	-2.85714285714286
-0.83028083028083	1.48962148962149	-2.1001221001221
-1.24542124542125	1.63614163614164	-2.80830280830281
-1.56288156288156	1.51404151404151	-3.36996336996337
-4.90842490842491	1.02564102564103	-3.98046398046398
-4.98168498168498	-0.537240537240537	-3.44322344322344
-4.54212454212454	-0.854700854700855	-2.63736263736264
-3.68742368742369	-0.879120879120879	-1.63614163614164
-4.02930402930403	-0.683760683760684	-0.708180708180708
-3.07692307692308	0.0732600732600733	0.170940170940171
-2.24664224664225	-0.561660561660562	-2.24664224664225
-3.15018315018315	-0.244200244200244	-2.34432234432234
-1.63614163614164	1.17216117216117	-1.83150183150183
-0.366300366300366	2.14896214896215	-1.36752136752137
-1.001221001221	1.14774114774115	-0.43956043956044
-0.0488400488400488	1.0989010989011	1.36752136752137
-0.927960927960928	1.1965811965812	1.83150183150183
0.146520146520147	0.708180708180708	1.92918192918193
0.561660561660562	-0.0488400488400488	-0.146520146520147
0.854700854700855	-0.0732600732600733	0
0.976800976800977	-0.415140415140415	1.46520146520147
1.02564102564103	0.268620268620269	-0.0732600732600733
0.903540903540904	0.21978021978022	0.488400488400488
2.51526251526252	0.0732600732600733	1.34310134310134
2.02686202686203	-0.512820512820513	1.26984126984127
2.39316239316239	-0.757020757020757	1.63614163614164
3.56532356532357	0.854700854700855	1.58730158730159
4.17582417582418	1.80708180708181	2.97924297924298
1.34310134310134	2.34432234432234	3.88278388278388
-0.293040293040293	1.83150183150183	3.003663003663
0.683760683760684	2.1001221001221	3.61416361416361
1.31868131868132	2.31990231990232	3.80952380952381
0.195360195360195	2.58852258852259	3.07692307692308
0.634920634920635	1.61172161172161	2.75946275946276
1.24542124542125	2.2954822954823	2.49084249084249
0.366300366300366	1.92918192918193	1.44078144078144
-2.58852258852259	-0.805860805860806	-0.610500610500611
-3.36996336996337	-2.2954822954823	-2.24664224664225
-4.44444444444444	-3.07692307692308	-3.003663003663
-2.66178266178266	-0.634920634920635	-2.17338217338217
-2.75946275946276	-1.1965811965812	-2.58852258852259
-2.68620268620269	-1.34310134310134	-2.1001221001221
-1.12332112332112	-0.732600732600733	-0.757020757020757
1.001221001221	0.952380952380952	-0.244200244200244
3.78510378510378	3.24786324786325	0.854700854700855
4.24908424908425	2.95482295482295	1.88034188034188
5.78754578754579	5.00610500610501	1.48962148962149
5.88522588522589	6.88644688644689	1.1965811965812
4.27350427350427	5.51892551892552	1.29426129426129
1.07448107448107	3.44322344322344	1.1965811965812
0.83028083028083	1.63614163614164	-0.146520146520147
0.805860805860806	1.66056166056166	0.586080586080586
0.488400488400488	0.879120879120879	0.0488400488400488
1.58730158730159	0.415140415140415	-0.805860805860806
1.22100122100122	1.34310134310134	-1.68498168498168
1.61172161172161	2.63736263736264	-0.586080586080586
2.02686202686203	3.44322344322344	-0.0976800976800977
1.70940170940171	4.17582417582418	0.805860805860806
0.0732600732600733	3.36996336996337	0.317460317460317
-0.610500610500611	1.66056166056166	-0.537240537240537
0.927960927960928	-0.268620268620269	-0.634920634920635
1.39194139194139	-0.341880341880342	-0.586080586080586
0.415140415140415	-1.58730158730159	-0.537240537240537
0.195360195360195	-1.75824175824176	-0.634920634920635
-0.170940170940171	-1.22100122100122	-1.12332112332112
-0.903540903540904	-1.80708180708181	-2.17338217338217
-2.14896214896215	-0.0488400488400488	-1.48962148962149
-1.0989010989011	1.53846153846154	-1.22100122100122
-0.512820512820513	2.41758241758242	0.0244200244200244
-0.683760683760684	3.56532356532357	1.29426129426129
1.34310134310134	4.22466422466422	2.07570207570208
0.0976800976800977	3.46764346764347	2.44200244200244
1.56288156288156	3.71184371184371	2.22222222222222
2.2954822954823	2.88156288156288	0.683760683760684
1.39194139194139	1.56288156288156	-0.341880341880342
1.56288156288156	0.634920634920635	0.0976800976800977
0.463980463980464	0.757020757020757	-0.195360195360195
-0.952380952380952	-0.317460317460317	-0.83028083028083
-0.43956043956044	-0.512820512820513	-0.341880341880342
1.31868131868132	0.610500610500611	0.366300366300366
0.927960927960928	-1.63614163614164	-1.58730158730159
0.757020757020757	-2.39316239316239	-2.71062271062271
1.78266178266178	-2.56410256410256	-2.63736263736264
1.31868131868132	-3.27228327228327	-2.41758241758242
0.390720390720391	-2.22222222222222	-2.14896214896215
0.43956043956044	-2.27106227106227	-1.12332112332112
3.51648351648352	0.879120879120879	-0.415140415140415
2.66178266178266	-0.927960927960928	-0.390720390720391
1.70940170940171	-1.26984126984127	-0.83028083028083
1.83150183150183	-2.002442002442	-1.46520146520147
2.68620268620269	-3.12576312576313	-0.415140415140415
3.07692307692308	-2.41758241758242	1.51404151404151
3.44322344322344	-0.463980463980464	1.75824175824176
4.05372405372405	1.26984126984127	1.44078144078144
5.03052503052503	2.78388278388278	1.46520146520147
4.66422466422466	4.32234432234432	2.2954822954823
2.002442002442	3.63858363858364	0.610500610500611
2.93040293040293	2.36874236874237	0
3.07692307692308	1.02564102564103	0.634920634920635
2.83272283272283	1.17216117216117	0.634920634920635
1.34310134310134	-1.24542124542125	0.146520146520147
1.78266178266178	-0.805860805860806	1.88034188034188
0	-0.879120879120879	0.927960927960928
-1.001221001221	-2.95482295482295	0.0488400488400488
-2.66178266178266	-1.88034188034188	-0.341880341880342
-4.61538461538461	-2.53968253968254	-1.31868131868132
-4.95726495726496	-2.63736263736264	-2.68620268620269
-3.1990231990232	-2.53968253968254	-1.34310134310134
-1.36752136752137	-1.83150183150183	0.83028083028083
-0.634920634920635	0.317460317460317	1.83150183150183
1.07448107448107	1.001221001221	3.73626373626374
1.61172161172161	4.42002442002442	4.24908424908425
-0.43956043956044	3.98046398046398	2.1001221001221
-0.0244200244200244	5.42124542124542	2.44200244200244
0.0488400488400488	4.49328449328449	1.07448107448107
0.903540903540904	4.2002442002442	0.659340659340659
2.12454212454212	4.93284493284493	1.39194139194139
3.41880341880342	4.85958485958486	1.44078144078144
4.63980463980464	6.47130647130647	1.36752136752137
3.88278388278388	7.57020757020757	2.66178266178266
5.1037851037851	6.83760683760684	4.2979242979243
5.83638583638584	7.2039072039072	4.3956043956044
6.17826617826618	8.13186813186813	5.66544566544567
5.59218559218559	7.15506715506716	5.76312576312576
5.95848595848596	6.81318681318681	5.27472527472527
5.47008547008547	5.25030525030525	4.95726495726496
4.95726495726496	5.42124542124542	4.24908424908425
5.76312576312576	4.3956043956044	4.51770451770452
5.42124542124542	4.15140415140415	5.03052503052503
4.12698412698413	3.85836385836386	5.27472527472527
4.07814407814408	3.2967032967033	4.54212454212454
2.17338217338217	2.63736263736264	2.97924297924298
0.21978021978022	2.39316239316239	0.927960927960928
0.146520146520147	0.683760683760684	0.195360195360195
-0.586080586080586	-1.31868131868132	-1.39194139194139
0.268620268620269	-1.80708180708181	-2.41758241758242
-0.854700854700855	-2.36874236874237	-2.51526251526252
-1.88034188034188	-2.44200244200244	-2.73504273504274
0.122100122100122	-0.854700854700855	-2.88156288156288
1.12332112332112	0.854700854700855	-3.003663003663
-1.0989010989011	-1.14774114774115	-3.78510378510378
-0.0244200244200244	0.268620268620269	-2.97924297924298
0.0488400488400488	0.341880341880342	-3.51648351648352
0.512820512820513	0.390720390720391	-1.34310134310134
-0.952380952380952	0.586080586080586	-0.488400488400488
-1.68498168498168	0.21978021978022	-0.537240537240537
0.0244200244200244	0.781440781440781	0.952380952380952
1.02564102564103	1.22100122100122	1.31868131868132
1.14774114774115	-0.170940170940171	0.341880341880342
1.22100122100122	0.43956043956044	0.390720390720391
0.83028083028083	1.26984126984127	2.17338217338217
1.0989010989011	0.390720390720391	2.002442002442
1.07448107448107	0.757020757020757	2.07570207570208
0.561660561660562	-0.366300366300366	1.39194139194139
2.22222222222222	1.1965811965812	2.12454212454212
4.2979242979243	2.27106227106227	2.68620268620269
3.73626373626374	3.85836385836386	2.2954822954823
3.71184371184371	5.12820512820513	1.58730158730159
3.44322344322344	4.83516483516483	2.53968253968254
2.53968253968254	5.1037851037851	2.71062271062271
2.27106227106227	2.63736263736264	2.80830280830281
1.73382173382173	0.170940170940171	2.22222222222222
2.53968253968254	1.12332112332112	2.56410256410256
3.71184371184371	1.02564102564103	3.22344322344322
2.34432234432234	0.952380952380952	1.78266178266178
0.293040293040293	0.83028083028083	1.53846153846154
1.1965811965812	2.02686202686203	0.708180708180708
0	2.53968253968254	0.512820512820513
0.293040293040293	1.88034188034188	0.195360195360195
1.53846153846154	2.1978021978022	-0.512820512820513
2.12454212454212	1.97802197802198	-0.244200244200244
2.41758241758242	3.34554334554335	0.0732600732600733
2.53968253968254	2.95482295482295	-0.463980463980464
2.05128205128205	3.71184371184371	-1.12332112332112
1.24542124542125	3.71184371184371	-0.146520146520147
-0.0976800976800977	2.41758241758242	-0.903540903540904
0.341880341880342	2.24664224664225	-1.31868131868132
0.634920634920635	0.341880341880342	-1.68498168498168
1.36752136752137	-0.610500610500611	-1.14774114774115
1.39194139194139	-0.488400488400488	-1.56288156288156
1.05006105006105	-1.0989010989011	-0.952380952380952
0.43956043956044	-0.732600732600733	-0.757020757020757
-0.634920634920635	-1.22100122100122	-1.48962148962149
-1.88034188034188	-2.36874236874237	-1.85592185592186
-2.61294261294261	-2.68620268620269	-2.36874236874237
-0.0488400488400488	-2.73504273504274	-1.29426129426129
1.36752136752137	-2.51526251526252	0
1.0989010989011	-2.36874236874237	0.805860805860806
2.39316239316239	-1.44078144078144	1.0989010989011
2.39316239316239	-0.170940170940171	0.879120879120879
2.61294261294261	0.854700854700855	-0.170940170940171
2.49084249084249	0.83028083028083	1.05006105006105
1.53846153846154	0.366300366300366	-1.24542124542125
1.85592185592186	1.83150183150183	-0.122100122100122
2.05128205128205	2.39316239316239	1.07448107448107
2.31990231990232	0.708180708180708	1.41636141636142
2.31990231990232	-0.927960927960928	0.586080586080586
2.44200244200244	-1.70940170940171	-2.39316239316239
2.75946275946276	-3.80952380952381	-2.41758241758242
2.56410256410256	-3.66300366300366	-1.97802197802198
2.63736263736264	-3.73626373626374	-3.83394383394383
1.78266178266178	-2.56410256410256	-4.51770451770452
2.71062271062271	0.732600732600733	-0.561660561660562
1.75824175824176	0.21978021978022	0.463980463980464
0.0976800976800977	0.561660561660562	-1.12332112332112
-0.390720390720391	0.0732600732600733	-1.31868131868132
-2.63736263736264	-1.53846153846154	-1.92918192918193
-3.2967032967033	-1.95360195360195	-3.95604395604396
-2.56410256410256	-5.54334554334554	-6.34920634920635
-2.22222222222222	-4.27350427350427	-6.3980463980464
-1.44078144078144	-4.07814407814408	-4.34676434676435
0.366300366300366	-2.14896214896215	-4.2979242979243
0.561660561660562	0.0732600732600733	-4.63980463980464
0.366300366300366	0.170940170940171	-4.15140415140415
0.122100122100122	0.0732600732600733	-3.98046398046398
-1.1965811965812	-1.56288156288156	-4.02930402930403
-1.44078144078144	-2.95482295482295	-4.34676434676435
-2.12454212454212	-3.32112332112332	-4.98168498168498
-2.31990231990232	-2.27106227106227	-4.76190476190476
-3.36996336996337	-1.63614163614164	-5.56776556776557
-4.46886446886447	-2.46642246642247	-6.61782661782662
-3.07692307692308	-1.29426129426129	-6.22710622710623
-1.88034188034188	-1.39194139194139	-6.08058608058608
-2.27106227106227	-2.97924297924298	-6.95970695970696
-0.83028083028083	-2.90598290598291	-5.73870573870574
-0.463980463980464	-3.58974358974359	-4.004884004884
-1.83150183150183	-4.24908424908425	-3.56532356532357
-2.73504273504274	-4.07814407814408	-4.17582417582418
