-1.41636141636142	8.88888888888889	2.39316239316239
-1.75824175824176	9.3040293040293	2.02686202686203
-1.14774114774115	10.1343101343101	1.26984126984127
-0.512820512820513	8.76678876678877	-1.001221001221
0.683760683760684	7.64346764346764	-0.976800976800977
0.683760683760684	5.71428571428571	0.146520146520147
1.0989010989011	5.44566544566545	0.879120879120879
1.39194139194139	7.32600732600733	2.05128205128205
0.170940170940171	6.4957264957265	1.1965811965812
-0.0976800976800977	6.95970695970696	1.51404151404151
0.0488400488400488	8.35164835164835	1.24542124542125
1.39194139194139	8.37606837606838	1.1965811965812
1.14774114774115	5.47008547008547	-0.146520146520147
1.92918192918193	3.02808302808303	-1.46520146520147
1.24542124542125	0.512820512820513	-1.63614163614164
3.15018315018315	1.02564102564103	-2.41758241758242
2.66178266178266	2.51526251526252	-0.708180708180708
2.58852258852259	5.44566544566545	0.366300366300366
2.53968253968254	6.64224664224664	2.46642246642247
2.1978021978022	7.10622710622711	2.1001221001221
1.41636141636142	5.17704517704518	1.9047619047619
1.07448107448107	4.27350427350427	0.757020757020757
0.805860805860806	2.88156288156288	-0.0976800976800977
1.001221001221	1.29426129426129	-1.07448107448107
0.415140415140415	-1.61172161172161	-3.22344322344322
-0.170940170940171	-1.44078144078144	-2.61294261294261
-1.05006105006105	-1.92918192918193	-3.27228327228327
-0.244200244200244	-1.53846153846154	-2.05128205128205
-1.36752136752137	-0.195360195360195	-1.83150183150183
0.512820512820513	5.47008547008547	1.22100122100122
0.952380952380952	9.57264957264957	2.39316239316239
2.78388278388278	10.989010989011	3.003663003663
2.93040293040293	13.2112332112332	4.15140415140415
5.03052503052503	12.967032967033	2.83272283272283
4.2979242979243	10.7936507936508	1.70940170940171
3.56532356532357	6.71550671550672	-0.683760683760684
4.15140415140415	6.61782661782662	-1.36752136752137
4.1025641025641	6.56898656898657	-1.9047619047619
5.68986568986569	8.66910866910867	-1.44078144078144
7.05738705738706	12.6739926739927	-0.293040293040293
5.54334554334554	14.4566544566545	1.41636141636142
5.66544566544567	14.3833943833944	1.68498168498168
5.3968253968254	15.1404151404151	3.46764346764347
4.83516483516483	14.017094017094	4.54212454212454
4.78632478632479	13.5042735042735	4.46886446886447
5.2991452991453	12.5030525030525	4.93284493284493
6.3003663003663	10.1343101343101	4.07814407814408
6.25152625152625	10.8424908424908	4.32234432234432
7.00854700854701	11.965811965812	6.08058608058608
5.34798534798535	10.5006105006105	3.27228327228327
7.10622710622711	11.6971916971917	4.05372405372405
4.93284493284493	10.5982905982906	3.66300366300366
4.24908424908425	9.05982905982906	2.49084249084249
3.46764346764347	5.47008547008547	1.95360195360195
2.39316239316239	3.36996336996337	2.07570207570208
3.39438339438339	3.88278388278388	2.53968253968254
1.53846153846154	1.36752136752137	1.41636141636142
1.68498168498168	0.488400488400488	0.512820512820513
1.0989010989011	-0.415140415140415	0.268620268620269
0.537240537240537	-2.41758241758242	-0.537240537240537
-1.17216117216117	-4.88400488400488	-0.317460317460317
-1.78266178266178	-5.51892551892552	-2.95482295482295
-1.22100122100122	-5.15262515262515	-3.73626373626374
-1.39194139194139	-3.44322344322344	-2.1978021978022
0.366300366300366	-1.29426129426129	-1.31868131868132
1.29426129426129	0.781440781440781	-0.879120879120879
2.66178266178266	4.07814407814408	1.58730158730159
3.27228327228327	6.12942612942613	0.903540903540904
3.1013431013431	8.22954822954823	-0.0732600732600733
3.07692307692308	10.3052503052503	-0.634920634920635
4.88400488400488	14.017094017094	0.634920634920635
4.66422466422466	15.2136752136752	1.95360195360195
4.1025641025641	14.5054945054945	2.53968253968254
10.5006105006105	14.4078144078144	2.24664224664225
0.317460317460317	10.5738705738706	0.43956043956044
3.003663003663	9.01098901098901	-0.463980463980464
3.22344322344322	8.66910866910867	-1.26984126984127
0.561660561660562	8.64468864468864	-1.26984126984127
-0.708180708180708	6.34920634920635	-1.26984126984127
2.56410256410256	4.59096459096459	1.31868131868132
2.88156288156288	2.95482295482295	-0.903540903540904
4.004884004884	1.34310134310134	0.952380952380952
2.14896214896215	1.39194139194139	-0.537240537240537
3.66300366300366	2.12454212454212	-1.68498168498168
4.90842490842491	7.10622710622711	0.390720390720391
6.44688644688645	9.69474969474969	0.952380952380952
5.98290598290598	10.0854700854701	-0.0488400488400488
7.64346764346764	8.13186813186813	-1.75824175824176
1.17216117216117	5.66544566544567	-1.9047619047619
1.88034188034188	2.49084249084249	-2.51526251526252
1.44078144078144	0.146520146520147	-1.41636141636142
0.0488400488400488	1.78266178266178	2.46642246642247
1.48962148962149	5.59218559218559	6.54456654456654
5.73870573870574	10.4029304029304	9.76800976800977
7.4969474969475	13.4065934065934	10.4273504273504
9.57264957264957	16.5323565323565	12.4053724053724
7.42368742368742	16.6056166056166	11.0866910866911
7.32600732600733	14.8473748473748	10.5738705738706
7.00854700854701	13.3089133089133	10.6227106227106
6.69108669108669	9.3040293040293	8.81562881562882
5.2991452991453	7.15506715506716	8.22954822954823
4.88400488400488	6.76434676434676	8.27838827838828
3.98046398046398	5.22588522588523	6.86202686202686
3.83394383394383	6.64224664224664	6.73992673992674
4.15140415140415	8.5958485958486	5.78754578754579
5.76312576312576	9.93894993894994	6.2026862026862
5.34798534798535	11.6239316239316	5.95848595848596
6.00732600732601	14.2857142857143	7.10622710622711
6.44688644688645	15.2136752136752	7.37484737484737
5.44566544566545	15.0915750915751	6.64224664224664
5.56776556776557	14.8962148962149	6.73992673992674
5.42124542124542	11.2820512820513	2.66178266178266
4.68864468864469	5.42124542124542	0.903540903540904
4.88400488400488	1.70940170940171	-0.927960927960928
4.90842490842491	-0.21978021978022	-2.41758241758242
6.00732600732601	2.31990231990232	-2.07570207570208
5.37240537240537	3.46764346764347	-1.14774114774115
6.71550671550672	7.4969474969475	0.659340659340659
5.32356532356532	8.5958485958486	2.34432234432234
3.34554334554335	7.17948717948718	3.54090354090354
3.36996336996337	8.71794871794872	4.54212454212454
4.32234432234432	9.20634920634921	5.49450549450549
4.66422466422466	8.15628815628816	4.42002442002442
5.95848595848596	8.57142857142857	4.44444444444444
6.76434676434676	8.44932844932845	5.22588522588523
7.47252747252747	8.13186813186813	6.47130647130647
6.12942612942613	6.47130647130647	8.00976800976801
6.27594627594628	6.27594627594628	7.3992673992674
8.10744810744811	8.37606837606838	8.22954822954823
7.32600732600733	11.0622710622711	9.37728937728938
7.78998778998779	13.0647130647131	10.4029304029304
7.91208791208791	15.7020757020757	11.1355311355311
7.69230769230769	16.7032967032967	12.5274725274725
6.88644688644689	16.2148962148962	13.7484737484737
6.1050061050061	14.4078144078144	12.7716727716728
5.95848595848596	10.7203907203907	10.5982905982906
6.17826617826618	7.88766788766789	9.08424908424908
4.85958485958486	3.83394383394383	6.05616605616606
4.12698412698413	0.0488400488400488	3.80952380952381
3.88278388278388	-3.27228327228327	1.85592185592186
2.56410256410256	-5.95848595848596	-1.34310134310134
1.63614163614164	-4.02930402930403	-0.244200244200244
2.44200244200244	-1.85592185592186	0.341880341880342
2.07570207570208	-1.58730158730159	0.708180708180708
2.46642246642247	3.85836385836386	3.17460317460317
2.97924297924298	5.68986568986569	5.78754578754579
2.27106227106227	4.59096459096459	6.27594627594628
1.9047619047619	3.95604395604396	7.03296703296703
1.85592185592186	4.24908424908425	8.00976800976801
1.97802197802198	2.95482295482295	7.42368742368742
4.37118437118437	4.68864468864469	7.44810744810745
6.03174603174603	6.52014652014652	6.15384615384615
5.88522588522589	7.76556776556777	6.4957264957265
8.08302808302808	9.15750915750916	5.81196581196581
4.34676434676435	6.73992673992674	3.73626373626374
2.85714285714286	4.73748473748474	4.76190476190476
1.97802197802198	3.02808302808303	6.25152625152625
-0.927960927960928	0.976800976800977	8.32722832722833
-0.708180708180708	0.488400488400488	8.32722832722833
0.170940170940171	2.90598290598291	11.6971916971917
1.05006105006105	4.37118437118437	11.1599511599512
0.83028083028083	6.05616605616606	10.1343101343101
2.07570207570208	7.44810744810745	8.47374847374847
2.75946275946276	7.76556776556777	8.81562881562882
3.17460317460317	6.42246642246642	6.22710622710623
0.976800976800977	4.66422466422466	5.90964590964591
2.66178266178266	0.854700854700855	0.83028083028083
2.53968253968254	1.24542124542125	1.24542124542125
1.78266178266178	0.43956043956044	-0.488400488400488
1.46520146520147	1.70940170940171	-0.952380952380952
1.29426129426129	2.27106227106227	-0.341880341880342
0.683760683760684	4.44444444444444	8.47374847374847
-0.195360195360195	1.44078144078144	-7.03296703296703
-0.732600732600733	0.170940170940171	0.122100122100122
-0.757020757020757	-0.927960927960928	-0.317460317460317
-1.63614163614164	-2.88156288156288	-3.49206349206349
-0.634920634920635	-4.68864468864469	-0.43956043956044
-1.9047619047619	-5.49450549450549	0.708180708180708
-3.68742368742369	-6.88644688644689	1.02564102564103
-4.59096459096459	-8.00976800976801	-0.903540903540904
-4.15140415140415	-7.17948717948718	-1.12332112332112
-3.93162393162393	-5.47008547008547	-0.366300366300366
-2.34432234432234	-3.1990231990232	2.1001221001221
-1.14774114774115	-0.781440781440781	0.927960927960928
-0.708180708180708	2.51526251526252	3.02808302808303
-0.0244200244200244	3.63858363858364	2.78388278388278
-1.51404151404151	4.07814407814408	2.85714285714286
-1.0989010989011	6.73992673992674	4.27350427350427
-0.83028083028083	7.88766788766789	4.54212454212454
-1.73382173382173	7.25274725274725	5.88522588522589
-1.56288156288156	7.2039072039072	6.25152625152625
-1.0989010989011	5.90964590964591	6.88644688644689
0.415140415140415	3.32112332112332	3.1990231990232
0.488400488400488	2.17338217338217	4.1025641025641
2.07570207570208	1.26984126984127	2.80830280830281
1.001221001221	1.0989010989011	2.002442002442
-0.83028083028083	-0.708180708180708	1.70940170940171
-1.1965811965812	-0.0488400488400488	1.46520146520147
-1.05006105006105	0.512820512820513	-0.122100122100122
-1.73382173382173	0.317460317460317	-0.659340659340659
-2.002442002442	1.14774114774115	-2.1978021978022
-2.36874236874237	1.34310134310134	-3.1013431013431
-3.2967032967033	1.9047619047619	-2.53968253968254
-3.27228327228327	2.95482295482295	-1.53846153846154
-1.66056166056166	2.73504273504274	-0.805860805860806
1.1965811965812	4.2002442002442	1.1965811965812
2.34432234432234	4.24908424908425	0.781440781440781
4.34676434676435	3.76068376068376	2.1978021978022
4.49328449328449	4.34676434676435	3.36996336996337
2.90598290598291	4.68864468864469	3.93162393162393
2.63736263736264	4.78632478632479	3.68742368742369
2.46642246642247	5.15262515262515	4.05372405372405
0.122100122100122	3.73626373626374	3.39438339438339
-2.12454212454212	3.41880341880342	3.24786324786325
0.757020757020757	6.95970695970696	5.32356532356532
0	6.83760683760684	5.2991452991453
0.268620268620269	7.88766788766789	6.15384615384615
1.001221001221	7.22832722832723	5.1037851037851
1.26984126984127	5.34798534798535	2.46642246642247
2.12454212454212	3.22344322344322	1.24542124542125
0.170940170940171	0.488400488400488	1.29426129426129
0.781440781440781	-0.0244200244200244	2.73504273504274
0	1.70940170940171	4.81074481074481
1.1965811965812	1.53846153846154	4.15140415140415
-0.634920634920635	0.268620268620269	3.12576312576313
-1.05006105006105	-1.31868131868132	1.75824175824176
-1.68498168498168	-0.854700854700855	0.463980463980464
-2.90598290598291	-0.561660561660562	-0.0976800976800977
-1.95360195360195	2.1001221001221	0.366300366300366
0.610500610500611	4.83516483516483	0.268620268620269
1.61172161172161	6.76434676434676	0.683760683760684
6.42246642246642	10.6959706959707	1.36752136752137
3.90720390720391	9.4993894993895	1.34310134310134
5.25030525030525	8.69352869352869	1.17216117216117
5.81196581196581	8.15628815628816	1.66056166056166
3.63858363858364	8.42490842490843	3.15018315018315
2.14896214896215	7.57020757020757	3.39438339438339
2.56410256410256	8.2051282051282	4.02930402930403
2.17338217338217	9.47496947496948	4.56654456654457
1.44078144078144	8.74236874236874	5.68986568986569
1.26984126984127	9.18192918192918	7.25274725274725
1.58730158730159	7.96092796092796	6.4957264957265
0.317460317460317	5.83638583638584	6.81318681318681
-1.56288156288156	3.68742368742369	5.54334554334554
-1.95360195360195	2.22222222222222	5.59218559218559
-3.76068376068376	-1.22100122100122	0.879120879120879
-5.95848595848596	-4.17582417582418	-1.73382173382173
-7.66788766788767	-6.15384615384615	-2.73504273504274
-8.32722832722833	-9.35286935286935	-3.05250305250305
-8.32722832722833	-12.2588522588523	-4.78632478632479
-8.08302808302808	-11.8192918192918	-3.05250305250305
-4.98168498168498	-8.13186813186813	-1.53846153846154
-1.66056166056166	-3.49206349206349	0.488400488400488
-0.195360195360195	-0.805860805860806	0.366300366300366
2.1978021978022	2.58852258852259	1.17216117216117
2.1001221001221	4.63980463980464	0.757020757020757
1.29426129426129	5.25030525030525	-0.0244200244200244
1.26984126984127	4.68864468864469	-0.366300366300366
0.170940170940171	4.44444444444444	0.21978021978022
2.61294261294261	4.66422466422466	0.952380952380952
3.39438339438339	4.90842490842491	1.46520146520147
5.37240537240537	4.44444444444444	2.95482295482295
6.47130647130647	5.32356532356532	3.85836385836386
5.66544566544567	7.44810744810745	5.05494505494505
4.2002442002442	7.61904761904762	4.02930402930403
2.34432234432234	7.13064713064713	3.85836385836386
0.268620268620269	8.03418803418803	4.51770451770452
-2.002442002442	5.51892551892552	2.80830280830281
-3.39438339438339	3.24786324786325	0.903540903540904
-4.54212454212454	2.24664224664225	1.14774114774115
-3.90720390720391	0.317460317460317	-0.0488400488400488
-0.903540903540904	-1.36752136752137	-1.56288156288156
0.21978021978022	-3.58974358974359	-2.61294261294261
1.02564102564103	-6.17826617826618	-5.2014652014652
3.02808302808303	-5.64102564102564	-6.15384615384615
1.34310134310134	-6.03174603174603	-6.22710622710623
2.34432234432234	-4.34676434676435	-5.90964590964591
-1.0989010989011	-3.02808302808303	-5.56776556776557
-0.659340659340659	-0.976800976800977	-4.59096459096459
-0.732600732600733	0.659340659340659	-3.51648351648352
0.0488400488400488	2.61294261294261	-3.32112332112332
-0.317460317460317	4.46886446886447	-2.1001221001221
2.1001221001221	6.56898656898657	-1.17216117216117
2.68620268620269	6.73992673992674	0.561660561660562
2.27106227106227	5.03052503052503	1.39194139194139
2.39316239316239	2.34432234432234	1.26984126984127
1.68498168498168	1.41636141636142	2.31990231990232
1.07448107448107	1.51404151404151	2.97924297924298
0.757020757020757	1.83150183150183	3.2967032967033
-0.537240537240537	1.97802197802198	3.51648351648352
-1.29426129426129	2.1001221001221	4.22466422466422
-2.68620268620269	0.757020757020757	4.2002442002442
-3.17460317460317	1.07448107448107	5.07936507936508
-2.58852258852259	0.83028083028083	5.27472527472527
-2.31990231990232	1.68498168498168	5.1037851037851
-0.586080586080586	1.70940170940171	4.27350427350427
-2.58852258852259	-0.0488400488400488	2.24664224664225
-1.12332112332112	0.43956043956044	1.1965811965812
-0.903540903540904	1.02564102564103	1.41636141636142
-0.463980463980464	3.1013431013431	2.61294261294261
-0.659340659340659	2.83272283272283	1.53846153846154
2.49084249084249	3.39438339438339	0.170940170940171
1.14774114774115	1.44078144078144	-1.17216117216117
1.78266178266178	-0.0488400488400488	-3.51648351648352
2.002442002442	1.51404151404151	-4.68864468864469
2.49084249084249	3.15018315018315	-4.56654456654457
2.53968253968254	2.34432234432234	-4.54212454212454
2.58852258852259	1.53846153846154	-3.61416361416361
2.12454212454212	-0.537240537240537	-2.73504273504274
2.05128205128205	-3.15018315018315	-3.17460317460317
0.83028083028083	-4.2002442002442	-1.85592185592186
0.195360195360195	-3.003663003663	0
1.36752136752137	-1.36752136752137	1.07448107448107
1.46520146520147	-1.56288156288156	0.21978021978022
-0.0488400488400488	-2.31990231990232	0.463980463980464
-0.43956043956044	-4.51770451770452	-1.22100122100122
-1.17216117216117	-7.42368742368742	-1.92918192918193
-2.12454212454212	-9.86568986568987	-4.24908424908425
-1.70940170940171	-10.2075702075702	-3.36996336996337
-2.17338217338217	-11.4529914529915	-3.1013431013431
0.0732600732600733	-11.0866910866911	-2.80830280830281
-3.2967032967033	-9.03540903540904	-0.537240537240537
-1.80708180708181	-6.03174603174603	0.610500610500611
-0.195360195360195	-2.49084249084249	1.88034188034188
-0.512820512820513	-2.36874236874237	2.22222222222222
-0.659340659340659	-2.71062271062271	1.44078144078144
-0.732600732600733	-5.2014652014652	-1.51404151404151
-1.78266178266178	-7.05738705738706	-3.90720390720391
-2.07570207570208	-8.37606837606838	-5.49450549450549
0	-6.73992673992674	-5.44566544566545
0.927960927960928	-2.05128205128205	-1.97802197802198
5.59218559218559	2.80830280830281	1.24542124542125
5.2014652014652	4.15140415140415	4.46886446886447
1.95360195360195	0.634920634920635	5.83638583638584
0.43956043956044	-2.34432234432234	5.22588522588523
-2.2954822954823	-4.56654456654457	4.59096459096459
-4.37118437118437	-8.57142857142857	2.51526251526252
-5.49450549450549	-9.76800976800977	1.66056166056166
-4.37118437118437	-9.86568986568987	1.0989010989011
-2.83272283272283	-8.44932844932845	0.0976800976800977
-1.85592185592186	-9.20634920634921	-0.781440781440781
0	-7.17948717948718	-1.29426129426129
1.44078144078144	-5.54334554334554	0.586080586080586
2.27106227106227	-3.41880341880342	2.53968253968254
4.004884004884	-1.07448107448107	4.44444444444444
1.97802197802198	-1.92918192918193	4.34676434676435
1.80708180708181	-1.46520146520147	3.73626373626374
2.12454212454212	-2.75946275946276	2.17338217338217
-0.0732600732600733	-6.03174603174603	0.244200244200244
-0.854700854700855	-8.84004884004884	-2.1001221001221
-0.732600732600733	-11.6239316239316	-1.1965811965812
-0.683760683760684	-16.3369963369963	-3.56532356532357
-2.02686202686203	-19.3162393162393	-4.54212454212454
-1.83150183150183	-19.047619047619	-5.32356532356532
-0.976800976800977	-17.045177045177	-5.12820512820513
-0.854700854700855	-13.1868131868132	-3.85836385836386
-0.854700854700855	-8.88888888888889	-2.66178266178266
0.0732600732600733	-7.88766788766789	-0.854700854700855
-2.71062271062271	-7.96092796092796	-0.21978021978022
-3.93162393162393	-8.54700854700855	0.805860805860806
-2.75946275946276	-8.66910866910867	1.53846153846154
-3.17460317460317	-10.4517704517705	0.805860805860806
-3.58974358974359	-8.96214896214896	1.9047619047619
-0.952380952380952	-6.73992673992674	4.05372405372405
0.0488400488400488	-3.63858363858364	4.1025641025641
-0.0976800976800977	-1.70940170940171	3.36996336996337
-1.05006105006105	-0.512820512820513	3.003663003663
-0.122100122100122	-0.293040293040293	2.75946275946276
-1.68498168498168	-1.31868131868132	1.58730158730159
-1.73382173382173	-3.44322344322344	-0.43956043956044
-1.26984126984127	-7.93650793650794	-1.61172161172161
-3.05250305250305	-10.5738705738706	-3.1013431013431
-2.34432234432234	-12.9426129426129	-3.54090354090354
-1.44078144078144	-12.8205128205128	-3.83394383394383
-0.854700854700855	-13.5286935286935	-4.37118437118437
1.17216117216117	-13.2844932844933	-5.47008547008547
2.56410256410256	-10.4517704517705	-6.25152625152625
2.63736263736264	-7.91208791208791	-7.00854700854701
2.1001221001221	-5.98290598290598	-5.93406593406593
1.39194139194139	-4.02930402930403	-3.68742368742369
-0.170940170940171	-3.71184371184371	-1.05006105006105
0.170940170940171	0.317460317460317	2.34432234432234
0.341880341880342	5.12820512820513	4.12698412698413
0.659340659340659	8.71794871794872	5.56776556776557
0.683760683760684	10.5738705738706	5.25030525030525
1.17216117216117	9.4017094017094	4.3956043956044
0.561660561660562	8.32722832722833	3.63858363858364
1.17216117216117	6.12942612942613	4.02930402930403
0.390720390720391	2.12454212454212	3.51648351648352
0.879120879120879	-0.43956043956044	3.54090354090354
-2.12454212454212	-3.78510378510378	2.2954822954823
-3.05250305250305	-7.83882783882784	0.415140415140415
-4.85958485958486	-10.3052503052503	-1.73382173382173
-4.15140415140415	-11.9169719169719	-2.68620268620269
-4.24908424908425	-10.6959706959707	-3.58974358974359
-1.88034188034188	-8.32722832722833	-2.51526251526252
-4.2002442002442	-8.91330891330891	-3.85836385836386
-7.59462759462759	-12.7472527472527	-5.22588522588523
-10.8669108669109	-19.5848595848596	-7.91208791208791
-15.9462759462759	-25.8119658119658	-11.6727716727717
-18.5592185592186	-31.0866910866911	-15.1159951159951
-18.0708180708181	-32.8937728937729	-16.9474969474969
-16.7765567765568	-33.2356532356532	-20.1709401709402
-13.4065934065934	-30.2564102564103	-20.7081807081807
-9.15750915750916	-23.4432234432234	-19.1697191697192
-4.81074481074481	-17.020757020757	-15.7753357753358
-1.83150183150183	-9.52380952380952	-12.967032967033
1.92918192918193	-2.05128205128205	-7.69230769230769
2.1001221001221	2.78388278388278	-3.98046398046398
1.24542124542125	4.49328449328449	-1.24542124542125
-1.61172161172161	3.61416361416361	0.0244200244200244
-3.66300366300366	1.41636141636142	1.70940170940171
-5.59218559218559	-0.317460317460317	1.36752136752137
-7.27716727716728	-2.12454212454212	1.001221001221
-9.93894993894994	-5.64102564102564	-0.683760683760684
-12.9181929181929	-7.54578754578755	-2.46642246642247
-14.2124542124542	-9.03540903540904	-2.46642246642247
-17.020757020757	-11.1843711843712	-4.1025641025641
-18.5836385836386	-10.5982905982906	-3.2967032967033
-20.952380952381	-12.6984126984127	-3.12576312576313
-20.9035409035409	-15.4822954822955	-3.71184371184371
-22.5396825396825	-18.9010989010989	-5.15262515262515
-24.957264957265	-24.8107448107448	-7.00854700854701
-25.7631257631258	-29.3284493284493	-8.71794871794872
-27.2039072039072	-32.5030525030525	-10.2319902319902
-28.1074481074481	-35.5799755799756	-10.5494505494505
-27.3992673992674	-37.4358974358974	-9.81684981684982
-29.4749694749695	-40.2930402930403	-10.8180708180708
-28.8888888888889	-41.953601953602	-11.6239316239316
-29.2063492063492	-42.7106227106227	-13.0891330891331
-28.3028083028083	-44.7619047619048	-14.7008547008547
-25.4212454212454	-43.956043956044	-16.6788766788767
-24.8840048840049	-45.2258852258852	-19.7069597069597
-20.4639804639805	-41.4652014652015	-18.7301587301587
-15.8730158730159	-36.4102564102564	-17.6068376068376
-11.5506715506716	-29.6947496947497	-15.6288156288156
-7.86324786324786	-20.1953601953602	-12.4542124542125
-3.78510378510378	-10.9401709401709	-8.2051282051282
-1.29426129426129	-4.3956043956044	-5.68986568986569
0.170940170940171	1.001221001221	-3.51648351648352
1.1965811965812	3.88278388278388	-2.31990231990232
1.85592185592186	4.68864468864469	-1.07448107448107
0.83028083028083	3.17460317460317	-1.0989010989011
0.341880341880342	0.610500610500611	-1.46520146520147
0.0244200244200244	-1.26984126984127	-1.75824175824176
-1.63614163614164	-3.58974358974359	-0.927960927960928
-4.07814407814408	-6.1050061050061	0.488400488400488
-4.71306471306471	-7.66788766788767	0.512820512820513
-4.88400488400488	-9.15750915750916	0.976800976800977
-4.76190476190476	-8.27838827838828	0.805860805860806
-3.68742368742369	-6.4957264957265	1.07448107448107
-2.24664224664225	-5.66544566544567	0.268620268620269
-1.97802197802198	-5.64102564102564	-0.0732600732600733
-1.41636141636142	-5.22588522588523	-0.610500610500611
-1.34310134310134	-7.54578754578755	-1.66056166056166
-1.36752136752137	-12.4786324786325	-2.85714285714286
-0.293040293040293	-13.9438339438339	-4.49328449328449
-0.561660561660562	-17.0940170940171	-7.03296703296703
0.0244200244200244	-17.5579975579976	-8.35164835164835
0.83028083028083	-16.5079365079365	-9.86568986568987
2.46642246642247	-13.8217338217338	-9.69474969474969
2.83272283272283	-8.27838827838828	-7.76556776556777
4.004884004884	-4.56654456654457	-5.49450549450549
5.47008547008547	0.561660561660562	-2.05128205128205
4.95726495726496	3.15018315018315	-0.854700854700855
4.27350427350427	4.3956043956044	0.781440781440781
4.22466422466422	4.1025641025641	1.58730158730159
3.63858363858364	4.78632478632479	1.92918192918193
3.63858363858364	6.32478632478632	2.90598290598291
3.80952380952381	7.22832722832723	4.59096459096459
4.12698412698413	7.74114774114774	4.02930402930403
5.76312576312576	8.91330891330891	3.39438339438339
7.22832722832723	8.91330891330891	2.97924297924298
7.2039072039072	9.71916971916972	3.003663003663
7.10622710622711	8.37606837606838	2.71062271062271
8.13186813186813	9.74358974358974	3.24786324786325
6.71550671550672	9.4993894993895	2.56410256410256
5.81196581196581	6.83760683760684	2.05128205128205
6.22710622710623	3.85836385836386	0.879120879120879
7.17948717948718	3.85836385836386	0.708180708180708
8.57142857142857	1.97802197802198	0.659340659340659
9.42612942612943	2.80830280830281	0.561660561660562
11.6483516483516	4.27350427350427	0.976800976800977
11.8437118437118	7.47252747252747	1.63614163614164
12.6984126984127	9.54822954822955	-0.463980463980464
12.014652014652	8.52258852258852	-1.83150183150183
11.0622710622711	10.4029304029304	-2.27106227106227
10.6715506715507	8.86446886446886	-3.73626373626374
8.81562881562882	5.12820512820513	-4.90842490842491
8.27838827838828	3.63858363858364	-4.2002442002442
7.08180708180708	0.879120879120879	-3.76068376068376
6.4957264957265	-0.21978021978022	-1.83150183150183
7.22832722832723	0.463980463980464	-0.268620268620269
6.78876678876679	1.14774114774115	1.24542124542125
7.15506715506716	2.85714285714286	2.12454212454212
5.71428571428571	3.02808302808303	2.88156288156288
6.98412698412698	5.22588522588523	4.05372405372405
8.15628815628816	5.51892551892552	4.34676434676435
9.5970695970696	6.56898656898657	5.42124542124542
10.5738705738706	6.81318681318681	4.54212454212454
11.3797313797314	5.2014652014652	4.37118437118437
9.62148962148962	1.97802197802198	2.75946275946276
8.76678876678877	-1.05006105006105	2.1001221001221
7.4969474969475	-2.22222222222222	2.31990231990232
6.76434676434676	-3.58974358974359	2.46642246642247
6.95970695970696	-4.49328449328449	2.88156288156288
6.95970695970696	-3.78510378510378	2.83272283272283
8.10744810744811	-1.26984126984127	2.66178266178266
8.5958485958486	1.63614163614164	3.63858363858364
9.15750915750916	4.42002442002442	3.22344322344322
9.96336996336996	7.22832722832723	3.85836385836386
9.76800976800977	9.37728937728938	3.85836385836386
9.4017094017094	11.9413919413919	2.56410256410256
9.32844932844933	11.7704517704518	1.24542124542125
9.52380952380952	14.0903540903541	0.170940170940171
10.5006105006105	17.045177045177	0.293040293040293
11.0866910866911	21.978021978022	1.92918192918193
12.3809523809524	25.9096459096459	4.56654456654457
12.3565323565324	28.3516483516484	6.25152625152625
12.6739926739927	31.9169719169719	7.47252747252747
13.992673992674	32.6251526251526	8.42490842490843
14.6275946275946	32.6984126984127	7.96092796092796
14.4810744810745	31.8192918192918	7.59462759462759
16.0683760683761	31.9413919413919	6.93528693528694
16.043956043956	30.6227106227106	5.90964590964591
15.4822954822955	29.1819291819292	5.27472527472527
14.4322344322344	28.5714285714286	4.93284493284493
13.1379731379731	26.9352869352869	4.83516483516483
12.1123321123321	25.1770451770452	4.49328449328449
11.5506715506716	22.979242979243	4.27350427350427
10.5250305250305	19.5848595848596	3.07692307692308
9.47496947496948	17.5579975579976	1.80708180708181
7.66788766788767	15.9462759462759	1.17216117216117
6.3003663003663	14.8473748473748	2.1978021978022
4.76190476190476	14.993894993895	3.22344322344322
2.93040293040293	13.1379731379731	2.95482295482295
2.12454212454212	11.3553113553114	2.49084249084249
2.2954822954823	9.64590964590965	2.002442002442
1.92918192918193	8.25396825396825	0.634920634920635
1.88034188034188	5.95848595848596	-0.268620268620269
2.49084249084249	5.05494505494505	0.0244200244200244
3.15018315018315	5.61660561660562	0.879120879120879
3.2967032967033	7.4969474969475	2.83272283272283
4.68864468864469	9.13308913308913	3.36996336996337
5.05494505494505	12.2100122100122	3.83394383394383
7.13064713064713	15.6532356532357	5.56776556776557
9.03540903540904	17.4603174603175	5.12820512820513
9.08424908424908	18.3882783882784	6.15384615384615
10.3296703296703	18.998778998779	7.00854700854701
11.6483516483516	22.7594627594628	8.91330891330891
13.1868131868132	23.5897435897436	11.0866910866911
13.3821733821734	26.6910866910867	12.2588522588523
13.8461538461538	27.1306471306471	12.3076923076923
14.6520146520147	27.8632478632479	12.1123321123321
14.7252747252747	29.0842490842491	12.2588522588523
14.4810744810745	28.0830280830281	10.9401709401709
14.7008547008547	27.5702075702076	10.8669108669109
14.5787545787546	28.4981684981685	10.7448107448107
14.8717948717949	26.0805860805861	9.98778998778999
13.5286935286935	23.2478632478632	9.15750915750916
12.6739926739927	20.1953601953602	8.03418803418803
10.5738705738706	14.2612942612943	5.90964590964591
7.96092796092796	8.18070818070818	4.54212454212454
4.90842490842491	2.07570207570208	2.1978021978022
2.34432234432234	-3.05250305250305	0.708180708180708
1.73382173382173	-5.88522588522589	-0.561660561660562
1.51404151404151	-6.56898656898657	-0.659340659340659
0.805860805860806	-7.59462759462759	-1.66056166056166
0.0488400488400488	-7.91208791208791	-1.24542124542125
-1.07448107448107	-8.22954822954823	-2.002442002442
-2.1978021978022	-8.54700854700855	-1.73382173382173
-2.27106227106227	-7.03296703296703	-1.61172161172161
-1.48962148962149	-6.12942612942613	-1.61172161172161
-0.512820512820513	-5.07936507936508	-2.002442002442
0.512820512820513	-6.15384615384615	-3.44322344322344
-0.732600732600733	-9.42612942612943	-4.2979242979243
-2.22222222222222	-11.6239316239316	-5.27472527472527
-3.68742368742369	-14.5787545787546	-4.95726495726496
-4.2002442002442	-13.4065934065934	-3.90720390720391
-4.02930402930403	-10.3540903540904	-1.63614163614164
-2.73504273504274	-7.74114774114774	-0.610500610500611
-1.92918192918193	-4.07814407814408	0
-0.0488400488400488	-1.31868131868132	0.683760683760684
1.58730158730159	1.12332112332112	0.21978021978022
3.24786324786325	2.44200244200244	-0.317460317460317
4.93284493284493	3.76068376068376	0.244200244200244
5.42124542124542	4.68864468864469	1.22100122100122
5.98290598290598	4.71306471306471	0.927960927960928
5.47008547008547	4.63980463980464	2.1001221001221
5.78754578754579	6.54456654456654	2.22222222222222
4.93284493284493	7.42368742368742	4.1025641025641
5.2014652014652	8.4981684981685	4.71306471306471
5.42124542124542	11.3308913308913	5.25030525030525
5.59218559218559	13.4310134310134	5.2991452991453
5.32356532356532	15.2625152625153	4.63980463980464
5.90964590964591	15.2136752136752	2.75946275946276
5.51892551892552	14.2612942612943	2.27106227106227
5.22588522588523	14.017094017094	3.49206349206349
4.88400488400488	13.6019536019536	2.97924297924298
3.71184371184371	12.5274725274725	3.17460317460317
2.88156288156288	12.5030525030525	3.34554334554335
2.58852258852259	12.6984126984127	3.1990231990232
2.14896214896215	12.5518925518926	3.63858363858364
3.27228327228327	12.3809523809524	3.85836385836386
3.78510378510378	10.0854700854701	3.61416361416361
4.004884004884	8.3028083028083	3.41880341880342
3.88278388278388	6.76434676434676	2.80830280830281
4.49328449328449	5.05494505494505	2.68620268620269
3.63858363858364	4.27350427350427	2.63736263736264
2.34432234432234	4.54212454212454	1.44078144078144
2.58852258852259	5.78754578754579	1.66056166056166
1.46520146520147	4.66422466422466	-0.390720390720391
0.976800976800977	3.1990231990232	-0.586080586080586
-0.390720390720391	1.34310134310134	-0.463980463980464
-0.659340659340659	0.317460317460317	0.659340659340659
-1.34310134310134	-1.31868131868132	1.97802197802198
0.146520146520147	-0.854700854700855	2.53968253968254
0.415140415140415	0.781440781440781	1.88034188034188
1.70940170940171	1.97802197802198	1.80708180708181
1.53846153846154	3.98046398046398	0.268620268620269
1.17216117216117	3.83394383394383	-1.36752136752137
1.61172161172161	7.4969474969475	-0.903540903540904
2.002442002442	7.93650793650794	-0.268620268620269
2.14896214896215	8.91330891330891	0.415140415140415
3.90720390720391	10.9157509157509	2.44200244200244
4.24908424908425	11.3797313797314	2.63736263736264
4.3956043956044	11.8681318681319	3.05250305250305
5.05494505494505	10.6227106227106	4.004884004884
4.98168498168498	10.4029304029304	3.49206349206349
6.03174603174603	10.5738705738706	3.61416361416361
5.66544566544567	8.69352869352869	3.07692307692308
5.17704517704518	8.54700854700855	2.56410256410256
4.61538461538461	5.93406593406593	1.1965811965812
1.92918192918193	1.88034188034188	-0.122100122100122
0.341880341880342	-1.92918192918193	-1.75824175824176
-0.683760683760684	-5.22588522588523	-3.27228327228327
-0.879120879120879	-4.51770451770452	-3.71184371184371
-1.83150183150183	-5.51892551892552	-3.58974358974359
-0.732600732600733	-3.78510378510378	-3.12576312576313
-0.781440781440781	-3.71184371184371	-3.76068376068376
-0.952380952380952	-3.46764346764347	-2.88156288156288
-1.12332112332112	-2.78388278388278	-2.61294261294261
-0.781440781440781	-1.34310134310134	-2.39316239316239
-1.83150183150183	-0.512820512820513	-1.83150183150183
-1.78266178266178	1.56288156288156	-0.610500610500611
-1.44078144078144	0.952380952380952	0.43956043956044
-0.586080586080586	2.31990231990232	0.537240537240537
-0.317460317460317	3.98046398046398	0.854700854700855
0.927960927960928	4.22466422466422	0.732600732600733
2.51526251526252	6.1050061050061	0.879120879120879
2.49084249084249	8.54700854700855	1.92918192918193
2.31990231990232	8.96214896214896	1.78266178266178
1.63614163614164	7.69230769230769	2.39316239316239
0.952380952380952	6.3980463980464	2.17338217338217
-0.43956043956044	5.56776556776557	1.66056166056166
-0.805860805860806	3.88278388278388	2.78388278388278
-0.512820512820513	2.97924297924298	2.17338217338217
0.537240537240537	3.95604395604396	2.63736263736264
1.80708180708181	5.22588522588523	3.76068376068376
1.66056166056166	4.32234432234432	2.39316239316239
1.97802197802198	3.66300366300366	2.07570207570208
1.63614163614164	5.03052503052503	1.95360195360195
0.854700854700855	2.83272283272283	1.22100122100122
1.12332112332112	4.37118437118437	2.05128205128205
0.366300366300366	6.95970695970696	1.61172161172161
0.463980463980464	6.44688644688645	2.07570207570208
1.88034188034188	7.66788766788767	1.05006105006105
1.80708180708181	8.37606837606838	1.53846153846154
2.36874236874237	6.86202686202686	0.879120879120879
3.90720390720391	7.10622710622711	2.46642246642247
4.61538461538461	6.17826617826618	2.31990231990232
3.34554334554335	5.47008547008547	2.51526251526252
3.27228327228327	6.44688644688645	2.56410256410256
3.85836385836386	8.57142857142857	4.17582417582418
3.17460317460317	9.15750915750916	3.58974358974359
3.44322344322344	9.81684981684982	5.27472527472527
3.44322344322344	11.4529914529915	5.49450549450549
4.02930402930403	12.0879120879121	5.49450549450549
4.17582417582418	11.8437118437118	4.32234432234432
1.73382173382173	9.23076923076923	2.95482295482295
1.17216117216117	6.27594627594628	1.78266178266178
1.05006105006105	4.3956043956044	1.75824175824176
-0.659340659340659	1.14774114774115	0.903540903540904
0.43956043956044	-2.07570207570208	-0.0244200244200244
0.586080586080586	-1.92918192918193	0.634920634920635
0.927960927960928	-2.53968253968254	1.68498168498168
1.75824175824176	-2.49084249084249	1.24542124542125
1.83150183150183	-2.56410256410256	1.12332112332112
0.268620268620269	-2.2954822954823	0.0976800976800977
-0.634920634920635	-4.2979242979243	-1.51404151404151
-1.1965811965812	-5.90964590964591	-2.39316239316239
-2.80830280830281	-6.66666666666667	-2.53968253968254
-2.41758241758242	-6.3980463980464	-1.97802197802198
-1.92918192918193	-4.34676434676435	-0.879120879120879
-0.903540903540904	-2.63736263736264	-1.05006105006105
0.683760683760684	0.21978021978022	0.146520146520147
-0.0244200244200244	1.83150183150183	0.586080586080586
0.927960927960928	1.9047619047619	0.732600732600733
0.610500610500611	1.22100122100122	1.53846153846154
-0.21978021978022	-0.561660561660562	1.58730158730159
-0.83028083028083	-2.07570207570208	2.56410256410256
-1.88034188034188	-3.98046398046398	1.46520146520147
-1.80708180708181	-5.17704517704518	1.17216117216117
-2.002442002442	-6.91086691086691	1.63614163614164
-1.63614163614164	-7.71672771672772	0.683760683760684
-1.73382173382173	-7.44810744810745	-0.317460317460317
-1.63614163614164	-8.13186813186813	-2.05128205128205
-1.39194139194139	-7.93650793650794	-2.61294261294261
-0.854700854700855	-8.2051282051282	-4.46886446886447
-2.05128205128205	-9.91452991452991	-5.03052503052503
-0.268620268620269	-7.54578754578755	-2.95482295482295
0.952380952380952	-4.85958485958486	-0.244200244200244
0.488400488400488	-4.32234432234432	1.85592185592186
0.634920634920635	-3.02808302808303	3.58974358974359
1.85592185592186	-1.31868131868132	4.22466422466422
2.61294261294261	0.659340659340659	3.85836385836386
1.70940170940171	1.80708180708181	2.39316239316239
1.63614163614164	1.9047619047619	0.903540903540904
0.0976800976800977	3.44322344322344	0.512820512820513
-1.001221001221	4.24908424908425	1.41636141636142
-0.854700854700855	4.37118437118437	2.36874236874237
-2.41758241758242	2.71062271062271	2.93040293040293
-3.1013431013431	1.0989010989011	2.49084249084249
-4.07814407814408	0.122100122100122	2.97924297924298
-3.63858363858364	0.122100122100122	2.1978021978022
-3.56532356532357	-1.17216117216117	2.07570207570208
-3.05250305250305	-0.586080586080586	1.70940170940171
-3.34554334554335	-0.708180708180708	0.170940170940171
-1.41636141636142	0.463980463980464	0.561660561660562
-0.83028083028083	1.34310134310134	0.43956043956044
-1.12332112332112	1.9047619047619	0.195360195360195
-1.63614163614164	0.927960927960928	1.17216117216117
-1.58730158730159	0.122100122100122	1.07448107448107
-1.73382173382173	-2.58852258852259	0.586080586080586
-3.78510378510378	-6.69108669108669	-1.29426129426129
-3.49206349206349	-9.79242979242979	-1.63614163614164
-2.95482295482295	-10.6715506715507	-2.34432234432234
-1.97802197802198	-10.8180708180708	-2.63736263736264
0.0732600732600733	-6.15384615384615	-1.61172161172161
1.9047619047619	-3.34554334554335	-1.12332112332112
2.51526251526252	1.31868131868132	0.317460317460317
3.003663003663	3.56532356532357	1.41636141636142
1.75824175824176	3.1990231990232	3.003663003663
0.488400488400488	3.61416361416361	3.68742368742369
-1.0989010989011	2.05128205128205	4.76190476190476
-2.71062271062271	0.244200244200244	3.49206349206349
-3.003663003663	-1.1965811965812	2.1001221001221
-2.73504273504274	-0.366300366300366	2.24664224664225
-2.85714285714286	-0.268620268620269	1.53846153846154
-2.63736263736264	0.366300366300366	0.21978021978022
-0.976800976800977	2.002442002442	1.58730158730159
-0.976800976800977	2.83272283272283	1.39194139194139
-0.83028083028083	2.46642246642247	0.708180708180708
1.24542124542125	1.02564102564103	0.561660561660562
0.146520146520147	-1.92918192918193	-0.683760683760684
-1.1965811965812	-5.54334554334554	-2.95482295482295
-1.51404151404151	-6.66666666666667	-4.71306471306471
0	-2.78388278388278	-4.63980463980464
1.1965811965812	-0.293040293040293	-3.95604395604396
2.80830280830281	3.56532356532357	-1.88034188034188
3.63858363858364	5.59218559218559	-1.1965811965812
4.27350427350427	5.22588522588523	-0.463980463980464
2.17338217338217	4.24908424908425	0.708180708180708
0.952380952380952	2.71062271062271	0.268620268620269
0.512820512820513	1.66056166056166	-0.757020757020757
0.21978021978022	2.05128205128205	-1.80708180708181
-1.68498168498168	2.61294261294261	-1.85592185592186
-0.415140415140415	5.71428571428571	2.88156288156288
0.293040293040293	5.15262515262515	2.78388278388278
1.39194139194139	7.3015873015873	3.12576312576313
2.78388278388278	10.8669108669109	5.37240537240537
2.56410256410256	11.0622710622711	4.68864468864469
2.63736263736264	9.25518925518926	2.90598290598291
1.95360195360195	7.47252747252747	1.73382173382173
0.757020757020757	5.42124542124542	2.63736263736264
-0.805860805860806	2.53968253968254	3.68742368742369
-0.683760683760684	0.244200244200244	4.42002442002442
0.268620268620269	-0.244200244200244	5.03052503052503
-0.488400488400488	-1.48962148962149	5.34798534798535
-0.317460317460317	-2.83272283272283	4.44444444444444
0.561660561660562	-1.61172161172161	3.22344322344322
2.17338217338217	-0.195360195360195	1.22100122100122
0.634920634920635	-2.07570207570208	-1.36752136752137
1.58730158730159	-2.73504273504274	-2.61294261294261
2.73504273504274	-2.63736263736264	-3.85836385836386
1.17216117216117	-4.42002442002442	-4.85958485958486
-0.293040293040293	-6.42246642246642	-6.1050061050061
-1.48962148962149	-7.78998778998779	-7.27716727716728
-2.14896214896215	-5.42124542124542	-5.05494505494505
-3.85836385836386	-4.90842490842491	-4.49328449328449
-2.71062271062271	-3.17460317460317	-3.51648351648352
-2.24664224664225	-0.366300366300366	-2.22222222222222
-0.610500610500611	3.78510378510378	-1.34310134310134
0.170940170940171	7.71672771672772	-0.415140415140415
0.976800976800977	9.20634920634921	0.561660561660562
2.44200244200244	9.96336996336996	1.31868131868132
3.07692307692308	9.45054945054945	1.73382173382173
3.46764346764347	8.3028083028083	1.95360195360195
2.1978021978022	7.10622710622711	0.268620268620269
0.708180708180708	6.17826617826618	0.0244200244200244
-1.78266178266178	3.32112332112332	-1.07448107448107
-2.95482295482295	1.88034188034188	-1.73382173382173
-3.88278388278388	-1.95360195360195	-1.31868131868132
-3.80952380952381	-2.36874236874237	-1.29426129426129
-2.49084249084249	-0.683760683760684	-1.07448107448107
-1.29426129426129	1.85592185592186	-0.244200244200244
-0.854700854700855	3.39438339438339	-0.0732600732600733
-0.21978021978022	4.85958485958486	0.0976800976800977
-1.83150183150183	4.59096459096459	-0.146520146520147
-1.70940170940171	1.39194139194139	-0.976800976800977
-2.1001221001221	0.366300366300366	-1.63614163614164
-3.1013431013431	-1.61172161172161	-1.36752136752137
-2.46642246642247	-2.97924297924298	-2.58852258852259
-1.61172161172161	-2.1001221001221	-1.26984126984127
-2.17338217338217	0.0976800976800977	-0.293040293040293
-1.92918192918193	1.63614163614164	1.12332112332112
-1.97802197802198	3.95604395604396	0.244200244200244
-2.31990231990232	6.37362637362637	0.170940170940171
-1.56288156288156	9.03540903540904	-0.0244200244200244
-0.512820512820513	10.6959706959707	-0.341880341880342
1.22100122100122	11.7460317460317	-0.43956043956044
1.22100122100122	12.3321123321123	0.659340659340659
1.92918192918193	12.991452991453	1.001221001221
-0.317460317460317	8.37606837606838	0.976800976800977
-2.1978021978022	4.37118437118437	0.43956043956044
-3.80952380952381	0.634920634920635	-0.537240537240537
-5.03052503052503	-0.488400488400488	-0.732600732600733
-5.2991452991453	-1.17216117216117	-0.268620268620269
-4.85958485958486	-1.83150183150183	0
-6.1050061050061	-2.97924297924298	-0.415140415140415
-6.61782661782662	-3.63858363858364	-0.683760683760684
-7.32600732600733	-6.66666666666667	-2.02686202686203
-7.47252747252747	-8.88888888888889	-2.75946275946276
-8.4004884004884	-11.7704517704518	-4.3956043956044
-7.91208791208791	-11.5750915750916	-4.63980463980464
-6.15384615384615	-11.6239316239316	-5.34798534798535
-5.61660561660562	-13.5531135531136	-5.93406593406593
-5.78754578754579	-14.0659340659341	-5.3968253968254
-4.63980463980464	-12.8693528693529	-3.90720390720391
-4.27350427350427	-12.8449328449328	-2.27106227106227
-4.59096459096459	-12.6495726495726	-0.537240537240537
-5.42124542124542	-12.3809523809524	1.001221001221
-3.66300366300366	-7.93650793650794	2.51526251526252
-5.05494505494505	-6.78876678876679	1.44078144078144
-5.2991452991453	-6.59340659340659	1.73382173382173
-4.51770451770452	-5.3968253968254	1.05006105006105
-4.1025641025641	-8.37606837606838	-2.80830280830281
-3.95604395604396	-10.5006105006105	-4.2979242979243
-2.78388278388278	-9.91452991452991	-5.54334554334554
-2.34432234432234	-8.42490842490843	-6.08058608058608
-1.68498168498168	-4.78632478632479	-4.93284493284493
-2.46642246642247	-1.22100122100122	-3.36996336996337
-2.27106227106227	2.46642246642247	-2.24664224664225
-2.95482295482295	2.002442002442	-1.17216117216117
-2.22222222222222	0.537240537240537	-0.659340659340659
-1.75824175824176	-1.68498168498168	-0.0976800976800977
-1.39194139194139	-3.34554334554335	-0.0732600732600733
-0.781440781440781	-5.61660561660562	0.21978021978022
-0.195360195360195	-7.00854700854701	-0.634920634920635
-0.463980463980464	-9.08424908424908	-2.1001221001221
0.366300366300366	-8.4981684981685	-2.68620268620269
0.659340659340659	-6.32478632478632	-2.71062271062271
0.317460317460317	-5.2991452991453	-2.53968253968254
1.1965811965812	-2.24664224664225	-1.36752136752137
0.732600732600733	-0.561660561660562	0.146520146520147
0.0976800976800977	0.561660561660562	3.58974358974359
2.46642246642247	3.36996336996337	6.54456654456654
3.15018315018315	5.2991452991453	8.66910866910867
3.83394383394383	5.78754578754579	10.3296703296703
5.07936507936508	8.42490842490843	10.9401709401709
6.88644688644689	12.2588522588523	11.3064713064713
7.59462759462759	13.8217338217338	11.037851037851
7.2039072039072	12.2588522588523	9.91452991452991
7.32600732600733	14.1147741147741	9.25518925518926
6.3003663003663	12.8937728937729	8.69352869352869
4.22466422466422	10.1831501831502	7.59462759462759
